x,y,z,latitude,longitude,speed,sound,light,time,timestamp
-7.032669 ,-0.15060425 ,10.708954,23.55058018,87.29779494 ,22.428000068664552,84.80345574924002 ,0.0,21:01:12 PM,1574004672600
1.5248413 ,-2.1048126 ,9.091171,23.55058018,87.29779494 ,22.428000068664552,84.80345574924002 ,0.0,21:01:12 PM,1574004672610
7.50589 ,0.10206604 ,11.911591,23.55058018,87.29779494 ,22.428000068664552,84.80345574924002 ,0.0,21:01:12 PM,1574004672615
5.6003113 ,0.7551575 ,12.176346,23.55058018,87.29779494 ,22.428000068664552,84.80345574924002 ,0.0,21:01:12 PM,1574004672621
-1.7159576 ,-1.806366 ,8.452698,23.55058018,87.29779494 ,22.428000068664552,84.80345574924002 ,0.0,21:01:12 PM,1574004672629
-7.3363495 ,-0.2204895 ,8.879929,23.55058018,87.29779494 ,22.428000068664552,84.80345574924002 ,0.0,21:01:12 PM,1574004672631
-5.741211 ,3.7297516 ,13.338837,23.55058018,87.29779494 ,22.428000068664552,84.80345574924002 ,0.0,21:01:12 PM,1574004672634
1.773468 ,4.300934 ,4.366684,23.55058018,87.29779494 ,22.428000068664552,84.80345574924002 ,0.0,21:01:12 PM,1574004672639
7.6167603 ,7.0551605 ,3.9344788,23.55058018,87.29779494 ,22.428000068664552,84.80345574924002 ,0.0,21:01:12 PM,1574004672644
8.173065 ,7.4152374 ,8.328033,23.55058018,87.29779494 ,22.428000068664552,84.80345574924002 ,0.0,21:01:12 PM,1574004672648
4.267685 ,5.6122894 ,10.320251,23.55058018,87.29779494 ,22.428000068664552,84.80345574924002 ,0.0,21:01:12 PM,1574004672654
-1.7937164 ,5.155411 ,13.242416,23.55058018,87.29779494 ,22.428000068664552,84.80345574924002 ,0.0,21:01:12 PM,1574004672660
-5.8901367 ,6.5134583 ,15.309967,23.55058018,87.29779494 ,22.428000068664552,84.80345574924002 ,0.0,21:01:12 PM,1574004672662
-4.9295807 ,8.324112 ,7.547943,23.55058018,87.29779494 ,22.428000068664552,84.80345574924002 ,0.0,21:01:12 PM,1574004672667
1.7523193 ,10.180954 ,0.7441864,23.55058018,87.29779494 ,22.428000068664552,84.80345574924002 ,0.0,21:01:12 PM,1574004672671
8.875565 ,12.136688 ,0.34469604,23.55058018,87.29779494 ,22.428000068664552,84.80345574924002 ,0.0,21:01:12 PM,1574004672679
7.832489 ,12.540131 ,0.80152893,23.55058018,87.29779494 ,22.428000068664552,84.80345574924002 ,0.0,21:01:12 PM,1574004672681
-1.188324 ,8.716324 ,1.499649,23.55058018,87.29779494 ,22.428000068664552,84.80345574924002 ,0.0,21:01:12 PM,1574004672686
-9.37468 ,4.412491 ,5.4387665,23.55058018,87.29779494 ,22.428000068664552,84.80345574924002 ,0.0,21:01:12 PM,1574004672692
-10.573608 ,1.8629303 ,11.036148,23.55058018,87.29779494 ,22.428000068664552,84.80345574924002 ,0.0,21:01:12 PM,1574004672695
-3.4319916 ,0.23390198 ,16.196411,23.55058018,87.29779494 ,22.428000068664552,84.80345574924002 ,0.0,21:01:12 PM,1574004672700
6.4247437 ,1.017746 ,11.203476,23.55058018,87.29779494 ,22.428000068664552,84.80345574924002 ,0.0,21:01:12 PM,1574004672705
11.342575 ,5.890732 ,13.691132,23.55058018,87.29779494 ,22.428000068664552,84.80345574924002 ,0.0,21:01:12 PM,1574004672710
8.096741 ,4.0410767 ,5.309128,23.55058018,87.29779494 ,22.428000068664552,84.80345574924002 ,0.0,21:01:12 PM,1574004672715
0.44514465 ,4.025284 ,6.4557343,23.55058018,87.29779494 ,22.428000068664552,84.80345574924002 ,0.0,21:01:12 PM,1574004672720
-5.760147 ,2.6706238 ,6.136307,23.55058018,87.29779494 ,22.428000068664552,84.80345574924002 ,0.0,21:01:12 PM,1574004672727
-6.871338 ,2.278061 ,9.810226,23.55058018,87.29779494 ,22.428000068664552,84.80345574924002 ,0.0,21:01:12 PM,1574004672730
-2.1648102 ,2.6270752 ,11.717819,23.55058018,87.29779494 ,22.428000068664552,84.80345574924002 ,0.0,21:01:12 PM,1574004672734
4.9529877 ,3.5045319 ,13.185547,23.55058018,87.29779494 ,22.428000068664552,84.80345574924002 ,0.0,21:01:12 PM,1574004672747
6.3398285 ,6.249298 ,7.9411163,23.55058018,87.29779494 ,22.428000068664552,84.80345574924002 ,0.0,21:01:12 PM,1574004672749
-0.022079468 ,8.276596 ,-1.6583099,23.55058018,87.29779494 ,22.428000068664552,83.8360982064982 ,0.0,21:01:12 PM,1574004672753
-5.0855255 ,8.695557 ,-2.1466522,23.55058018,87.29779494 ,22.428000068664552,83.8360982064982 ,0.0,21:01:12 PM,1574004672760
-1.571167 ,7.200714 ,3.068985,23.55058018,87.29779494 ,22.428000068664552,83.8360982064982 ,0.0,21:01:12 PM,1574004672763
3.71875 ,8.446304 ,14.343063,23.55058018,87.29779494 ,22.428000068664552,83.8360982064982 ,0.0,21:01:12 PM,1574004672767
2.1674347 ,3.3335571 ,8.069748,23.55058018,87.29779494 ,22.428000068664552,83.8360982064982 ,0.0,21:01:12 PM,1574004672772
-3.315216 ,5.3741913 ,10.41951,23.55058018,87.29779494 ,22.428000068664552,83.8360982064982 ,0.0,21:01:12 PM,1574004672778
-3.4238434 ,5.28508 ,8.927643,23.55058018,87.29779494 ,22.428000068664552,83.8360982064982 ,0.0,21:01:12 PM,1574004672782
0.56427 ,4.6352234 ,9.95372,23.55058018,87.29779494 ,22.428000068664552,83.8360982064982 ,0.0,21:01:12 PM,1574004672787
1.0175171 ,3.677475 ,14.173553,23.55058018,87.29779494 ,22.428000068664552,83.8360982064982 ,0.0,21:01:12 PM,1574004672794
-0.8574219 ,2.5470428 ,17.207458,23.55058018,87.29779494 ,22.428000068664552,83.8360982064982 ,0.0,21:01:12 PM,1574004672796
-1.1025696 ,1.5393982 ,11.52533,23.55058018,87.29779494 ,22.428000068664552,83.8360982064982 ,0.0,21:01:12 PM,1574004672801
-0.3121643 ,4.3938293 ,9.350601,23.55058018,87.29779494 ,22.428000068664552,83.8360982064982 ,0.0,21:01:12 PM,1574004672806
0.32315063 ,5.7112427 ,6.977005,23.55058018,87.29779494 ,22.428000068664552,83.8360982064982 ,0.0,21:01:12 PM,1574004672811
1.3080902 ,7.1583405 ,6.521576,23.55058018,87.29779494 ,22.428000068664552,83.8360982064982 ,0.0,21:01:12 PM,1574004672816
1.9684906 ,8.249435 ,9.30481,23.55058018,87.29779494 ,22.428000068664552,83.8360982064982 ,0.0,21:01:12 PM,1574004672821
0.28952026 ,6.046036 ,5.9858093,23.55058018,87.29779494 ,22.428000068664552,83.8360982064982 ,0.0,21:01:12 PM,1574004672826
-2.4964294 ,4.873596 ,4.134247,23.55058018,87.29779494 ,22.428000068664552,83.8360982064982 ,0.0,21:01:12 PM,1574004672829
-0.57585144 ,6.870758 ,12.55571,23.55058018,87.29779494 ,22.428000068664552,83.8360982064982 ,0.0,21:01:12 PM,1574004672833
4.2996216 ,5.653366 ,9.423645,23.55058018,87.29779494 ,22.428000068664552,83.8360982064982 ,0.0,21:01:12 PM,1574004672838
4.40683 ,8.961472 ,5.720749,23.55058018,87.29779494 ,22.428000068664552,83.8360982064982 ,0.0,21:01:12 PM,1574004672844
2.3060913 ,9.133072 ,6.017517,23.55058018,87.29779494 ,22.428000068664552,83.8360982064982 ,0.0,21:01:12 PM,1574004672848
2.1074982 ,8.450867 ,6.5736084,23.55058018,87.29779494 ,22.428000068664552,83.8360982064982 ,0.0,21:01:12 PM,1574004672854
0.5543823 ,3.212204 ,3.857071,23.55058018,87.29779494 ,22.428000068664552,83.8360982064982 ,0.0,21:01:12 PM,1574004672863
-3.4180908 ,1.4985046 ,18.229385,23.55058018,87.29779494 ,22.428000068664552,83.8360982064982 ,0.0,21:01:12 PM,1574004672865
-4.6624603 ,-0.40092468 ,15.617752,23.55058018,87.29779494 ,22.428000068664552,83.8360982064982 ,0.0,21:01:12 PM,1574004672874
-2.03125 ,3.5121765 ,13.964935,23.55058018,87.29779494 ,22.428000068664552,83.8360982064982 ,0.0,21:01:12 PM,1574004672882
-0.10731506 ,4.5081177 ,2.3812866,23.55058018,87.29779494 ,22.428000068664552,83.8360982064982 ,0.0,21:01:12 PM,1574004672884
1.1944885 ,9.095108 ,0.64312744,23.55054534,87.29784651 ,24.33600082397461,83.8360982064982 ,0.0,21:01:12 PM,1574004672887
3.040985 ,10.513184 ,-1.0088806,23.55054534,87.29784651 ,24.33600082397461,83.8360982064982 ,0.0,21:01:12 PM,1574004672894
2.6201935 ,6.1719513 ,2.9287872,23.55054534,87.29784651 ,24.33600082397461,83.8360982064982 ,0.0,21:01:12 PM,1574004672897
-0.13719177 ,4.5298004 ,15.61467,23.55054534,87.29784651 ,24.33600082397461,83.8360982064982 ,0.0,21:01:12 PM,1574004672901
-1.1700287 ,2.3044739 ,22.28125,23.55054534,87.29784651 ,24.33600082397461,83.8360982064982 ,0.0,21:01:12 PM,1574004672906
-1.5604401 ,0.56481934 ,14.810577,23.55054534,87.29784651 ,24.33600082397461,83.8360982064982 ,0.0,21:01:12 PM,1574004672911
-2.255371 ,3.7700958 ,9.758499,23.55054534,87.29784651 ,24.33600082397461,83.8360982064982 ,0.0,21:01:12 PM,1574004672915
0.8195801 ,5.818329 ,5.334488,23.55054534,87.29784651 ,24.33600082397461,83.8360982064982 ,0.0,21:01:12 PM,1574004672920
6.0706787 ,7.367325 ,5.021286,23.55054534,87.29784651 ,24.33600082397461,83.8360982064982 ,0.0,21:01:12 PM,1574004672929
5.0758057 ,7.5148163 ,3.480835,23.55054534,87.29784651 ,24.33600082397461,83.8360982064982 ,0.0,21:01:12 PM,1574004672931
-3.4807587 ,6.4855194 ,4.7508698,23.55054534,87.29784651 ,24.33600082397461,83.8360982064982 ,0.0,21:01:12 PM,1574004672934
-9.161911 ,4.747101 ,5.6187897,23.55054534,87.29784651 ,24.33600082397461,83.8360982064982 ,0.0,21:01:12 PM,1574004672939
-4.98378 ,3.4308624 ,9.287537,23.55054534,87.29784651 ,24.33600082397461,83.8360982064982 ,0.0,21:01:12 PM,1574004672945
2.72583 ,2.6913452 ,11.612289,23.55054534,87.29784651 ,24.33600082397461,83.8360982064982 ,0.0,21:01:12 PM,1574004672949
5.751129 ,5.8341827 ,12.867096,23.55054534,87.29784651 ,24.33600082397461,83.8360982064982 ,0.0,21:01:12 PM,1574004672954
3.1695251 ,5.5521545 ,4.8714447,23.55054534,87.29784651 ,24.33600082397461,83.8360982064982 ,0.0,21:01:12 PM,1574004672963
-2.6050415 ,6.697571 ,1.268753,23.55054534,87.29784651 ,24.33600082397461,83.8360982064982 ,0.0,21:01:12 PM,1574004672965
-5.4431763 ,6.2901154 ,0.010116577,23.55054534,87.29784651 ,24.33600082397461,83.8360982064982 ,0.0,21:01:12 PM,1574004672969
-0.48875427 ,4.712097 ,6.3341217,23.55054534,87.29784651 ,24.33600082397461,83.8360982064982 ,0.0,21:01:12 PM,1574004672974
6.1781006 ,3.987671 ,7.332123,23.55054534,87.29784651 ,24.33600082397461,83.8360982064982 ,0.0,21:01:12 PM,1574004672980
6.183731 ,7.1232147 ,16.289429,23.55054534,87.29784651 ,24.33600082397461,83.8360982064982 ,0.0,21:01:12 PM,1574004672984
1.1017151 ,2.740158 ,5.632416,23.55054534,87.29784651 ,24.33600082397461,83.8360982064982 ,0.0,21:01:12 PM,1574004672989
-2.9212646 ,3.7110596 ,6.3925476,23.55054534,87.29784651 ,24.33600082397461,83.8360982064982 ,0.0,21:01:12 PM,1574004672995
-2.8283997 ,4.115341 ,12.425232,23.55054534,87.29784651 ,24.33600082397461,83.8360982064982 ,0.0,21:01:12 PM,1574004672998
-0.12866211 ,0.56736755 ,13.889709,23.55054534,87.29784651 ,24.33600082397461,83.8360982064982 ,0.0,21:01:13 PM,1574004673007
1.9261322 ,0.8551636 ,11.744095,23.55054534,87.29784651 ,24.33600082397461,83.8360982064982 ,0.0,21:01:13 PM,1574004673013
4.0299835 ,2.3258057 ,10.854797,23.55054534,87.29784651 ,24.33600082397461,83.8360982064982 ,0.0,21:01:13 PM,1574004673017
3.8323517 ,5.208069 ,6.758667,23.55054534,87.29784651 ,24.33600082397461,83.8360982064982 ,0.0,21:01:13 PM,1574004673022
1.1521149 ,6.4904633 ,2.3192902,23.55054534,87.29784651 ,24.33600082397461,83.8360982064982 ,0.0,21:01:13 PM,1574004673031
-1.8668365 ,9.179428 ,5.0315857,23.55054534,87.29784651 ,24.33600082397461,83.8360982064982 ,0.0,21:01:13 PM,1574004673033
-4.548279 ,8.767395 ,1.9159241,23.55054534,87.29784651 ,24.33600082397461,83.8360982064982 ,0.0,21:01:13 PM,1574004673035
-3.5487213 ,7.4624023 ,5.7005615,23.55054534,87.29784651 ,24.33600082397461,83.8360982064982 ,0.0,21:01:13 PM,1574004673040
2.2549438 ,3.2099457 ,9.2152405,23.55054534,87.29784651 ,24.33600082397461,83.8360982064982 ,0.0,21:01:13 PM,1574004673045
4.653702 ,1.8635406 ,13.772751,23.55054534,87.29784651 ,24.33600082397461,83.8360982064982 ,0.0,21:01:13 PM,1574004673050
0.8346863 ,0.3950348 ,15.332779,23.55054534,87.29784651 ,24.33600082397461,83.8360982064982 ,0.0,21:01:13 PM,1574004673055
-2.618805 ,-0.17062378 ,13.117798,23.55054534,87.29784651 ,24.33600082397461,83.8360982064982 ,0.0,21:01:13 PM,1574004673063
-2.492279 ,2.6462555 ,12.097031,23.55054534,87.29784651 ,24.33600082397461,83.8360982064982 ,0.0,21:01:13 PM,1574004673066
-0.26145935 ,3.7518463 ,10.425827,23.55054534,87.29784651 ,24.33600082397461,83.8360982064982 ,0.0,21:01:13 PM,1574004673069
2.0387878 ,4.632141 ,6.596573,23.55054534,87.29784651 ,24.33600082397461,83.8360982064982 ,0.0,21:01:13 PM,1574004673074
2.5314941 ,7.539856 ,4.901123,23.55054534,87.29784651 ,24.33600082397461,83.8360982064982 ,0.0,21:01:13 PM,1574004673079
0.14027405 ,8.057709 ,1.8855438,23.55054534,87.29784651 ,24.33600082397461,83.8360982064982 ,0.0,21:01:13 PM,1574004673083
-3.0305328 ,9.393173 ,3.680008,23.55054534,87.29784651 ,24.33600082397461,83.8360982064982 ,0.0,21:01:13 PM,1574004673088
-2.5445557 ,7.35968 ,2.7448273,23.55054534,87.29784651 ,24.33600082397461,83.8360982064982 ,0.0,21:01:13 PM,1574004673093
