x,y,z,latitude,longitude,speed,sound,light,time,timestamp
-0.62106323 ,2.8449707 ,13.143539,23.55110887,87.29695284 ,15.875999450683594,73.72011400481624 ,0.0,21:00:53 PM,1574004653204
0.21395874 ,3.153946 ,4.6855316,23.55110887,87.29695284 ,15.875999450683594,73.72011400481624 ,0.0,21:00:53 PM,1574004653206
-1.0873566 ,6.3095093 ,7.7298737,23.55110887,87.29695284 ,15.875999450683594,73.72011400481624 ,0.0,21:00:53 PM,1574004653211
-1.6341858 ,5.9443207 ,7.8865204,23.55110887,87.29695284 ,15.875999450683594,73.72011400481624 ,0.0,21:00:53 PM,1574004653218
1.7764435 ,6.694168 ,6.9025726,23.55110887,87.29695284 ,15.875999450683594,73.72011400481624 ,0.0,21:00:53 PM,1574004653221
3.4250946 ,7.9647064 ,8.086868,23.55110887,87.29695284 ,15.875999450683594,73.72011400481624 ,0.0,21:00:53 PM,1574004653226
-1.1877289 ,6.8348236 ,2.57164,23.55110887,87.29695284 ,15.875999450683594,73.72011400481624 ,0.0,21:00:53 PM,1574004653231
-4.990326 ,6.500046 ,1.2935791,23.55110887,87.29695284 ,15.875999450683594,73.72011400481624 ,0.0,21:00:53 PM,1574004653238
-1.5316925 ,7.41864 ,9.426361,23.55110887,87.29695284 ,15.875999450683594,73.72011400481624 ,0.0,21:00:53 PM,1574004653240
2.8519745 ,5.4230194 ,3.4856262,23.55110887,87.29695284 ,15.875999450683594,73.72011400481624 ,0.0,21:00:53 PM,1574004653244
2.8130493 ,7.1280823 ,7.087967,23.55110887,87.29695284 ,15.875999450683594,73.72011400481624 ,0.0,21:00:53 PM,1574004653256
1.3212738 ,6.7891846 ,11.945389,23.55110887,87.29695284 ,15.875999450683594,73.72011400481624 ,0.0,21:00:53 PM,1574004653259
-1.459198 ,3.0773773 ,2.7166443,23.55110887,87.29695284 ,15.875999450683594,73.72011400481624 ,0.0,21:00:53 PM,1574004653264
-3.1563568 ,1.6465912 ,9.888412,23.55110887,87.29695284 ,15.875999450683594,73.72011400481624 ,0.0,21:00:53 PM,1574004653272
-0.5688629 ,2.6374054 ,20.923676,23.55110887,87.29695284 ,15.875999450683594,73.72011400481624 ,0.0,21:00:53 PM,1574004653274
3.3581848 ,1.4449158 ,11.91684,23.55110887,87.29695284 ,15.875999450683594,73.72011400481624 ,0.0,21:00:53 PM,1574004653278
3.0924377 ,3.7664032 ,12.062561,23.55110887,87.29695284 ,15.875999450683594,73.72011400481624 ,0.0,21:00:53 PM,1574004653283
-0.95132446 ,4.3795166 ,12.836685,23.55110887,87.29695284 ,15.875999450683594,73.72011400481624 ,0.0,21:00:53 PM,1574004653288
-3.3393707 ,3.5011292 ,6.5415344,23.55110887,87.29695284 ,15.875999450683594,73.72011400481624 ,0.0,21:00:53 PM,1574004653292
-3.1701965 ,5.796829 ,7.178299,23.55110887,87.29695284 ,15.875999450683594,73.72011400481624 ,0.0,21:00:53 PM,1574004653297
-2.837555 ,7.3511353 ,4.3348236,23.55110887,87.29695284 ,15.875999450683594,73.72011400481624 ,0.0,21:00:53 PM,1574004653305
-0.8069153 ,8.047806 ,0.75987244,23.55110887,87.29695284 ,15.875999450683594,73.72011400481624 ,0.0,21:00:53 PM,1574004653306
2.613144 ,8.909332 ,4.5057983,23.55110887,87.29695284 ,15.875999450683594,73.72011400481624 ,0.0,21:00:53 PM,1574004653311
2.53714 ,7.322769 ,7.2520905,23.55110887,87.29695284 ,15.875999450683594,73.72011400481624 ,0.0,21:00:53 PM,1574004653316
-2.1611023 ,5.0356903 ,5.7923737,23.55110887,87.29695284 ,15.875999450683594,73.72011400481624 ,0.0,21:00:53 PM,1574004653323
-5.3559113 ,5.0274963 ,8.381226,23.55110887,87.29695284 ,15.875999450683594,73.72011400481624 ,0.0,21:00:53 PM,1574004653327
-2.8836365 ,4.247757 ,8.601288,23.55110887,87.29695284 ,15.875999450683594,73.72011400481624 ,0.0,21:00:53 PM,1574004653331
2.5318298 ,3.7921448 ,9.747955,23.55110887,87.29695284 ,15.875999450683594,73.72011400481624 ,0.0,21:00:53 PM,1574004653343
5.560257 ,4.776352 ,15.112549,23.55110887,87.29695284 ,15.875999450683594,73.72011400481624 ,0.0,21:00:53 PM,1574004653347
1.9591827 ,4.533325 ,8.617508,23.55110887,87.29695284 ,15.875999450683594,73.72011400481624 ,0.0,21:00:53 PM,1574004653352
-5.348999 ,3.4116058 ,2.0345154,23.55110887,87.29695284 ,15.875999450683594,73.72011400481624 ,0.0,21:00:53 PM,1574004653355
-6.993408 ,6.1776123 ,13.075363,23.55110887,87.29695284 ,15.875999450683594,73.72011400481624 ,0.0,21:00:53 PM,1574004653356
-0.26156616 ,2.972107 ,6.694687,23.55110887,87.29695284 ,15.875999450683594,73.72011400481624 ,0.0,21:00:53 PM,1574004653361
4.8204803 ,6.2944946 ,10.131088,23.55110887,87.29695284 ,15.875999450683594,73.72011400481624 ,0.0,21:00:53 PM,1574004653364
3.0279083 ,5.7248535 ,11.840363,23.55110887,87.29695284 ,15.875999450683594,73.72011400481624 ,0.0,21:00:53 PM,1574004653371
-1.6964722 ,6.8230286 ,6.059128,23.55110887,87.29695284 ,15.875999450683594,73.72011400481624 ,0.0,21:00:53 PM,1574004653375
-4.7674103 ,5.376404 ,-0.32765198,23.55110887,87.29695284 ,15.875999450683594,73.72011400481624 ,0.0,21:00:53 PM,1574004653377
-4.2645416 ,7.797516 ,9.469101,23.55110887,87.29695284 ,15.875999450683594,73.72011400481624 ,0.0,21:00:53 PM,1574004653387
0.014602661 ,4.4570465 ,4.0446625,23.55110887,87.29695284 ,15.875999450683594,73.72011400481624 ,0.0,21:00:53 PM,1574004653391
3.9273071 ,5.9038086 ,11.254486,23.55110887,87.29695284 ,15.875999450683594,73.72011400481624 ,0.0,21:00:53 PM,1574004653396
3.3504028 ,4.002182 ,14.163666,23.55110887,87.29695284 ,15.875999450683594,73.72011400481624 ,0.0,21:00:53 PM,1574004653403
-1.0924225 ,3.0847778 ,9.583817,23.55110887,87.29695284 ,15.875999450683594,73.72011400481624 ,0.0,21:00:53 PM,1574004653407
-4.457199 ,3.2950134 ,6.684494,23.55110887,87.29695284 ,15.875999450683594,73.72011400481624 ,0.0,21:00:53 PM,1574004653411
-3.5302734 ,4.6449738 ,9.076263,23.55110887,87.29695284 ,15.875999450683594,73.72011400481624 ,0.0,21:00:53 PM,1574004653417
0.27471924 ,3.870636 ,6.4016876,23.55110887,87.29695284 ,15.875999450683594,73.72011400481624 ,0.0,21:00:53 PM,1574004653422
3.464096 ,5.408478 ,12.05275,23.55110887,87.29695284 ,15.875999450683594,73.72011400481624 ,0.0,21:00:53 PM,1574004653426
3.2999573 ,6.116562 ,12.676971,23.55110887,87.29695284 ,15.875999450683594,73.72011400481624 ,0.0,21:00:53 PM,1574004653430
-0.77101135 ,6.0836945 ,3.2669678,23.55110887,87.29695284 ,15.875999450683594,73.72011400481624 ,0.0,21:00:53 PM,1574004653437
-4.1886444 ,7.2345276 ,2.596161,23.55110887,87.29695284 ,15.875999450683594,73.72011400481624 ,0.0,21:00:53 PM,1574004653440
-2.0263214 ,7.4927673 ,5.8579407,23.55110887,87.29695284 ,15.875999450683594,73.72011400481624 ,0.0,21:00:53 PM,1574004653445
2.3212738 ,6.09523 ,7.0421295,23.55110887,87.29695284 ,15.875999450683594,73.72011400481624 ,0.0,21:00:53 PM,1574004653450
3.0177155 ,5.1355133 ,13.671768,23.55110887,87.29695284 ,15.875999450683594,73.72011400481624 ,0.0,21:00:53 PM,1574004653454
0.19737244 ,4.0662384 ,12.183701,23.55110887,87.29695284 ,15.875999450683594,73.72011400481624 ,0.0,21:00:53 PM,1574004653459
-2.0148926 ,3.1921844 ,5.111038,23.55110887,87.29695284 ,15.875999450683594,73.72011400481624 ,0.0,21:00:53 PM,1574004653464
-1.0617676 ,6.190872 ,11.200958,23.55110887,87.29695284 ,15.875999450683594,73.72011400481624 ,0.0,21:00:53 PM,1574004653471
1.2035217 ,4.64476 ,6.7329254,23.55110887,87.29695284 ,15.875999450683594,73.72011400481624 ,0.0,21:00:53 PM,1574004653475
1.3142395 ,4.921402 ,4.794647,23.55110887,87.29695284 ,15.875999450683594,73.72011400481624 ,0.0,21:00:53 PM,1574004653479
0.033325195 ,6.2483063 ,10.264374,23.55110887,87.29695284 ,15.875999450683594,73.72011400481624 ,0.0,21:00:53 PM,1574004653485
-1.3010864 ,4.612564 ,3.2528229,23.55110887,87.29695284 ,15.875999450683594,73.72011400481624 ,0.0,21:00:53 PM,1574004653490
-0.94866943 ,3.2309113 ,4.2131042,23.55110887,87.29695284 ,15.875999450683594,73.72011400481624 ,0.0,21:00:53 PM,1574004653495
2.4419403 ,5.785965 ,17.67987,23.55110887,87.29695284 ,15.875999450683594,73.72011400481624 ,0.0,21:00:53 PM,1574004653498
4.57724 ,4.122635 ,7.353836,23.55110887,87.29695284 ,15.875999450683594,73.72011400481624 ,0.0,21:00:53 PM,1574004653505
1.4860687 ,7.5166016 ,6.4715576,23.55110887,87.29695284 ,15.875999450683594,73.72011400481624 ,0.0,21:00:53 PM,1574004653508
-2.290451 ,8.199692 ,7.176361,23.55110887,87.29695284 ,15.875999450683594,73.72011400481624 ,0.0,21:00:53 PM,1574004653518
-2.580902 ,5.9354553 ,-1.605545,23.55110887,87.29695284 ,15.875999450683594,73.72011400481624 ,0.0,21:00:53 PM,1574004653524
-0.2202301 ,5.4164276 ,7.057266,23.55110887,87.29695284 ,15.875999450683594,73.72011400481624 ,0.0,21:00:53 PM,1574004653528
2.1278381 ,4.5440826 ,16.075485,23.55110887,87.29695284 ,15.875999450683594,73.72011400481624 ,0.0,21:00:53 PM,1574004653534
0.34806824 ,2.7266388 ,8.770462,23.55110887,87.29695284 ,15.875999450683594,73.72011400481624 ,0.0,21:00:53 PM,1574004653542
-2.8139343 ,3.7453156 ,8.500473,23.55110887,87.29695284 ,15.875999450683594,73.72011400481624 ,0.0,21:00:53 PM,1574004653545
-2.0053253 ,5.3436737 ,11.770004,23.55110887,87.29695284 ,15.875999450683594,73.72011400481624 ,0.0,21:00:53 PM,1574004653547
1.3216705 ,3.4370117 ,4.690506,23.55110887,87.29695284 ,15.875999450683594,73.72011400481624 ,0.0,21:00:53 PM,1574004653552
2.3179016 ,3.9028473 ,10.73999,23.55110887,87.29695284 ,15.875999450683594,76.86431428938556 ,0.0,21:00:53 PM,1574004653558
0.1454773 ,4.760605 ,13.611267,23.55110887,87.29695284 ,15.875999450683594,76.86431428938556 ,0.0,21:00:53 PM,1574004653561
-1.938034 ,3.9443512 ,3.84581,23.55110887,87.29695284 ,15.875999450683594,76.86431428938556 ,0.0,21:00:53 PM,1574004653566
-1.5424805 ,7.160858 ,6.3789062,23.55110887,87.29695284 ,15.875999450683594,76.86431428938556 ,0.0,21:00:53 PM,1574004653573
0.05328369 ,7.2973785 ,6.512909,23.55110887,87.29695284 ,15.875999450683594,76.86431428938556 ,0.0,21:00:53 PM,1574004653576
0.5630188 ,4.717636 ,4.675476,23.55110887,87.29695284 ,15.875999450683594,76.86431428938556 ,0.0,21:00:53 PM,1574004653580
1.3083801 ,5.38208 ,14.584351,23.55110887,87.29695284 ,15.875999450683594,76.86431428938556 ,0.0,21:00:53 PM,1574004653586
1.8126068 ,5.226761 ,11.368378,23.55110887,87.29695284 ,15.875999450683594,76.86431428938556 ,0.0,21:00:53 PM,1574004653591
-1.2714539 ,5.551895 ,1.8128357,23.55110887,87.29695284 ,15.875999450683594,76.86431428938556 ,0.0,21:00:53 PM,1574004653594
-4.1711273 ,7.223984 ,5.7422485,23.55110887,87.29695284 ,15.875999450683594,76.86431428938556 ,0.0,21:00:53 PM,1574004653600
-1.1812897 ,5.3167114 ,6.019699,23.55110887,87.29695284 ,15.875999450683594,76.86431428938556 ,0.0,21:00:53 PM,1574004653607
3.2613983 ,2.8804626 ,8.035736,23.55110887,87.29695284 ,15.875999450683594,76.86431428938556 ,0.0,21:00:53 PM,1574004653608
3.0342255 ,3.105896 ,16.173203,23.55110887,87.29695284 ,15.875999450683594,76.86431428938556 ,0.0,21:00:53 PM,1574004653613
-0.43240356 ,2.6482544 ,13.374359,23.55110887,87.29695284 ,15.875999450683594,76.86431428938556 ,0.0,21:00:53 PM,1574004653618
-2.997528 ,3.9995575 ,9.134293,23.55110887,87.29695284 ,15.875999450683594,76.86431428938556 ,0.0,21:00:53 PM,1574004653624
-3.2836761 ,5.4233704 ,10.533676,23.55110887,87.29695284 ,15.875999450683594,76.86431428938556 ,0.0,21:00:53 PM,1574004653628
-1.3006592 ,3.3850555 ,2.0243988,23.55110887,87.29695284 ,15.875999450683594,76.86431428938556 ,0.0,21:00:53 PM,1574004653634
2.7138062 ,5.1049805 ,5.3763733,23.55110887,87.29695284 ,15.875999450683594,76.86431428938556 ,0.0,21:00:53 PM,1574004653640
6.521057 ,5.9196625 ,9.288361,23.55110887,87.29695284 ,15.875999450683594,76.86431428938556 ,0.0,21:00:53 PM,1574004653644
4.436081 ,4.4546204 ,5.699234,23.55110887,87.29695284 ,15.875999450683594,76.86431428938556 ,0.0,21:00:53 PM,1574004653652
-1.7696533 ,3.1557007 ,5.140518,23.55110887,87.29695284 ,15.875999450683594,76.86431428938556 ,0.0,21:00:53 PM,1574004653658
-3.6603394 ,5.8686523 ,17.683243,23.55110887,87.29695284 ,15.875999450683594,76.86431428938556 ,0.0,21:00:53 PM,1574004653661
-0.8960266 ,1.716095 ,8.445694,23.55110887,87.29695284 ,15.875999450683594,76.86431428938556 ,0.0,21:00:53 PM,1574004653667
1.7285614 ,3.110962 ,13.605225,23.55110887,87.29695284 ,15.875999450683594,76.86431428938556 ,0.0,21:00:53 PM,1574004653676
2.7918549 ,4.5871887 ,18.336319,23.55110887,87.29695284 ,15.875999450683594,76.86431428938556 ,0.0,21:00:53 PM,1574004653678
2.3235474 ,4.6703644 ,8.80304,23.55110887,87.29695284 ,15.875999450683594,76.86431428938556 ,0.0,21:00:53 PM,1574004653680
-1.005722 ,8.355026 ,5.3828735,23.55110887,87.29695284 ,15.875999450683594,76.86431428938556 ,0.0,21:00:53 PM,1574004653685
-2.8726654 ,8.05098 ,1.417923,23.55110887,87.29695284 ,15.875999450683594,76.86431428938556 ,0.0,21:00:53 PM,1574004653691
-0.6026001 ,7.8861237 ,-1.9877167,23.55110887,87.29695284 ,15.875999450683594,76.86431428938556 ,0.0,21:00:53 PM,1574004653695
