x,y,z,latitude,longitude,speed,sound,light,time,timestamp
5.1389313 ,5.638489 ,-5.0128784,23.55079711,87.29743463 ,25.09199924468994,82.23155084355844 ,0.0,21:01:03 PM,1574004663157
3.9179077 ,5.3769226 ,12.655365,23.55079711,87.29743463 ,25.09199924468994,82.23155084355844 ,0.0,21:01:03 PM,1574004663160
1.0642242 ,-1.2400055 ,14.177704,23.55079711,87.29743463 ,25.09199924468994,82.23155084355844 ,0.0,21:01:03 PM,1574004663163
-3.4572906 ,1.1481476 ,18.680939,23.55079711,87.29743463 ,25.09199924468994,82.23155084355844 ,0.0,21:01:03 PM,1574004663173
-6.863266 ,4.9813538 ,14.433701,23.55079711,87.29743463 ,25.09199924468994,82.23155084355844 ,0.0,21:01:03 PM,1574004663176
-1.9323273 ,6.049286 ,4.619644,23.55079711,87.29743463 ,25.09199924468994,82.23155084355844 ,0.0,21:01:03 PM,1574004663177
8.241577 ,6.5423584 ,5.6799316,23.55079711,87.29743463 ,25.09199924468994,82.23155084355844 ,0.0,21:01:03 PM,1574004663181
11.565216 ,2.4305725 ,14.526184,23.55079711,87.29743463 ,25.09199924468994,82.23155084355844 ,0.0,21:01:03 PM,1574004663186
3.4140625 ,-1.3336182 ,21.94403,23.55079711,87.29743463 ,25.09199924468994,82.23155084355844 ,0.0,21:01:03 PM,1574004663192
-8.187546 ,-2.6751099 ,14.100876,23.55079711,87.29743463 ,25.09199924468994,82.23155084355844 ,0.0,21:01:03 PM,1574004663195
-12.10791 ,2.707016 ,4.421112,23.55079711,87.29743463 ,25.09199924468994,82.23155084355844 ,0.0,21:01:03 PM,1574004663199
-3.8280792 ,8.668076 ,-1.3112183,23.55079711,87.29743463 ,25.09199924468994,82.23155084355844 ,0.0,21:01:03 PM,1574004663204
9.960693 ,8.405121 ,-1.8782043,23.55079711,87.29743463 ,25.09199924468994,82.23155084355844 ,0.0,21:01:03 PM,1574004663211
17.287415 ,7.9780884 ,4.9042816,23.55079711,87.29743463 ,25.09199924468994,82.23155084355844 ,0.0,21:01:03 PM,1574004663214
10.41217 ,6.696884 ,7.393158,23.55079711,87.29743463 ,25.09199924468994,82.23155084355844 ,0.0,21:01:03 PM,1574004663219
-6.1678467 ,5.8896637 ,11.169067,23.55079711,87.29743463 ,25.09199924468994,82.23155084355844 ,0.0,21:01:03 PM,1574004663224
-16.9234 ,-0.047180176 ,1.9023285,23.55079711,87.29743463 ,25.09199924468994,82.23155084355844 ,0.0,21:01:03 PM,1574004663229
-10.707794 ,2.4021454 ,12.7258,23.55079711,87.29743463 ,25.09199924468994,82.23155084355844 ,0.0,21:01:03 PM,1574004663233
7.0021515 ,6.34021 ,18.84285,23.55079711,87.29743463 ,25.09199924468994,82.23155084355844 ,0.0,21:01:03 PM,1574004663238
16.338165 ,3.5306244 ,5.548767,23.55079711,87.29743463 ,25.09199924468994,82.23155084355844 ,0.0,21:01:03 PM,1574004663243
9.46257 ,8.003769 ,7.35141,23.55079711,87.29743463 ,25.09199924468994,82.23155084355844 ,0.0,21:01:03 PM,1574004663248
-3.130478 ,4.783432 ,2.189209,23.55079711,87.29743463 ,25.09199924468994,82.23155084355844 ,0.0,21:01:03 PM,1574004663254
-9.756775 ,2.6204224 ,16.605225,23.55079711,87.29743463 ,25.09199924468994,82.23155084355844 ,0.0,21:01:03 PM,1574004663264
-12.700882 ,-4.375839 ,12.56279,23.55079711,87.29743463 ,25.09199924468994,82.23155084355844 ,0.0,21:01:03 PM,1574004663268
-9.658142 ,-1.3009186 ,19.749466,23.55079711,87.29743463 ,25.09199924468994,82.23155084355844 ,0.0,21:01:03 PM,1574004663278
1.3316803 ,3.623001 ,15.518036,23.55079711,87.29743463 ,25.09199924468994,82.23155084355844 ,0.0,21:01:03 PM,1574004663281
10.222015 ,4.0404816 ,-1.1954956,23.55079711,87.29743463 ,25.09199924468994,82.23155084355844 ,0.0,21:01:03 PM,1574004663284
10.707626 ,7.204727 ,2.59346,23.55079711,87.29743463 ,25.09199924468994,82.23155084355844 ,0.0,21:01:03 PM,1574004663287
6.019943 ,3.2569733 ,2.164505,23.55079711,87.29743463 ,25.09199924468994,82.23155084355844 ,0.0,21:01:03 PM,1574004663294
-0.6608124 ,1.7603607 ,14.109116,23.55079711,87.29743463 ,25.09199924468994,82.23155084355844 ,0.0,21:01:03 PM,1574004663296
-6.6305695 ,-1.9940948 ,17.493591,23.55079711,87.29743463 ,25.09199924468994,82.23155084355844 ,0.0,21:01:03 PM,1574004663300
-7.390106 ,-0.81755066 ,22.765457,23.55079711,87.29743463 ,25.09199924468994,82.23155084355844 ,0.0,21:01:03 PM,1574004663309
-3.4957123 ,-0.87405396 ,17.13916,23.55079711,87.29743463 ,25.09199924468994,82.23155084355844 ,0.0,21:01:03 PM,1574004663310
-0.8906708 ,-0.9759674 ,13.7387085,23.55079711,87.29743463 ,25.09199924468994,82.23155084355844 ,0.0,21:01:03 PM,1574004663315
0.06411743 ,-0.69996643 ,12.390076,23.55079711,87.29743463 ,25.09199924468994,82.23155084355844 ,0.0,21:01:03 PM,1574004663319
2.5745392 ,1.0436707 ,10.072357,23.55079711,87.29743463 ,25.09199924468994,82.23155084355844 ,0.0,21:01:03 PM,1574004663326
2.4637299 ,1.354065 ,4.437851,23.55079711,87.29743463 ,25.09199924468994,82.23155084355844 ,0.0,21:01:03 PM,1574004663329
-1.8543091 ,1.5506592 ,1.9693909,23.55079711,87.29743463 ,25.09199924468994,82.23155084355844 ,0.0,21:01:03 PM,1574004663335
-2.2703094 ,4.7828217 ,5.178131,23.55079711,87.29743463 ,25.09199924468994,82.23155084355844 ,0.0,21:01:03 PM,1574004663342
3.4598389 ,4.9118805 ,5.6487274,23.55079711,87.29743463 ,25.09199924468994,82.23155084355844 ,0.0,21:01:03 PM,1574004663344
7.3332214 ,5.9124756 ,12.115753,23.55079711,87.29743463 ,25.09199924468994,82.23155084355844 ,0.0,21:01:03 PM,1574004663350
7.9549103 ,3.3726501 ,10.010117,23.55079711,87.29743463 ,25.09199924468994,82.23155084355844 ,0.0,21:01:03 PM,1574004663354
6.429077 ,5.145874 ,11.744629,23.55079711,87.29743463 ,25.09199924468994,82.23155084355844 ,0.0,21:01:03 PM,1574004663362
-0.6704712 ,1.4881592 ,7.937393,23.55079711,87.29743463 ,25.09199924468994,82.23155084355844 ,0.0,21:01:03 PM,1574004663364
-9.360596 ,0.64715576 ,13.683182,23.55079711,87.29743463 ,25.09199924468994,82.23155084355844 ,0.0,21:01:03 PM,1574004663369
-9.17804 ,-2.2961426 ,10.654495,23.55079711,87.29743463 ,25.09199924468994,82.23155084355844 ,0.0,21:01:03 PM,1574004663373
0.068222046 ,0.2689209 ,13.689575,23.55079711,87.29743463 ,25.09199924468994,82.23155084355844 ,0.0,21:01:03 PM,1574004663378
6.942993 ,3.749527 ,8.333817,23.55079711,87.29743463 ,25.09199924468994,82.23155084355844 ,0.0,21:01:03 PM,1574004663382
5.0177765 ,6.143265 ,-0.13781738,23.55079711,87.29743463 ,25.09199924468994,82.23155084355844 ,0.0,21:01:03 PM,1574004663393
-2.6360474 ,7.2531433 ,-7.916168,23.55079711,87.29743463 ,25.09199924468994,82.23155084355844 ,0.0,21:01:03 PM,1574004663397
-6.9640656 ,4.9653473 ,4.229843,23.55079711,87.29743463 ,25.09199924468994,82.23155084355844 ,0.0,21:01:03 PM,1574004663403
-3.4203033 ,-0.3447113 ,10.372543,23.55079711,87.29743463 ,25.09199924468994,82.23155084355844 ,0.0,21:01:03 PM,1574004663406
4.206787 ,-2.9561157 ,14.113098,23.55079711,87.29743463 ,25.09199924468994,82.23155084355844 ,0.0,21:01:03 PM,1574004663414
6.1116943 ,-0.9694824 ,16.311157,23.55079711,87.29743463 ,25.09199924468994,82.23155084355844 ,0.0,21:01:03 PM,1574004663416
1.9377136 ,-2.2042542 ,11.879242,23.55079711,87.29743463 ,25.09199924468994,82.23155084355844 ,0.0,21:01:03 PM,1574004663420
-0.57922363 ,-0.39819336 ,12.170181,23.55079711,87.29743463 ,25.09199924468994,82.23155084355844 ,0.0,21:01:03 PM,1574004663428
-0.82328796 ,-1.1844482 ,11.325592,23.55079711,87.29743463 ,25.09199924468994,82.23155084355844 ,0.0,21:01:03 PM,1574004663430
-4.3499756 ,-1.7510986 ,17.026917,23.55079711,87.29743463 ,25.09199924468994,82.23155084355844 ,0.0,21:01:03 PM,1574004663434
-6.3272095 ,-3.429428 ,18.437042,23.55079711,87.29743463 ,25.09199924468994,82.23155084355844 ,0.0,21:01:03 PM,1574004663439
-0.85058594 ,-2.6327667 ,19.069077,23.55079711,87.29743463 ,25.09199924468994,82.23155084355844 ,0.0,21:01:03 PM,1574004663444
5.793274 ,-3.6530914 ,16.725021,23.55079711,87.29743463 ,25.09199924468994,82.23155084355844 ,0.0,21:01:03 PM,1574004663448
3.745819 ,-4.1743317 ,16.104263,23.55079711,87.29743463 ,25.09199924468994,82.23155084355844 ,0.0,21:01:03 PM,1574004663453
-4.229187 ,-3.3795166 ,14.657898,23.55079711,87.29743463 ,25.09199924468994,82.23155084355844 ,0.0,21:01:03 PM,1574004663459
-8.689255 ,-1.7158813 ,9.30574,23.55079711,87.29743463 ,25.09199924468994,82.23155084355844 ,0.0,21:01:03 PM,1574004663464
-5.460617 ,0.40966797 ,8.673798,23.55079711,87.29743463 ,25.09199924468994,82.23155084355844 ,0.0,21:01:03 PM,1574004663469
1.7865295 ,0.6027069 ,9.686829,23.55079711,87.29743463 ,25.09199924468994,82.23155084355844 ,0.0,21:01:03 PM,1574004663474
7.694153 ,0.5548248 ,9.608658,23.55079711,87.29743463 ,25.09199924468994,82.23155084355844 ,0.0,21:01:03 PM,1574004663479
6.90152 ,2.6143494 ,11.588135,23.55079711,87.29743463 ,25.09199924468994,82.23155084355844 ,0.0,21:01:03 PM,1574004663483
-0.9319763 ,0.67129517 ,7.2299805,23.55079711,87.29743463 ,25.09199924468994,82.23155084355844 ,0.0,21:01:03 PM,1574004663488
-7.862213 ,3.8294525 ,8.709122,23.55079711,87.29743463 ,25.09199924468994,82.23155084355844 ,0.0,21:01:03 PM,1574004663495
-5.2890625 ,3.5387115 ,4.491928,23.55079711,87.29743463 ,25.09199924468994,82.23155084355844 ,0.0,21:01:03 PM,1574004663498
2.4151 ,6.589447 ,1.9444122,23.55079711,87.29743463 ,25.09199924468994,82.23155084355844 ,0.0,21:01:03 PM,1574004663503
6.1455383 ,6.055603 ,0.07357788,23.55079711,87.29743463 ,25.09199924468994,82.23155084355844 ,0.0,21:01:03 PM,1574004663507
3.565796 ,8.777145 ,1.0293274,23.55079711,87.29743463 ,25.09199924468994,82.23155084355844 ,0.0,21:01:03 PM,1574004663513
-0.5631256 ,7.341324 ,-1.710434,23.55079711,87.29743463 ,25.09199924468994,82.23155084355844 ,0.0,21:01:03 PM,1574004663517
-1.161087 ,8.62558 ,0.71092224,23.55079711,87.29743463 ,25.09199924468994,82.23155084355844 ,0.0,21:01:03 PM,1574004663529
3.2786407 ,5.5245514 ,-3.0174103,23.55079711,87.29743463 ,25.09199924468994,82.23155084355844 ,0.0,21:01:03 PM,1574004663532
6.0063324 ,9.591339 ,5.95282,23.55079711,87.29743463 ,25.09199924468994,82.23155084355844 ,0.0,21:01:03 PM,1574004663537
1.570694 ,6.74144 ,4.534424,23.55079711,87.29743463 ,25.09199924468994,82.23155084355844 ,0.0,21:01:03 PM,1574004663546
-5.5857697 ,1.9236908 ,0.81088257,23.55079711,87.29743463 ,25.09199924468994,82.23155084355844 ,0.0,21:01:03 PM,1574004663549
-4.249344 ,0.8115845 ,9.783463,23.55079711,87.29743463 ,25.09199924468994,82.23155084355844 ,0.0,21:01:03 PM,1574004663551
3.7834015 ,-0.44088745 ,13.197433,23.55079711,87.29743463 ,25.09199924468994,82.23155084355844 ,0.0,21:01:03 PM,1574004663555
6.210129 ,-2.7401123 ,12.888687,23.55079711,87.29743463 ,25.09199924468994,82.23155084355844 ,0.0,21:01:03 PM,1574004663561
-0.8093567 ,-4.895508 ,16.979294,23.55079711,87.29743463 ,25.09199924468994,82.23155084355844 ,0.0,21:01:03 PM,1574004663564
-6.581085 ,-5.334839 ,25.760101,23.55079711,87.29743463 ,25.09199924468994,82.23155084355844 ,0.0,21:01:03 PM,1574004663569
-5.9940033 ,-4.946823 ,23.718384,23.55079711,87.29743463 ,25.09199924468994,82.23155084355844 ,0.0,21:01:03 PM,1574004663573
-4.0820923 ,-6.1174927 ,12.712494,23.55079711,87.29743463 ,25.09199924468994,82.23155084355844 ,0.0,21:01:03 PM,1574004663579
-1.9919434 ,-5.9089355 ,13.862198,23.55079711,87.29743463 ,25.09199924468994,82.23155084355844 ,0.0,21:01:03 PM,1574004663583
4.70755 ,-9.01326 ,9.881058,23.55079711,87.29743463 ,25.09199924468994,82.23155084355844 ,0.0,21:01:03 PM,1574004663587
9.981033 ,-9.066116 ,11.680435,23.55079711,87.29743463 ,25.09199924468994,82.23155084355844 ,0.0,21:01:03 PM,1574004663594
3.2602997 ,-7.782196 ,22.465164,23.55079711,87.29743463 ,25.09199924468994,82.23155084355844 ,0.0,21:01:03 PM,1574004663597
-7.471512 ,-7.7821198 ,24.066086,23.55079711,87.29743463 ,25.09199924468994,82.23155084355844 ,0.0,21:01:03 PM,1574004663602
-5.089554 ,-4.791443 ,15.439011,23.55079711,87.29743463 ,25.09199924468994,82.23155084355844 ,0.0,21:01:03 PM,1574004663607
8.471848 ,0.9801636 ,10.899078,23.55079711,87.29743463 ,25.09199924468994,82.23155084355844 ,0.0,21:01:03 PM,1574004663613
13.152588 ,1.3902435 ,4.843231,23.55079711,87.29743463 ,25.09199924468994,82.23155084355844 ,0.0,21:01:03 PM,1574004663618
3.0692291 ,1.1075287 ,18.087646,23.55079711,87.29743463 ,25.09199924468994,82.23155084355844 ,0.0,21:01:03 PM,1574004663621
-5.530899 ,-2.5620117 ,12.002365,23.55079711,87.29743463 ,25.09199924468994,81.49709957605218 ,0.0,21:01:03 PM,1574004663629
-2.9306335 ,-0.013580322 ,10.989319,23.55079711,87.29743463 ,25.09199924468994,81.49709957605218 ,0.0,21:01:03 PM,1574004663631
1.2932281 ,2.557602 ,12.726807,23.55079711,87.29743463 ,25.09199924468994,81.49709957605218 ,0.0,21:01:03 PM,1574004663635
3.4196167 ,3.2981262 ,16.295639,23.55079711,87.29743463 ,25.09199924468994,81.49709957605218 ,0.0,21:01:03 PM,1574004663640
