x,y,z,latitude,longitude,speed,sound,light,time,timestamp
0.6510315 ,-1.9916992 ,23.001465,23.55795997,87.2987905 ,48.995998764038085,81.56625334795811 ,8077.0,10:12:04 AM,1572669724668
2.4574127 ,-3.2539978 ,14.793686,23.55795997,87.2987905 ,48.995998764038085,81.56625334795811 ,8077.0,10:12:04 AM,1572669724674
2.0699005 ,-1.464035 ,11.837524,23.55795997,87.2987905 ,48.995998764038085,81.56625334795811 ,8077.0,10:12:04 AM,1572669724680
-1.4395294 ,1.0167694 ,9.412277,23.55795997,87.2987905 ,48.995998764038085,81.56625334795811 ,8077.0,10:12:04 AM,1572669724685
-4.9786224 ,2.325653 ,5.7048645,23.55795997,87.2987905 ,48.995998764038085,81.56625334795811 ,8077.0,10:12:04 AM,1572669724688
-3.7484436 ,2.0719604 ,3.0456848,23.55795997,87.2987905 ,48.995998764038085,81.56625334795811 ,8077.0,10:12:04 AM,1572669724694
2.146988 ,3.9849396 ,6.3091736,23.55795997,87.2987905 ,48.995998764038085,81.56625334795811 ,8077.0,10:12:04 AM,1572669724699
5.440033 ,3.722519 ,6.920288,23.55795997,87.2987905 ,48.995998764038085,81.56625334795811 ,8077.0,10:12:04 AM,1572669724704
2.8984985 ,1.6009064 ,5.344513,23.55795997,87.2987905 ,48.995998764038085,81.56625334795811 ,8077.0,10:12:04 AM,1572669724709
-0.7891846 ,2.6014252 ,16.975388,23.55795997,87.2987905 ,48.995998764038085,81.56625334795811 ,10866.0,10:12:04 AM,1572669724714
-0.41781616 ,-0.90260315 ,13.193375,23.55795997,87.2987905 ,48.995998764038085,81.56625334795811 ,10866.0,10:12:04 AM,1572669724716
2.3614502 ,0.19831848 ,12.707489,23.55795997,87.2987905 ,48.995998764038085,81.56625334795811 ,10866.0,10:12:04 AM,1572669724722
3.9874878 ,1.0418854 ,8.205307,23.55795997,87.2987905 ,48.995998764038085,81.56625334795811 ,10866.0,10:12:04 AM,1572669724726
1.5333252 ,6.6078186 ,13.233307,23.55795997,87.2987905 ,48.995998764038085,81.56625334795811 ,10866.0,10:12:04 AM,1572669724732
-3.2934265 ,3.112152 ,-1.0252991,23.55795997,87.2987905 ,48.995998764038085,81.56625334795811 ,10866.0,10:12:04 AM,1572669724739
-4.652817 ,3.535965 ,1.6862793,23.55795997,87.2987905 ,48.995998764038085,81.56625334795811 ,10866.0,10:12:04 AM,1572669724748
-1.3306122 ,3.0332031 ,8.000198,23.55795997,87.2987905 ,48.995998764038085,81.56625334795811 ,10866.0,10:12:04 AM,1572669724751
1.3495941 ,1.2810211 ,7.678467,23.55795997,87.2987905 ,48.995998764038085,81.56625334795811 ,10866.0,10:12:04 AM,1572669724759
-0.041015625 ,1.1736603 ,15.140198,23.55795997,87.2987905 ,48.995998764038085,81.56625334795811 ,10866.0,10:12:04 AM,1572669724761
-0.69940186 ,-0.8340454 ,15.310608,23.55795997,87.2987905 ,48.995998764038085,81.56625334795811 ,10866.0,10:12:04 AM,1572669724766
1.1024323 ,0.2527771 ,16.98732,23.55795997,87.2987905 ,48.995998764038085,81.56625334795811 ,10866.0,10:12:04 AM,1572669724772
2.3174286 ,-0.37217712 ,9.733551,23.55795997,87.2987905 ,48.995998764038085,81.56625334795811 ,10866.0,10:12:04 AM,1572669724775
1.3017883 ,3.8113403 ,12.8159485,23.55795997,87.2987905 ,48.995998764038085,81.56625334795811 ,10866.0,10:12:04 AM,1572669724782
-0.35684204 ,4.727783 ,7.974182,23.55795997,87.2987905 ,48.995998764038085,81.56625334795811 ,10866.0,10:12:04 AM,1572669724785
-0.08869934 ,5.369034 ,1.9214478,23.55795997,87.2987905 ,48.995998764038085,81.56625334795811 ,10866.0,10:12:04 AM,1572669724792
3.037323 ,5.566269 ,2.9442139,23.55795997,87.2987905 ,48.995998764038085,81.56625334795811 ,10866.0,10:12:04 AM,1572669724796
5.821533 ,5.8806458 ,4.735382,23.55795997,87.2987905 ,48.995998764038085,81.56625334795811 ,10866.0,10:12:04 AM,1572669724801
2.8988342 ,5.057419 ,7.04924,23.55795997,87.2987905 ,48.995998764038085,81.56625334795811 ,10866.0,10:12:04 AM,1572669724805
-1.1262512 ,2.6866608 ,8.56517,23.55795997,87.2987905 ,48.995998764038085,81.56625334795811 ,10866.0,10:12:04 AM,1572669724811
0.61402893 ,2.487091 ,13.245728,23.55795997,87.2987905 ,48.995998764038085,81.56625334795811 ,10866.0,10:12:04 AM,1572669724814
4.355728 ,1.8784637 ,11.13089,23.55795997,87.2987905 ,48.995998764038085,81.56625334795811 ,10866.0,10:12:04 AM,1572669724820
2.4800873 ,1.7849274 ,8.871002,23.55795997,87.2987905 ,48.995998764038085,81.56625334795811 ,10866.0,10:12:04 AM,1572669724826
-3.002716 ,1.6131897 ,8.299774,23.55795997,87.2987905 ,48.995998764038085,81.56625334795811 ,10866.0,10:12:04 AM,1572669724828
-4.8004 ,1.8977966 ,10.560211,23.55795997,87.2987905 ,48.995998764038085,81.56625334795811 ,10866.0,10:12:04 AM,1572669724836
-1.2720032 ,-0.045837402 ,7.354828,23.55795997,87.2987905 ,48.995998764038085,81.56625334795811 ,10866.0,10:12:04 AM,1572669724839
2.3860168 ,1.6346588 ,15.267395,23.55795997,87.2987905 ,48.995998764038085,81.56625334795811 ,10866.0,10:12:04 AM,1572669724845
1.5784912 ,-0.6903076 ,11.943665,23.55795997,87.2987905 ,48.995998764038085,81.56625334795811 ,10866.0,10:12:04 AM,1572669724847
-2.0404816 ,-0.39414978 ,12.88913,23.55795997,87.2987905 ,48.995998764038085,81.56625334795811 ,10866.0,10:12:04 AM,1572669724854
-2.727768 ,-1.270813 ,15.832855,23.55795997,87.2987905 ,48.995998764038085,81.56625334795811 ,10866.0,10:12:04 AM,1572669724857
1.5479126 ,-1.3734894 ,12.782089,23.55795997,87.2987905 ,48.995998764038085,81.56625334795811 ,10866.0,10:12:04 AM,1572669724864
3.17099 ,0.95217896 ,15.456543,23.55795997,87.2987905 ,48.995998764038085,81.56625334795811 ,10866.0,10:12:04 AM,1572669724867
1.1438751 ,-0.20005798 ,8.299423,23.55795997,87.2987905 ,48.995998764038085,81.56625334795811 ,10866.0,10:12:04 AM,1572669724875
-0.58218384 ,3.9850006 ,13.297623,23.55795997,87.2987905 ,48.995998764038085,81.56625334795811 ,10866.0,10:12:04 AM,1572669724885
1.5368042 ,1.2532959 ,-3.5510864,23.55795997,87.2987905 ,48.995998764038085,81.56625334795811 ,10866.0,10:12:04 AM,1572669724888
0.33303833 ,7.669815 ,8.46727,23.55795997,87.2987905 ,48.995998764038085,81.56625334795811 ,10866.0,10:12:04 AM,1572669724890
-1.7927399 ,6.6443176 ,1.799469,23.55795997,87.2987905 ,48.995998764038085,81.56625334795811 ,10866.0,10:12:04 AM,1572669724898
-0.34762573 ,6.6991577 ,-0.60446167,23.55795997,87.2987905 ,48.995998764038085,81.56625334795811 ,10866.0,10:12:04 AM,1572669724900
5.2731323 ,6.1741333 ,1.9590454,23.55795997,87.2987905 ,48.995998764038085,81.56625334795811 ,10866.0,10:12:04 AM,1572669724907
6.7898254 ,6.2795563 ,8.261734,23.55795997,87.2987905 ,48.995998764038085,81.56625334795811 ,10866.0,10:12:04 AM,1572669724910
0.91941833 ,3.8089294 ,11.478775,23.55795997,87.2987905 ,48.995998764038085,81.56625334795811 ,12088.0,10:12:04 AM,1572669724916
-3.9688263 ,-0.26911926 ,10.3558655,23.55795997,87.2987905 ,48.995998764038085,81.56625334795811 ,12088.0,10:12:04 AM,1572669724923
-0.9339447 ,-1.2930603 ,15.201492,23.55795997,87.2987905 ,48.995998764038085,81.56625334795811 ,12088.0,10:12:04 AM,1572669724926
4.755371 ,-2.469864 ,15.22084,23.55795997,87.2987905 ,48.995998764038085,81.56625334795811 ,12088.0,10:12:04 AM,1572669724928
3.7698975 ,-0.8148346 ,19.700897,23.55795997,87.2987905 ,48.995998764038085,81.56625334795811 ,12088.0,10:12:04 AM,1572669724934
-2.8594666 ,-1.2885284 ,16.06012,23.55795997,87.2987905 ,48.995998764038085,81.56625334795811 ,12088.0,10:12:04 AM,1572669724939
-5.8253174 ,0.16497803 ,10.850967,23.55795997,87.2987905 ,48.995998764038085,81.56625334795811 ,12088.0,10:12:04 AM,1572669724945
-1.0991516 ,2.8532104 ,3.7754822,23.55795997,87.2987905 ,48.995998764038085,81.56625334795811 ,12088.0,10:12:04 AM,1572669724948
3.7960968 ,7.140213 ,1.3439178,23.55795997,87.2987905 ,48.995998764038085,81.56625334795811 ,12088.0,10:12:04 AM,1572669724956
1.6348724 ,8.040787 ,-2.4367523,23.55795997,87.2987905 ,48.995998764038085,81.56625334795811 ,12088.0,10:12:04 AM,1572669724958
-2.7465057 ,9.227234 ,-0.7292023,23.55795997,87.2987905 ,48.995998764038085,81.56625334795811 ,12088.0,10:12:04 AM,1572669724964
-1.3463745 ,8.895462 ,1.9424744,23.55795997,87.2987905 ,48.995998764038085,81.56625334795811 ,12088.0,10:12:04 AM,1572669724967
3.7938538 ,6.110794 ,-0.66871643,23.55795997,87.2987905 ,48.995998764038085,81.56625334795811 ,12088.0,10:12:04 AM,1572669724974
4.2911987 ,6.1976013 ,10.757599,23.55795997,87.2987905 ,48.995998764038085,81.56625334795811 ,12088.0,10:12:04 AM,1572669724977
-0.15510559 ,0.48286438 ,7.1266327,23.55795997,87.2987905 ,48.995998764038085,81.56625334795811 ,12088.0,10:12:04 AM,1572669724984
-2.253952 ,1.2101746 ,15.061554,23.55795997,87.2987905 ,48.995998764038085,81.56625334795811 ,12088.0,10:12:04 AM,1572669724987
1.3771973 ,-1.8574219 ,15.9673,23.55795997,87.2987905 ,48.995998764038085,81.56625334795811 ,12088.0,10:12:04 AM,1572669724991
6.2346497 ,-1.4767456 ,15.112305,23.55795997,87.2987905 ,48.995998764038085,81.56625334795811 ,12088.0,10:12:04 AM,1572669724997
4.165756 ,-1.6219788 ,17.043457,23.55795997,87.2987905 ,48.995998764038085,81.56625334795811 ,12088.0,10:12:05 AM,1572669725003
-1.0038147 ,-3.4225616 ,13.223175,23.55795997,87.2987905 ,48.995998764038085,81.56625334795811 ,12088.0,10:12:05 AM,1572669725005
-2.8485107 ,-0.26197815 ,19.10173,23.55795997,87.2987905 ,48.995998764038085,81.56625334795811 ,12088.0,10:12:05 AM,1572669725017
0.40576172 ,-2.6546326 ,8.245499,23.55795997,87.2987905 ,48.995998764038085,81.56625334795811 ,12088.0,10:12:05 AM,1572669725019
1.2034149 ,1.2438202 ,16.06305,23.55795997,87.2987905 ,48.995998764038085,81.56625334795811 ,12088.0,10:12:05 AM,1572669725027
-1.8232422 ,-1.7021942 ,5.471237,23.55795997,87.2987905 ,48.995998764038085,81.56625334795811 ,12088.0,10:12:05 AM,1572669725030
-4.5880737 ,0.8609009 ,10.517975,23.55795997,87.2987905 ,48.995998764038085,81.56625334795811 ,12088.0,10:12:05 AM,1572669725037
-1.6399231 ,1.4234467 ,9.3789215,23.55795997,87.2987905 ,48.995998764038085,81.56625334795811 ,12088.0,10:12:05 AM,1572669725040
2.790863 ,4.041626 ,10.458542,23.55795997,87.2987905 ,48.995998764038085,81.56625334795811 ,12088.0,10:12:05 AM,1572669725049
2.473404 ,4.4963226 ,6.4804688,23.55795997,87.2987905 ,48.995998764038085,81.56625334795811 ,12088.0,10:12:05 AM,1572669725051
-1.0115967 ,4.5412445 ,3.2061005,23.55795997,87.2987905 ,48.995998764038085,81.56625334795811 ,12088.0,10:12:05 AM,1572669725054
-2.1076202 ,4.69899 ,1.9921265,23.55795997,87.2987905 ,48.995998764038085,81.56625334795811 ,12088.0,10:12:05 AM,1572669725061
-0.9397278 ,4.616974 ,1.6990509,23.55795997,87.2987905 ,48.995998764038085,81.56625334795811 ,12088.0,10:12:05 AM,1572669725068
-0.71099854 ,5.4979095 ,10.200607,23.55784003,87.29879329 ,46.90799903869629,81.56625334795811 ,12088.0,10:12:05 AM,1572669725075
0.32901 ,3.5909424 ,8.172821,23.55784003,87.29879329 ,46.90799903869629,81.56625334795811 ,12088.0,10:12:05 AM,1572669725078
3.2884521 ,2.8617096 ,7.184601,23.55784003,87.29879329 ,46.90799903869629,81.56625334795811 ,12088.0,10:12:05 AM,1572669725081
5.05159 ,1.2994385 ,5.83519,23.55784003,87.29879329 ,46.90799903869629,81.56625334795811 ,12088.0,10:12:05 AM,1572669725085
1.950882 ,2.5048065 ,14.139053,23.55784003,87.29879329 ,46.90799903869629,81.56625334795811 ,12088.0,10:12:05 AM,1572669725088
-2.3635101 ,-1.026886 ,11.444717,23.55784003,87.29879329 ,46.90799903869629,81.56625334795811 ,12088.0,10:12:05 AM,1572669725093
-1.7754517 ,-1.6819458 ,13.147842,23.55784003,87.29879329 ,46.90799903869629,81.56625334795811 ,12088.0,10:12:05 AM,1572669725096
2.7995758 ,-2.275589 ,16.53363,23.55784003,87.29879329 ,46.90799903869629,81.56625334795811 ,12088.0,10:12:05 AM,1572669725101
4.762024 ,-2.8896027 ,15.805908,23.55784003,87.29879329 ,46.90799903869629,81.56625334795811 ,12088.0,10:12:05 AM,1572669725106
1.6721649 ,-2.225891 ,18.977097,23.55784003,87.29879329 ,46.90799903869629,81.56625334795811 ,12088.0,10:12:05 AM,1572669725110
-1.3960571 ,-2.203476 ,16.942062,23.55784003,87.29879329 ,46.90799903869629,81.56625334795811 ,12837.0,10:12:05 AM,1572669725116
0.0446167 ,0.9124756 ,15.895599,23.55784003,87.29879329 ,46.90799903869629,81.56625334795811 ,12837.0,10:12:05 AM,1572669725121
3.6035156 ,0.36206055 ,0.80036926,23.55784003,87.29879329 ,46.90799903869629,81.56625334795811 ,12837.0,10:12:05 AM,1572669725125
2.4753876 ,7.4958496 ,11.544846,23.55784003,87.29879329 ,46.90799903869629,81.56625334795811 ,12837.0,10:12:05 AM,1572669725130
-2.063919 ,5.960602 ,2.2155457,23.55784003,87.29879329 ,46.90799903869629,81.56625334795811 ,12837.0,10:12:05 AM,1572669725135
-3.3167572 ,6.310501 ,-4.7588043,23.55784003,87.29879329 ,46.90799903869629,82.72817779997212 ,12837.0,10:12:05 AM,1572669725144
-0.5581207 ,7.69783 ,6.2842407,23.55784003,87.29879329 ,46.90799903869629,82.72817779997212 ,12837.0,10:12:05 AM,1572669725148
2.60701 ,4.586487 ,3.8045502,23.55784003,87.29879329 ,46.90799903869629,82.72817779997212 ,12837.0,10:12:05 AM,1572669725154
0.45544434 ,4.3910065 ,11.197647,23.55784003,87.29879329 ,46.90799903869629,82.72817779997212 ,12837.0,10:12:05 AM,1572669725157
-2.5016937 ,0.37184143 ,8.191055,23.55784003,87.29879329 ,46.90799903869629,82.72817779997212 ,12837.0,10:12:05 AM,1572669725163
