x,y,z,latitude,longitude,speed,sound,light,time,timestamp
10.069595 ,5.1238556 ,5.4027405,23.55499126,87.29875179 ,32.651998901367186,83.19751468224949 ,11431.0,10:12:37 AM,1572669757499
0.0050201416 ,2.6931915 ,14.103912,23.55499126,87.29875179 ,32.651998901367186,83.19751468224949 ,11431.0,10:12:37 AM,1572669757504
-6.0328217 ,0.6072693 ,18.391876,23.55499126,87.29875179 ,32.651998901367186,83.19751468224949 ,11431.0,10:12:37 AM,1572669757508
-4.924362 ,-3.0827637 ,16.9012,23.55499126,87.29875179 ,32.651998901367186,83.19751468224949 ,11431.0,10:12:37 AM,1572669757513
-0.39149475 ,-4.2392426 ,18.785751,23.55499126,87.29875179 ,32.651998901367186,83.19751468224949 ,11431.0,10:12:37 AM,1572669757519
1.8584442 ,-5.2952576 ,20.193802,23.55499126,87.29875179 ,32.651998901367186,83.19751468224949 ,11431.0,10:12:37 AM,1572669757524
1.0473785 ,-2.272049 ,24.288834,23.55499126,87.29875179 ,32.651998901367186,83.19751468224949 ,11431.0,10:12:37 AM,1572669757528
-0.82037354 ,-1.9854889 ,16.906311,23.55499126,87.29875179 ,32.651998901367186,83.19751468224949 ,11431.0,10:12:37 AM,1572669757534
0.38468933 ,-2.1996307 ,-1.2588043,23.55499126,87.29875179 ,32.651998901367186,83.19751468224949 ,11431.0,10:12:37 AM,1572669757539
1.9827881 ,1.5464325 ,6.3392944,23.55499126,87.29875179 ,32.651998901367186,83.19751468224949 ,11431.0,10:12:37 AM,1572669757544
1.6925049 ,-2.8089752 ,5.650894,23.55499126,87.29875179 ,32.651998901367186,83.19751468224949 ,11431.0,10:12:37 AM,1572669757555
-1.9300232 ,-0.7133179 ,20.277206,23.55499126,87.29875179 ,32.651998901367186,83.19751468224949 ,11431.0,10:12:37 AM,1572669757558
-5.8561707 ,-1.1361237 ,21.861038,23.55499126,87.29875179 ,32.651998901367186,83.19751468224949 ,11431.0,10:12:37 AM,1572669757564
-7.309433 ,-1.8640594 ,13.564865,23.55499126,87.29875179 ,32.651998901367186,83.19751468224949 ,11431.0,10:12:37 AM,1572669757568
-3.4248962 ,1.1251068 ,10.194305,23.55499126,87.29875179 ,32.651998901367186,83.19751468224949 ,11431.0,10:12:37 AM,1572669757571
3.7706451 ,4.1910553 ,6.4708405,23.55499126,87.29875179 ,32.651998901367186,83.19751468224949 ,11138.0,10:12:37 AM,1572669757577
6.937607 ,6.9818115 ,3.9807281,23.55499126,87.29875179 ,32.651998901367186,83.19751468224949 ,11138.0,10:12:37 AM,1572669757579
2.6757355 ,7.7687073 ,4.6848145,23.55499126,87.29875179 ,32.651998901367186,83.19751468224949 ,11138.0,10:12:37 AM,1572669757585
-0.72052 ,5.419342 ,-2.9442444,23.55499126,87.29875179 ,32.651998901367186,83.19751468224949 ,11138.0,10:12:37 AM,1572669757593
4.085251 ,7.573593 ,1.5049896,23.55499126,87.29875179 ,32.651998901367186,83.19751468224949 ,11138.0,10:12:37 AM,1572669757595
12.698624 ,11.699722 ,6.9025574,23.55499126,87.29875179 ,32.651998901367186,83.19751468224949 ,11138.0,10:12:37 AM,1572669757598
15.571075 ,16.803452 ,-4.994339,23.55499126,87.29875179 ,32.651998901367186,83.19751468224949 ,11138.0,10:12:37 AM,1572669757603
5.4149933 ,19.660828 ,-24.920044,23.55499126,87.29875179 ,32.651998901367186,83.19751468224949 ,11138.0,10:12:37 AM,1572669757607
-9.009506 ,21.39775 ,-37.45793,23.55499126,87.29875179 ,32.651998901367186,83.19751468224949 ,11138.0,10:12:37 AM,1572669757612
-15.18129 ,20.786484 ,-32.92862,23.55499126,87.29875179 ,32.651998901367186,83.19751468224949 ,11138.0,10:12:37 AM,1572669757625
-8.173752 ,14.304337 ,-19.646912,23.55499126,87.29875179 ,32.651998901367186,83.19751468224949 ,11138.0,10:12:37 AM,1572669757626
3.2612762 ,8.072861 ,2.7869415,23.55499126,87.29875179 ,32.651998901367186,83.19751468224949 ,11138.0,10:12:37 AM,1572669757627
5.2915955 ,3.0531158 ,15.922989,23.55499126,87.29875179 ,32.651998901367186,83.19751468224949 ,11138.0,10:12:37 AM,1572669757636
-2.459259 ,-2.6049957 ,8.810959,23.55499126,87.29875179 ,32.651998901367186,83.19751468224949 ,11138.0,10:12:37 AM,1572669757637
-7.8894196 ,-1.8476562 ,15.66272,23.55499126,87.29875179 ,32.651998901367186,83.19751468224949 ,11138.0,10:12:37 AM,1572669757641
-4.3022766 ,-1.5103912 ,22.771927,23.55499126,87.29875179 ,32.651998901367186,83.19751468224949 ,11138.0,10:12:37 AM,1572669757646
1.7281036 ,-5.662506 ,9.294998,23.55499126,87.29875179 ,32.651998901367186,83.19751468224949 ,11138.0,10:12:37 AM,1572669757651
-1.877121 ,-6.764282 ,22.840622,23.55499126,87.29875179 ,32.651998901367186,83.19751468224949 ,11138.0,10:12:37 AM,1572669757658
-6.776306 ,-11.827042 ,24.948013,23.55499126,87.29875179 ,32.651998901367186,83.19751468224949 ,11138.0,10:12:37 AM,1572669757661
-8.001144 ,-12.733032 ,34.40271,23.55499126,87.29875179 ,32.651998901367186,83.19751468224949 ,11138.0,10:12:37 AM,1572669757666
-2.2619781 ,-12.029144 ,36.228638,23.55499126,87.29875179 ,32.651998901367186,83.19751468224949 ,11138.0,10:12:37 AM,1572669757671
5.022461 ,-9.995132 ,33.474884,23.55499126,87.29875179 ,32.651998901367186,83.19751468224949 ,11138.0,10:12:37 AM,1572669757677
8.318558 ,-9.645416 ,14.491104,23.55499126,87.29875179 ,32.651998901367186,83.19751468224949 ,11138.0,10:12:37 AM,1572669757688
8.079819 ,-7.084732 ,-0.16238403,23.55499126,87.29875179 ,32.651998901367186,83.19751468224949 ,11138.0,10:12:37 AM,1572669757690
8.201202 ,-2.3676453 ,5.643631,23.55499126,87.29875179 ,32.651998901367186,83.19751468224949 ,11138.0,10:12:37 AM,1572669757698
6.638489 ,-4.0253296 ,12.017914,23.55499126,87.29875179 ,32.651998901367186,83.19751468224949 ,11138.0,10:12:37 AM,1572669757702
0.5227814 ,-5.840103 ,16.317581,23.55499126,87.29875179 ,32.651998901367186,83.19751468224949 ,11138.0,10:12:37 AM,1572669757706
-5.5681915 ,-4.2732086 ,32.73285,23.55499126,87.29875179 ,32.651998901367186,83.19751468224949 ,11138.0,10:12:37 AM,1572669757713
-2.9859161 ,-7.6678314 ,22.368835,23.55499126,87.29875179 ,32.651998901367186,83.19751468224949 ,11138.0,10:12:37 AM,1572669757716
3.0450897 ,-6.049698 ,20.72786,23.55499126,87.29875179 ,32.651998901367186,83.19751468224949 ,11138.0,10:12:37 AM,1572669757719
6.2121277 ,-1.6557617 ,15.99028,23.55499126,87.29875179 ,32.651998901367186,83.19751468224949 ,11138.0,10:12:37 AM,1572669757727
7.189148 ,-2.281189 ,-0.91482544,23.55499126,87.29875179 ,32.651998901367186,83.19751468224949 ,11138.0,10:12:37 AM,1572669757731
9.429489 ,3.8739166 ,4.816223,23.55499126,87.29875179 ,32.651998901367186,83.19751468224949 ,11138.0,10:12:37 AM,1572669757736
12.277649 ,12.782837 ,3.4717865,23.55499126,87.29875179 ,32.651998901367186,83.19751468224949 ,11138.0,10:12:37 AM,1572669757744
6.937683 ,13.930328 ,-40.643845,23.55499126,87.29875179 ,32.651998901367186,83.19751468224949 ,11138.0,10:12:37 AM,1572669757748
-7.886017 ,20.72081 ,-44.965607,23.55499126,87.29875179 ,32.651998901367186,83.19751468224949 ,11138.0,10:12:37 AM,1572669757751
-16.061066 ,17.565842 ,-21.672867,23.55499126,87.29875179 ,32.651998901367186,83.19751468224949 ,11138.0,10:12:37 AM,1572669757756
-10.377686 ,8.33255 ,2.100891,23.55499126,87.29875179 ,32.651998901367186,83.19751468224949 ,11138.0,10:12:37 AM,1572669757760
-3.235611 ,-0.0037994385 ,18.544968,23.55499126,87.29875179 ,32.651998901367186,83.19751468224949 ,11138.0,10:12:37 AM,1572669757769
-3.578308 ,-10.364578 ,28.023926,23.55499126,87.29875179 ,32.651998901367186,83.19751468224949 ,11138.0,10:12:37 AM,1572669757775
-7.66539 ,-13.251007 ,40.688934,23.55499126,87.29875179 ,32.651998901367186,83.19751468224949 ,11138.0,10:12:37 AM,1572669757779
-7.0519257 ,-11.025192 ,47.09346,23.55499126,87.29875179 ,32.651998901367186,83.19751468224949 ,11138.0,10:12:37 AM,1572669757781
-0.010055542 ,-11.163559 ,44.359833,23.55499126,87.29875179 ,32.651998901367186,83.19751468224949 ,11138.0,10:12:37 AM,1572669757784
8.101639 ,-8.245346 ,35.02147,23.55499126,87.29875179 ,32.651998901367186,83.19751468224949 ,11138.0,10:12:37 AM,1572669757786
11.20224 ,-5.045639 ,7.7173767,23.55499126,87.29875179 ,32.651998901367186,83.19751468224949 ,11282.0,10:12:37 AM,1572669757791
6.506836 ,1.1200104 ,-13.915649,23.55499126,87.29875179 ,32.651998901367186,83.01147931202033 ,11282.0,10:12:37 AM,1572669757796
-4.7932587 ,6.5545197 ,-4.2686768,23.55499126,87.29875179 ,32.651998901367186,83.01147931202033 ,11282.0,10:12:37 AM,1572669757800
-10.58168 ,-1.0618286 ,2.8204346,23.55499126,87.29875179 ,32.651998901367186,83.01147931202033 ,11282.0,10:12:37 AM,1572669757805
-6.3062897 ,2.8087006 ,24.311142,23.55499126,87.29875179 ,32.651998901367186,83.01147931202033 ,11282.0,10:12:37 AM,1572669757814
3.662445 ,1.4631348 ,20.319061,23.55499126,87.29875179 ,32.651998901367186,83.01147931202033 ,11282.0,10:12:37 AM,1572669757820
8.994415 ,0.8317566 ,14.9466095,23.55499126,87.29875179 ,32.651998901367186,83.01147931202033 ,11282.0,10:12:37 AM,1572669757825
8.618301 ,12.893234 ,-1.1893921,23.55499126,87.29875179 ,32.651998901367186,83.01147931202033 ,11282.0,10:12:37 AM,1572669757829
1.101471 ,18.772858 ,-4.5865936,23.55499126,87.29875179 ,32.651998901367186,83.01147931202033 ,11282.0,10:12:37 AM,1572669757835
-0.12112427 ,13.725632 ,-19.182144,23.55499126,87.29875179 ,32.651998901367186,83.01147931202033 ,11282.0,10:12:37 AM,1572669757840
4.9430695 ,18.915329 ,-2.241745,23.55499126,87.29875179 ,32.651998901367186,83.01147931202033 ,11282.0,10:12:37 AM,1572669757845
2.77977 ,11.957825 ,2.6447906,23.55499126,87.29875179 ,32.651998901367186,83.01147931202033 ,11282.0,10:12:37 AM,1572669757850
-2.1020203 ,5.8821716 ,0.95999146,23.55499126,87.29875179 ,32.651998901367186,83.01147931202033 ,11282.0,10:12:37 AM,1572669757854
-2.8330536 ,5.7987976 ,18.357193,23.55499126,87.29875179 ,32.651998901367186,83.01147931202033 ,11282.0,10:12:37 AM,1572669757860
-0.04196167 ,1.2401428 ,24.346619,23.55499126,87.29875179 ,32.651998901367186,83.01147931202033 ,11282.0,10:12:37 AM,1572669757864
4.5016937 ,-2.385971 ,10.050003,23.55499126,87.29875179 ,32.651998901367186,83.01147931202033 ,11282.0,10:12:37 AM,1572669757869
5.9913025 ,-0.84472656 ,15.37471,23.55499126,87.29875179 ,32.651998901367186,83.01147931202033 ,11282.0,10:12:37 AM,1572669757874
3.330124 ,1.3580475 ,13.733292,23.55499126,87.29875179 ,32.651998901367186,83.01147931202033 ,11282.0,10:12:37 AM,1572669757877
-3.7989197 ,1.786499 ,3.031128,23.55499126,87.29875179 ,32.651998901367186,83.01147931202033 ,11282.0,10:12:37 AM,1572669757883
-8.189667 ,-0.41799927 ,-2.5118713,23.55499126,87.29875179 ,32.651998901367186,83.01147931202033 ,11282.0,10:12:37 AM,1572669757887
-6.183136 ,-0.3584137 ,13.208542,23.55499126,87.29875179 ,32.651998901367186,83.01147931202033 ,11282.0,10:12:37 AM,1572669757892
-1.2888794 ,-2.3082123 ,23.174744,23.55499126,87.29875179 ,32.651998901367186,83.01147931202033 ,11282.0,10:12:37 AM,1572669757898
1.6368713 ,-2.5800629 ,24.230484,23.55499126,87.29875179 ,32.651998901367186,83.01147931202033 ,11282.0,10:12:37 AM,1572669757902
1.9625244 ,-1.7904968 ,25.782303,23.55499126,87.29875179 ,32.651998901367186,83.01147931202033 ,11282.0,10:12:37 AM,1572669757907
3.353363 ,-0.70562744 ,24.201324,23.55499126,87.29875179 ,32.651998901367186,83.01147931202033 ,11282.0,10:12:37 AM,1572669757910
4.713974 ,0.5864105 ,16.73854,23.55499126,87.29875179 ,32.651998901367186,83.01147931202033 ,11282.0,10:12:37 AM,1572669757917
5.4021606 ,3.0910797 ,11.30484,23.55499126,87.29875179 ,32.651998901367186,83.01147931202033 ,11282.0,10:12:37 AM,1572669757921
3.9931335 ,10.097305 ,9.716187,23.55499126,87.29875179 ,32.651998901367186,83.01147931202033 ,11282.0,10:12:37 AM,1572669757927
-0.22457886 ,10.456604 ,-4.8448334,23.55499126,87.29875179 ,32.651998901367186,83.01147931202033 ,11282.0,10:12:37 AM,1572669757934
-1.8463745 ,13.899902 ,-11.8810425,23.55499126,87.29875179 ,32.651998901367186,83.01147931202033 ,11282.0,10:12:37 AM,1572669757936
-3.7113495 ,19.2332 ,-4.377182,23.55499126,87.29875179 ,32.651998901367186,83.01147931202033 ,11282.0,10:12:37 AM,1572669757941
-7.7842712 ,16.879501 ,-22.75647,23.55499126,87.29875179 ,32.651998901367186,83.01147931202033 ,11282.0,10:12:37 AM,1572669757953
-8.034836 ,21.312103 ,-4.149826,23.55499126,87.29875179 ,32.651998901367186,83.01147931202033 ,11282.0,10:12:37 AM,1572669757957
0.94418335 ,12.941406 ,-5.0813446,23.55499126,87.29875179 ,32.651998901367186,83.01147931202033 ,11282.0,10:12:37 AM,1572669757959
8.074997 ,8.140625 ,2.471817,23.55499126,87.29875179 ,32.651998901367186,83.01147931202033 ,11282.0,10:12:37 AM,1572669757965
3.3522491 ,4.3119354 ,24.13533,23.55499126,87.29875179 ,32.651998901367186,83.01147931202033 ,11282.0,10:12:37 AM,1572669757969
-4.781067 ,-0.32182312 ,26.59262,23.55499126,87.29875179 ,32.651998901367186,83.01147931202033 ,10318.0,10:12:37 AM,1572669757975
-6.95195 ,-0.42451477 ,25.996017,23.55499126,87.29875179 ,32.651998901367186,83.01147931202033 ,10318.0,10:12:37 AM,1572669757977
-0.363739 ,-2.106964 ,20.906342,23.55499126,87.29875179 ,32.651998901367186,83.01147931202033 ,10318.0,10:12:37 AM,1572669757985
7.9293976 ,-1.821991 ,16.385788,23.55499126,87.29875179 ,32.651998901367186,83.01147931202033 ,10318.0,10:12:37 AM,1572669757987
7.6828156 ,-0.5518341 ,20.695206,23.55499126,87.29875179 ,32.651998901367186,83.01147931202033 ,10318.0,10:12:37 AM,1572669757995
