x,y,z,latitude,longitude,speed,sound,light,time,timestamp
-11.52742 ,5.9710846 ,-3.7540588,23.56052708,87.29883036 ,32.8319995880127,82.71498401885125 ,4808.0,10:11:38 AM,1572669698803
2.7758942 ,3.7209778 ,1.6254272,23.56052708,87.29883036 ,32.8319995880127,82.71498401885125 ,4808.0,10:11:38 AM,1572669698810
10.35611 ,2.260559 ,11.221024,23.56052708,87.29883036 ,32.8319995880127,82.71498401885125 ,4808.0,10:11:38 AM,1572669698813
3.0622559 ,1.4784393 ,20.387238,23.56052708,87.29883036 ,32.8319995880127,82.71498401885125 ,4808.0,10:11:38 AM,1572669698818
-5.7628326 ,-1.3756561 ,20.534912,23.56052708,87.29883036 ,32.8319995880127,82.71498401885125 ,4808.0,10:11:38 AM,1572669698824
-3.671814 ,-3.0549774 ,18.213089,23.56052708,87.29883036 ,32.8319995880127,82.71498401885125 ,4808.0,10:11:38 AM,1572669698827
6.3533173 ,-0.2506256 ,19.660522,23.56052708,87.29883036 ,32.8319995880127,82.71498401885125 ,4808.0,10:11:38 AM,1572669698835
10.753189 ,3.2288666 ,15.656067,23.56052708,87.29883036 ,32.8319995880127,82.71498401885125 ,4808.0,10:11:38 AM,1572669698839
1.1220093 ,5.383362 ,10.911438,23.56052708,87.29883036 ,32.8319995880127,82.71498401885125 ,4808.0,10:11:38 AM,1572669698842
-9.7695465 ,4.270859 ,2.884842,23.56052708,87.29883036 ,32.8319995880127,82.71498401885125 ,4808.0,10:11:38 AM,1572669698849
-7.4767 ,7.82341 ,6.0724792,23.56052708,87.29883036 ,32.8319995880127,82.71498401885125 ,4808.0,10:11:38 AM,1572669698853
2.8789215 ,9.705383 ,-0.91822815,23.56052708,87.29883036 ,32.8319995880127,82.71498401885125 ,4808.0,10:11:38 AM,1572669698858
4.8728027 ,12.785187 ,-2.170639,23.56052708,87.29883036 ,32.8319995880127,82.71498401885125 ,4808.0,10:11:38 AM,1572669698860
-3.032547 ,9.268311 ,-7.07164,23.56052708,87.29883036 ,32.8319995880127,82.71498401885125 ,4808.0,10:11:38 AM,1572669698871
-6.1827087 ,6.788208 ,-7.0329895,23.56052708,87.29883036 ,32.8319995880127,82.71498401885125 ,4808.0,10:11:38 AM,1572669698876
-1.6659851 ,5.586151 ,10.059845,23.56052708,87.29883036 ,32.8319995880127,82.71498401885125 ,4808.0,10:11:38 AM,1572669698881
1.7651062 ,0.43286133 ,15.419052,23.56052708,87.29883036 ,32.8319995880127,82.71498401885125 ,4808.0,10:11:38 AM,1572669698885
-0.14465332 ,3.7630463 ,25.943634,23.56052708,87.29883036 ,32.8319995880127,82.71498401885125 ,4808.0,10:11:38 AM,1572669698889
-2.4862213 ,-0.79234314 ,15.2344055,23.56052708,87.29883036 ,32.8319995880127,82.71498401885125 ,4808.0,10:11:38 AM,1572669698894
1.7674713 ,-0.7950897 ,7.1521606,23.56052708,87.29883036 ,32.8319995880127,82.71498401885125 ,5525.0,10:11:38 AM,1572669698899
6.2509613 ,1.5805817 ,10.742096,23.56052708,87.29883036 ,32.8319995880127,82.71498401885125 ,5525.0,10:11:38 AM,1572669698903
3.7870483 ,2.1604156 ,10.1401825,23.56052708,87.29883036 ,32.8319995880127,82.71498401885125 ,5525.0,10:11:38 AM,1572669698908
-5.792572 ,3.9049988 ,16.930649,23.56052708,87.29883036 ,32.8319995880127,82.71498401885125 ,5525.0,10:11:38 AM,1572669698913
-8.454208 ,0.5943756 ,6.9936676,23.56052708,87.29883036 ,32.8319995880127,82.71498401885125 ,5525.0,10:11:38 AM,1572669698917
0.07888794 ,5.4658203 ,11.496017,23.56052708,87.29883036 ,32.8319995880127,82.71498401885125 ,5525.0,10:11:38 AM,1572669698923
7.7499695 ,4.8980865 ,2.0793457,23.56052708,87.29883036 ,32.8319995880127,82.71498401885125 ,5525.0,10:11:38 AM,1572669698928
2.5301666 ,7.111084 ,6.049576,23.56052708,87.29883036 ,32.8319995880127,82.71498401885125 ,5525.0,10:11:38 AM,1572669698934
-8.285507 ,5.0947723 ,9.885178,23.56052708,87.29883036 ,32.8319995880127,82.71498401885125 ,5525.0,10:11:38 AM,1572669698942
-7.038086 ,3.031372 ,8.180237,23.56052708,87.29883036 ,32.8319995880127,82.71498401885125 ,5525.0,10:11:38 AM,1572669698945
3.3976593 ,3.8040771 ,11.388596,23.56052708,87.29883036 ,32.8319995880127,82.71498401885125 ,5525.0,10:11:38 AM,1572669698949
7.3913574 ,4.1712494 ,11.215347,23.56052708,87.29883036 ,32.8319995880127,82.71498401885125 ,5525.0,10:11:38 AM,1572669698953
0.506485 ,5.137802 ,14.9104,23.56052708,87.29883036 ,32.8319995880127,82.71498401885125 ,5525.0,10:11:38 AM,1572669698956
-5.0905914 ,3.4712372 ,10.7565155,23.56052708,87.29883036 ,32.8319995880127,82.71498401885125 ,5525.0,10:11:38 AM,1572669698960
-2.263794 ,5.1961823 ,8.145706,23.56052708,87.29883036 ,32.8319995880127,82.71498401885125 ,5525.0,10:11:38 AM,1572669698965
2.0863495 ,7.7572174 ,2.9034119,23.56052708,87.29883036 ,32.8319995880127,82.71498401885125 ,5525.0,10:11:38 AM,1572669698971
-0.16394043 ,10.808044 ,3.1213226,23.56052708,87.29883036 ,32.8319995880127,82.71498401885125 ,5525.0,10:11:38 AM,1572669698976
-4.52211 ,7.8483124 ,-5.009613,23.56052708,87.29883036 ,32.8319995880127,82.71498401885125 ,5525.0,10:11:38 AM,1572669698980
-3.1215973 ,6.817932 ,-0.19270325,23.56052708,87.29883036 ,32.8319995880127,82.71498401885125 ,5525.0,10:11:38 AM,1572669698985
2.2176056 ,3.055313 ,5.3050995,23.56052708,87.29883036 ,32.8319995880127,82.71498401885125 ,5525.0,10:11:38 AM,1572669698990
3.317749 ,0.92225647 ,13.275467,23.56052708,87.29883036 ,32.8319995880127,82.71498401885125 ,5525.0,10:11:38 AM,1572669698995
-1.240799 ,0.60365295 ,22.300018,23.56052708,87.29883036 ,32.8319995880127,82.71498401885125 ,5525.0,10:11:39 AM,1572669699000
-5.389908 ,-1.5724335 ,20.559525,23.56052708,87.29883036 ,32.8319995880127,82.71498401885125 ,5525.0,10:11:39 AM,1572669699005
-1.6196136 ,-2.800537 ,12.447998,23.56052708,87.29883036 ,32.8319995880127,82.71498401885125 ,5525.0,10:11:39 AM,1572669699009
4.7072144 ,-1.3920898 ,11.027435,23.56052708,87.29883036 ,32.8319995880127,82.71498401885125 ,5525.0,10:11:39 AM,1572669699015
4.0023804 ,2.0995483 ,14.538605,23.56052708,87.29883036 ,32.8319995880127,82.71498401885125 ,5525.0,10:11:39 AM,1572669699021
-4.474304 ,2.8911438 ,14.676254,23.56052708,87.29883036 ,32.8319995880127,82.71498401885125 ,5525.0,10:11:39 AM,1572669699029
-7.4183807 ,1.2742157 ,8.916061,23.56052708,87.29883036 ,32.8319995880127,82.71498401885125 ,5525.0,10:11:39 AM,1572669699034
0.9160614 ,3.6613464 ,7.6570587,23.56052708,87.29883036 ,32.8319995880127,82.71498401885125 ,5525.0,10:11:39 AM,1572669699039
6.4121246 ,5.5151825 ,7.209244,23.56052708,87.29883036 ,32.8319995880127,82.71498401885125 ,5525.0,10:11:39 AM,1572669699045
0.35523987 ,6.910568 ,8.301361,23.56043592,87.29882106 ,39.419999313354495,82.71498401885125 ,5525.0,10:11:39 AM,1572669699053
-7.90361 ,5.750534 ,7.779434,23.56043592,87.29882106 ,39.419999313354495,82.71498401885125 ,5525.0,10:11:39 AM,1572669699055
-5.5691833 ,3.5982513 ,4.1671295,23.56043592,87.29882106 ,39.419999313354495,82.71498401885125 ,5525.0,10:11:39 AM,1572669699056
2.9128265 ,5.0746307 ,11.53714,23.56043592,87.29882106 ,39.419999313354495,82.71498401885125 ,5525.0,10:11:39 AM,1572669699061
5.9255066 ,4.5821686 ,10.899872,23.56043592,87.29882106 ,39.419999313354495,82.71498401885125 ,5525.0,10:11:39 AM,1572669699065
0.60380554 ,6.157486 ,13.122696,23.56043592,87.29882106 ,39.419999313354495,82.71498401885125 ,5525.0,10:11:39 AM,1572669699070
-4.7631226 ,5.074814 ,8.304489,23.56043592,87.29882106 ,39.419999313354495,82.71498401885125 ,5525.0,10:11:39 AM,1572669699076
-2.6925354 ,4.991394 ,2.791153,23.56043592,87.29882106 ,39.419999313354495,82.71498401885125 ,7467.0,10:11:39 AM,1572669699081
2.0552673 ,6.692398 ,3.5307617,23.56043592,87.29882106 ,39.419999313354495,82.71498401885125 ,7467.0,10:11:39 AM,1572669699086
1.1351929 ,8.623718 ,6.1134644,23.56043592,87.29882106 ,39.419999313354495,82.71498401885125 ,7467.0,10:11:39 AM,1572669699090
-4.397629 ,6.9175262 ,2.6479797,23.56043592,87.29882106 ,39.419999313354495,82.71498401885125 ,7467.0,10:11:39 AM,1572669699095
-4.652252 ,3.649414 ,-0.37245178,23.56043592,87.29882106 ,39.419999313354495,82.71498401885125 ,7467.0,10:11:39 AM,1572669699101
2.0578003 ,2.7546844 ,8.031845,23.56043592,87.29882106 ,39.419999313354495,82.71498401885125 ,7467.0,10:11:39 AM,1572669699106
6.335968 ,-0.0630188 ,9.680206,23.56043592,87.29882106 ,39.419999313354495,82.71498401885125 ,7467.0,10:11:39 AM,1572669699109
1.4124451 ,0.95625305 ,19.011612,23.56043592,87.29882106 ,39.419999313354495,82.71498401885125 ,7467.0,10:11:39 AM,1572669699115
-5.6655273 ,-0.7600403 ,19.1176,23.56043592,87.29882106 ,39.419999313354495,82.71498401885125 ,7467.0,10:11:39 AM,1572669699121
-5.211685 ,-2.49794 ,10.531631,23.56043592,87.29882106 ,39.419999313354495,82.71498401885125 ,7467.0,10:11:39 AM,1572669699124
1.9013824 ,-0.82518005 ,10.9509735,23.56043592,87.29882106 ,39.419999313354495,82.71498401885125 ,7467.0,10:11:39 AM,1572669699130
6.883301 ,2.45401 ,11.120529,23.56043592,87.29882106 ,39.419999313354495,82.71498401885125 ,7467.0,10:11:39 AM,1572669699135
0.47303772 ,4.7890778 ,13.160538,23.56043592,87.29882106 ,39.419999313354495,82.71498401885125 ,7467.0,10:11:39 AM,1572669699141
-6.422333 ,1.6496735 ,3.0608673,23.56043592,87.29882106 ,39.419999313354495,82.71498401885125 ,7467.0,10:11:39 AM,1572669699145
-3.6966248 ,7.5533447 ,14.777878,23.56043592,87.29882106 ,39.419999313354495,82.71498401885125 ,7467.0,10:11:39 AM,1572669699153
3.275467 ,4.448822 ,-2.5270538,23.56043592,87.29882106 ,39.419999313354495,82.71498401885125 ,7467.0,10:11:39 AM,1572669699156
2.0466003 ,10.012756 ,5.667938,23.56043592,87.29882106 ,39.419999313354495,82.71498401885125 ,7467.0,10:11:39 AM,1572669699167
-3.2557983 ,8.336838 ,7.513672,23.56043592,87.29882106 ,39.419999313354495,82.71498401885125 ,7467.0,10:11:39 AM,1572669699170
-2.7212372 ,6.176819 ,1.2434387,23.56043592,87.29882106 ,39.419999313354495,82.71498401885125 ,7467.0,10:11:39 AM,1572669699173
1.0263672 ,7.1691284 ,8.839355,23.56043592,87.29882106 ,39.419999313354495,82.71498401885125 ,7467.0,10:11:39 AM,1572669699182
2.490265 ,4.381531 ,3.7363129,23.56043592,87.29882106 ,39.419999313354495,82.71498401885125 ,7467.0,10:11:39 AM,1572669699185
-0.33895874 ,6.9202423 ,12.368423,23.56043592,87.29882106 ,39.419999313354495,82.71498401885125 ,7467.0,10:11:39 AM,1572669699188
-1.3398743 ,2.8866882 ,8.5026245,23.56043592,87.29882106 ,39.419999313354495,82.71498401885125 ,7467.0,10:11:39 AM,1572669699194
2.1502075 ,3.017746 ,10.675156,23.56043592,87.29882106 ,39.419999313354495,82.71498401885125 ,7467.0,10:11:39 AM,1572669699204
2.8907623 ,1.9006805 ,7.2577057,23.56043592,87.29882106 ,39.419999313354495,82.71498401885125 ,7467.0,10:11:39 AM,1572669699208
-3.034729 ,3.6516113 ,7.919342,23.56043592,87.29882106 ,39.419999313354495,82.71498401885125 ,7467.0,10:11:39 AM,1572669699211
-7.2744293 ,5.120163 ,10.064011,23.56043592,87.29882106 ,39.419999313354495,82.71498401885125 ,7467.0,10:11:39 AM,1572669699215
-1.3437805 ,3.069275 ,2.5000153,23.56043592,87.29882106 ,39.419999313354495,82.71498401885125 ,7467.0,10:11:39 AM,1572669699217
7.2804565 ,3.2756195 ,4.7780304,23.56043592,87.29882106 ,39.419999313354495,82.71498401885125 ,7467.0,10:11:39 AM,1572669699220
5.92218 ,1.9016724 ,8.929703,23.56043592,87.29882106 ,39.419999313354495,83.33376719859059 ,7467.0,10:11:39 AM,1572669699226
-3.4337616 ,1.478653 ,12.671005,23.56043592,87.29882106 ,39.419999313354495,83.33376719859059 ,7467.0,10:11:39 AM,1572669699231
-8.566696 ,0.2674408 ,12.702316,23.56043592,87.29882106 ,39.419999313354495,83.33376719859059 ,7467.0,10:11:39 AM,1572669699234
-3.3031464 ,-0.24455261 ,11.955688,23.56043592,87.29882106 ,39.419999313354495,83.33376719859059 ,7467.0,10:11:39 AM,1572669699240
4.9387054 ,-0.5330353 ,13.767792,23.56043592,87.29882106 ,39.419999313354495,83.33376719859059 ,7467.0,10:11:39 AM,1572669699243
6.3827972 ,-0.93807983 ,15.342468,23.56043592,87.29882106 ,39.419999313354495,83.33376719859059 ,7467.0,10:11:39 AM,1572669699249
0.12734985 ,0.44128418 ,18.211533,23.56043592,87.29882106 ,39.419999313354495,83.33376719859059 ,7467.0,10:11:39 AM,1572669699256
-5.118286 ,0.13069153 ,13.574249,23.56043592,87.29882106 ,39.419999313354495,83.33376719859059 ,7467.0,10:11:39 AM,1572669699258
-2.6586914 ,3.5543976 ,12.897507,23.56043592,87.29882106 ,39.419999313354495,83.33376719859059 ,7467.0,10:11:39 AM,1572669699266
3.0689087 ,6.181671 ,4.7878113,23.56043592,87.29882106 ,39.419999313354495,83.33376719859059 ,7467.0,10:11:39 AM,1572669699268
2.0068054 ,11.202332 ,0.4350586,23.56043592,87.29882106 ,39.419999313354495,83.33376719859059 ,7467.0,10:11:39 AM,1572669699276
-5.7788086 ,11.840652 ,-2.0782318,23.56043592,87.29882106 ,39.419999313354495,83.33376719859059 ,7467.0,10:11:39 AM,1572669699279
-7.2789154 ,7.2374268 ,-14.50325,23.56043592,87.29882106 ,39.419999313354495,83.33376719859059 ,8165.0,10:11:39 AM,1572669699284
0.45619202 ,10.732162 ,7.8525543,23.56043592,87.29882106 ,39.419999313354495,83.33376719859059 ,8165.0,10:11:39 AM,1572669699290
6.8315125 ,3.270935 ,2.627533,23.56043592,87.29882106 ,39.419999313354495,83.33376719859059 ,8165.0,10:11:39 AM,1572669699300
