x,y,z,latitude,longitude,speed,sound,light,time,timestamp
1.6099548 ,0.6824646 ,10.212433,23.56767688,87.30134599 ,29.375999450683594,80.85578106466235 ,27906.0,10:09:50 AM,1572669590363
4.420944 ,-0.74302673 ,11.456818,23.56767688,87.30134599 ,29.375999450683594,80.85578106466235 ,27906.0,10:09:50 AM,1572669590367
1.7324371 ,0.24324036 ,15.253494,23.56767688,87.30134599 ,29.375999450683594,80.85578106466235 ,27906.0,10:09:50 AM,1572669590373
-3.726059 ,1.2981262 ,15.824158,23.56767688,87.30134599 ,29.375999450683594,80.85578106466235 ,27906.0,10:09:50 AM,1572669590379
-4.3657837 ,-0.0068511963 ,8.926056,23.56767688,87.30134599 ,29.375999450683594,80.85578106466235 ,27906.0,10:09:50 AM,1572669590384
1.3709412 ,0.7576294 ,8.281326,23.56767688,87.30134599 ,29.375999450683594,80.85578106466235 ,27906.0,10:09:50 AM,1572669590388
5.0010376 ,2.8095703 ,10.696304,23.56767688,87.30134599 ,29.375999450683594,80.85578106466235 ,27906.0,10:09:50 AM,1572669590394
1.0049133 ,4.0629272 ,10.50737,23.56767688,87.30134599 ,29.375999450683594,80.85578106466235 ,27906.0,10:09:50 AM,1572669590397
-3.5126495 ,5.14534 ,10.528809,23.56767688,87.30134599 ,29.375999450683594,80.85578106466235 ,27906.0,10:09:50 AM,1572669590401
-1.5427399 ,5.4602814 ,10.201996,23.56767688,87.30134599 ,29.375999450683594,80.85578106466235 ,27906.0,10:09:50 AM,1572669590406
3.3989868 ,6.6348724 ,9.062515,23.56767688,87.30134599 ,29.375999450683594,80.85578106466235 ,27906.0,10:09:50 AM,1572669590411
3.6193848 ,8.435028 ,6.1992645,23.56767688,87.30134599 ,29.375999450683594,80.85578106466235 ,27906.0,10:09:50 AM,1572669590417
-0.24603271 ,9.331345 ,-2.3977356,23.56767688,87.30134599 ,29.375999450683594,80.85578106466235 ,27906.0,10:09:50 AM,1572669590423
-4.1394043 ,10.377426 ,-1.627945,23.56767688,87.30134599 ,29.375999450683594,80.85578106466235 ,27906.0,10:09:50 AM,1572669590426
-4.793579 ,8.337021 ,2.1007385,23.56767688,87.30134599 ,29.375999450683594,80.85578106466235 ,27906.0,10:09:50 AM,1572669590434
-0.50361633 ,3.9362793 ,3.7167664,23.56767688,87.30134599 ,29.375999450683594,80.85578106466235 ,27906.0,10:09:50 AM,1572669590437
4.186905 ,1.7341919 ,13.540054,23.56767688,87.30134599 ,29.375999450683594,80.85578106466235 ,27906.0,10:09:50 AM,1572669590440
2.5697784 ,0.20765686 ,20.55455,23.56767688,87.30134599 ,29.375999450683594,80.85578106466235 ,27906.0,10:09:50 AM,1572669590448
-2.8777313 ,-0.31314087 ,21.888672,23.56767688,87.30134599 ,29.375999450683594,80.85578106466235 ,27906.0,10:09:50 AM,1572669590451
-3.0176697 ,-1.0451813 ,17.39267,23.56767688,87.30134599 ,29.375999450683594,80.85578106466235 ,27906.0,10:09:50 AM,1572669590455
3.5625458 ,-0.8877716 ,10.645416,23.56767688,87.30134599 ,29.375999450683594,80.85578106466235 ,26747.0,10:09:50 AM,1572669590459
7.1260986 ,2.6456604 ,5.842911,23.56767688,87.30134599 ,29.375999450683594,80.85578106466235 ,26747.0,10:09:50 AM,1572669590465
-0.5080261 ,3.5262604 ,6.98085,23.56767688,87.30134599 ,29.375999450683594,80.85578106466235 ,26747.0,10:09:50 AM,1572669590468
-7.9000854 ,4.5842133 ,7.1034546,23.56767688,87.30134599 ,29.375999450683594,80.85578106466235 ,26747.0,10:09:50 AM,1572669590472
-4.3794403 ,4.64122 ,5.439377,23.56767688,87.30134599 ,29.375999450683594,80.85578106466235 ,26747.0,10:09:50 AM,1572669590483
2.668335 ,4.9704285 ,5.429245,23.56767688,87.30134599 ,29.375999450683594,80.85578106466235 ,26747.0,10:09:50 AM,1572669590489
2.1574707 ,5.807831 ,9.51329,23.56767688,87.30134599 ,29.375999450683594,80.85578106466235 ,26747.0,10:09:50 AM,1572669590494
-1.3881378 ,4.4367523 ,4.721222,23.56767688,87.30134599 ,29.375999450683594,80.85578106466235 ,26747.0,10:09:50 AM,1572669590499
-2.4931335 ,7.1050415 ,8.285934,23.56767688,87.30134599 ,29.375999450683594,80.85578106466235 ,26747.0,10:09:50 AM,1572669590505
-1.7621307 ,4.26474 ,3.1653137,23.56767688,87.30134599 ,29.375999450683594,80.85578106466235 ,26747.0,10:09:50 AM,1572669590510
0.5509033 ,3.9876099 ,10.106537,23.56767688,87.30134599 ,29.375999450683594,80.85578106466235 ,26747.0,10:09:50 AM,1572669590515
4.4884186 ,2.04451 ,11.825455,23.56767688,87.30134599 ,29.375999450683594,80.85578106466235 ,26747.0,10:09:50 AM,1572669590518
3.336441 ,1.264267 ,11.580826,23.56767688,87.30134599 ,29.375999450683594,80.85578106466235 ,26747.0,10:09:50 AM,1572669590521
-3.747116 ,1.8832092 ,15.272629,23.56767688,87.30134599 ,29.375999450683594,80.85578106466235 ,26747.0,10:09:50 AM,1572669590528
-6.6561737 ,1.9300842 ,14.066544,23.56767688,87.30134599 ,29.375999450683594,80.85578106466235 ,26747.0,10:09:50 AM,1572669590530
-0.42533875 ,2.1275635 ,6.910797,23.56767688,87.30134599 ,29.375999450683594,80.85578106466235 ,26747.0,10:09:50 AM,1572669590535
5.840332 ,3.6638947 ,5.612335,23.56767688,87.30134599 ,29.375999450683594,80.85578106466235 ,26747.0,10:09:50 AM,1572669590541
3.3749847 ,4.2108 ,8.32225,23.56767688,87.30134599 ,29.375999450683594,80.85578106466235 ,26747.0,10:09:50 AM,1572669590545
-2.203186 ,2.7068176 ,9.056656,23.56767688,87.30134599 ,29.375999450683594,80.85578106466235 ,26747.0,10:09:50 AM,1572669590550
-1.8569794 ,2.4492188 ,13.923004,23.56767688,87.30134599 ,29.375999450683594,80.85578106466235 ,26747.0,10:09:50 AM,1572669590557
2.863556 ,0.74368286 ,10.437714,23.56767688,87.30134599 ,29.375999450683594,80.85578106466235 ,26747.0,10:09:50 AM,1572669590561
2.5825195 ,1.6899261 ,13.128952,23.56767688,87.30134599 ,29.375999450683594,80.85578106466235 ,26747.0,10:09:50 AM,1572669590566
-2.790863 ,2.7559357 ,10.948593,23.56767688,87.30134599 ,29.375999450683594,80.85578106466235 ,26747.0,10:09:50 AM,1572669590569
-5.818207 ,5.357895 ,7.787964,23.56767688,87.30134599 ,29.375999450683594,80.85578106466235 ,26747.0,10:09:50 AM,1572669590574
-2.1131897 ,6.707123 ,4.502884,23.56767688,87.30134599 ,29.375999450683594,80.85578106466235 ,26747.0,10:09:50 AM,1572669590579
3.3175354 ,7.445526 ,1.9188843,23.56767688,87.30134599 ,29.375999450683594,80.85578106466235 ,26747.0,10:09:50 AM,1572669590584
3.7071686 ,7.6749725 ,5.218399,23.56767688,87.30134599 ,29.375999450683594,80.85578106466235 ,26747.0,10:09:50 AM,1572669590587
-0.06513977 ,5.9987946 ,5.9554596,23.56767688,87.30134599 ,29.375999450683594,80.85578106466235 ,26747.0,10:09:50 AM,1572669590592
-3.7826996 ,6.9655457 ,10.475479,23.56767688,87.30134599 ,29.375999450683594,80.85578106466235 ,26747.0,10:09:50 AM,1572669590599
-3.9749756 ,4.8568573 ,8.977844,23.56767688,87.30134599 ,29.375999450683594,80.85578106466235 ,26747.0,10:09:50 AM,1572669590603
0.67066956 ,3.8646088 ,9.581863,23.56767688,87.30134599 ,29.375999450683594,80.85578106466235 ,26747.0,10:09:50 AM,1572669590607
5.977417 ,2.626236 ,7.487137,23.56767688,87.30134599 ,29.375999450683594,80.85578106466235 ,26747.0,10:09:50 AM,1572669590613
3.878952 ,2.2763062 ,9.624878,23.56767688,87.30134599 ,29.375999450683594,80.85578106466235 ,26747.0,10:09:50 AM,1572669590625
-3.4357452 ,2.5778809 ,13.534332,23.56767688,87.30134599 ,29.375999450683594,80.85578106466235 ,26747.0,10:09:50 AM,1572669590628
-6.4824677 ,0.54177856 ,11.614944,23.56767688,87.30134599 ,29.375999450683594,80.85578106466235 ,26747.0,10:09:50 AM,1572669590644
-2.6038666 ,0.48501587 ,10.239807,23.56767688,87.30134599 ,29.375999450683594,80.85578106466235 ,26747.0,10:09:50 AM,1572669590647
2.308899 ,2.7982483 ,11.091049,23.56767688,87.30134599 ,29.375999450683594,80.85578106466235 ,26747.0,10:09:50 AM,1572669590649
3.24852 ,4.7342224 ,5.9910126,23.56767688,87.30134599 ,29.375999450683594,80.85578106466235 ,26747.0,10:09:50 AM,1572669590655
0.8922882 ,7.1540527 ,1.1025543,23.56767688,87.30134599 ,29.375999450683594,80.85578106466235 ,26747.0,10:09:50 AM,1572669590657
-2.1087494 ,7.880188 ,2.9843445,23.56767688,87.30134599 ,29.375999450683594,80.85578106466235 ,26747.0,10:09:50 AM,1572669590659
-1.2452393 ,5.625 ,0.7801666,23.56767688,87.30134599 ,29.375999450683594,80.85578106466235 ,26747.0,10:09:50 AM,1572669590661
2.6101685 ,3.783081 ,5.4631042,23.56767688,87.30134599 ,29.375999450683594,80.85578106466235 ,25673.0,10:09:50 AM,1572669590665
3.241211 ,1.8776245 ,10.113312,23.56767688,87.30134599 ,29.375999450683594,80.85578106466235 ,25673.0,10:09:50 AM,1572669590668
-2.140503 ,1.0996552 ,15.355103,23.56767688,87.30134599 ,29.375999450683594,80.85578106466235 ,25673.0,10:09:50 AM,1572669590675
-5.3092194 ,0.71388245 ,19.344604,23.56767688,87.30134599 ,29.375999450683594,80.85578106466235 ,25673.0,10:09:50 AM,1572669590678
-0.2869568 ,-0.22575378 ,13.535324,23.56767688,87.30134599 ,29.375999450683594,80.85578106466235 ,25673.0,10:09:50 AM,1572669590683
6.3521423 ,1.661438 ,10.058426,23.56767688,87.30134599 ,29.375999450683594,80.85578106466235 ,25673.0,10:09:50 AM,1572669590689
5.265045 ,4.311661 ,9.438751,23.56767688,87.30134599 ,29.375999450683594,80.85578106466235 ,25673.0,10:09:50 AM,1572669590694
-2.506836 ,4.7403107 ,5.4487,23.56767688,87.30134599 ,29.375999450683594,80.85578106466235 ,25673.0,10:09:50 AM,1572669590698
-6.484909 ,6.2730255 ,8.076294,23.56767688,87.30134599 ,29.375999450683594,80.85578106466235 ,25673.0,10:09:50 AM,1572669590704
-3.528183 ,6.033264 ,6.266754,23.56767688,87.30134599 ,29.375999450683594,80.85578106466235 ,25673.0,10:09:50 AM,1572669590708
0.27153015 ,6.996063 ,3.446045,23.56767688,87.30134599 ,29.375999450683594,80.85578106466235 ,25673.0,10:09:50 AM,1572669590714
0.99713135 ,8.293793 ,3.5849304,23.56767688,87.30134599 ,29.375999450683594,80.85578106466235 ,25673.0,10:09:50 AM,1572669590719
-0.09980774 ,9.438568 ,2.0745544,23.56767688,87.30134599 ,29.375999450683594,80.85578106466235 ,25673.0,10:09:50 AM,1572669590724
-0.94210815 ,8.657593 ,1.0785217,23.56767688,87.30134599 ,29.375999450683594,80.85578106466235 ,25673.0,10:09:50 AM,1572669590728
0.22955322 ,6.5152893 ,5.4045105,23.56767688,87.30134599 ,29.375999450683594,80.85578106466235 ,25673.0,10:09:50 AM,1572669590733
3.134262 ,3.7038574 ,7.900589,23.56767688,87.30134599 ,29.375999450683594,80.9588819779398 ,25673.0,10:09:50 AM,1572669590738
2.8205414 ,0.3855133 ,8.231812,23.56767688,87.30134599 ,29.375999450683594,80.9588819779398 ,25673.0,10:09:50 AM,1572669590742
-2.4967651 ,1.1319733 ,19.517807,23.56767688,87.30134599 ,29.375999450683594,80.9588819779398 ,25673.0,10:09:50 AM,1572669590746
-5.864044 ,-1.0175629 ,20.607468,23.56767688,87.30134599 ,29.375999450683594,80.9588819779398 ,25673.0,10:09:50 AM,1572669590751
-3.107376 ,-2.9693909 ,16.170334,23.56767688,87.30134599 ,29.375999450683594,80.9588819779398 ,25673.0,10:09:50 AM,1572669590761
2.6693573 ,-2.104126 ,15.421982,23.56767688,87.30134599 ,29.375999450683594,80.9588819779398 ,25673.0,10:09:50 AM,1572669590768
4.684738 ,-0.1882782 ,17.448364,23.56767688,87.30134599 ,29.375999450683594,80.9588819779398 ,25673.0,10:09:50 AM,1572669590770
1.1998749 ,1.690628 ,14.553329,23.56767688,87.30134599 ,29.375999450683594,80.9588819779398 ,25673.0,10:09:50 AM,1572669590779
-5.0534363 ,2.472229 ,7.480774,23.56767688,87.30134599 ,29.375999450683594,80.9588819779398 ,25673.0,10:09:50 AM,1572669590782
-6.5286713 ,4.0101624 ,-0.6444397,23.56767688,87.30134599 ,29.375999450683594,80.9588819779398 ,25673.0,10:09:50 AM,1572669590786
-1.5802002 ,8.061935 ,4.3260193,23.56767688,87.30134599 ,29.375999450683594,80.9588819779398 ,25673.0,10:09:50 AM,1572669590791
4.2750854 ,7.8165436 ,-1.2016907,23.56767688,87.30134599 ,29.375999450683594,80.9588819779398 ,25673.0,10:09:50 AM,1572669590797
3.1178284 ,8.04129 ,-0.7198639,23.56767688,87.30134599 ,29.375999450683594,80.9588819779398 ,25673.0,10:09:50 AM,1572669590801
-2.962555 ,6.8174896 ,6.7548523,23.56767688,87.30134599 ,29.375999450683594,80.9588819779398 ,25673.0,10:09:50 AM,1572669590807
-4.3366547 ,3.6402283 ,7.5597076,23.56767688,87.30134599 ,29.375999450683594,80.9588819779398 ,25673.0,10:09:50 AM,1572669590810
0.88668823 ,1.1134949 ,11.325363,23.56767688,87.30134599 ,29.375999450683594,80.9588819779398 ,25673.0,10:09:50 AM,1572669590816
5.326645 ,-1.0602264 ,16.877151,23.56767688,87.30134599 ,29.375999450683594,80.9588819779398 ,25673.0,10:09:50 AM,1572669590820
3.6179352 ,-2.0683289 ,20.314606,23.56767688,87.30134599 ,29.375999450683594,80.9588819779398 ,25673.0,10:09:50 AM,1572669590827
-0.9211731 ,-1.1104126 ,23.79361,23.56767688,87.30134599 ,29.375999450683594,80.9588819779398 ,25673.0,10:09:50 AM,1572669590830
-2.6975708 ,-0.453537 ,20.63182,23.56767688,87.30134599 ,29.375999450683594,80.9588819779398 ,25673.0,10:09:50 AM,1572669590836
-0.20619202 ,0.7428894 ,8.667847,23.56767688,87.30134599 ,29.375999450683594,80.9588819779398 ,25673.0,10:09:50 AM,1572669590839
0.28752136 ,5.3049774 ,3.7275543,23.56767688,87.30134599 ,29.375999450683594,80.9588819779398 ,25673.0,10:09:50 AM,1572669590845
-2.7115479 ,9.044937 ,2.2888184E-4,23.56767688,87.30134599 ,29.375999450683594,80.9588819779398 ,25673.0,10:09:50 AM,1572669590858
-3.7719727 ,9.811874 ,-1.2406921,23.56767688,87.30134599 ,29.375999450683594,80.9588819779398 ,25673.0,10:09:50 AM,1572669590861
