x,y,z,latitude,longitude,speed,sound,light,time,timestamp
-4.925232 ,4.4922485 ,20.238586,23.57081553,87.30258013 ,35.460001373291014,81.38359677574478 ,10748.0,10:09:02 AM,1572669542111
2.0740051 ,1.5028839 ,4.451065,23.57081553,87.30258013 ,35.460001373291014,81.38359677574478 ,10748.0,10:09:02 AM,1572669542115
5.9446716 ,3.858017 ,4.810196,23.57081553,87.30258013 ,35.460001373291014,81.38359677574478 ,10748.0,10:09:02 AM,1572669542122
2.0272217 ,5.728897 ,10.1193695,23.57081553,87.30258013 ,35.460001373291014,81.38359677574478 ,10748.0,10:09:02 AM,1572669542125
-5.2990417 ,3.0715637 ,-0.8141937,23.57081553,87.30258013 ,35.460001373291014,81.38359677574478 ,10748.0,10:09:02 AM,1572669542129
-6.698395 ,3.670288 ,-1.7798157,23.57081553,87.30258013 ,35.460001373291014,81.38359677574478 ,10748.0,10:09:02 AM,1572669542135
-2.3511353 ,6.518341 ,7.671097,23.57081553,87.30258013 ,35.460001373291014,81.38359677574478 ,10748.0,10:09:02 AM,1572669542140
1.4327545 ,3.9448395 ,0.65159607,23.57081553,87.30258013 ,35.460001373291014,81.38359677574478 ,10748.0,10:09:02 AM,1572669542143
1.5201569 ,3.9850311 ,5.052658,23.57081553,87.30258013 ,35.460001373291014,81.38359677574478 ,10748.0,10:09:02 AM,1572669542148
1.3126068 ,3.9374847 ,15.208099,23.57081553,87.30258013 ,35.460001373291014,81.38359677574478 ,10748.0,10:09:02 AM,1572669542156
3.1874084 ,1.2487335 ,11.5914,23.57081553,87.30258013 ,35.460001373291014,81.38359677574478 ,10748.0,10:09:02 AM,1572669542158
3.6272278 ,-0.20370483 ,13.030136,23.57081553,87.30258013 ,35.460001373291014,81.38359677574478 ,10748.0,10:09:02 AM,1572669542162
1.5007629 ,-0.6705322 ,20.90268,23.57081553,87.30258013 ,35.460001373291014,81.38359677574478 ,10748.0,10:09:02 AM,1572669542174
-0.06362915 ,-2.4321442 ,18.42276,23.57081553,87.30258013 ,35.460001373291014,81.38359677574478 ,10748.0,10:09:02 AM,1572669542176
-0.8267822 ,-2.2887573 ,15.081528,23.57081553,87.30258013 ,35.460001373291014,81.38359677574478 ,10748.0,10:09:02 AM,1572669542177
-2.9541016 ,0.6220703 ,17.51912,23.57081553,87.30258013 ,35.460001373291014,81.38359677574478 ,10748.0,10:09:02 AM,1572669542184
-3.9546509 ,-0.6578522 ,2.6318207,23.57081553,87.30258013 ,35.460001373291014,81.38359677574478 ,10748.0,10:09:02 AM,1572669542189
-2.1551666 ,3.0193481 ,3.2455902,23.57081553,87.30258013 ,35.460001373291014,81.38359677574478 ,10748.0,10:09:02 AM,1572669542192
-0.96221924 ,6.1246643 ,10.7287445,23.57081553,87.30258013 ,35.460001373291014,81.38359677574478 ,11001.0,10:09:02 AM,1572669542196
-1.6574707 ,2.461609 ,-5.820816,23.57081553,87.30258013 ,35.460001373291014,81.38359677574478 ,11001.0,10:09:02 AM,1572669542203
-2.3953857 ,5.480774 ,3.3153229,23.57081553,87.30258013 ,35.460001373291014,81.38359677574478 ,11001.0,10:09:02 AM,1572669542206
-0.7803955 ,7.7480774 ,14.225021,23.57081553,87.30258013 ,35.460001373291014,81.38359677574478 ,11001.0,10:09:02 AM,1572669542212
-0.64372253 ,3.659668 ,-3.3338776,23.57081553,87.30258013 ,35.460001373291014,81.38359677574478 ,11001.0,10:09:02 AM,1572669542215
-2.2838745 ,4.105133 ,5.343567,23.57081553,87.30258013 ,35.460001373291014,81.38359677574478 ,11001.0,10:09:02 AM,1572669542221
-0.30384827 ,4.8489227 ,20.588562,23.57081553,87.30258013 ,35.460001373291014,81.38359677574478 ,11001.0,10:09:02 AM,1572669542225
4.0182037 ,0.040634155 ,5.574753,23.57081553,87.30258013 ,35.460001373291014,81.38359677574478 ,11001.0,10:09:02 AM,1572669542230
4.1604004 ,0.02758789 ,14.452408,23.57081553,87.30258013 ,35.460001373291014,81.38359677574478 ,11001.0,10:09:02 AM,1572669542240
2.2471008 ,0.6101074 ,23.100693,23.57081553,87.30258013 ,35.460001373291014,81.38359677574478 ,11001.0,10:09:02 AM,1572669542246
-0.25390625 ,-2.3899841 ,13.151108,23.57081553,87.30258013 ,35.460001373291014,79.36796703704184 ,11001.0,10:09:02 AM,1572669542251
-3.0599976 ,-1.322464 ,16.728958,23.57081553,87.30258013 ,35.460001373291014,79.36796703704184 ,11001.0,10:09:02 AM,1572669542257
-4.4393463 ,-0.11442566 ,15.444275,23.57081553,87.30258013 ,35.460001373291014,79.36796703704184 ,11001.0,10:09:02 AM,1572669542259
-3.0156708 ,-1.0697174 ,2.0251923,23.57081553,87.30258013 ,35.460001373291014,79.36796703704184 ,11001.0,10:09:02 AM,1572669542263
-0.63075256 ,2.3614807 ,2.222168,23.57081553,87.30258013 ,35.460001373291014,79.36796703704184 ,11001.0,10:09:02 AM,1572669542267
-0.48684692 ,2.6008453 ,4.2487946,23.57081553,87.30258013 ,35.460001373291014,79.36796703704184 ,11001.0,10:09:02 AM,1572669542274
0.274765 ,-0.5929718 ,5.596115,23.57081553,87.30258013 ,35.460001373291014,79.36796703704184 ,11001.0,10:09:02 AM,1572669542278
3.5110474 ,-0.12911987 ,13.799652,23.57081553,87.30258013 ,35.460001373291014,79.36796703704184 ,11001.0,10:09:02 AM,1572669542283
2.5560608 ,0.63319397 ,18.646759,23.57081553,87.30258013 ,35.460001373291014,79.36796703704184 ,11001.0,10:09:02 AM,1572669542289
-2.1037445 ,-2.1673584 ,11.841019,23.57081553,87.30258013 ,35.460001373291014,79.36796703704184 ,11001.0,10:09:02 AM,1572669542292
-3.2656403 ,0.18925476 ,14.227676,23.57081553,87.30258013 ,35.460001373291014,79.36796703704184 ,11001.0,10:09:02 AM,1572669542297
0.055618286 ,3.2540436 ,15.96991,23.57081553,87.30258013 ,35.460001373291014,79.36796703704184 ,11001.0,10:09:02 AM,1572669542302
1.7919006 ,2.9980469 ,1.7010345,23.57081553,87.30258013 ,35.460001373291014,79.36796703704184 ,11001.0,10:09:02 AM,1572669542309
-1.9724579 ,7.1385193 ,7.5280914,23.57081553,87.30258013 ,35.460001373291014,79.36796703704184 ,11001.0,10:09:02 AM,1572669542311
-5.0273438 ,7.0152435 ,6.923752,23.57081553,87.30258013 ,35.460001373291014,79.36796703704184 ,11001.0,10:09:02 AM,1572669542316
-1.0493622 ,4.7511444 ,-6.9787292,23.57081553,87.30258013 ,35.460001373291014,79.36796703704184 ,11001.0,10:09:02 AM,1572669542323
4.3252106 ,8.493774 ,9.063919,23.57081553,87.30258013 ,35.460001373291014,79.36796703704184 ,11001.0,10:09:02 AM,1572669542326
3.776474 ,8.688156 ,16.220978,23.57081553,87.30258013 ,35.460001373291014,79.36796703704184 ,11001.0,10:09:02 AM,1572669542330
-2.4790192 ,3.356659 ,-4.6306,23.57081553,87.30258013 ,35.460001373291014,79.36796703704184 ,11001.0,10:09:02 AM,1572669542336
-6.465744 ,7.970047 ,3.249527,23.57081553,87.30258013 ,35.460001373291014,79.36796703704184 ,11001.0,10:09:02 AM,1572669542342
-2.9217224 ,8.3078 ,7.241333,23.57081553,87.30258013 ,35.460001373291014,79.36796703704184 ,11001.0,10:09:02 AM,1572669542346
2.5159607 ,1.852768 ,-14.262863,23.57081553,87.30258013 ,35.460001373291014,79.36796703704184 ,11001.0,10:09:02 AM,1572669542350
0.8752289 ,5.401123 ,12.6875305,23.57081553,87.30258013 ,35.460001373291014,79.36796703704184 ,11001.0,10:09:02 AM,1572669542366
-1.9851227 ,-0.02633667 ,14.612045,23.57081553,87.30258013 ,35.460001373291014,79.36796703704184 ,11001.0,10:09:02 AM,1572669542370
-1.6032715 ,-3.30719 ,8.130112,23.57081553,87.30258013 ,35.460001373291014,79.36796703704184 ,11001.0,10:09:02 AM,1572669542372
0.7976532 ,-4.226837 ,21.515854,23.57081553,87.30258013 ,35.460001373291014,79.36796703704184 ,11001.0,10:09:02 AM,1572669542374
2.0477448 ,-1.8460388 ,29.880005,23.57081553,87.30258013 ,35.460001373291014,79.36796703704184 ,11001.0,10:09:02 AM,1572669542382
-0.72283936 ,-2.6591187 ,22.110504,23.57081553,87.30258013 ,35.460001373291014,79.36796703704184 ,11001.0,10:09:02 AM,1572669542387
-1.6366272 ,-0.87509155 ,8.781067,23.57081553,87.30258013 ,35.460001373291014,79.36796703704184 ,11001.0,10:09:02 AM,1572669542389
-0.860199 ,8.366821 ,4.9949493,23.57081553,87.30258013 ,35.460001373291014,79.36796703704184 ,11001.0,10:09:02 AM,1572669542399
-1.5488739 ,6.061035 ,-27.287064,23.57081553,87.30258013 ,35.460001373291014,79.36796703704184 ,11001.0,10:09:02 AM,1572669542400
-5.0715485 ,11.589706 ,-9.242981,23.57081553,87.30258013 ,35.460001373291014,79.36796703704184 ,11205.0,10:09:02 AM,1572669542401
-5.944977 ,8.2261505 ,12.089722,23.57081553,87.30258013 ,35.460001373291014,79.36796703704184 ,11205.0,10:09:02 AM,1572669542408
-0.94880676 ,-2.6295776 ,1.592102,23.57081553,87.30258013 ,35.460001373291014,79.36796703704184 ,11205.0,10:09:02 AM,1572669542412
4.342102 ,-2.3302612 ,17.554321,23.57081553,87.30258013 ,35.460001373291014,79.36796703704184 ,11205.0,10:09:02 AM,1572669542422
3.995514 ,-1.1089935 ,37.36505,23.57081553,87.30258013 ,35.460001373291014,79.36796703704184 ,11205.0,10:09:02 AM,1572669542423
1.1100769 ,-6.0887146 ,30.764084,23.57081553,87.30258013 ,35.460001373291014,79.36796703704184 ,11205.0,10:09:02 AM,1572669542425
-1.1308746 ,-7.963562 ,25.73285,23.57081553,87.30258013 ,35.460001373291014,79.36796703704184 ,11205.0,10:09:02 AM,1572669542430
-1.2119141 ,-1.4309082 ,26.89656,23.57081553,87.30258013 ,35.460001373291014,79.36796703704184 ,11205.0,10:09:02 AM,1572669542435
-0.22212219 ,-1.8349609 ,-2.9804535,23.57081553,87.30258013 ,35.460001373291014,79.36796703704184 ,11205.0,10:09:02 AM,1572669542440
-1.8580627 ,1.3617554 ,-10.332443,23.57081553,87.30258013 ,35.460001373291014,79.36796703704184 ,11205.0,10:09:02 AM,1572669542444
-2.8950043 ,2.407074 ,7.8054504,23.57081553,87.30258013 ,35.460001373291014,79.36796703704184 ,11205.0,10:09:02 AM,1572669542449
-1.2366028 ,-2.7546082 ,10.672516,23.57081553,87.30258013 ,35.460001373291014,79.36796703704184 ,11205.0,10:09:02 AM,1572669542456
2.2208557 ,-0.4874115 ,19.520248,23.57081553,87.30258013 ,35.460001373291014,79.36796703704184 ,11205.0,10:09:02 AM,1572669542458
4.6415405 ,0.18902588 ,22.679947,23.57081553,87.30258013 ,35.460001373291014,79.36796703704184 ,11205.0,10:09:02 AM,1572669542465
0.9369812 ,-0.2257843 ,7.4079437,23.57081553,87.30258013 ,35.460001373291014,79.36796703704184 ,11205.0,10:09:02 AM,1572669542468
-5.0454407 ,2.5842285 ,1.7740173,23.57081553,87.30258013 ,35.460001373291014,79.36796703704184 ,11205.0,10:09:02 AM,1572669542474
-5.2873993 ,6.8539886 ,7.0968933,23.57081553,87.30258013 ,35.460001373291014,79.36796703704184 ,11205.0,10:09:02 AM,1572669542479
-0.66781616 ,7.5967407 ,-0.6185303,23.57081553,87.30258013 ,35.460001373291014,79.36796703704184 ,11205.0,10:09:02 AM,1572669542483
0.8367615 ,7.5689697 ,-1.3439636,23.57081553,87.30258013 ,35.460001373291014,79.36796703704184 ,11205.0,10:09:02 AM,1572669542489
-0.23291016 ,10.114059 ,11.03772,23.57081553,87.30258013 ,35.460001373291014,79.36796703704184 ,11205.0,10:09:02 AM,1572669542493
0.50187683 ,7.2088165 ,3.8660889,23.57081553,87.30258013 ,35.460001373291014,79.36796703704184 ,11205.0,10:09:02 AM,1572669542502
1.0387268 ,5.313034 ,1.225296,23.57081553,87.30258013 ,35.460001373291014,79.36796703704184 ,11205.0,10:09:02 AM,1572669542508
-1.9373169 ,5.6741486 ,16.313538,23.57081553,87.30258013 ,35.460001373291014,79.36796703704184 ,11205.0,10:09:02 AM,1572669542512
-4.0604706 ,0.1541748 ,10.799484,23.57081553,87.30258013 ,35.460001373291014,79.36796703704184 ,11205.0,10:09:02 AM,1572669542517
-1.530777 ,-0.5167389 ,9.426773,23.57081553,87.30258013 ,35.460001373291014,79.36796703704184 ,11205.0,10:09:02 AM,1572669542525
2.581665 ,0.5712433 ,14.267395,23.57081553,87.30258013 ,35.460001373291014,79.36796703704184 ,11205.0,10:09:02 AM,1572669542527
2.9471436 ,-0.408432 ,7.4902496,23.57081553,87.30258013 ,35.460001373291014,79.36796703704184 ,11205.0,10:09:02 AM,1572669542531
-1.0596771 ,-0.29441833 ,5.914917,23.57081553,87.30258013 ,35.460001373291014,79.36796703704184 ,11205.0,10:09:02 AM,1572669542539
-4.4341736 ,-1.6305542 ,6.282181,23.57081553,87.30258013 ,35.460001373291014,79.36796703704184 ,11205.0,10:09:02 AM,1572669542541
-3.752716 ,-1.8869476 ,13.562515,23.57081553,87.30258013 ,35.460001373291014,79.36796703704184 ,11205.0,10:09:02 AM,1572669542546
0.44221497 ,-2.3781128 ,16.065735,23.57081553,87.30258013 ,35.460001373291014,79.36796703704184 ,11205.0,10:09:02 AM,1572669542550
3.1992798 ,-0.20547485 ,19.921265,23.57081553,87.30258013 ,35.460001373291014,79.36796703704184 ,11205.0,10:09:02 AM,1572669542558
3.0295258 ,0.26446533 ,14.021912,23.57081553,87.30258013 ,35.460001373291014,79.36796703704184 ,11205.0,10:09:02 AM,1572669542561
0.26307678 ,3.4499664 ,11.076324,23.57081553,87.30258013 ,35.460001373291014,79.36796703704184 ,11205.0,10:09:02 AM,1572669542565
-2.8788147 ,5.4037323 ,8.250305,23.57081553,87.30258013 ,35.460001373291014,79.36796703704184 ,11205.0,10:09:02 AM,1572669542571
-1.5308228 ,4.677292 ,-0.39956665,23.57081553,87.30258013 ,35.460001373291014,79.36796703704184 ,11205.0,10:09:02 AM,1572669542579
2.6588135 ,7.6755524 ,8.310715,23.57081553,87.30258013 ,35.460001373291014,79.36796703704184 ,11205.0,10:09:02 AM,1572669542583
2.9978943 ,7.7193146 ,14.547684,23.57081553,87.30258013 ,35.460001373291014,79.36796703704184 ,11205.0,10:09:02 AM,1572669542585
-1.4860992 ,2.2311554 ,2.2088318,23.57081553,87.30258013 ,35.460001373291014,79.36796703704184 ,11205.0,10:09:02 AM,1572669542592
-3.4417572 ,0.6864929 ,5.0522156,23.57081553,87.30258013 ,35.460001373291014,79.36796703704184 ,11205.0,10:09:02 AM,1572669542594
-0.2293396 ,4.651062 ,20.570374,23.57081553,87.30258013 ,35.460001373291014,79.36796703704184 ,11951.0,10:09:02 AM,1572669542598
