x,y,z,latitude,longitude,speed,sound,light,time,timestamp
-0.98573303 ,3.1065521 ,7.2891083,23.55512089,87.29883816 ,27.10800075531006,83.2000055421379 ,14134.0,10:12:36 AM,1572669756009
-2.967331 ,4.5919495 ,11.057266,23.55512089,87.29883816 ,27.10800075531006,83.2000055421379 ,14134.0,10:12:36 AM,1572669756015
1.0464783 ,4.905121 ,6.133316,23.55512089,87.29883816 ,27.10800075531006,83.2000055421379 ,14134.0,10:12:36 AM,1572669756017
3.6144562 ,5.323181 ,3.5507812,23.55512089,87.29883816 ,27.10800075531006,83.2000055421379 ,14134.0,10:12:36 AM,1572669756024
0.9752197 ,5.3945007 ,6.5178375,23.55512089,87.29883816 ,27.10800075531006,83.2000055421379 ,14134.0,10:12:36 AM,1572669756028
-2.8922424 ,5.7056427 ,9.186127,23.55512089,87.29883816 ,27.10800075531006,83.2000055421379 ,14134.0,10:12:36 AM,1572669756034
-3.6784363 ,4.3753204 ,9.630157,23.55512089,87.29883816 ,27.10800075531006,83.2000055421379 ,14134.0,10:12:36 AM,1572669756036
0.28512573 ,3.9259338 ,12.043915,23.55512089,87.29883816 ,27.10800075531006,83.2000055421379 ,14134.0,10:12:36 AM,1572669756044
5.2063446 ,4.0373535 ,14.03479,23.55512089,87.29883816 ,27.10800075531006,83.2000055421379 ,14134.0,10:12:36 AM,1572669756048
4.9889984 ,4.6139374 ,8.434265,23.55512089,87.29883816 ,27.10800075531006,83.2000055421379 ,14134.0,10:12:36 AM,1572669756054
-0.92352295 ,7.046356 ,5.40213,23.55512089,87.29883816 ,27.10800075531006,83.2000055421379 ,14134.0,10:12:36 AM,1572669756056
-5.34198 ,6.0594177 ,1.4967346,23.55512089,87.29883816 ,27.10800075531006,83.2000055421379 ,14134.0,10:12:36 AM,1572669756063
-2.9855804 ,2.7107239 ,-6.966385,23.55512089,87.29883816 ,27.10800075531006,83.2000055421379 ,14134.0,10:12:36 AM,1572669756066
0.78086853 ,1.9865265 ,7.7387543,23.55505777,87.29879066 ,30.060001373291016,83.2000055421379 ,14134.0,10:12:36 AM,1572669756078
1.817627 ,-1.2558746 ,18.794052,23.55505777,87.29879066 ,30.060001373291016,83.2000055421379 ,14134.0,10:12:36 AM,1572669756080
0.595871 ,-2.468811 ,15.183258,23.55505777,87.29879066 ,30.060001373291016,83.2000055421379 ,14134.0,10:12:36 AM,1572669756082
-3.7040863 ,-1.2568512 ,21.198746,23.55505777,87.29879066 ,30.060001373291016,83.2000055421379 ,14134.0,10:12:36 AM,1572669756085
-3.7944183 ,0.043762207 ,12.434677,23.55505777,87.29879066 ,30.060001373291016,83.2000055421379 ,14134.0,10:12:36 AM,1572669756090
2.577713 ,2.9240265 ,5.4880676,23.55505777,87.29879066 ,30.060001373291016,83.2000055421379 ,14134.0,10:12:36 AM,1572669756095
7.2858124 ,5.0990753 ,2.801773,23.55505777,87.29879066 ,30.060001373291016,83.2000055421379 ,14134.0,10:12:36 AM,1572669756106
3.1437683 ,7.0792847 ,0.0051116943,23.55505777,87.29879066 ,30.060001373291016,83.2000055421379 ,14134.0,10:12:36 AM,1572669756107
-7.288498 ,4.3941345 ,10.427139,23.55505777,87.29879066 ,30.060001373291016,83.2000055421379 ,14134.0,10:12:36 AM,1572669756115
-9.461761 ,2.586029 ,17.168411,23.55505777,87.29879066 ,30.060001373291016,83.2000055421379 ,14134.0,10:12:36 AM,1572669756121
-1.4703217 ,-0.70544434 ,10.280167,23.55505777,87.29879066 ,30.060001373291016,83.2000055421379 ,14134.0,10:12:36 AM,1572669756124
5.750824 ,0.68670654 ,18.199951,23.55505777,87.29879066 ,30.060001373291016,83.2000055421379 ,14134.0,10:12:36 AM,1572669756129
8.074509 ,6.88208 ,22.080536,23.55505777,87.29879066 ,30.060001373291016,83.2000055421379 ,14134.0,10:12:36 AM,1572669756134
5.8230743 ,7.1441193 ,3.4032593,23.55505777,87.29879066 ,30.060001373291016,83.2000055421379 ,14134.0,10:12:36 AM,1572669756139
2.0291138 ,10.010574 ,-7.9005127,23.55505777,87.29879066 ,30.060001373291016,83.2000055421379 ,14134.0,10:12:36 AM,1572669756144
-0.7665405 ,12.52536 ,-7.4734955,23.55505777,87.29879066 ,30.060001373291016,83.2000055421379 ,14134.0,10:12:36 AM,1572669756148
-1.4452667 ,10.357086 ,-12.303864,23.55505777,87.29879066 ,30.060001373291016,83.2000055421379 ,14134.0,10:12:36 AM,1572669756153
-1.0069275 ,8.486252 ,-1.1537781,23.55505777,87.29879066 ,30.060001373291016,83.2000055421379 ,14134.0,10:12:36 AM,1572669756156
-0.0879364 ,3.4401093 ,8.157669,23.55505777,87.29879066 ,30.060001373291016,83.2000055421379 ,14134.0,10:12:36 AM,1572669756161
-0.5578613 ,0.41145325 ,18.371246,23.55505777,87.29879066 ,30.060001373291016,83.2000055421379 ,14134.0,10:12:36 AM,1572669756168
-0.8682251 ,-3.7717438 ,22.26352,23.55505777,87.29879066 ,30.060001373291016,83.2000055421379 ,14134.0,10:12:36 AM,1572669756174
1.3059998 ,-5.3303375 ,23.841644,23.55505777,87.29879066 ,30.060001373291016,83.2000055421379 ,14134.0,10:12:36 AM,1572669756176
4.1180267 ,-4.615494 ,27.434341,23.55505777,87.29879066 ,30.060001373291016,83.2000055421379 ,13733.0,10:12:36 AM,1572669756183
2.9160461 ,-3.380951 ,26.92543,23.55505777,87.29879066 ,30.060001373291016,83.2000055421379 ,13733.0,10:12:36 AM,1572669756187
-2.6723633 ,-2.7315521 ,18.243134,23.55505777,87.29879066 ,30.060001373291016,83.2000055421379 ,13733.0,10:12:36 AM,1572669756193
-6.564575 ,-0.9581909 ,7.029114,23.55505777,87.29879066 ,30.060001373291016,83.2000055421379 ,13733.0,10:12:36 AM,1572669756197
-3.5536957 ,5.603241 ,4.4012604,23.55505777,87.29879066 ,30.060001373291016,83.2000055421379 ,13733.0,10:12:36 AM,1572669756202
0.85565186 ,8.069794 ,-7.31044,23.55505777,87.29879066 ,30.060001373291016,83.2000055421379 ,13733.0,10:12:36 AM,1572669756207
-0.73301697 ,11.312836 ,1.940979,23.55505777,87.29879066 ,30.060001373291016,83.2000055421379 ,13733.0,10:12:36 AM,1572669756210
-2.0419006 ,10.213562 ,6.4513702,23.55505777,87.29879066 ,30.060001373291016,83.2000055421379 ,13733.0,10:12:36 AM,1572669756217
1.8417511 ,7.7120056 ,-2.2932281,23.55505777,87.29879066 ,30.060001373291016,83.2000055421379 ,13733.0,10:12:36 AM,1572669756219
3.0484467 ,8.366547 ,8.957016,23.55505777,87.29879066 ,30.060001373291016,83.2000055421379 ,13733.0,10:12:36 AM,1572669756226
1.0443115 ,5.1007996 ,9.482254,23.55505777,87.29879066 ,30.060001373291016,83.2000055421379 ,13733.0,10:12:36 AM,1572669756229
0.29048157 ,4.5661163 ,12.685013,23.55505777,87.29879066 ,30.060001373291016,83.2000055421379 ,13733.0,10:12:36 AM,1572669756240
1.1674042 ,3.4775543 ,15.397888,23.55505777,87.29879066 ,30.060001373291016,83.2000055421379 ,13733.0,10:12:36 AM,1572669756244
1.9423218 ,1.0756073 ,13.875534,23.55505777,87.29879066 ,30.060001373291016,83.2000055421379 ,13733.0,10:12:36 AM,1572669756250
3.1507874 ,0.413208 ,12.043015,23.55505777,87.29879066 ,30.060001373291016,83.2000055421379 ,13733.0,10:12:36 AM,1572669756254
0.8908844 ,2.4320831 ,14.267731,23.55505777,87.29879066 ,30.060001373291016,83.2000055421379 ,13733.0,10:12:36 AM,1572669756258
-3.8559265 ,1.02388 ,10.411179,23.55505777,87.29879066 ,30.060001373291016,83.2000055421379 ,13733.0,10:12:36 AM,1572669756263
-4.8457794 ,1.2090149 ,15.047455,23.55505777,87.29879066 ,30.060001373291016,83.2000055421379 ,13733.0,10:12:36 AM,1572669756270
-0.4046173 ,-0.27189636 ,12.556183,23.55505777,87.29879066 ,30.060001373291016,83.2000055421379 ,13733.0,10:12:36 AM,1572669756275
4.148529 ,0.5930481 ,11.92395,23.55505777,87.29879066 ,30.060001373291016,83.2000055421379 ,13733.0,10:12:36 AM,1572669756277
4.6883087 ,2.9823608 ,12.531494,23.55505777,87.29879066 ,30.060001373291016,83.2000055421379 ,13733.0,10:12:36 AM,1572669756284
1.0229187 ,4.094757 ,8.57666,23.55505777,87.29879066 ,30.060001373291016,83.2000055421379 ,13733.0,10:12:36 AM,1572669756288
-2.537201 ,4.2118073 ,8.249634,23.55505777,87.29879066 ,30.060001373291016,83.2000055421379 ,13733.0,10:12:36 AM,1572669756292
-0.7012024 ,3.461914 ,7.487961,23.55505777,87.29879066 ,30.060001373291016,83.2000055421379 ,13733.0,10:12:36 AM,1572669756297
2.9496307 ,4.5063934 ,9.7265625,23.55505777,87.29879066 ,30.060001373291016,83.2000055421379 ,13733.0,10:12:36 AM,1572669756303
1.0639954 ,5.113617 ,8.4631195,23.55505777,87.29879066 ,30.060001373291016,83.2000055421379 ,13733.0,10:12:36 AM,1572669756307
-5.004364 ,7.1172028 ,7.968872,23.55505777,87.29879066 ,30.060001373291016,83.2000055421379 ,13733.0,10:12:36 AM,1572669756312
-6.3517303 ,7.7433014 ,3.1900024,23.55505777,87.29879066 ,30.060001373291016,83.2000055421379 ,13733.0,10:12:36 AM,1572669756315
0.027313232 ,9.065292 ,0.47750854,23.55505777,87.29879066 ,30.060001373291016,83.2000055421379 ,13733.0,10:12:36 AM,1572669756319
6.08786 ,10.5902405 ,4.138397,23.55505777,87.29879066 ,30.060001373291016,83.2000055421379 ,13733.0,10:12:36 AM,1572669756325
5.4385223 ,9.070953 ,1.0931702,23.55505777,87.29879066 ,30.060001373291016,83.2000055421379 ,13733.0,10:12:36 AM,1572669756330
-0.4214325 ,10.951294 ,6.397522,23.55505777,87.29879066 ,30.060001373291016,83.2000055421379 ,13733.0,10:12:36 AM,1572669756335
-4.33078 ,10.123444 ,6.694214,23.55505777,87.29879066 ,30.060001373291016,83.2000055421379 ,13733.0,10:12:36 AM,1572669756339
-0.9153595 ,6.823303 ,0.88098145,23.55505777,87.29879066 ,30.060001373291016,84.30672261608082 ,13733.0,10:12:36 AM,1572669756344
7.7522125 ,5.973984 ,4.855194,23.55505777,87.29879066 ,30.060001373291016,84.30672261608082 ,13733.0,10:12:36 AM,1572669756349
9.742889 ,3.7224731 ,7.2142944,23.55505777,87.29879066 ,30.060001373291016,84.30672261608082 ,13733.0,10:12:36 AM,1572669756354
0.30244446 ,2.4787292 ,7.9293823,23.55505777,87.29879066 ,30.060001373291016,84.30672261608082 ,13733.0,10:12:36 AM,1572669756359
-9.046722 ,0.61616516 ,14.218582,23.55505777,87.29879066 ,30.060001373291016,84.30672261608082 ,13733.0,10:12:36 AM,1572669756369
-6.9958954 ,-3.0230408 ,13.441574,23.55505777,87.29879066 ,30.060001373291016,84.30672261608082 ,13733.0,10:12:36 AM,1572669756375
0.32333374 ,-3.43573 ,16.202606,23.55505777,87.29879066 ,30.060001373291016,84.30672261608082 ,13733.0,10:12:36 AM,1572669756379
3.8892365 ,-2.078308 ,18.95433,23.55505777,87.29879066 ,30.060001373291016,84.30672261608082 ,12056.0,10:12:36 AM,1572669756384
3.134674 ,0.3526001 ,14.580383,23.55505777,87.29879066 ,30.060001373291016,84.30672261608082 ,12056.0,10:12:36 AM,1572669756388
0.29821777 ,2.614975 ,5.255066,23.55505777,87.29879066 ,30.060001373291016,84.30672261608082 ,12056.0,10:12:36 AM,1572669756393
-1.0857849 ,6.2956085 ,3.1406403,23.55505777,87.29879066 ,30.060001373291016,84.30672261608082 ,12056.0,10:12:36 AM,1572669756395
0.5596924 ,7.430359 ,0.8843689,23.55505777,87.29879066 ,30.060001373291016,84.30672261608082 ,12056.0,10:12:36 AM,1572669756401
2.998764 ,7.767761 ,0.24630737,23.55505777,87.29879066 ,30.060001373291016,84.30672261608082 ,12056.0,10:12:36 AM,1572669756405
2.380188 ,7.153427 ,2.4567719,23.55505777,87.29879066 ,30.060001373291016,84.30672261608082 ,12056.0,10:12:36 AM,1572669756410
-1.6803284 ,5.7880707 ,9.094299,23.55505777,87.29879066 ,30.060001373291016,84.30672261608082 ,12056.0,10:12:36 AM,1572669756417
-2.4157562 ,3.5816956 ,13.9021,23.55505777,87.29879066 ,30.060001373291016,84.30672261608082 ,12056.0,10:12:36 AM,1572669756423
2.9687653 ,1.8519287 ,16.050354,23.55505777,87.29879066 ,30.060001373291016,84.30672261608082 ,12056.0,10:12:36 AM,1572669756426
7.681488 ,1.9810791 ,15.319412,23.55505777,87.29879066 ,30.060001373291016,84.30672261608082 ,12056.0,10:12:36 AM,1572669756433
4.571747 ,4.117096 ,15.549301,23.55505777,87.29879066 ,30.060001373291016,84.30672261608082 ,12056.0,10:12:36 AM,1572669756435
-3.0154724 ,3.8865662 ,10.898788,23.55505777,87.29879066 ,30.060001373291016,84.30672261608082 ,12056.0,10:12:36 AM,1572669756443
-5.6909637 ,2.5473022 ,5.58255,23.55505777,87.29879066 ,30.060001373291016,84.30672261608082 ,12056.0,10:12:36 AM,1572669756446
-1.6454315 ,2.3865356 ,9.547989,23.55505777,87.29879066 ,30.060001373291016,84.30672261608082 ,12056.0,10:12:36 AM,1572669756455
2.4309235 ,1.0670776 ,8.66362,23.55505777,87.29879066 ,30.060001373291016,84.30672261608082 ,12056.0,10:12:36 AM,1572669756458
1.1048279 ,1.8330841 ,11.589691,23.55505777,87.29879066 ,30.060001373291016,84.30672261608082 ,12056.0,10:12:36 AM,1572669756460
-3.175537 ,1.5478058 ,15.520859,23.55505777,87.29879066 ,30.060001373291016,84.30672261608082 ,12056.0,10:12:36 AM,1572669756464
-3.300354 ,-1.1869812 ,8.953125,23.55505777,87.29879066 ,30.060001373291016,84.30672261608082 ,12056.0,10:12:36 AM,1572669756470
1.5591583 ,-0.6856079 ,14.492401,23.55505777,87.29879066 ,30.060001373291016,84.30672261608082 ,12056.0,10:12:36 AM,1572669756476
4.28508 ,-0.82318115 ,15.244339,23.55505777,87.29879066 ,30.060001373291016,84.30672261608082 ,12056.0,10:12:36 AM,1572669756479
-0.39421082 ,-0.31404114 ,6.8208466,23.55505777,87.29879066 ,30.060001373291016,84.30672261608082 ,12056.0,10:12:36 AM,1572669756486
-7.797821 ,1.7845001 ,13.593033,23.55505777,87.29879066 ,30.060001373291016,84.30672261608082 ,12056.0,10:12:36 AM,1572669756489
-5.3480377 ,1.5717773 ,7.6084747,23.55505777,87.29879066 ,30.060001373291016,84.30672261608082 ,12056.0,10:12:36 AM,1572669756501
4.887192 ,4.3318634 ,3.7909393,23.55505777,87.29879066 ,30.060001373291016,84.30672261608082 ,12056.0,10:12:36 AM,1572669756504
