x,y,z,latitude,longitude,speed,sound,light,time,timestamp
2.2711182 ,-0.9445038 ,15.208466,23.56317135,87.29883598 ,27.93600082397461,78.99424338272996 ,10241.0,10:11:04 AM,1572669664977
-5.4467926 ,-0.33789062 ,5.54158,23.56317135,87.29883598 ,27.93600082397461,78.99424338272996 ,10241.0,10:11:04 AM,1572669664981
-7.4362335 ,3.193863 ,5.8224945,23.56317135,87.29883598 ,27.93600082397461,78.99424338272996 ,10241.0,10:11:04 AM,1572669664987
-0.9430084 ,4.0647583 ,1.523941,23.56317135,87.29883598 ,27.93600082397461,78.99424338272996 ,10241.0,10:11:04 AM,1572669664991
5.444168 ,4.7122803 ,5.3508453,23.56317135,87.29883598 ,27.93600082397461,78.99424338272996 ,10241.0,10:11:04 AM,1572669664999
5.6438293 ,4.694275 ,10.051819,23.56317135,87.29883598 ,27.93600082397461,78.99424338272996 ,10241.0,10:11:05 AM,1572669665004
0.880249 ,4.4804688 ,8.984146,23.56317135,87.29883598 ,27.93600082397461,78.99424338272996 ,10241.0,10:11:05 AM,1572669665007
-2.8183594 ,5.896576 ,12.457428,23.56317135,87.29883598 ,27.93600082397461,78.99424338272996 ,10241.0,10:11:05 AM,1572669665018
-1.1951599 ,4.9954987 ,7.364685,23.56317135,87.29883598 ,27.93600082397461,78.99424338272996 ,10241.0,10:11:05 AM,1572669665021
2.976242 ,5.212265 ,3.358902,23.56317135,87.29883598 ,27.93600082397461,78.99424338272996 ,10241.0,10:11:05 AM,1572669665024
2.8677826 ,7.427307 ,7.7111206,23.56317135,87.29883598 ,27.93600082397461,78.99424338272996 ,10241.0,10:11:05 AM,1572669665027
-2.8677673 ,7.3247986 ,5.5948944,23.56317135,87.29883598 ,27.93600082397461,78.99424338272996 ,10241.0,10:11:05 AM,1572669665031
-6.7888794 ,5.8906097 ,3.9110107,23.56317135,87.29883598 ,27.93600082397461,78.99424338272996 ,10241.0,10:11:05 AM,1572669665036
-2.4436188 ,5.847687 ,10.852158,23.56317135,87.29883598 ,27.93600082397461,78.99424338272996 ,10241.0,10:11:05 AM,1572669665043
5.3126526 ,3.992035 ,9.912888,23.56317135,87.29883598 ,27.93600082397461,78.99424338272996 ,10241.0,10:11:05 AM,1572669665045
6.9375763 ,4.171814 ,13.694122,23.56317135,87.29883598 ,27.93600082397461,78.99424338272996 ,10241.0,10:11:05 AM,1572669665051
1.2746277 ,3.3910522 ,11.86235,23.56317135,87.29883598 ,27.93600082397461,78.99424338272996 ,10241.0,10:11:05 AM,1572669665055
-5.5637054 ,3.5268402 ,6.868225,23.56317135,87.29883598 ,27.93600082397461,78.99424338272996 ,10241.0,10:11:05 AM,1572669665067
-6.7223816 ,3.2311401 ,4.775055,23.56310184,87.29884563 ,27.93600082397461,78.99424338272996 ,10241.0,10:11:05 AM,1572669665074
-1.0404358 ,2.8739777 ,7.368561,23.56310184,87.29884563 ,27.93600082397461,78.99424338272996 ,10241.0,10:11:05 AM,1572669665077
4.678787 ,2.320633 ,7.87027,23.56310184,87.29884563 ,27.93600082397461,78.99424338272996 ,10241.0,10:11:05 AM,1572669665080
2.6175385 ,1.0420227 ,7.4637604,23.56310184,87.29884563 ,27.93600082397461,78.99424338272996 ,10241.0,10:11:05 AM,1572669665083
-4.214859 ,2.4058228 ,15.345184,23.56310184,87.29884563 ,27.93600082397461,78.99424338272996 ,10241.0,10:11:05 AM,1572669665087
-4.5843506 ,0.25785828 ,9.823288,23.56310184,87.29884563 ,27.93600082397461,78.99424338272996 ,10241.0,10:11:05 AM,1572669665092
1.523941 ,0.70295715 ,8.953873,23.56310184,87.29884563 ,27.93600082397461,78.99424338272996 ,10241.0,10:11:05 AM,1572669665096
5.274582 ,3.0219574 ,12.289108,23.56310184,87.29884563 ,27.93600082397461,78.99424338272996 ,10241.0,10:11:05 AM,1572669665101
1.6650391 ,3.6630096 ,8.13028,23.56310184,87.29884563 ,27.93600082397461,78.99424338272996 ,10241.0,10:11:05 AM,1572669665107
-4.076645 ,4.946228 ,9.163986,23.56310184,87.29884563 ,27.93600082397461,78.99424338272996 ,10241.0,10:11:05 AM,1572669665111
-3.7983398 ,4.3875732 ,9.008972,23.56310184,87.29884563 ,27.93600082397461,78.99424338272996 ,10241.0,10:11:05 AM,1572669665118
0.94351196 ,3.6955872 ,7.5229187,23.56310184,87.29884563 ,27.93600082397461,78.99424338272996 ,10241.0,10:11:05 AM,1572669665122
2.440094 ,4.0951996 ,10.498825,23.56310184,87.29884563 ,27.93600082397461,78.99424338272996 ,10241.0,10:11:05 AM,1572669665127
-1.1118011 ,4.6174164 ,8.972549,23.56310184,87.29884563 ,27.93600082397461,78.99424338272996 ,10241.0,10:11:05 AM,1572669665131
-4.7487335 ,5.8595886 ,7.138199,23.56310184,87.29884563 ,27.93600082397461,78.99424338272996 ,10241.0,10:11:05 AM,1572669665136
-3.5914764 ,6.182785 ,7.707733,23.56310184,87.29884563 ,27.93600082397461,78.99424338272996 ,10241.0,10:11:05 AM,1572669665140
1.9527588 ,4.0796204 ,3.4272308,23.56310184,87.29884563 ,27.93600082397461,78.99424338272996 ,10241.0,10:11:05 AM,1572669665145
4.7578125 ,4.673126 ,9.92009,23.56310184,87.29884563 ,27.93600082397461,80.45085356810823 ,10241.0,10:11:05 AM,1572669665152
1.270401 ,3.232727 ,12.130478,23.56310184,87.29884563 ,27.93600082397461,80.45085356810823 ,10241.0,10:11:05 AM,1572669665156
-3.5862427 ,2.6663208 ,11.683792,23.56310184,87.29884563 ,27.93600082397461,80.45085356810823 ,10241.0,10:11:05 AM,1572669665160
-4.0870514 ,3.2218323 ,12.628525,23.56310184,87.29884563 ,27.93600082397461,80.45085356810823 ,10241.0,10:11:05 AM,1572669665164
-1.0680542 ,2.7421265 ,6.748764,23.56310184,87.29884563 ,27.93600082397461,80.45085356810823 ,10241.0,10:11:05 AM,1572669665169
1.8816528 ,3.4721375 ,6.913788,23.56310184,87.29884563 ,27.93600082397461,80.45085356810823 ,10108.0,10:11:05 AM,1572669665174
2.842102 ,3.666214 ,9.177063,23.56310184,87.29884563 ,27.93600082397461,80.45085356810823 ,10108.0,10:11:05 AM,1572669665178
0.5024872 ,4.138855 ,9.003143,23.56310184,87.29884563 ,27.93600082397461,80.45085356810823 ,10108.0,10:11:05 AM,1572669665182
-2.8048859 ,2.454193 ,11.391876,23.56310184,87.29884563 ,27.93600082397461,80.45085356810823 ,10108.0,10:11:05 AM,1572669665187
-0.6573181 ,-0.002105713 ,11.160858,23.56310184,87.29884563 ,27.93600082397461,80.45085356810823 ,10108.0,10:11:05 AM,1572669665192
4.604492 ,1.7344055 ,14.270325,23.56310184,87.29884563 ,27.93600082397461,80.45085356810823 ,10108.0,10:11:05 AM,1572669665197
2.233551 ,2.797638 ,14.226868,23.56310184,87.29884563 ,27.93600082397461,80.45085356810823 ,10108.0,10:11:05 AM,1572669665208
-5.7148438 ,3.2412872 ,5.051773,23.56310184,87.29884563 ,27.93600082397461,80.45085356810823 ,10108.0,10:11:05 AM,1572669665213
-8.186859 ,5.4584045 ,6.25943,23.56310184,87.29884563 ,27.93600082397461,80.45085356810823 ,10108.0,10:11:05 AM,1572669665219
-1.2597046 ,6.7198944 ,6.568939,23.56310184,87.29884563 ,27.93600082397461,80.45085356810823 ,10108.0,10:11:05 AM,1572669665223
4.9167633 ,6.385956 ,1.8958282,23.56310184,87.29884563 ,27.93600082397461,80.45085356810823 ,10108.0,10:11:05 AM,1572669665230
2.5656128 ,6.8559113 ,5.9707336,23.56310184,87.29884563 ,27.93600082397461,80.45085356810823 ,10108.0,10:11:05 AM,1572669665233
-2.7890778 ,5.0600433 ,3.5105286,23.56310184,87.29884563 ,27.93600082397461,80.45085356810823 ,10108.0,10:11:05 AM,1572669665239
-4.0382233 ,4.645569 ,7.497284,23.56310184,87.29884563 ,27.93600082397461,80.45085356810823 ,10108.0,10:11:05 AM,1572669665243
-0.23324585 ,2.6485596 ,7.614914,23.56310184,87.29884563 ,27.93600082397461,80.45085356810823 ,10108.0,10:11:05 AM,1572669665248
2.4582825 ,2.079834 ,9.014465,23.56310184,87.29884563 ,27.93600082397461,80.45085356810823 ,10108.0,10:11:05 AM,1572669665252
-0.50920105 ,2.4099884 ,13.353485,23.56310184,87.29884563 ,27.93600082397461,80.45085356810823 ,10108.0,10:11:05 AM,1572669665257
-4.9875183 ,1.0335541 ,10.712555,23.56310184,87.29884563 ,27.93600082397461,80.45085356810823 ,10108.0,10:11:05 AM,1572669665262
-3.9658508 ,0.41070557 ,8.598541,23.56310184,87.29884563 ,27.93600082397461,80.45085356810823 ,10108.0,10:11:05 AM,1572669665267
-0.3204651 ,1.284729 ,11.603195,23.56310184,87.29884563 ,27.93600082397461,80.45085356810823 ,10108.0,10:11:05 AM,1572669665272
-0.27423096 ,0.96495056 ,9.347397,23.56310184,87.29884563 ,27.93600082397461,80.45085356810823 ,10108.0,10:11:05 AM,1572669665275
-1.6747437 ,1.6300507 ,10.969223,23.56310184,87.29884563 ,27.93600082397461,80.45085356810823 ,10108.0,10:11:05 AM,1572669665282
0.47805786 ,1.2784882 ,7.6670074,23.56310184,87.29884563 ,27.93600082397461,80.45085356810823 ,10108.0,10:11:05 AM,1572669665285
2.3574219 ,1.445404 ,6.397812,23.56310184,87.29884563 ,27.93600082397461,80.45085356810823 ,10108.0,10:11:05 AM,1572669665290
-0.46687317 ,2.0166473 ,14.701126,23.56310184,87.29884563 ,27.93600082397461,80.45085356810823 ,10108.0,10:11:05 AM,1572669665295
-3.0483704 ,0.06774902 ,13.233292,23.56310184,87.29884563 ,27.93600082397461,80.45085356810823 ,10108.0,10:11:05 AM,1572669665300
-1.1843109 ,0.6796112 ,13.029572,23.56310184,87.29884563 ,27.93600082397461,80.45085356810823 ,10108.0,10:11:05 AM,1572669665305
0.20573425 ,3.9013824 ,16.571243,23.56310184,87.29884563 ,27.93600082397461,80.45085356810823 ,10108.0,10:11:05 AM,1572669665310
-2.9251862 ,2.7108002 ,4.045273,23.56310184,87.29884563 ,27.93600082397461,80.45085356810823 ,10108.0,10:11:05 AM,1572669665315
-4.7338104 ,5.383972 ,2.8348541,23.56310184,87.29884563 ,27.93600082397461,80.45085356810823 ,10108.0,10:11:05 AM,1572669665320
-1.4457245 ,8.9978485 ,11.416626,23.56310184,87.29884563 ,27.93600082397461,80.45085356810823 ,10108.0,10:11:05 AM,1572669665323
2.3167572 ,2.9129333 ,-7.820221,23.56310184,87.29884563 ,27.93600082397461,80.45085356810823 ,10108.0,10:11:05 AM,1572669665329
2.8354187 ,6.288025 ,11.200104,23.56310184,87.29884563 ,27.93600082397461,80.45085356810823 ,10108.0,10:11:05 AM,1572669665334
1.421402 ,5.0125885 ,18.730362,23.56310184,87.29884563 ,27.93600082397461,80.45085356810823 ,10108.0,10:11:05 AM,1572669665344
-0.21421814 ,-0.7746582 ,2.1827545,23.56310184,87.29884563 ,27.93600082397461,80.45085356810823 ,10108.0,10:11:05 AM,1572669665347
-1.0783844 ,1.5430908 ,15.914688,23.56310184,87.29884563 ,27.93600082397461,80.45085356810823 ,10108.0,10:11:05 AM,1572669665354
-1.5560913 ,2.916336 ,20.004913,23.56310184,87.29884563 ,27.93600082397461,80.45085356810823 ,10108.0,10:11:05 AM,1572669665358
-3.2650604 ,-1.6912537 ,2.6721344,23.56310184,87.29884563 ,27.93600082397461,80.45085356810823 ,10108.0,10:11:05 AM,1572669665362
-2.7982788 ,1.3766785 ,11.274429,23.56310184,87.29884563 ,27.93600082397461,80.45085356810823 ,10108.0,10:11:05 AM,1572669665368
-0.4255371 ,3.143219 ,15.1241455,23.56310184,87.29884563 ,27.93600082397461,80.45085356810823 ,10108.0,10:11:05 AM,1572669665371
-0.05607605 ,-0.18637085 ,2.6394958,23.56310184,87.29884563 ,27.93600082397461,80.45085356810823 ,9887.0,10:11:05 AM,1572669665375
-1.3793335 ,2.8361053 ,12.483139,23.56310184,87.29884563 ,27.93600082397461,80.45085356810823 ,9887.0,10:11:05 AM,1572669665380
-1.9331055 ,2.1247559 ,12.678543,23.56310184,87.29884563 ,27.93600082397461,80.45085356810823 ,9887.0,10:11:05 AM,1572669665385
0.20747375 ,0.2048645 ,5.6103516,23.56310184,87.29884563 ,27.93600082397461,80.45085356810823 ,9887.0,10:11:05 AM,1572669665389
1.7286224 ,2.258484 ,13.226761,23.56310184,87.29884563 ,27.93600082397461,80.45085356810823 ,9887.0,10:11:05 AM,1572669665396
-0.27986145 ,-0.48309326 ,6.0654907,23.56310184,87.29884563 ,27.93600082397461,80.45085356810823 ,9887.0,10:11:05 AM,1572669665399
-3.2181854 ,0.26416016 ,10.848404,23.56310184,87.29884563 ,27.93600082397461,80.45085356810823 ,9887.0,10:11:05 AM,1572669665405
-2.9055634 ,2.6139984 ,20.792618,23.56310184,87.29884563 ,27.93600082397461,80.45085356810823 ,9887.0,10:11:05 AM,1572669665409
0.3442688 ,-0.38554382 ,4.07695,23.56310184,87.29884563 ,27.93600082397461,80.45085356810823 ,9887.0,10:11:05 AM,1572669665415
0.8171387 ,2.465805 ,7.7465363,23.56310184,87.29884563 ,27.93600082397461,80.45085356810823 ,9887.0,10:11:05 AM,1572669665419
-1.2099609 ,4.2605133 ,12.794067,23.56310184,87.29884563 ,27.93600082397461,80.45085356810823 ,9887.0,10:11:05 AM,1572669665424
-1.1051941 ,0.4862976 ,0.7382355,23.56310184,87.29884563 ,27.93600082397461,80.45085356810823 ,9887.0,10:11:05 AM,1572669665430
1.3436127 ,3.0878906 ,14.91011,23.56310184,87.29884563 ,27.93600082397461,80.45085356810823 ,9887.0,10:11:05 AM,1572669665435
2.2848816 ,2.9362946 ,19.336075,23.56310184,87.29884563 ,27.93600082397461,80.45085356810823 ,9887.0,10:11:05 AM,1572669665440
-0.45307922 ,-1.6710052 ,6.90596,23.56310184,87.29884563 ,27.93600082397461,80.45085356810823 ,9887.0,10:11:05 AM,1572669665444
-2.4118652 ,2.4127655 ,20.56189,23.56310184,87.29884563 ,27.93600082397461,80.45085356810823 ,9887.0,10:11:05 AM,1572669665447
-1.0390625 ,2.5222473 ,14.115463,23.56310184,87.29884563 ,27.93600082397461,80.45085356810823 ,9887.0,10:11:05 AM,1572669665454
-0.19500732 ,0.2768402 ,-1.6559143,23.56310184,87.29884563 ,27.93600082397461,80.45085356810823 ,9887.0,10:11:05 AM,1572669665459
-2.8912506 ,7.6875763 ,21.381912,23.56310184,87.29884563 ,27.93600082397461,80.45085356810823 ,9887.0,10:11:05 AM,1572669665462
-4.3932953 ,4.08902 ,5.1654053,23.56310184,87.29884563 ,27.93600082397461,80.45085356810823 ,9887.0,10:11:05 AM,1572669665468
