x,y,z,latitude,longitude,speed,sound,light,time,timestamp
1.8244781 ,-0.45039368 ,11.260757,23.54278023,87.29711433 ,10.404000377655029,89.343398656457 ,0.0,21:46:10 PM,1574007370653
3.4289856 ,0.4334259 ,8.072052,23.54278023,87.29711433 ,10.404000377655029,89.343398656457 ,0.0,21:46:10 PM,1574007370658
1.6916504 ,0.8646698 ,7.47876,23.54278023,87.29711433 ,10.404000377655029,89.343398656457 ,0.0,21:46:10 PM,1574007370664
-1.8916321 ,-0.96784973 ,7.092575,23.54278023,87.29711433 ,10.404000377655029,89.343398656457 ,0.0,21:46:10 PM,1574007370668
-4.3449707 ,-1.6347504 ,15.715134,23.54278023,87.29711433 ,10.404000377655029,89.343398656457 ,0.0,21:46:10 PM,1574007370672
-3.1248474 ,-2.339447 ,18.433395,23.54278023,87.29711433 ,10.404000377655029,89.343398656457 ,0.0,21:46:10 PM,1574007370680
0.6955719 ,-1.3098907 ,14.688599,23.54278023,87.29711433 ,10.404000377655029,89.343398656457 ,0.0,21:46:10 PM,1574007370682
2.373825 ,2.0460663 ,12.347748,23.54278023,87.29711433 ,10.404000377655029,89.343398656457 ,0.0,21:46:10 PM,1574007370688
0.33207703 ,3.3570404 ,2.5125732,23.54278023,87.29711433 ,10.404000377655029,89.343398656457 ,0.0,21:46:10 PM,1574007370692
-2.2862244 ,4.078293 ,-2.3854523,23.54278023,87.29711433 ,10.404000377655029,89.343398656457 ,0.0,21:46:10 PM,1574007370703
-2.7398834 ,2.6861725 ,1.0758514,23.54278023,87.29711433 ,10.404000377655029,89.343398656457 ,0.0,21:46:10 PM,1574007370704
-0.11376953 ,0.7782593 ,10.537338,23.54278023,87.29711433 ,10.404000377655029,89.343398656457 ,0.0,21:46:10 PM,1574007370705
2.7246246 ,-1.8468628 ,12.803589,23.54278023,87.29711433 ,10.404000377655029,89.343398656457 ,0.0,21:46:10 PM,1574007370711
3.1860046 ,0.7381439 ,17.127274,23.54278023,87.29711433 ,10.404000377655029,89.343398656457 ,0.0,21:46:10 PM,1574007370720
2.215149 ,1.914093 ,6.1126404,23.54278023,87.29711433 ,10.404000377655029,89.343398656457 ,0.0,21:46:10 PM,1574007370724
1.0994415 ,6.1735535 ,1.4915771,23.54278023,87.29711433 ,10.404000377655029,89.343398656457 ,0.0,21:46:10 PM,1574007370731
-0.40951538 ,6.076004 ,-1.3489685,23.54278023,87.29711433 ,10.404000377655029,89.343398656457 ,0.0,21:46:10 PM,1574007370734
-0.60935974 ,5.174881 ,3.4377441,23.54278023,87.29711433 ,10.404000377655029,89.343398656457 ,0.0,21:46:10 PM,1574007370738
0.97091675 ,3.723053 ,7.639038,23.54278023,87.29711433 ,10.404000377655029,89.343398656457 ,0.0,21:46:10 PM,1574007370743
1.3571472 ,0.84973145 ,10.461761,23.54278023,87.29711433 ,10.404000377655029,89.343398656457 ,0.0,21:46:10 PM,1574007370748
1.1328278 ,-0.20541382 ,13.650833,23.54278023,87.29711433 ,10.404000377655029,89.343398656457 ,0.0,21:46:10 PM,1574007370753
3.3026276 ,0.7831421 ,11.977066,23.54278023,87.29711433 ,10.404000377655029,89.343398656457 ,0.0,21:46:10 PM,1574007370758
4.328964 ,1.4208069 ,8.478226,23.54278023,87.29711433 ,10.404000377655029,89.343398656457 ,0.0,21:46:10 PM,1574007370767
-0.4188385 ,1.582901 ,9.948013,23.54278023,87.29711433 ,10.404000377655029,89.343398656457 ,0.0,21:46:10 PM,1574007370768
-6.345886 ,-0.7441864 ,13.070633,23.54278023,87.29711433 ,10.404000377655029,89.343398656457 ,0.0,21:46:10 PM,1574007370772
-6.126648 ,-2.5427094 ,18.636368,23.54278023,87.29711433 ,10.404000377655029,89.343398656457 ,0.0,21:46:10 PM,1574007370777
-0.699646 ,-2.8470917 ,18.68312,23.54278023,87.29711433 ,10.404000377655029,89.343398656457 ,0.0,21:46:10 PM,1574007370782
3.1643982 ,-1.5709534 ,11.457489,23.54278023,87.29711433 ,10.404000377655029,89.343398656457 ,0.0,21:46:10 PM,1574007370787
2.1815948 ,0.44641113 ,6.1605988,23.54278023,87.29711433 ,10.404000377655029,89.343398656457 ,0.0,21:46:10 PM,1574007370791
0.26608276 ,1.7163544 ,2.4134216,23.54278023,87.29711433 ,10.404000377655029,89.343398656457 ,0.0,21:46:10 PM,1574007370800
0.56874084 ,2.5832672 ,2.1227417,23.54278023,87.29711433 ,10.404000377655029,89.343398656457 ,0.0,21:46:10 PM,1574007370801
-0.11578369 ,0.8315277 ,5.0679474,23.54278023,87.29711433 ,10.404000377655029,89.343398656457 ,0.0,21:46:10 PM,1574007370805
-1.809433 ,0.5697174 ,13.717865,23.54278023,87.29711433 ,10.404000377655029,89.343398656457 ,0.0,21:46:10 PM,1574007370810
1.0456085 ,0.41506958 ,17.974579,23.54278023,87.29711433 ,10.404000377655029,89.343398656457 ,0.0,21:46:10 PM,1574007370815
6.100418 ,0.21273804 ,16.548706,23.54278023,87.29711433 ,10.404000377655029,89.343398656457 ,0.0,21:46:10 PM,1574007370820
5.7341614 ,3.1398926 ,15.75177,23.54278023,87.29711433 ,10.404000377655029,89.343398656457 ,0.0,21:46:10 PM,1574007370826
0.8760376 ,2.8823395 ,7.3935394,23.54278023,87.29711433 ,10.404000377655029,89.343398656457 ,0.0,21:46:10 PM,1574007370830
-3.2633057 ,3.8174286 ,9.473526,23.54278023,87.29711433 ,10.404000377655029,89.343398656457 ,0.0,21:46:10 PM,1574007370834
-3.8426514 ,2.8877563 ,18.300842,23.54278023,87.29711433 ,10.404000377655029,89.343398656457 ,0.0,21:46:10 PM,1574007370838
0.06573486 ,-2.4763489 ,12.134659,23.54278023,87.29711433 ,10.404000377655029,89.343398656457 ,0.0,21:46:10 PM,1574007370843
4.775284 ,1.6490479 ,20.717468,23.54278023,87.29711433 ,10.404000377655029,89.343398656457 ,0.0,21:46:10 PM,1574007370853
3.936615 ,2.8334045 ,14.128525,23.54278023,87.29711433 ,10.404000377655029,89.343398656457 ,0.0,21:46:10 PM,1574007370858
-0.4615326 ,5.148102 ,1.2394104,23.54278023,87.29711433 ,10.404000377655029,89.343398656457 ,0.0,21:46:10 PM,1574007370863
-2.954422 ,8.345612 ,-0.9859619,23.54278023,87.29711433 ,10.404000377655029,89.343398656457 ,0.0,21:46:10 PM,1574007370868
-2.342743 ,7.353882 ,2.2006073,23.54278023,87.29711433 ,10.404000377655029,89.343398656457 ,0.0,21:46:10 PM,1574007370873
-0.69996643 ,5.5431213 ,9.478516,23.54278023,87.29711433 ,10.404000377655029,88.18408509915842 ,0.0,21:46:10 PM,1574007370878
-0.703125 ,4.4569244 ,13.145874,23.54278023,87.29711433 ,10.404000377655029,88.18408509915842 ,0.0,21:46:10 PM,1574007370883
-2.1882172 ,3.127655 ,10.251938,23.54278023,87.29711433 ,10.404000377655029,88.18408509915842 ,0.0,21:46:10 PM,1574007370888
-1.1586914 ,5.2240906 ,5.658249,23.54278023,87.29711433 ,10.404000377655029,88.18408509915842 ,0.0,21:46:10 PM,1574007370892
2.8115997 ,8.4383545 ,-1.2456207,23.54278023,87.29711433 ,10.404000377655029,88.18408509915842 ,0.0,21:46:10 PM,1574007370899
4.820816 ,8.868286 ,-6.3640137,23.54278023,87.29711433 ,10.404000377655029,88.18408509915842 ,0.0,21:46:10 PM,1574007370902
5.1783905 ,7.344101 ,-2.609726,23.54278023,87.29711433 ,10.404000377655029,88.18408509915842 ,0.0,21:46:10 PM,1574007370907
4.8956604 ,3.3680573 ,6.0564575,23.54278023,87.29711433 ,10.404000377655029,88.18408509915842 ,0.0,21:46:10 PM,1574007370911
-0.020996094 ,-2.9439087 ,15.1046295,23.54278023,87.29711433 ,10.404000377655029,88.18408509915842 ,0.0,21:46:10 PM,1574007370917
-7.262741 ,-8.261307 ,22.10817,23.54278023,87.29711433 ,10.404000377655029,88.18408509915842 ,0.0,21:46:10 PM,1574007370920
-7.5191345 ,-9.402451 ,24.515076,23.54278023,87.29711433 ,10.404000377655029,88.18408509915842 ,0.0,21:46:10 PM,1574007370926
0.025146484 ,-5.7657776 ,24.189026,23.54278023,87.29711433 ,10.404000377655029,88.18408509915842 ,0.0,21:46:10 PM,1574007370931
5.42749 ,-3.7227936 ,18.466125,23.54278023,87.29711433 ,10.404000377655029,88.18408509915842 ,0.0,21:46:10 PM,1574007370935
3.458847 ,-1.8075256 ,13.26413,23.54278023,87.29711433 ,10.404000377655029,88.18408509915842 ,0.0,21:46:10 PM,1574007370940
-1.6393585 ,-1.9013977 ,8.259079,23.54278023,87.29711433 ,10.404000377655029,88.18408509915842 ,0.0,21:46:10 PM,1574007370947
-4.8367004 ,-0.9918823 ,12.278473,23.54278023,87.29711433 ,10.404000377655029,88.18408509915842 ,0.0,21:46:10 PM,1574007370952
-3.6836395 ,-0.6784363 ,13.851715,23.54278023,87.29711433 ,10.404000377655029,88.18408509915842 ,0.0,21:46:10 PM,1574007370955
0.9624634 ,-1.9250336 ,5.712372,23.54278023,87.29711433 ,10.404000377655029,88.18408509915842 ,0.0,21:46:10 PM,1574007370959
6.0938416 ,4.390259 ,6.703827,23.54278023,87.29711433 ,10.404000377655029,88.18408509915842 ,0.0,21:46:10 PM,1574007370965
6.5789948 ,7.7175903 ,-0.28504944,23.54274414,87.29708935 ,11.268000411987305,88.18408509915842 ,0.0,21:46:10 PM,1574007370969
-0.2755127 ,7.4808655 ,-3.8050995,23.54274414,87.29708935 ,11.268000411987305,88.18408509915842 ,0.0,21:46:10 PM,1574007370974
-7.3512726 ,5.6609955 ,0.013198853,23.54274414,87.29708935 ,11.268000411987305,88.18408509915842 ,0.0,21:46:10 PM,1574007370984
-2.973465 ,3.132965 ,6.393814,23.54274414,87.29708935 ,11.268000411987305,88.18408509915842 ,0.0,21:46:10 PM,1574007370987
6.8260193 ,0.79167175 ,15.647736,23.54274414,87.29708935 ,11.268000411987305,88.18408509915842 ,0.0,21:46:10 PM,1574007370992
7.585846 ,-2.421936 ,18.347946,23.54274414,87.29708935 ,11.268000411987305,88.18408509915842 ,0.0,21:46:10 PM,1574007370997
1.2954559 ,-2.8026428 ,19.176987,23.54274414,87.29708935 ,11.268000411987305,88.18408509915842 ,0.0,21:46:11 PM,1574007371002
-2.276535 ,-3.0505981 ,12.404572,23.54274414,87.29708935 ,11.268000411987305,88.18408509915842 ,0.0,21:46:11 PM,1574007371007
-3.8128052 ,-1.397934 ,10.794815,23.54274414,87.29708935 ,11.268000411987305,88.18408509915842 ,0.0,21:46:11 PM,1574007371012
-4.691818 ,-1.8957367 ,8.059036,23.54274414,87.29708935 ,11.268000411987305,88.18408509915842 ,0.0,21:46:11 PM,1574007371017
-0.005279541 ,-2.407837 ,10.167328,23.54274414,87.29708935 ,11.268000411987305,88.18408509915842 ,1.0,21:46:11 PM,1574007371022
7.1819305 ,-1.200943 ,16.321884,23.54274414,87.29708935 ,11.268000411987305,88.18408509915842 ,1.0,21:46:11 PM,1574007371027
7.0058136 ,-1.7301941 ,17.010483,23.54274414,87.29708935 ,11.268000411987305,88.18408509915842 ,1.0,21:46:11 PM,1574007371032
-0.51501465 ,-1.7168427 ,13.313385,23.54274414,87.29708935 ,11.268000411987305,88.18408509915842 ,1.0,21:46:11 PM,1574007371036
-5.4621277 ,0.39888 ,9.697296,23.54274414,87.29708935 ,11.268000411987305,88.18408509915842 ,1.0,21:46:11 PM,1574007371041
-3.576065 ,3.0333405 ,7.8893585,23.54274414,87.29708935 ,11.268000411987305,88.18408509915842 ,1.0,21:46:11 PM,1574007371046
1.3803253 ,5.6290894 ,4.4943695,23.54274414,87.29708935 ,11.268000411987305,88.18408509915842 ,1.0,21:46:11 PM,1574007371052
4.8244324 ,6.2324524 ,-0.9321289,23.54274414,87.29708935 ,11.268000411987305,88.18408509915842 ,1.0,21:46:11 PM,1574007371058
4.1060944 ,7.312866 ,0.10658264,23.54274414,87.29708935 ,11.268000411987305,88.18408509915842 ,1.0,21:46:11 PM,1574007371062
0.6198273 ,5.8528595 ,-1.1207428,23.54274414,87.29708935 ,11.268000411987305,88.18408509915842 ,1.0,21:46:11 PM,1574007371069
-1.5242462 ,4.6835175 ,2.642105,23.54274414,87.29708935 ,11.268000411987305,88.18408509915842 ,1.0,21:46:11 PM,1574007371073
-0.63946533 ,0.4781494 ,2.7511902,23.54274414,87.29708935 ,11.268000411987305,88.18408509915842 ,1.0,21:46:11 PM,1574007371076
1.8534698 ,-0.68084717 ,9.900742,23.54274414,87.29708935 ,11.268000411987305,88.18408509915842 ,1.0,21:46:11 PM,1574007371085
2.93396 ,-3.1446075 ,13.263672,23.54274414,87.29708935 ,11.268000411987305,88.18408509915842 ,1.0,21:46:11 PM,1574007371088
1.2844696 ,-6.328644 ,17.085464,23.54274414,87.29708935 ,11.268000411987305,88.18408509915842 ,1.0,21:46:11 PM,1574007371090
-0.72605896 ,-5.852936 ,25.013702,23.54274414,87.29708935 ,11.268000411987305,88.18408509915842 ,1.0,21:46:11 PM,1574007371096
-1.5839233 ,-8.842728 ,14.416367,23.54274414,87.29708935 ,11.268000411987305,88.18408509915842 ,1.0,21:46:11 PM,1574007371103
-2.3594055 ,-5.116562 ,18.641693,23.54274414,87.29708935 ,11.268000411987305,88.18408509915842 ,1.0,21:46:11 PM,1574007371105
-2.6972198 ,-7.509491 ,13.780762,23.54274414,87.29708935 ,11.268000411987305,88.18408509915842 ,1.0,21:46:11 PM,1574007371109
0.878891 ,-5.560837 ,16.086334,23.54274414,87.29708935 ,11.268000411987305,88.18408509915842 ,1.0,21:46:11 PM,1574007371120
4.208252 ,-2.7442474 ,16.128036,23.54274414,87.29708935 ,11.268000411987305,88.18408509915842 ,1.0,21:46:11 PM,1574007371124
1.1587067 ,-2.6790466 ,10.299698,23.54274414,87.29708935 ,11.268000411987305,88.18408509915842 ,1.0,21:46:11 PM,1574007371128
-3.2406921 ,1.4991608 ,11.863327,23.54274414,87.29708935 ,11.268000411987305,88.18408509915842 ,1.0,21:46:11 PM,1574007371135
-0.64533997 ,2.6692963 ,1.6064453,23.54274414,87.29708935 ,11.268000411987305,88.18408509915842 ,1.0,21:46:11 PM,1574007371138
4.781952 ,6.7104187 ,2.47937,23.54274414,87.29708935 ,11.268000411987305,88.18408509915842 ,1.0,21:46:11 PM,1574007371143
5.0230103 ,7.4610596 ,-1.8690643,23.54274414,87.29708935 ,11.268000411987305,88.18408509915842 ,1.0,21:46:11 PM,1574007371148
