x,y,z,latitude,longitude,speed,sound,light,time,timestamp
0.2050476 ,-0.009933472 ,6.7385254,23.54294659,87.2972292 ,8.67600030899048,61.43277408653507 ,23.0,21:46:04 PM,1574007364187
-1.7210999 ,-1.9592896 ,9.765121,23.54294659,87.2972292 ,8.67600030899048,61.43277408653507 ,23.0,21:46:04 PM,1574007364191
0.34048462 ,-2.1388245 ,13.562485,23.54294659,87.2972292 ,8.67600030899048,61.43277408653507 ,23.0,21:46:04 PM,1574007364202
1.743927 ,-2.2346344 ,15.918823,23.54294659,87.2972292 ,8.67600030899048,61.43277408653507 ,23.0,21:46:04 PM,1574007364203
-0.4954834 ,-3.531601 ,13.884201,23.54294659,87.2972292 ,8.67600030899048,61.43277408653507 ,23.0,21:46:04 PM,1574007364206
-2.151245 ,-3.0200043 ,11.666458,23.54294659,87.2972292 ,8.67600030899048,61.43277408653507 ,23.0,21:46:04 PM,1574007364211
-0.97624207 ,-1.839386 ,10.382095,23.54294659,87.2972292 ,8.67600030899048,61.43277408653507 ,23.0,21:46:04 PM,1574007364216
-0.48466492 ,-1.7487488 ,11.260391,23.54294659,87.2972292 ,8.67600030899048,61.43277408653507 ,23.0,21:46:04 PM,1574007364220
-0.92741394 ,-1.7766876 ,13.852219,23.54294659,87.2972292 ,8.67600030899048,61.43277408653507 ,23.0,21:46:04 PM,1574007364225
0.44921875 ,-1.9082947 ,13.988098,23.54294659,87.2972292 ,8.67600030899048,61.43277408653507 ,23.0,21:46:04 PM,1574007364231
1.0577698 ,-2.1352386 ,9.860977,23.54294659,87.2972292 ,8.67600030899048,61.43277408653507 ,23.0,21:46:04 PM,1574007364237
-1.1833038 ,0.63027954 ,11.1206665,23.54294659,87.2972292 ,8.67600030899048,61.43277408653507 ,23.0,21:46:04 PM,1574007364240
-2.5674286 ,1.3296661 ,8.409393,23.54294659,87.2972292 ,8.67600030899048,61.43277408653507 ,23.0,21:46:04 PM,1574007364245
-1.4229279 ,2.1772003 ,5.3353424,23.54294659,87.2972292 ,8.67600030899048,61.43277408653507 ,23.0,21:46:04 PM,1574007364251
0.35206604 ,4.1432037 ,5.6679077,23.54294659,87.2972292 ,8.67600030899048,61.43277408653507 ,23.0,21:46:04 PM,1574007364255
1.5290985 ,4.209961 ,4.3042297,23.54294659,87.2972292 ,8.67600030899048,61.43277408653507 ,23.0,21:46:04 PM,1574007364259
0.41461182 ,3.1384583 ,4.1282043,23.54294659,87.2972292 ,8.67600030899048,61.43277408653507 ,23.0,21:46:04 PM,1574007364268
-1.3985901 ,2.858673 ,7.6483307,23.54294659,87.2972292 ,8.67600030899048,61.43277408653507 ,23.0,21:46:04 PM,1574007364274
-0.13612366 ,2.4476013 ,9.323242,23.54294659,87.2972292 ,8.67600030899048,61.43277408653507 ,23.0,21:46:04 PM,1574007364279
1.4857025 ,2.0427399 ,9.096603,23.54294659,87.2972292 ,8.67600030899048,61.43277408653507 ,23.0,21:46:04 PM,1574007364287
0.76945496 ,1.9201813 ,10.677856,23.54294659,87.2972292 ,8.67600030899048,61.43277408653507 ,23.0,21:46:04 PM,1574007364291
0.44633484 ,0.40496826 ,7.1118317,23.54294659,87.2972292 ,8.67600030899048,61.43277408653507 ,23.0,21:46:04 PM,1574007364294
1.1512909 ,1.0434418 ,7.505783,23.54294659,87.2972292 ,8.67600030899048,61.43277408653507 ,23.0,21:46:04 PM,1574007364299
-0.22314453 ,0.42121887 ,10.534531,23.54294659,87.2972292 ,8.67600030899048,61.43277408653507 ,23.0,21:46:04 PM,1574007364305
-2.1825104 ,-2.1351318 ,12.57019,23.54294659,87.2972292 ,8.67600030899048,61.43277408653507 ,23.0,21:46:04 PM,1574007364308
-0.99583435 ,-4.055023 ,14.248276,23.54294659,87.2972292 ,8.67600030899048,61.43277408653507 ,23.0,21:46:04 PM,1574007364313
1.3491974 ,-4.4220886 ,16.69664,23.54294659,87.2972292 ,8.67600030899048,61.43277408653507 ,23.0,21:46:04 PM,1574007364319
-0.31687927 ,-4.428482 ,18.915787,23.54294659,87.2972292 ,8.67600030899048,61.43277408653507 ,23.0,21:46:04 PM,1574007364321
-4.8327484 ,-5.350128 ,16.2072,23.54294659,87.2972292 ,8.67600030899048,61.43277408653507 ,23.0,21:46:04 PM,1574007364325
-5.1111298 ,-4.7751617 ,10.391724,23.54294659,87.2972292 ,8.67600030899048,61.43277408653507 ,23.0,21:46:04 PM,1574007364330
0.90112305 ,-2.5879211 ,5.9648438,23.54294659,87.2972292 ,8.67600030899048,61.43277408653507 ,23.0,21:46:04 PM,1574007364336
7.7009277 ,-2.3612518 ,3.800354,23.54294659,87.2972292 ,8.67600030899048,61.43277408653507 ,23.0,21:46:04 PM,1574007364340
10.554916 ,-4.5823517 ,4.152481,23.54294659,87.2972292 ,8.67600030899048,61.43277408653507 ,23.0,21:46:04 PM,1574007364345
7.974411 ,-6.661133 ,9.028687,23.54294659,87.2972292 ,8.67600030899048,61.43277408653507 ,23.0,21:46:04 PM,1574007364350
-0.6370239 ,-8.615845 ,16.942947,23.54294659,87.2972292 ,8.67600030899048,61.43277408653507 ,23.0,21:46:04 PM,1574007364355
-9.224838 ,-11.930756 ,20.111038,23.54294659,87.2972292 ,8.67600030899048,61.43277408653507 ,23.0,21:46:04 PM,1574007364359
-9.083054 ,-13.102982 ,24.023987,23.54294659,87.2972292 ,8.67600030899048,61.43277408653507 ,23.0,21:46:04 PM,1574007364364
0.8787842 ,-11.619385 ,25.828842,23.54294659,87.2972292 ,8.67600030899048,61.43277408653507 ,23.0,21:46:04 PM,1574007364369
10.510025 ,-7.630371 ,27.413116,23.54294659,87.2972292 ,8.67600030899048,61.43277408653507 ,23.0,21:46:04 PM,1574007364373
10.335541 ,-6.8573303 ,23.957,23.54294659,87.2972292 ,8.67600030899048,61.43277408653507 ,23.0,21:46:04 PM,1574007364378
3.0215607 ,-8.290405 ,24.282913,23.54294659,87.2972292 ,8.67600030899048,61.43277408653507 ,23.0,21:46:04 PM,1574007364385
-1.4781189 ,-9.719635 ,26.484177,23.54294659,87.2972292 ,8.67600030899048,61.43277408653507 ,17.0,21:46:04 PM,1574007364388
-0.79296875 ,-8.752731 ,24.356293,23.54294659,87.2972292 ,8.67600030899048,61.43277408653507 ,17.0,21:46:04 PM,1574007364392
0.36123657 ,-5.554062 ,19.933899,23.54294659,87.2972292 ,8.67600030899048,61.43277408653507 ,17.0,21:46:04 PM,1574007364398
-0.4442749 ,-3.3757172 ,10.756317,23.54294659,87.2972292 ,8.67600030899048,61.43277408653507 ,17.0,21:46:04 PM,1574007364408
0.78811646 ,1.2806396 ,6.853012,23.54294659,87.2972292 ,8.67600030899048,61.43277408653507 ,17.0,21:46:04 PM,1574007364412
4.7444305 ,6.7099 ,7.463379,23.54294659,87.2972292 ,8.67600030899048,61.43277408653507 ,17.0,21:46:04 PM,1574007364422
6.0191803 ,10.032593 ,2.3515015,23.54294659,87.2972292 ,8.67600030899048,61.43277408653507 ,17.0,21:46:04 PM,1574007364425
1.6990509 ,13.0937805 ,-2.871811,23.54294659,87.2972292 ,8.67600030899048,61.43277408653507 ,17.0,21:46:04 PM,1574007364428
-2.0929718 ,13.875 ,-10.832153,23.54294659,87.2972292 ,8.67600030899048,61.43277408653507 ,17.0,21:46:04 PM,1574007364433
0.25222778 ,16.19748 ,-10.611862,23.54294659,87.2972292 ,8.67600030899048,61.43277408653507 ,17.0,21:46:04 PM,1574007364438
4.7779694 ,16.069016 ,-7.4730377,23.54294659,87.2972292 ,8.67600030899048,61.43277408653507 ,17.0,21:46:04 PM,1574007364442
5.011429 ,13.656311 ,-3.1839142,23.54294659,87.2972292 ,8.67600030899048,61.43277408653507 ,17.0,21:46:04 PM,1574007364446
1.8766785 ,12.317352 ,1.3145294,23.54294659,87.2972292 ,8.67600030899048,61.43277408653507 ,17.0,21:46:04 PM,1574007364455
0.1612091 ,11.436615 ,0.116378784,23.54294659,87.2972292 ,8.67600030899048,61.43277408653507 ,17.0,21:46:04 PM,1574007364457
0.47425842 ,10.43338 ,-3.8189697,23.54294659,87.2972292 ,8.67600030899048,61.43277408653507 ,17.0,21:46:04 PM,1574007364460
1.2354736 ,7.9641876 ,-3.8392334,23.54294659,87.2972292 ,8.67600030899048,61.43277408653507 ,17.0,21:46:04 PM,1574007364466
2.373291 ,4.745163 ,1.814148,23.54294659,87.2972292 ,8.67600030899048,61.43277408653507 ,17.0,21:46:04 PM,1574007364470
2.312317 ,1.3992157 ,9.823303,23.54294659,87.2972292 ,8.67600030899048,61.43277408653507 ,17.0,21:46:04 PM,1574007364475
-0.017105103 ,-3.1217651 ,14.007004,23.54294659,87.2972292 ,8.67600030899048,61.43277408653507 ,17.0,21:46:04 PM,1574007364479
-1.3048401 ,-5.0962067 ,16.95523,23.54294659,87.2972292 ,8.67600030899048,61.43277408653507 ,17.0,21:46:04 PM,1574007364485
0.94895935 ,-4.0942535 ,16.854889,23.54294659,87.2972292 ,8.67600030899048,61.43277408653507 ,17.0,21:46:04 PM,1574007364489
2.3497314 ,-2.939743 ,13.766144,23.54294659,87.2972292 ,8.67600030899048,61.43277408653507 ,17.0,21:46:04 PM,1574007364494
-1.1074219 ,-3.4080658 ,10.986298,23.54294659,87.2972292 ,8.67600030899048,61.43277408653507 ,17.0,21:46:04 PM,1574007364499
-4.5078583 ,-3.296402 ,11.091568,23.54294659,87.2972292 ,8.67600030899048,61.43277408653507 ,17.0,21:46:04 PM,1574007364505
-3.377777 ,-1.9253082 ,12.562485,23.54294659,87.2972292 ,8.67600030899048,61.43277408653507 ,17.0,21:46:04 PM,1574007364509
-1.4166107 ,-0.455307 ,12.492233,23.54294659,87.2972292 ,8.67600030899048,61.43277408653507 ,17.0,21:46:04 PM,1574007364514
-1.1252594 ,0.9295349 ,8.5889435,23.54294659,87.2972292 ,8.67600030899048,61.43277408653507 ,17.0,21:46:04 PM,1574007364520
-0.38642883 ,3.057495 ,2.0663757,23.54294659,87.2972292 ,8.67600030899048,61.43277408653507 ,17.0,21:46:04 PM,1574007364524
0.25299072 ,5.7615967 ,-1.308548,23.54294659,87.2972292 ,8.67600030899048,61.43277408653507 ,17.0,21:46:04 PM,1574007364528
-0.0410614 ,6.95726 ,-1.7085724,23.54294659,87.2972292 ,8.67600030899048,61.43277408653507 ,17.0,21:46:04 PM,1574007364538
1.6539917 ,7.476532 ,-1.5544891,23.54294659,87.2972292 ,8.67600030899048,61.43277408653507 ,17.0,21:46:04 PM,1574007364543
5.3501434 ,8.664856 ,0.5485077,23.54294659,87.2972292 ,8.67600030899048,61.43277408653507 ,17.0,21:46:04 PM,1574007364548
6.063553 ,6.9104004 ,2.0550385,23.54294659,87.2972292 ,8.67600030899048,61.43277408653507 ,17.0,21:46:04 PM,1574007364555
2.5618134 ,3.5380707 ,2.1965942,23.54294659,87.2972292 ,8.67600030899048,61.43277408653507 ,17.0,21:46:04 PM,1574007364559
-0.60713196 ,3.171585 ,5.611786,23.54294659,87.2972292 ,8.67600030899048,61.43277408653507 ,17.0,21:46:04 PM,1574007364562
-1.4624939 ,2.6354828 ,6.557129,23.54294659,87.2972292 ,8.67600030899048,61.43277408653507 ,17.0,21:46:04 PM,1574007364567
-1.2769012 ,1.3434753 ,6.077713,23.54294659,87.2972292 ,8.67600030899048,61.43277408653507 ,17.0,21:46:04 PM,1574007364573
0.90444946 ,0.75901794 ,7.1708374,23.54294659,87.2972292 ,8.67600030899048,61.43277408653507 ,17.0,21:46:04 PM,1574007364576
4.4392395 ,0.0033569336 ,8.427658,23.54294659,87.2972292 ,8.67600030899048,61.43277408653507 ,17.0,21:46:04 PM,1574007364581
4.363083 ,-1.8168488 ,9.220428,23.54294659,87.2972292 ,8.67600030899048,61.43277408653507 ,17.0,21:46:04 PM,1574007364590
0.7666168 ,-2.8708649 ,9.157089,23.54294659,87.2972292 ,8.67600030899048,61.43277408653507 ,28.0,21:46:04 PM,1574007364594
-0.5688782 ,-1.2617798 ,8.775131,23.54294659,87.2972292 ,8.67600030899048,61.43277408653507 ,28.0,21:46:04 PM,1574007364597
0.5439911 ,0.47433472 ,7.1810455,23.54294659,87.2972292 ,8.67600030899048,61.43277408653507 ,28.0,21:46:04 PM,1574007364600
-0.049728394 ,0.5204773 ,5.690338,23.54294659,87.2972292 ,8.67600030899048,61.43277408653507 ,28.0,21:46:04 PM,1574007364608
-0.52197266 ,0.88430786 ,6.454193,23.54294659,87.2972292 ,8.67600030899048,61.43277408653507 ,28.0,21:46:04 PM,1574007364609
1.2656708 ,3.2409515 ,8.734283,23.54294659,87.2972292 ,8.67600030899048,61.43277408653507 ,28.0,21:46:04 PM,1574007364613
0.7347717 ,3.8185425 ,5.219452,23.54294659,87.2972292 ,8.67600030899048,61.43277408653507 ,28.0,21:46:04 PM,1574007364619
-2.378006 ,4.94841 ,1.3661346,23.54294659,87.2972292 ,8.67600030899048,61.43277408653507 ,28.0,21:46:04 PM,1574007364623
-1.9248352 ,6.432358 ,-3.3566284,23.54294659,87.2972292 ,8.67600030899048,61.43277408653507 ,28.0,21:46:04 PM,1574007364627
1.5539093 ,4.2981567 ,-14.070114,23.54294659,87.2972292 ,8.67600030899048,61.43277408653507 ,28.0,21:46:04 PM,1574007364632
4.293335 ,5.899124 ,0.059280396,23.54294659,87.2972292 ,8.67600030899048,65.4735245368683 ,28.0,21:46:04 PM,1574007364639
6.0319824 ,0.85235596 ,12.07933,23.54294659,87.2972292 ,8.67600030899048,65.4735245368683 ,28.0,21:46:04 PM,1574007364643
3.6872559 ,-2.318344 ,18.772598,23.54294659,87.2972292 ,8.67600030899048,65.4735245368683 ,28.0,21:46:04 PM,1574007364647
-7.9052124 ,-5.0149536 ,21.450699,23.54294659,87.2972292 ,8.67600030899048,65.4735245368683 ,28.0,21:46:04 PM,1574007364655
-16.685226 ,-7.592926 ,25.776352,23.54294659,87.2972292 ,8.67600030899048,65.4735245368683 ,28.0,21:46:04 PM,1574007364656
-12.389526 ,-10.306885 ,26.834396,23.54294659,87.2972292 ,8.67600030899048,65.4735245368683 ,28.0,21:46:04 PM,1574007364665
5.048538 ,-9.15712 ,23.417343,23.54294659,87.2972292 ,8.67600030899048,65.4735245368683 ,28.0,21:46:04 PM,1574007364671
16.065018 ,-6.0943756 ,15.220535,23.54294659,87.2972292 ,8.67600030899048,65.4735245368683 ,28.0,21:46:04 PM,1574007364676
10.396439 ,-4.6355896 ,10.218948,23.54294659,87.2972292 ,8.67600030899048,65.4735245368683 ,28.0,21:46:04 PM,1574007364681
