x,y,z,latitude,longitude,speed,sound,light,time,timestamp
-11.691406 ,11.065811 ,-0.7572174,23.55002529,87.29870749 ,34.41600151062012,78.09710135566432 ,0.0,21:20:07 PM,1574005807389
-5.3895874 ,7.2245483 ,2.6245422,23.55002529,87.29870749 ,34.41600151062012,78.09710135566432 ,0.0,21:20:07 PM,1574005807396
4.4990997 ,10.366669 ,8.201492,23.55002529,87.29870749 ,34.41600151062012,78.09710135566432 ,0.0,21:20:07 PM,1574005807398
5.3829956 ,6.270508 ,-2.5715332,23.55002529,87.29870749 ,34.41600151062012,78.09710135566432 ,0.0,21:20:07 PM,1574005807402
1.4061432 ,10.578705 ,4.1420135,23.55002529,87.29870749 ,34.41600151062012,78.09710135566432 ,0.0,21:20:07 PM,1574005807409
1.2697754 ,10.709656 ,4.70697,23.55002529,87.29870749 ,34.41600151062012,78.09710135566432 ,0.0,21:20:07 PM,1574005807412
-2.7235718 ,6.699234 ,2.6628418,23.55002529,87.29870749 ,34.41600151062012,78.09710135566432 ,0.0,21:20:07 PM,1574005807416
-11.4210205 ,-2.0724945 ,10.288437,23.55002529,87.29870749 ,34.41600151062012,79.96038800051566 ,0.0,21:20:07 PM,1574005807422
-9.171295 ,-2.0707092 ,38.15715,23.55002529,87.29870749 ,34.41600151062012,79.96038800051566 ,0.0,21:20:07 PM,1574005807431
2.1811066 ,-5.671921 ,29.120865,23.55002529,87.29870749 ,34.41600151062012,79.96038800051566 ,0.0,21:20:07 PM,1574005807436
9.076645 ,-1.409729 ,20.842209,23.55002529,87.29870749 ,34.41600151062012,79.96038800051566 ,0.0,21:20:07 PM,1574005807444
2.6333008 ,6.585449 ,16.259659,23.55002529,87.29870749 ,34.41600151062012,79.96038800051566 ,0.0,21:20:07 PM,1574005807446
-5.949692 ,6.877487 ,6.111496,23.55002529,87.29870749 ,34.41600151062012,79.96038800051566 ,0.0,21:20:07 PM,1574005807450
-5.961273 ,5.9675446 ,4.4457245,23.55002529,87.29870749 ,34.41600151062012,79.96038800051566 ,0.0,21:20:07 PM,1574005807455
-3.1301117 ,1.5601349 ,13.319916,23.55002529,87.29870749 ,34.41600151062012,79.96038800051566 ,0.0,21:20:07 PM,1574005807460
-1.3847961 ,-0.3443451 ,30.164581,23.55002529,87.29870749 ,34.41600151062012,79.96038800051566 ,0.0,21:20:07 PM,1574005807465
2.8374023 ,-5.753235 ,16.664688,23.55002529,87.29870749 ,34.41600151062012,79.96038800051566 ,0.0,21:20:07 PM,1574005807469
5.917328 ,-1.5561829 ,14.952438,23.55002529,87.29870749 ,34.41600151062012,79.96038800051566 ,0.0,21:20:07 PM,1574005807480
1.6574402 ,3.0351868 ,15.085556,23.55002529,87.29870749 ,34.41600151062012,79.96038800051566 ,0.0,21:20:07 PM,1574005807482
-4.9683228 ,4.4277344 ,1.3871613,23.55002529,87.29870749 ,34.41600151062012,79.96038800051566 ,0.0,21:20:07 PM,1574005807483
-6.3370667 ,10.437119 ,-6.812668,23.55002529,87.29870749 ,34.41600151062012,79.96038800051566 ,0.0,21:20:07 PM,1574005807489
-2.3922424 ,17.720734 ,-3.5805206,23.55002529,87.29870749 ,34.41600151062012,79.96038800051566 ,0.0,21:20:07 PM,1574005807494
3.4161682 ,17.417252 ,-12.09375,23.55002529,87.29870749 ,34.41600151062012,79.96038800051566 ,0.0,21:20:07 PM,1574005807498
9.099594 ,20.367859 ,-8.427597,23.55002529,87.29870749 ,34.41600151062012,79.96038800051566 ,0.0,21:20:07 PM,1574005807502
10.285339 ,21.317978 ,-7.100174,23.55002529,87.29870749 ,34.41600151062012,79.96038800051566 ,0.0,21:20:07 PM,1574005807509
3.9141083 ,17.80983 ,-11.749512,23.55002529,87.29870749 ,34.41600151062012,79.96038800051566 ,0.0,21:20:07 PM,1574005807512
-4.150406 ,13.385117 ,-5.861801,23.55002529,87.29870749 ,34.41600151062012,79.96038800051566 ,0.0,21:20:07 PM,1574005807517
-6.232727 ,8.974564 ,5.2183533,23.55002529,87.29870749 ,34.41600151062012,79.96038800051566 ,0.0,21:20:07 PM,1574005807522
-2.6419983 ,3.6991882 ,11.468582,23.55002529,87.29870749 ,34.41600151062012,79.96038800051566 ,0.0,21:20:07 PM,1574005807528
0.28990173 ,0.03152466 ,7.966324,23.55002529,87.29870749 ,34.41600151062012,79.96038800051566 ,0.0,21:20:07 PM,1574005807533
0.20770264 ,0.9988251 ,7.773712,23.55002529,87.29870749 ,34.41600151062012,79.96038800051566 ,0.0,21:20:07 PM,1574005807538
-0.664917 ,0.604126 ,6.7541656,23.55002529,87.29870749 ,34.41600151062012,79.96038800051566 ,0.0,21:20:07 PM,1574005807545
-1.0761108 ,-1.178482 ,5.657898,23.55002529,87.29870749 ,34.41600151062012,79.96038800051566 ,0.0,21:20:07 PM,1574005807547
-2.389267 ,4.1389465 ,8.52066,23.55002529,87.29870749 ,34.41600151062012,79.96038800051566 ,0.0,21:20:07 PM,1574005807551
-4.1392517 ,6.466278 ,2.424347,23.55002529,87.29870749 ,34.41600151062012,79.96038800051566 ,0.0,21:20:07 PM,1574005807562
-4.4378815 ,8.866623 ,4.8706512,23.55002529,87.29870749 ,34.41600151062012,79.96038800051566 ,0.0,21:20:07 PM,1574005807566
-1.0850677 ,6.7420807 ,7.06102,23.55002529,87.29870749 ,34.41600151062012,79.96038800051566 ,0.0,21:20:07 PM,1574005807570
4.3712006 ,4.693054 ,20.254486,23.55002529,87.29870749 ,34.41600151062012,79.96038800051566 ,0.0,21:20:07 PM,1574005807577
5.508957 ,1.7116699 ,24.893173,23.55002529,87.29870749 ,34.41600151062012,79.96038800051566 ,0.0,21:20:07 PM,1574005807580
0.95391846 ,-2.3909302 ,18.62764,23.55002529,87.29870749 ,34.41600151062012,79.96038800051566 ,0.0,21:20:07 PM,1574005807585
-4.241989 ,-0.37516785 ,22.327621,23.55002529,87.29870749 ,34.41600151062012,79.96038800051566 ,0.0,21:20:07 PM,1574005807590
-6.7332 ,1.882721 ,25.254974,23.55002529,87.29870749 ,34.41600151062012,79.96038800051566 ,0.0,21:20:07 PM,1574005807596
-6.0372925 ,-0.29736328 ,12.140686,23.55002529,87.29870749 ,34.41600151062012,79.96038800051566 ,0.0,21:20:07 PM,1574005807599
-3.4822845 ,4.0742493 ,1.0998077,23.55002529,87.29870749 ,34.41600151062012,79.96038800051566 ,0.0,21:20:07 PM,1574005807603
-3.1979675 ,8.340973 ,-0.028244019,23.55002529,87.29870749 ,34.41600151062012,79.96038800051566 ,0.0,21:20:07 PM,1574005807610
-4.384491 ,9.120743 ,1.147934,23.55002529,87.29870749 ,34.41600151062012,79.96038800051566 ,0.0,21:20:07 PM,1574005807613
-3.0795898 ,9.404404 ,-3.1756287,23.55002529,87.29870749 ,34.41600151062012,79.96038800051566 ,0.0,21:20:07 PM,1574005807618
-0.1806488 ,14.428665 ,-0.6446991,23.55002529,87.29870749 ,34.41600151062012,79.96038800051566 ,0.0,21:20:07 PM,1574005807622
1.4648895 ,16.820938 ,-1.5908356,23.55002529,87.29870749 ,34.41600151062012,79.96038800051566 ,0.0,21:20:07 PM,1574005807628
4.89476 ,14.388153 ,-0.44979858,23.55002529,87.29870749 ,34.41600151062012,79.96038800051566 ,0.0,21:20:07 PM,1574005807632
10.247192 ,11.2155 ,8.113632,23.55002529,87.29870749 ,34.41600151062012,79.96038800051566 ,0.0,21:20:07 PM,1574005807637
10.169006 ,6.6015015 ,15.695221,23.55002529,87.29870749 ,34.41600151062012,79.96038800051566 ,0.0,21:20:07 PM,1574005807644
2.4043274 ,2.953949 ,15.782318,23.55002529,87.29870749 ,34.41600151062012,79.96038800051566 ,0.0,21:20:07 PM,1574005807647
-3.1486816 ,3.2831726 ,18.928528,23.55002529,87.29870749 ,34.41600151062012,79.96038800051566 ,0.0,21:20:07 PM,1574005807651
-0.4949646 ,3.1220093 ,10.415802,23.55002529,87.29870749 ,34.41600151062012,79.96038800051566 ,0.0,21:20:07 PM,1574005807656
2.764206 ,7.761963 ,2.3930817,23.55002529,87.29870749 ,34.41600151062012,79.96038800051566 ,0.0,21:20:07 PM,1574005807664
-1.0999146 ,7.2859955 ,-3.426529,23.55002529,87.29870749 ,34.41600151062012,79.96038800051566 ,0.0,21:20:07 PM,1574005807665
-4.6044006 ,6.172867 ,3.7668152,23.55002529,87.29870749 ,34.41600151062012,79.96038800051566 ,0.0,21:20:07 PM,1574005807671
-1.9660492 ,1.317337 ,4.269806,23.55002529,87.29870749 ,34.41600151062012,79.96038800051566 ,0.0,21:20:07 PM,1574005807678
0.6486969 ,0.3290863 ,17.11966,23.55002529,87.29870749 ,34.41600151062012,79.96038800051566 ,0.0,21:20:07 PM,1574005807681
-0.32789612 ,-1.5412903 ,19.086838,23.55002529,87.29870749 ,34.41600151062012,79.96038800051566 ,0.0,21:20:07 PM,1574005807685
1.1835938 ,4.5451355 ,13.808868,23.55002529,87.29870749 ,34.41600151062012,79.96038800051566 ,0.0,21:20:07 PM,1574005807696
4.5954437 ,7.0349426 ,0.9693451,23.55002529,87.29870749 ,34.41600151062012,79.96038800051566 ,0.0,21:20:07 PM,1574005807700
3.0507507 ,10.027847 ,0.15393066,23.55002529,87.29870749 ,34.41600151062012,79.96038800051566 ,0.0,21:20:07 PM,1574005807704
-3.688675 ,6.294159 ,3.5939026,23.55002529,87.29870749 ,34.41600151062012,79.96038800051566 ,0.0,21:20:07 PM,1574005807712
-5.3499603 ,4.982971 ,12.220535,23.55002529,87.29870749 ,34.41600151062012,79.96038800051566 ,0.0,21:20:07 PM,1574005807716
0.7185364 ,5.2862396 ,14.892212,23.55002529,87.29870749 ,34.41600151062012,79.96038800051566 ,0.0,21:20:07 PM,1574005807718
5.864975 ,7.0626373 ,5.622101,23.55002529,87.29870749 ,34.41600151062012,79.96038800051566 ,0.0,21:20:07 PM,1574005807724
5.1813354 ,10.203354 ,1.9285126,23.55002529,87.29870749 ,34.41600151062012,79.96038800051566 ,0.0,21:20:07 PM,1574005807730
1.8994598 ,9.659958 ,0.025253296,23.55002529,87.29870749 ,34.41600151062012,79.96038800051566 ,0.0,21:20:07 PM,1574005807733
-2.0300293 ,6.731186 ,-1.0857086,23.55002529,87.29870749 ,34.41600151062012,79.96038800051566 ,0.0,21:20:07 PM,1574005807738
-5.1542206 ,5.104141 ,4.6661987,23.55002529,87.29870749 ,34.41600151062012,79.96038800051566 ,0.0,21:20:07 PM,1574005807744
-4.5295258 ,2.9253693 ,7.146118,23.55002529,87.29870749 ,34.41600151062012,79.96038800051566 ,0.0,21:20:07 PM,1574005807747
0.105911255 ,3.5097656 ,-0.5436096,23.55002529,87.29870749 ,34.41600151062012,79.96038800051566 ,0.0,21:20:07 PM,1574005807751
4.58461 ,11.090347 ,-2.5762024,23.55002529,87.29870749 ,34.41600151062012,79.96038800051566 ,0.0,21:20:07 PM,1574005807757
4.599762 ,15.520889 ,-8.223831,23.55002529,87.29870749 ,34.41600151062012,79.96038800051566 ,0.0,21:20:07 PM,1574005807763
1.675766 ,15.990112 ,-19.148972,23.55002529,87.29870749 ,34.41600151062012,79.96038800051566 ,0.0,21:20:07 PM,1574005807766
-0.18354797 ,19.412338 ,-10.841476,23.55002529,87.29870749 ,34.41600151062012,79.96038800051566 ,0.0,21:20:07 PM,1574005807771
-1.8292542 ,13.597961 ,-5.58667,23.55002529,87.29870749 ,34.41600151062012,79.96038800051566 ,0.0,21:20:07 PM,1574005807778
-2.86055 ,7.870758 ,4.912094,23.55002529,87.29870749 ,34.41600151062012,79.96038800051566 ,0.0,21:20:07 PM,1574005807781
0.030914307 ,4.716919 ,8.639435,23.55002529,87.29870749 ,34.41600151062012,79.96038800051566 ,0.0,21:20:07 PM,1574005807786
5.0584106 ,6.5919647 ,5.9344177,23.55002529,87.29870749 ,34.41600151062012,79.96038800051566 ,0.0,21:20:07 PM,1574005807790
5.6649933 ,9.595886 ,7.726013,23.55002529,87.29870749 ,34.41600151062012,79.96038800051566 ,0.0,21:20:07 PM,1574005807797
1.7184296 ,10.968918 ,17.329208,23.55002529,87.29870749 ,34.41600151062012,79.96038800051566 ,0.0,21:20:07 PM,1574005807800
-3.4133759 ,5.874298 ,13.611023,23.55002529,87.29870749 ,34.41600151062012,79.96038800051566 ,0.0,21:20:07 PM,1574005807805
-6.6969757 ,6.568695 ,25.27887,23.55002529,87.29870749 ,34.41600151062012,79.96038800051566 ,0.0,21:20:07 PM,1574005807812
-7.423752 ,-1.0539703 ,23.061539,23.55002529,87.29870749 ,34.41600151062012,79.96038800051566 ,0.0,21:20:07 PM,1574005807814
-3.771576 ,-5.916565 ,24.954315,23.55002529,87.29870749 ,34.41600151062012,79.96038800051566 ,0.0,21:20:07 PM,1574005807824
1.4348755 ,-9.931122 ,27.00241,23.55002529,87.29870749 ,34.41600151062012,79.96038800051566 ,0.0,21:20:07 PM,1574005807829
2.1780243 ,-4.600006 ,31.728516,23.55002529,87.29870749 ,34.41600151062012,79.96038800051566 ,0.0,21:20:07 PM,1574005807835
-1.6016846 ,-6.5333405 ,7.3952484,23.55002529,87.29870749 ,34.41600151062012,79.96038800051566 ,0.0,21:20:07 PM,1574005807839
-5.175186 ,4.9059296 ,-0.34031677,23.55002529,87.29870749 ,34.41600151062012,79.96038800051566 ,0.0,21:20:07 PM,1574005807846
-6.7541504 ,14.694077 ,-4.1460876,23.55002529,87.29870749 ,34.41600151062012,79.96038800051566 ,0.0,21:20:07 PM,1574005807848
-4.6946106 ,18.900085 ,14.173233,23.55002529,87.29870749 ,34.41600151062012,79.96038800051566 ,0.0,21:20:07 PM,1574005807853
5.652771 ,10.032822 ,10.218887,23.55002529,87.29870749 ,34.41600151062012,79.96038800051566 ,0.0,21:20:07 PM,1574005807858
18.042725 ,9.200592 ,21.836288,23.55002529,87.29870749 ,34.41600151062012,79.96038800051566 ,0.0,21:20:07 PM,1574005807864
18.496017 ,0.78419495 ,22.939514,23.55002529,87.29870749 ,34.41600151062012,79.96038800051566 ,0.0,21:20:07 PM,1574005807867
6.296921 ,-3.918518 ,27.010452,23.55002529,87.29870749 ,34.41600151062012,79.96038800051566 ,0.0,21:20:07 PM,1574005807873
-4.538788 ,-5.0533447 ,25.167786,23.55002529,87.29870749 ,34.41600151062012,79.96038800051566 ,0.0,21:20:07 PM,1574005807881
-4.116928 ,2.3224335 ,14.785202,23.55002529,87.29870749 ,34.41600151062012,79.96038800051566 ,0.0,21:20:07 PM,1574005807884
