x,y,z,latitude,longitude,speed,sound,light,time,timestamp
-0.4738617 ,4.6848297 ,10.44397,23.54894773,87.300507 ,19.9439998626709,75.16285397393719 ,0.0,21:19:41 PM,1574005781520
3.249878 ,5.8746796 ,2.2655792,23.54894773,87.300507 ,19.9439998626709,75.16285397393719 ,0.0,21:19:41 PM,1574005781530
5.3910675 ,11.41449 ,9.03598,23.54894773,87.300507 ,19.9439998626709,75.16285397393719 ,0.0,21:19:41 PM,1574005781536
2.1980896 ,9.3758545 ,0.76960754,23.54894773,87.300507 ,19.9439998626709,75.16285397393719 ,0.0,21:19:41 PM,1574005781540
-2.1243896 ,6.7935333 ,-0.6677551,23.54894773,87.300507 ,19.9439998626709,75.16285397393719 ,0.0,21:19:41 PM,1574005781545
-2.9454956 ,8.635254 ,12.13768,23.54894773,87.300507 ,19.9439998626709,75.16285397393719 ,0.0,21:19:41 PM,1574005781552
-1.2128143 ,4.0812073 ,9.528351,23.54894773,87.300507 ,19.9439998626709,75.16285397393719 ,0.0,21:19:41 PM,1574005781554
1.5 ,4.4996033 ,12.733551,23.54894773,87.300507 ,19.9439998626709,75.16285397393719 ,0.0,21:19:41 PM,1574005781558
3.140503 ,4.864975 ,10.792679,23.54894773,87.300507 ,19.9439998626709,75.16285397393719 ,0.0,21:19:41 PM,1574005781564
2.3384247 ,6.2909546 ,4.7845764,23.54894773,87.300507 ,19.9439998626709,75.16285397393719 ,0.0,21:19:41 PM,1574005781574
1.0157776 ,9.043549 ,2.5848846,23.54894773,87.300507 ,19.9439998626709,75.16285397393719 ,0.0,21:19:41 PM,1574005781575
0.16099548 ,10.598358 ,0.97439575,23.54894773,87.300507 ,19.9439998626709,75.16285397393719 ,0.0,21:19:41 PM,1574005781577
-1.4250641 ,9.262756 ,-1.6070404,23.54894773,87.300507 ,19.9439998626709,75.16285397393719 ,0.0,21:19:41 PM,1574005781585
-2.6588135 ,8.417938 ,4.7563324,23.54894773,87.300507 ,19.9439998626709,75.16285397393719 ,0.0,21:19:41 PM,1574005781587
-1.6769104 ,5.9015656 ,10.502686,23.54894773,87.300507 ,19.9439998626709,75.16285397393719 ,0.0,21:19:41 PM,1574005781592
0.48942566 ,4.020767 ,9.838226,23.54894773,87.300507 ,19.9439998626709,75.16285397393719 ,0.0,21:19:41 PM,1574005781596
1.3728485 ,4.9657745 ,10.699005,23.54894773,87.300507 ,19.9439998626709,75.16285397393719 ,0.0,21:19:41 PM,1574005781602
1.5140228 ,5.478485 ,9.913269,23.54894773,87.300507 ,19.9439998626709,75.16285397393719 ,0.0,21:19:41 PM,1574005781606
3.5186157 ,6.010895 ,7.007675,23.54894773,87.300507 ,19.9439998626709,75.16285397393719 ,0.0,21:19:41 PM,1574005781611
4.434845 ,6.37825 ,7.8977966,23.54894773,87.300507 ,19.9439998626709,75.16285397393719 ,0.0,21:19:41 PM,1574005781619
1.0360107 ,5.100403 ,5.6244354,23.54894773,87.300507 ,19.9439998626709,75.16285397393719 ,0.0,21:19:41 PM,1574005781621
-2.2425385 ,6.4879913 ,4.5825195,23.54894773,87.300507 ,19.9439998626709,75.16285397393719 ,0.0,21:19:41 PM,1574005781626
-2.3173523 ,8.898453 ,5.288025,23.54894773,87.300507 ,19.9439998626709,75.16285397393719 ,0.0,21:19:41 PM,1574005781630
-1.9964447 ,8.388504 ,1.190567,23.54894773,87.300507 ,19.9439998626709,75.16285397393719 ,0.0,21:19:41 PM,1574005781636
-0.9897766 ,11.35054 ,0.55474854,23.54894773,87.300507 ,19.9439998626709,75.16285397393719 ,0.0,21:19:41 PM,1574005781640
1.694397 ,12.3016815 ,3.6372833,23.54894773,87.300507 ,19.9439998626709,75.16285397393719 ,0.0,21:19:41 PM,1574005781645
2.7563477 ,10.595825 ,5.065201,23.54894773,87.300507 ,19.9439998626709,75.16285397393719 ,0.0,21:19:41 PM,1574005781651
1.139389 ,5.859024 ,4.3404846,23.54894773,87.300507 ,19.9439998626709,75.16285397393719 ,0.0,21:19:41 PM,1574005781659
-0.79403687 ,6.2627716 ,13.517014,23.54894773,87.300507 ,19.9439998626709,75.16285397393719 ,0.0,21:19:41 PM,1574005781663
-0.8339386 ,1.8225098 ,14.089294,23.54894773,87.300507 ,19.9439998626709,75.16285397393719 ,0.0,21:19:41 PM,1574005781669
3.4147797 ,1.951004 ,18.18628,23.54894773,87.300507 ,19.9439998626709,75.16285397393719 ,0.0,21:19:41 PM,1574005781673
6.8664856 ,2.7269745 ,13.612228,23.54894773,87.300507 ,19.9439998626709,75.16285397393719 ,0.0,21:19:41 PM,1574005781678
3.5307922 ,6.0289307 ,7.1518097,23.54894773,87.300507 ,19.9439998626709,75.16285397393719 ,0.0,21:19:41 PM,1574005781688
-1.980423 ,7.956558 ,3.283371,23.54894773,87.300507 ,19.9439998626709,75.16285397393719 ,0.0,21:19:41 PM,1574005781688
-2.9599457 ,7.949112 ,1.5833435,23.54894773,87.300507 ,19.9439998626709,75.16285397393719 ,0.0,21:19:41 PM,1574005781692
-0.6350708 ,7.51828 ,3.322281,23.54894773,87.300507 ,19.9439998626709,75.16285397393719 ,0.0,21:19:41 PM,1574005781697
1.7747498 ,7.0336456 ,10.58725,23.54894773,87.300507 ,19.9439998626709,75.16285397393719 ,0.0,21:19:41 PM,1574005781702
4.016632 ,5.069336 ,9.678574,23.54894773,87.300507 ,19.9439998626709,75.16285397393719 ,0.0,21:19:41 PM,1574005781707
3.9857178 ,6.0795135 ,6.251663,23.54894773,87.300507 ,19.9439998626709,75.16285397393719 ,0.0,21:19:41 PM,1574005781711
0.45791626 ,7.5722656 ,5.143738,23.54894773,87.300507 ,19.9439998626709,75.16285397393719 ,0.0,21:19:41 PM,1574005781718
-1.786026 ,7.6138153 ,3.8683472,23.54894773,87.300507 ,19.9439998626709,75.16285397393719 ,0.0,21:19:41 PM,1574005781722
0.056610107 ,10.257492 ,5.158554,23.54894773,87.300507 ,19.9439998626709,75.16285397393719 ,0.0,21:19:41 PM,1574005781727
1.4777069 ,10.115723 ,1.2863159,23.54894773,87.300507 ,19.9439998626709,75.16285397393719 ,0.0,21:19:41 PM,1574005781731
0.26853943 ,10.196777 ,0.97639465,23.54894773,87.300507 ,19.9439998626709,75.16285397393719 ,0.0,21:19:41 PM,1574005781736
-0.14335632 ,10.55603 ,3.2336884,23.54894773,87.300507 ,19.9439998626709,75.16285397393719 ,0.0,21:19:41 PM,1574005781740
0.63557434 ,7.95842 ,5.2638245,23.54894773,87.300507 ,19.9439998626709,75.16285397393719 ,0.0,21:19:41 PM,1574005781745
0.051376343 ,5.5233307 ,9.674591,23.54894773,87.300507 ,19.9439998626709,75.16285397393719 ,0.0,21:19:41 PM,1574005781752
-0.8567352 ,7.083191 ,14.099823,23.54894773,87.300507 ,19.9439998626709,75.16285397393719 ,0.0,21:19:41 PM,1574005781755
-0.58010864 ,3.9171448 ,6.957123,23.54894773,87.300507 ,19.9439998626709,75.16285397393719 ,0.0,21:19:41 PM,1574005781759
1.7675018 ,4.765518 ,11.438293,23.54894773,87.300507 ,19.9439998626709,75.16285397393719 ,0.0,21:19:41 PM,1574005781765
5.379669 ,4.8975525 ,11.619736,23.54894773,87.300507 ,19.9439998626709,75.16285397393719 ,0.0,21:19:41 PM,1574005781770
4.8724365 ,4.1866302 ,9.726593,23.54894773,87.300507 ,19.9439998626709,75.16285397393719 ,0.0,21:19:41 PM,1574005781775
-1.7304993 ,5.007843 ,9.890976,23.54894773,87.300507 ,19.9439998626709,75.16285397393719 ,0.0,21:19:41 PM,1574005781779
-6.6678467 ,7.6904907 ,6.094574,23.54894773,87.300507 ,19.9439998626709,75.16285397393719 ,0.0,21:19:41 PM,1574005781789
-4.756424 ,6.402649 ,-1.3582916,23.54894773,87.300507 ,19.9439998626709,75.16285397393719 ,0.0,21:19:41 PM,1574005781793
1.1117096 ,9.89592 ,4.7213135,23.54894773,87.300507 ,19.9439998626709,75.16285397393719 ,0.0,21:19:41 PM,1574005781797
5.821045 ,9.682388 ,5.6874847,23.54894773,87.300507 ,19.9439998626709,75.16285397393719 ,0.0,21:19:41 PM,1574005781804
5.602234 ,7.284973 ,4.861206,23.54894773,87.300507 ,19.9439998626709,75.16285397393719 ,0.0,21:19:41 PM,1574005781813
1.6108551 ,8.305923 ,6.1315002,23.54894773,87.300507 ,19.9439998626709,75.16285397393719 ,0.0,21:19:41 PM,1574005781814
-1.8206635 ,9.8962555 ,6.4861298,23.54894773,87.300507 ,19.9439998626709,75.16285397393719 ,0.0,21:19:41 PM,1574005781820
-2.9671326 ,6.7372894 ,-0.17680359,23.54894773,87.300507 ,19.9439998626709,75.16285397393719 ,0.0,21:19:41 PM,1574005781822
-1.4784088 ,6.744049 ,3.0648499,23.54894773,87.300507 ,19.9439998626709,75.16285397393719 ,0.0,21:19:41 PM,1574005781826
2.5239105 ,7.7135773 ,9.0421295,23.54894773,87.300507 ,19.9439998626709,75.16285397393719 ,0.0,21:19:41 PM,1574005781831
4.9735413 ,6.37912 ,7.0996094,23.54894773,87.300507 ,19.9439998626709,75.16285397393719 ,0.0,21:19:41 PM,1574005781839
2.5125427 ,7.6008606 ,6.8514404,23.54894773,87.300507 ,19.9439998626709,75.16285397393719 ,0.0,21:19:41 PM,1574005781842
-2.9804535 ,7.139038 ,8.6332245,23.54894773,87.300507 ,19.9439998626709,75.16285397393719 ,1.0,21:19:41 PM,1574005781848
-5.356659 ,3.5971527 ,9.6657715,23.54894773,87.300507 ,19.9439998626709,75.16285397393719 ,1.0,21:19:41 PM,1574005781854
-0.72676086 ,3.493393 ,15.007629,23.54894773,87.300507 ,19.9439998626709,75.16285397393719 ,1.0,21:19:41 PM,1574005781857
5.067444 ,3.5043488 ,15.314011,23.54894773,87.300507 ,19.9439998626709,75.16285397393719 ,1.0,21:19:41 PM,1574005781860
5.3334503 ,4.051605 ,10.623688,23.54894773,87.300507 ,19.9439998626709,75.16285397393719 ,1.0,21:19:41 PM,1574005781865
2.4649048 ,8.020966 ,10.054932,23.54894773,87.300507 ,19.9439998626709,75.16285397393719 ,1.0,21:19:41 PM,1574005781871
0.017364502 ,8.02771 ,0.71591187,23.54894773,87.300507 ,19.9439998626709,75.16285397393719 ,1.0,21:19:41 PM,1574005781875
-1.6082306 ,8.115677 ,-4.7179565,23.54894773,87.300507 ,19.9439998626709,75.16285397393719 ,1.0,21:19:41 PM,1574005781880
-1.3820343 ,11.039444 ,3.8495789,23.54894773,87.300507 ,19.9439998626709,75.16285397393719 ,1.0,21:19:41 PM,1574005781890
1.5784302 ,7.598236 ,4.1540527,23.54894773,87.300507 ,19.9439998626709,75.16285397393719 ,1.0,21:19:41 PM,1574005781891
5.2285156 ,6.815155 ,7.0628357,23.54894773,87.300507 ,19.9439998626709,75.16285397393719 ,1.0,21:19:41 PM,1574005781894
5.1532593 ,8.814392 ,8.769241,23.54894773,87.300507 ,19.9439998626709,75.16285397393719 ,1.0,21:19:41 PM,1574005781897
0.07701111 ,8.4266205 ,4.3454437,23.54898341,87.30047556 ,22.463999176025393,75.16285397393719 ,1.0,21:19:41 PM,1574005781903
-4.099777 ,7.0117035 ,2.6620178,23.54898341,87.30047556 ,22.463999176025393,75.16285397393719 ,1.0,21:19:41 PM,1574005781907
-2.4239044 ,7.369278 ,7.155792,23.54898341,87.30047556 ,22.463999176025393,75.16285397393719 ,1.0,21:19:41 PM,1574005781912
1.4573975 ,4.1730957 ,6.4463654,23.54898341,87.30047556 ,22.463999176025393,75.16285397393719 ,1.0,21:19:41 PM,1574005781922
3.5694275 ,6.614929 ,11.7513275,23.54898341,87.30047556 ,22.463999176025393,75.16285397393719 ,1.0,21:19:41 PM,1574005781926
3.176178 ,6.0905457 ,7.6934204,23.54898341,87.30047556 ,22.463999176025393,75.16285397393719 ,1.0,21:19:41 PM,1574005781931
0.068573 ,6.6069794 ,1.3733673,23.54898341,87.30047556 ,22.463999176025393,75.16285397393719 ,1.0,21:19:41 PM,1574005781940
-2.3615875 ,8.5269165 ,2.717636,23.54898341,87.30047556 ,22.463999176025393,75.16285397393719 ,1.0,21:19:41 PM,1574005781942
-0.5008545 ,8.826401 ,8.426559,23.54898341,87.30047556 ,22.463999176025393,75.16285397393719 ,1.0,21:19:41 PM,1574005781946
2.9140015 ,6.7327423 ,7.656845,23.54898341,87.30047556 ,22.463999176025393,75.16285397393719 ,1.0,21:19:41 PM,1574005781953
2.9754791 ,7.099762 ,9.246048,23.54898341,87.30047556 ,22.463999176025393,75.16285397393719 ,1.0,21:19:41 PM,1574005781957
-0.123687744 ,5.7677 ,11.325287,23.54898341,87.30047556 ,22.463999176025393,75.16285397393719 ,1.0,21:19:41 PM,1574005781961
-1.2469482 ,6.2999268 ,9.185287,23.54898341,87.30047556 ,22.463999176025393,75.16285397393719 ,1.0,21:19:41 PM,1574005781966
0.29327393 ,6.8151245 ,3.2470703,23.54898341,87.30047556 ,22.463999176025393,75.16285397393719 ,1.0,21:19:41 PM,1574005781970
0.7457733 ,7.602997 ,5.138382,23.54898341,87.30047556 ,22.463999176025393,75.16285397393719 ,1.0,21:19:41 PM,1574005781976
1.06604 ,8.39888 ,8.992767,23.54898341,87.30047556 ,22.463999176025393,74.31654947643186 ,1.0,21:19:41 PM,1574005781981
1.9659576 ,8.193665 ,7.40007,23.54898341,87.30047556 ,22.463999176025393,74.31654947643186 ,1.0,21:19:41 PM,1574005781986
-0.18034363 ,6.743164 ,3.8930817,23.54898341,87.30047556 ,22.463999176025393,74.31654947643186 ,1.0,21:19:41 PM,1574005781990
-3.1050415 ,7.221512 ,8.641907,23.54898341,87.30047556 ,22.463999176025393,74.31654947643186 ,1.0,21:19:41 PM,1574005781995
-1.2628479 ,6.106308 ,10.027756,23.54898341,87.30047556 ,22.463999176025393,74.31654947643186 ,1.0,21:19:41 PM,1574005782000
3.0181427 ,5.0920563 ,7.806839,23.54898341,87.30047556 ,22.463999176025393,74.31654947643186 ,1.0,21:19:42 PM,1574005782006
3.9513245 ,7.900528 ,9.308762,23.54898341,87.30047556 ,22.463999176025393,74.31654947643186 ,1.0,21:19:42 PM,1574005782009
0.74424744 ,6.5878906 ,2.5051422,23.54898341,87.30047556 ,22.463999176025393,74.31654947643186 ,1.0,21:19:42 PM,1574005782015
