x,y,z,latitude,longitude,speed,sound,light,time,timestamp
-1.2462463 ,12.020294 ,0.12199402,23.54886564,87.30059543 ,6.0479998111724855,82.71326350073785 ,0.0,21:19:38 PM,1574005778539
-0.8937988 ,10.053864 ,-3.1226654,23.54886564,87.30059543 ,6.0479998111724855,82.71326350073785 ,0.0,21:19:38 PM,1574005778544
2.4920807 ,10.424408 ,4.5358276,23.54886564,87.30059543 ,6.0479998111724855,82.71326350073785 ,0.0,21:19:38 PM,1574005778549
3.5839539 ,7.298218 ,7.6098022,23.54886564,87.30059543 ,6.0479998111724855,82.71326350073785 ,0.0,21:19:38 PM,1574005778556
0.013504028 ,5.4447327 ,10.47374,23.54886564,87.30059543 ,6.0479998111724855,82.71326350073785 ,0.0,21:19:38 PM,1574005778558
-2.0643768 ,6.0619507 ,10.3836975,23.54886564,87.30059543 ,6.0479998111724855,82.71326350073785 ,0.0,21:19:38 PM,1574005778564
-0.56388855 ,7.6495667 ,9.0499115,23.54886564,87.30059543 ,6.0479998111724855,82.71326350073785 ,0.0,21:19:38 PM,1574005778568
1.3144073 ,8.2929535 ,5.8136597,23.54886564,87.30059543 ,6.0479998111724855,82.71326350073785 ,0.0,21:19:38 PM,1574005778572
2.869873 ,7.9489136 ,3.4278107,23.54886564,87.30059543 ,6.0479998111724855,82.71326350073785 ,0.0,21:19:38 PM,1574005778579
3.3182373 ,7.691986 ,6.5947113,23.54886564,87.30059543 ,6.0479998111724855,82.71326350073785 ,0.0,21:19:38 PM,1574005778582
1.2398071 ,3.8140259 ,8.508087,23.54886564,87.30059543 ,6.0479998111724855,82.71326350073785 ,0.0,21:19:38 PM,1574005778587
-1.0933838 ,2.8073883 ,12.567108,23.54886564,87.30059543 ,6.0479998111724855,82.71326350073785 ,0.0,21:19:38 PM,1574005778591
-1.9903717 ,4.5281982 ,16.212067,23.54886564,87.30059543 ,6.0479998111724855,82.71326350073785 ,0.0,21:19:38 PM,1574005778597
-1.9257202 ,4.1575165 ,7.3555145,23.54886564,87.30059543 ,6.0479998111724855,82.71326350073785 ,0.0,21:19:38 PM,1574005778602
-0.1618042 ,8.939636 ,4.169037,23.54886564,87.30059543 ,6.0479998111724855,82.71326350073785 ,0.0,21:19:38 PM,1574005778605
2.9450989 ,10.726608 ,2.1000519,23.54886564,87.30059543 ,6.0479998111724855,82.71326350073785 ,0.0,21:19:38 PM,1574005778611
4.085373 ,9.881332 ,2.5936584,23.54886564,87.30059543 ,6.0479998111724855,82.71326350073785 ,0.0,21:19:38 PM,1574005778615
1.9369507 ,8.468613 ,3.8701172,23.54886564,87.30059543 ,6.0479998111724855,82.71326350073785 ,0.0,21:19:38 PM,1574005778619
-2.247055 ,9.233871 ,10.9135895,23.54886564,87.30059543 ,6.0479998111724855,82.71326350073785 ,0.0,21:19:38 PM,1574005778624
-4.401642 ,4.7995453 ,10.076553,23.54886564,87.30059543 ,6.0479998111724855,72.5349225614057 ,0.0,21:19:38 PM,1574005778635
-0.5603485 ,5.2669067 ,8.925491,23.54886564,87.30059543 ,6.0479998111724855,72.5349225614057 ,0.0,21:19:38 PM,1574005778639
5.052185 ,7.0724945 ,9.217468,23.54886564,87.30059543 ,6.0479998111724855,72.5349225614057 ,0.0,21:19:38 PM,1574005778646
5.293396 ,7.4412384 ,7.5906677,23.54886564,87.30059543 ,6.0479998111724855,72.5349225614057 ,0.0,21:19:38 PM,1574005778649
2.0391083 ,6.650467 ,2.5000305,23.54886564,87.30059543 ,6.0479998111724855,72.5349225614057 ,0.0,21:19:38 PM,1574005778653
-0.9933624 ,9.868393 ,5.881836,23.54886564,87.30059543 ,6.0479998111724855,72.5349225614057 ,0.0,21:19:38 PM,1574005778658
-3.4724884 ,7.431427 ,5.725815,23.54886564,87.30059543 ,6.0479998111724855,72.5349225614057 ,0.0,21:19:38 PM,1574005778664
-2.4253387 ,5.2779236 ,3.8016052,23.54886564,87.30059543 ,6.0479998111724855,72.5349225614057 ,0.0,21:19:38 PM,1574005778668
2.32724 ,6.912201 ,6.1315613,23.54886564,87.30059543 ,6.0479998111724855,72.5349225614057 ,0.0,21:19:38 PM,1574005778673
3.558197 ,8.214233 ,5.592407,23.54886564,87.30059543 ,6.0479998111724855,72.5349225614057 ,0.0,21:19:38 PM,1574005778678
-0.4227295 ,7.358719 ,1.1794128,23.54886564,87.30059543 ,6.0479998111724855,72.5349225614057 ,0.0,21:19:38 PM,1574005778683
-2.202713 ,9.31778 ,3.4958496,23.54886564,87.30059543 ,6.0479998111724855,72.5349225614057 ,0.0,21:19:38 PM,1574005778687
0.038742065 ,8.280441 ,5.170166,23.54886564,87.30059543 ,6.0479998111724855,72.5349225614057 ,0.0,21:19:38 PM,1574005778692
1.3896484 ,5.8463593 ,5.307022,23.54886564,87.30059543 ,6.0479998111724855,72.5349225614057 ,0.0,21:19:38 PM,1574005778698
0.53611755 ,5.558243 ,7.2313232,23.54886564,87.30059543 ,6.0479998111724855,72.5349225614057 ,0.0,21:19:38 PM,1574005778702
-0.9285126 ,5.9079742 ,8.360931,23.54886564,87.30059543 ,6.0479998111724855,72.5349225614057 ,0.0,21:19:38 PM,1574005778707
-1.581665 ,6.3491364 ,6.217987,23.54886564,87.30059543 ,6.0479998111724855,72.5349225614057 ,0.0,21:19:38 PM,1574005778714
0.317688 ,8.589691 ,6.1138153,23.54886564,87.30059543 ,6.0479998111724855,72.5349225614057 ,0.0,21:19:38 PM,1574005778716
3.0609741 ,8.96254 ,5.781952,23.54886564,87.30059543 ,6.0479998111724855,72.5349225614057 ,0.0,21:19:38 PM,1574005778721
3.4138947 ,8.891418 ,5.4348145,23.54886564,87.30059543 ,6.0479998111724855,72.5349225614057 ,0.0,21:19:38 PM,1574005778727
1.7709045 ,6.0800934 ,5.512085,23.54886564,87.30059543 ,6.0479998111724855,72.5349225614057 ,0.0,21:19:38 PM,1574005778732
0.29618835 ,5.7099304 ,12.527008,23.54886564,87.30059543 ,6.0479998111724855,72.5349225614057 ,0.0,21:19:38 PM,1574005778735
-0.3548584 ,2.301529 ,12.205048,23.54886564,87.30059543 ,6.0479998111724855,72.5349225614057 ,0.0,21:19:38 PM,1574005778740
-0.0675354 ,3.764038 ,13.518112,23.54886564,87.30059543 ,6.0479998111724855,72.5349225614057 ,0.0,21:19:38 PM,1574005778749
-0.04182434 ,5.474533 ,14.59407,23.54886564,87.30059543 ,6.0479998111724855,72.5349225614057 ,0.0,21:19:38 PM,1574005778751
-0.36515808 ,4.0648193 ,4.969696,23.54886564,87.30059543 ,6.0479998111724855,72.5349225614057 ,0.0,21:19:38 PM,1574005778754
-0.21781921 ,7.0385437 ,1.7256317,23.54886564,87.30059543 ,6.0479998111724855,72.5349225614057 ,0.0,21:19:38 PM,1574005778765
-0.6182709 ,9.116165 ,1.1681671,23.54886564,87.30059543 ,6.0479998111724855,72.5349225614057 ,0.0,21:19:38 PM,1574005778768
-1.2085419 ,8.496429 ,1.671341,23.54886564,87.30059543 ,6.0479998111724855,72.5349225614057 ,0.0,21:19:38 PM,1574005778773
-0.50497437 ,10.236755 ,2.996704,23.54886564,87.30059543 ,6.0479998111724855,72.5349225614057 ,0.0,21:19:38 PM,1574005778781
1.1373138 ,10.395523 ,2.8048248,23.54886564,87.30059543 ,6.0479998111724855,72.5349225614057 ,0.0,21:19:38 PM,1574005778784
0.80992126 ,9.5408325 ,1.9240112,23.54886564,87.30059543 ,6.0479998111724855,72.5349225614057 ,0.0,21:19:38 PM,1574005778789
-0.3467865 ,9.179596 ,3.9812317,23.54886564,87.30059543 ,6.0479998111724855,72.5349225614057 ,0.0,21:19:38 PM,1574005778794
0.092453 ,6.7658234 ,6.91362,23.54886564,87.30059543 ,6.0479998111724855,72.5349225614057 ,0.0,21:19:38 PM,1574005778800
1.9629364 ,5.6948547 ,9.770142,23.54886564,87.30059543 ,6.0479998111724855,72.5349225614057 ,0.0,21:19:38 PM,1574005778803
3.1377563 ,5.8948517 ,9.739075,23.54886564,87.30059543 ,6.0479998111724855,72.5349225614057 ,0.0,21:19:38 PM,1574005778808
1.5085449 ,6.5619965 ,10.186005,23.54886564,87.30059543 ,6.0479998111724855,72.5349225614057 ,0.0,21:19:38 PM,1574005778815
-1.5537567 ,5.270584 ,8.381683,23.54886564,87.30059543 ,6.0479998111724855,72.5349225614057 ,0.0,21:19:38 PM,1574005778817
-1.9636841 ,5.1021423 ,7.935013,23.54886564,87.30059543 ,6.0479998111724855,72.5349225614057 ,0.0,21:19:38 PM,1574005778821
-0.19503784 ,5.15625 ,10.493347,23.54886564,87.30059543 ,6.0479998111724855,72.5349225614057 ,0.0,21:19:38 PM,1574005778826
1.396225 ,4.650528 ,11.10936,23.54886564,87.30059543 ,6.0479998111724855,72.5349225614057 ,0.0,21:19:38 PM,1574005778831
2.3628693 ,5.4421234 ,7.8795624,23.54886564,87.30059543 ,6.0479998111724855,72.5349225614057 ,0.0,21:19:38 PM,1574005778836
1.5395813 ,7.8424683 ,7.8747253,23.54886564,87.30059543 ,6.0479998111724855,72.5349225614057 ,0.0,21:19:38 PM,1574005778840
-0.5782318 ,7.03479 ,3.085373,23.54886564,87.30059543 ,6.0479998111724855,72.5349225614057 ,0.0,21:19:38 PM,1574005778847
-0.45046997 ,8.7308655 ,0.7606964,23.54886564,87.30059543 ,6.0479998111724855,72.5349225614057 ,0.0,21:19:38 PM,1574005778850
1.3680878 ,11.019165 ,2.1258392,23.54886564,87.30059543 ,6.0479998111724855,72.5349225614057 ,0.0,21:19:38 PM,1574005778854
1.3114777 ,9.869583 ,0.28840637,23.54886564,87.30059543 ,6.0479998111724855,72.5349225614057 ,0.0,21:19:38 PM,1574005778860
1.3559265 ,10.666183 ,1.9372864,23.54886564,87.30059543 ,6.0479998111724855,72.5349225614057 ,0.0,21:19:38 PM,1574005778872
3.2082062 ,10.753387 ,4.25235,23.54886564,87.30059543 ,6.0479998111724855,72.5349225614057 ,0.0,21:19:38 PM,1574005778874
1.5314484 ,7.695999 ,2.8800201,23.54886564,87.30059543 ,6.0479998111724855,72.5349225614057 ,0.0,21:19:38 PM,1574005778875
-3.5503998 ,6.9276886 ,7.8493347,23.54888523,87.30057721 ,12.384000205993653,72.5349225614057 ,0.0,21:19:38 PM,1574005778881
-4.3613586 ,4.118149 ,7.44812,23.54888523,87.30057721 ,12.384000205993653,72.5349225614057 ,0.0,21:19:38 PM,1574005778884
0.5688324 ,4.8729706 ,14.340561,23.54888523,87.30057721 ,12.384000205993653,72.5349225614057 ,0.0,21:19:38 PM,1574005778888
5.1911163 ,3.9101105 ,11.1809845,23.54888523,87.30057721 ,12.384000205993653,72.5349225614057 ,0.0,21:19:38 PM,1574005778899
5.2117004 ,7.758377 ,11.033203,23.54888523,87.30057721 ,12.384000205993653,72.5349225614057 ,0.0,21:19:38 PM,1574005778903
0.1717987 ,7.2281494 ,5.2341614,23.54888523,87.30057721 ,12.384000205993653,72.5349225614057 ,0.0,21:19:38 PM,1574005778907
-4.092087 ,8.754013 ,1.4954681,23.54888523,87.30057721 ,12.384000205993653,72.5349225614057 ,0.0,21:19:38 PM,1574005778914
-1.9188843 ,8.029663 ,1.0545044,23.54888523,87.30057721 ,12.384000205993653,72.5349225614057 ,0.0,21:19:38 PM,1574005778917
3.4923096 ,8.665955 ,7.3563232,23.54888523,87.30057721 ,12.384000205993653,72.5349225614057 ,0.0,21:19:38 PM,1574005778922
5.9137726 ,6.929291 ,8.22699,23.54888523,87.30057721 ,12.384000205993653,72.5349225614057 ,0.0,21:19:38 PM,1574005778931
4.0260468 ,7.464615 ,11.714188,23.54888523,87.30057721 ,12.384000205993653,72.5349225614057 ,0.0,21:19:38 PM,1574005778933
-0.13313293 ,6.877716 ,10.759964,23.54888523,87.30057721 ,12.384000205993653,72.5349225614057 ,0.0,21:19:38 PM,1574005778937
-2.3523254 ,4.9997253 ,6.710556,23.54888523,87.30057721 ,12.384000205993653,72.5349225614057 ,0.0,21:19:38 PM,1574005778941
-0.028518677 ,5.6833344 ,10.05278,23.54888523,87.30057721 ,12.384000205993653,72.5349225614057 ,0.0,21:19:38 PM,1574005778948
3.6377716 ,5.8556824 ,10.991425,23.54888523,87.30057721 ,12.384000205993653,72.5349225614057 ,0.0,21:19:38 PM,1574005778951
4.4404907 ,5.541092 ,6.698456,23.54888523,87.30057721 ,12.384000205993653,72.5349225614057 ,0.0,21:19:38 PM,1574005778957
2.0776367 ,9.10289 ,7.438919,23.54888523,87.30057721 ,12.384000205993653,72.5349225614057 ,0.0,21:19:38 PM,1574005778966
-1.4015808 ,9.178345 ,2.3229675,23.54888523,87.30057721 ,12.384000205993653,72.5349225614057 ,0.0,21:19:38 PM,1574005778968
-2.4316406 ,10.1642 ,-0.6539612,23.54888523,87.30057721 ,12.384000205993653,72.5349225614057 ,0.0,21:19:38 PM,1574005778970
0.911499 ,10.879852 ,0.9307709,23.54888523,87.30057721 ,12.384000205993653,72.5349225614057 ,0.0,21:19:38 PM,1574005778977
4.701828 ,10.715622 ,4.322571,23.54888523,87.30057721 ,12.384000205993653,72.5349225614057 ,0.0,21:19:38 PM,1574005778984
4.890259 ,10.0035095 ,3.1803741,23.54888523,87.30057721 ,12.384000205993653,72.5349225614057 ,0.0,21:19:38 PM,1574005778985
2.6442719 ,10.621445 ,5.3572693,23.54888523,87.30057721 ,12.384000205993653,72.5349225614057 ,0.0,21:19:38 PM,1574005778989
-0.26254272 ,8.4175415 ,5.4633026,23.54888523,87.30057721 ,12.384000205993653,72.5349225614057 ,0.0,21:19:38 PM,1574005778997
-2.1948395 ,6.8289795 ,5.919693,23.54888523,87.30057721 ,12.384000205993653,72.5349225614057 ,0.0,21:19:38 PM,1574005778998
-0.9400177 ,5.4151917 ,9.178452,23.54888523,87.30057721 ,12.384000205993653,72.5349225614057 ,0.0,21:19:39 PM,1574005779003
2.501999 ,5.1021423 ,12.233871,23.54888523,87.30057721 ,12.384000205993653,72.5349225614057 ,0.0,21:19:39 PM,1574005779008
4.542206 ,3.276703 ,7.576477,23.54888523,87.30057721 ,12.384000205993653,72.5349225614057 ,0.0,21:19:39 PM,1574005779014
2.9074707 ,7.756485 ,11.829056,23.54888523,87.30057721 ,12.384000205993653,72.5349225614057 ,0.0,21:19:39 PM,1574005779018
-3.2354584 ,5.306015 ,4.8987885,23.54888523,87.30057721 ,12.384000205993653,72.5349225614057 ,0.0,21:19:39 PM,1574005779027
-6.578781 ,6.8254395 ,0.71206665,23.54888523,87.30057721 ,12.384000205993653,72.5349225614057 ,0.0,21:19:39 PM,1574005779033
