x,y,z,latitude,longitude,speed,sound,light,time,timestamp
-7.828766 ,3.8041077 ,12.881912,23.55109751,87.29677905 ,35.819999313354494,85.44955998499937 ,0.0,21:20:34 PM,1574005834254
-6.6611786 ,3.4573517 ,5.292862,23.55109751,87.29677905 ,35.819999313354494,85.44955998499937 ,0.0,21:20:34 PM,1574005834259
0.7683563 ,4.6956787 ,4.0168457,23.55109751,87.29677905 ,35.819999313354494,85.44955998499937 ,0.0,21:20:34 PM,1574005834263
6.884201 ,6.163147 ,4.6692657,23.55109751,87.29677905 ,35.819999313354494,85.44955998499937 ,0.0,21:20:34 PM,1574005834267
6.9940033 ,8.155746 ,5.2272186,23.55109751,87.29677905 ,35.819999313354494,85.44955998499937 ,0.0,21:20:34 PM,1574005834275
1.9278717 ,8.299942 ,5.7029114,23.55109751,87.29677905 ,35.819999313354494,85.44955998499937 ,0.0,21:20:34 PM,1574005834277
-3.3551788 ,4.462738 ,-0.10282898,23.55109751,87.29677905 ,35.819999313354494,85.44955998499937 ,0.0,21:20:34 PM,1574005834282
-2.065979 ,5.26532 ,8.876221,23.55109751,87.29677905 ,35.819999313354494,85.44955998499937 ,0.0,21:20:34 PM,1574005834286
4.7762604 ,5.580063 ,14.407532,23.55109751,87.29677905 ,35.819999313354494,85.44955998499937 ,0.0,21:20:34 PM,1574005834292
7.932602 ,2.913269 ,8.549255,23.55109751,87.29677905 ,35.819999313354494,83.4040816347926 ,0.0,21:20:34 PM,1574005834296
4.8533173 ,3.7042847 ,14.609299,23.55109751,87.29677905 ,35.819999313354494,83.4040816347926 ,0.0,21:20:34 PM,1574005834300
1.5407104 ,2.3351593 ,15.351257,23.55109751,87.29677905 ,35.819999313354494,83.4040816347926 ,0.0,21:20:34 PM,1574005834308
0.25720215 ,0.14517212 ,15.198898,23.55109751,87.29677905 ,35.819999313354494,83.4040816347926 ,0.0,21:20:34 PM,1574005834310
-2.6834412 ,0.54141235 ,19.459488,23.55109751,87.29677905 ,35.819999313354494,83.4040816347926 ,0.0,21:20:34 PM,1574005834316
-6.3647614 ,-1.5286102 ,12.54393,23.55109751,87.29677905 ,35.819999313354494,83.4040816347926 ,0.0,21:20:34 PM,1574005834320
-3.8006134 ,1.2118835 ,14.242554,23.55109751,87.29677905 ,35.819999313354494,83.4040816347926 ,0.0,21:20:34 PM,1574005834329
4.966751 ,5.056656 ,13.88327,23.55109751,87.29677905 ,35.819999313354494,83.4040816347926 ,0.0,21:20:34 PM,1574005834331
9.066177 ,4.877289 ,5.01178,23.55109751,87.29677905 ,35.819999313354494,83.4040816347926 ,0.0,21:20:34 PM,1574005834335
2.9312286 ,6.371872 ,6.770569,23.55109751,87.29677905 ,35.819999313354494,83.4040816347926 ,0.0,21:20:34 PM,1574005834341
-5.1389923 ,5.919281 ,6.626236,23.55109751,87.29677905 ,35.819999313354494,83.4040816347926 ,0.0,21:20:34 PM,1574005834344
-7.6311035 ,4.2205048 ,2.9003754,23.55109751,87.29677905 ,35.819999313354494,83.4040816347926 ,0.0,21:20:34 PM,1574005834348
-4.7593384 ,3.384018 ,2.1325989,23.55109751,87.29677905 ,35.819999313354494,83.4040816347926 ,0.0,21:20:34 PM,1574005834354
2.5355072 ,6.959915 ,9.396042,23.55109751,87.29677905 ,35.819999313354494,83.4040816347926 ,0.0,21:20:34 PM,1574005834360
9.807907 ,10.853943 ,9.250565,23.55109751,87.29677905 ,35.819999313354494,83.4040816347926 ,0.0,21:20:34 PM,1574005834364
9.236008 ,10.815353 ,-3.3471527,23.55109751,87.29677905 ,35.819999313354494,83.4040816347926 ,0.0,21:20:34 PM,1574005834369
0.37478638 ,9.786255 ,-1.4352875,23.55109751,87.29677905 ,35.819999313354494,83.4040816347926 ,0.0,21:20:34 PM,1574005834377
-5.727539 ,6.1334686 ,8.993027,23.55109751,87.29677905 ,35.819999313354494,83.4040816347926 ,0.0,21:20:34 PM,1574005834379
-3.9769897 ,-0.35624695 ,11.803894,23.55109751,87.29677905 ,35.819999313354494,83.4040816347926 ,0.0,21:20:34 PM,1574005834387
-2.330597 ,-1.3496399 ,16.660675,23.55109751,87.29677905 ,35.819999313354494,83.4040816347926 ,0.0,21:20:34 PM,1574005834393
-3.4183655 ,1.0604401 ,15.385239,23.55109751,87.29677905 ,35.819999313354494,83.4040816347926 ,0.0,21:20:34 PM,1574005834397
-0.24505615 ,0.583786 ,7.5558777,23.55109751,87.29677905 ,35.819999313354494,83.4040816347926 ,0.0,21:20:34 PM,1574005834402
6.313034 ,5.040207 ,10.4879,23.55109751,87.29677905 ,35.819999313354494,83.4040816347926 ,0.0,21:20:34 PM,1574005834408
7.343689 ,6.8193054 ,12.826309,23.55109751,87.29677905 ,35.819999313354494,83.4040816347926 ,0.0,21:20:34 PM,1574005834412
1.6780853 ,4.759842 ,5.766342,23.55109751,87.29677905 ,35.819999313354494,83.4040816347926 ,0.0,21:20:34 PM,1574005834418
-2.2945251 ,7.9689026 ,6.518875,23.55109751,87.29677905 ,35.819999313354494,83.4040816347926 ,0.0,21:20:34 PM,1574005834427
-0.84898376 ,6.5099487 ,9.966461,23.55109751,87.29677905 ,35.819999313354494,83.4040816347926 ,0.0,21:20:34 PM,1574005834429
3.4310608 ,2.503708 ,12.142456,23.55109751,87.29677905 ,35.819999313354494,83.4040816347926 ,0.0,21:20:34 PM,1574005834430
7.1974945 ,1.2745819 ,15.133484,23.55109751,87.29677905 ,35.819999313354494,83.4040816347926 ,0.0,21:20:34 PM,1574005834434
5.16243 ,3.660492 ,18.782288,23.55109751,87.29677905 ,35.819999313354494,83.4040816347926 ,0.0,21:20:34 PM,1574005834442
-3.1013489 ,0.92422485 ,10.755508,23.55109751,87.29677905 ,35.819999313354494,83.4040816347926 ,0.0,21:20:34 PM,1574005834446
-7.1529236 ,-2.275116 ,11.894501,23.55109751,87.29677905 ,35.819999313354494,83.4040816347926 ,0.0,21:20:34 PM,1574005834448
-2.7828522 ,-2.511261 ,15.426392,23.55109751,87.29677905 ,35.819999313354494,83.4040816347926 ,0.0,21:20:34 PM,1574005834454
0.7372589 ,-2.22052 ,9.752686,23.55109751,87.29677905 ,35.819999313354494,83.4040816347926 ,0.0,21:20:34 PM,1574005834461
-2.0865173 ,2.36026 ,10.407257,23.55109751,87.29677905 ,35.819999313354494,83.4040816347926 ,0.0,21:20:34 PM,1574005834466
-2.8473053 ,4.089569 ,2.466751,23.55109751,87.29677905 ,35.819999313354494,83.4040816347926 ,0.0,21:20:34 PM,1574005834468
3.0691223 ,7.6732483 ,2.9896545,23.55109751,87.29677905 ,35.819999313354494,83.4040816347926 ,0.0,21:20:34 PM,1574005834475
6.730133 ,11.532379 ,6.03302,23.55109751,87.29677905 ,35.819999313354494,83.4040816347926 ,0.0,21:20:34 PM,1574005834478
2.1613464 ,12.076752 ,1.340683,23.55109751,87.29677905 ,35.819999313354494,83.4040816347926 ,0.0,21:20:34 PM,1574005834482
-2.1632996 ,13.670715 ,2.0548706,23.55109751,87.29677905 ,35.819999313354494,83.4040816347926 ,0.0,21:20:34 PM,1574005834487
1.60643 ,9.407181 ,-3.2412567,23.55109751,87.29677905 ,35.819999313354494,83.4040816347926 ,0.0,21:20:34 PM,1574005834492
6.6552277 ,7.4336243 ,1.0754089,23.55109751,87.29677905 ,35.819999313354494,83.4040816347926 ,0.0,21:20:34 PM,1574005834497
4.619278 ,9.89183 ,14.096085,23.55109751,87.29677905 ,35.819999313354494,83.4040816347926 ,0.0,21:20:34 PM,1574005834502
-0.7741852 ,4.9657745 ,2.2478027,23.55109751,87.29677905 ,35.819999313354494,83.4040816347926 ,0.0,21:20:34 PM,1574005834508
-2.0074615 ,6.8550873 ,4.012039,23.55109751,87.29677905 ,35.819999313354494,83.4040816347926 ,0.0,21:20:34 PM,1574005834516
1.105423 ,4.7884674 ,9.426727,23.55109751,87.29677905 ,35.819999313354494,83.4040816347926 ,0.0,21:20:34 PM,1574005834520
2.906067 ,0.5451813 ,13.63298,23.55109751,87.29677905 ,35.819999313354494,83.4040816347926 ,0.0,21:20:34 PM,1574005834526
-0.07557678 ,-0.20161438 ,15.577072,23.55109751,87.29677905 ,35.819999313354494,83.4040816347926 ,0.0,21:20:34 PM,1574005834530
-6.309372 ,-1.4069672 ,16.671478,23.55109751,87.29677905 ,35.819999313354494,83.4040816347926 ,0.0,21:20:34 PM,1574005834536
-8.79982 ,-3.085144 ,16.121552,23.55109751,87.29677905 ,35.819999313354494,83.4040816347926 ,0.0,21:20:34 PM,1574005834543
-2.879074 ,-4.6385956 ,15.271576,23.55109751,87.29677905 ,35.819999313354494,83.4040816347926 ,0.0,21:20:34 PM,1574005834545
5.3840637 ,-1.2724609 ,20.61969,23.55109751,87.29677905 ,35.819999313354494,83.4040816347926 ,0.0,21:20:34 PM,1574005834550
7.28096 ,0.92549133 ,17.029602,23.55109751,87.29677905 ,35.819999313354494,83.4040816347926 ,0.0,21:20:34 PM,1574005834555
2.9982758 ,1.6885986 ,10.476501,23.55109751,87.29677905 ,35.819999313354494,83.4040816347926 ,0.0,21:20:34 PM,1574005834561
-1.068985 ,5.3134155 ,10.277969,23.55109751,87.29677905 ,35.819999313354494,83.4040816347926 ,0.0,21:20:34 PM,1574005834564
-2.737091 ,4.582657 ,10.355179,23.55109751,87.29677905 ,35.819999313354494,83.4040816347926 ,0.0,21:20:34 PM,1574005834569
-1.2492981 ,3.2214508 ,12.453461,23.55109751,87.29677905 ,35.819999313354494,83.4040816347926 ,0.0,21:20:34 PM,1574005834577
4.2326965 ,1.8079376 ,9.4700165,23.55109751,87.29677905 ,35.819999313354494,83.4040816347926 ,0.0,21:20:34 PM,1574005834579
7.308029 ,5.979187 ,10.923035,23.55109751,87.29677905 ,35.819999313354494,83.4040816347926 ,0.0,21:20:34 PM,1574005834584
2.341385 ,7.1079865 ,6.064148,23.55109751,87.29677905 ,35.819999313354494,83.4040816347926 ,0.0,21:20:34 PM,1574005834588
-3.0463104 ,9.140762 ,6.007721,23.55109751,87.29677905 ,35.819999313354494,83.4040816347926 ,0.0,21:20:34 PM,1574005834594
-0.025375366 ,10.328918 ,3.9583893,23.55109751,87.29677905 ,35.819999313354494,83.4040816347926 ,0.0,21:20:34 PM,1574005834599
5.976181 ,9.204681 ,3.2890778,23.55109751,87.29677905 ,35.819999313354494,83.4040816347926 ,0.0,21:20:34 PM,1574005834604
5.753357 ,8.258392 ,8.786667,23.55109751,87.29677905 ,35.819999313354494,83.4040816347926 ,0.0,21:20:34 PM,1574005834611
0.24830627 ,3.752182 ,6.770462,23.55109751,87.29677905 ,35.819999313354494,83.4040816347926 ,0.0,21:20:34 PM,1574005834613
-4.812439 ,5.1331787 ,10.762817,23.55109751,87.29677905 ,35.819999313354494,83.4040816347926 ,0.0,21:20:34 PM,1574005834618
-7.1797028 ,0.12586975 ,6.258606,23.55109751,87.29677905 ,35.819999313354494,83.4040816347926 ,0.0,21:20:34 PM,1574005834622
-3.8643494 ,1.0144501 ,16.106522,23.55109751,87.29677905 ,35.819999313354494,83.4040816347926 ,0.0,21:20:34 PM,1574005834630
5.8967285 ,2.2963715 ,15.83519,23.55109751,87.29677905 ,35.819999313354494,83.4040816347926 ,0.0,21:20:34 PM,1574005834631
11.598221 ,6.3335876 ,11.779114,23.55109751,87.29677905 ,35.819999313354494,83.4040816347926 ,0.0,21:20:34 PM,1574005834637
4.927826 ,7.511551 ,2.0322418,23.55109751,87.29677905 ,35.819999313354494,83.4040816347926 ,0.0,21:20:34 PM,1574005834644
-3.6093445 ,2.763977 ,-3.70961,23.55109751,87.29677905 ,35.819999313354494,83.4040816347926 ,0.0,21:20:34 PM,1574005834651
-4.7432556 ,5.620453 ,14.05925,23.55109751,87.29677905 ,35.819999313354494,83.4040816347926 ,0.0,21:20:34 PM,1574005834657
-4.033493 ,-2.890213 ,9.524612,23.55109751,87.29677905 ,35.819999313354494,83.4040816347926 ,0.0,21:20:34 PM,1574005834665
-3.806305 ,-0.99264526 ,16.79657,23.55109751,87.29677905 ,35.819999313354494,83.4040816347926 ,0.0,21:20:34 PM,1574005834666
0.8247986 ,3.3514862 ,9.701965,23.55109751,87.29677905 ,35.819999313354494,83.4040816347926 ,0.0,21:20:34 PM,1574005834670
6.2374573 ,8.333939 ,1.9781036,23.55109751,87.29677905 ,35.819999313354494,83.4040816347926 ,0.0,21:20:34 PM,1574005834678
6.567749 ,10.704239 ,1.8693085,23.55109751,87.29677905 ,35.819999313354494,83.4040816347926 ,0.0,21:20:34 PM,1574005834679
4.5726166 ,8.086243 ,4.930069,23.55109751,87.29677905 ,35.819999313354494,83.4040816347926 ,0.0,21:20:34 PM,1574005834684
1.792923 ,7.317047 ,7.613388,23.55109751,87.29677905 ,35.819999313354494,83.4040816347926 ,0.0,21:20:34 PM,1574005834688
-4.0697937 ,2.0022888 ,8.3311615,23.55109751,87.29677905 ,35.819999313354494,83.4040816347926 ,0.0,21:20:34 PM,1574005834694
-7.86232 ,-1.355011 ,18.200287,23.55109751,87.29677905 ,35.819999313354494,83.4040816347926 ,0.0,21:20:34 PM,1574005834698
-3.7723083 ,-4.942444 ,20.352493,23.55109751,87.29677905 ,35.819999313354494,83.4040816347926 ,0.0,21:20:34 PM,1574005834703
3.0270844 ,-2.176468 ,22.01358,23.55109751,87.29677905 ,35.819999313354494,83.4040816347926 ,0.0,21:20:34 PM,1574005834710
5.070511 ,1.203064 ,14.151093,23.55109751,87.29677905 ,35.819999313354494,83.4040816347926 ,0.0,21:20:34 PM,1574005834714
2.7761993 ,6.766037 ,8.242126,23.55109751,87.29677905 ,35.819999313354494,83.4040816347926 ,0.0,21:20:34 PM,1574005834718
0.35298157 ,7.4166565 ,-0.15904236,23.55109751,87.29677905 ,35.819999313354494,83.4040816347926 ,0.0,21:20:34 PM,1574005834723
-1.262146 ,8.395035 ,2.6777802,23.55109751,87.29677905 ,35.819999313354494,83.4040816347926 ,0.0,21:20:34 PM,1574005834729
-2.3043976 ,5.336624 ,6.908478,23.55109751,87.29677905 ,35.819999313354494,83.4040816347926 ,0.0,21:20:34 PM,1574005834734
0.07839966 ,1.5758514 ,12.276321,23.55109751,87.29677905 ,35.819999313354494,83.4040816347926 ,0.0,21:20:34 PM,1574005834738
6.305588 ,0.7465668 ,13.436111,23.55109751,87.29677905 ,35.819999313354494,83.4040816347926 ,0.0,21:20:34 PM,1574005834748
