x,y,z,latitude,longitude,speed,sound,light,time,timestamp
0.117 ,7.889 ,7.788,23.573445,87.30263833333332 ,0.0,66.31573446249456 ,4855.0,10:45:52 AM,1572671752854
-1.043 ,9.039 ,5.861,23.573445,87.30263833333332 ,0.0,66.31573446249456 ,4855.0,10:45:52 AM,1572671752858
-0.096 ,9.61 ,7.31,23.573445,87.30263833333332 ,0.0,66.31573446249456 ,4855.0,10:45:52 AM,1572671752859
-0.81 ,9.666 ,5.338,23.573445,87.30263833333332 ,0.0,66.31573446249456 ,4855.0,10:45:52 AM,1572671752863
-0.662 ,9.147 ,5.659,23.573445,87.30263833333332 ,0.0,66.31573446249456 ,4855.0,10:45:52 AM,1572671752864
-0.647 ,8.81 ,3.867,23.573445,87.30263833333332 ,0.0,66.31573446249456 ,4855.0,10:45:52 AM,1572671752869
-0.706 ,7.759 ,3.446,23.573445,87.30263833333332 ,0.0,66.31573446249456 ,4855.0,10:45:52 AM,1572671752869
-0.721 ,7.518 ,3.128,23.573445,87.30263833333332 ,0.0,66.31573446249456 ,4855.0,10:45:52 AM,1572671752873
-0.58 ,8.394 ,5.059,23.573445,87.30263833333332 ,0.0,66.31573446249456 ,4855.0,10:45:52 AM,1572671752874
-1.594 ,9.505 ,6.871,23.573445,87.30263833333332 ,0.0,66.31573446249456 ,4855.0,10:45:52 AM,1572671752879
-1.14 ,10.2 ,8.533,23.573445,87.30263833333332 ,0.0,66.31573446249456 ,4855.0,10:45:52 AM,1572671752880
-1.82 ,9.492 ,5.768,23.573445,87.30263833333332 ,0.0,66.31573446249456 ,4855.0,10:45:52 AM,1572671752883
-0.555 ,7.89 ,2.552,23.573445,87.30263833333332 ,0.0,66.31573446249456 ,4855.0,10:45:52 AM,1572671752884
0.166 ,6.16 ,2.231,23.573445,87.30263833333332 ,0.0,66.31573446249456 ,4855.0,10:45:52 AM,1572671752888
1.008 ,7.82 ,2.566,23.573445,87.30263833333332 ,0.0,66.31573446249456 ,4855.0,10:45:52 AM,1572671752889
0.892 ,10.006 ,5.739,23.573445,87.30263833333332 ,0.0,66.31573446249456 ,4855.0,10:45:52 AM,1572671752898
0.919 ,10.769 ,11.18,23.573445,87.30263833333332 ,0.0,66.31573446249456 ,4855.0,10:45:52 AM,1572671752898
-0.926 ,10.236 ,8.808,23.573445,87.30263833333332 ,0.0,66.31573446249456 ,4855.0,10:45:52 AM,1572671752899
-0.666 ,7.84 ,9.217,23.573445,87.30263833333332 ,0.0,66.31573446249456 ,4855.0,10:45:52 AM,1572671752900
-1.68 ,6.126 ,5.264,23.573445,87.30263833333332 ,0.0,66.31573446249456 ,4855.0,10:45:52 AM,1572671752903
-1.162 ,6.006 ,3.561,23.573445,87.30263833333332 ,0.0,66.31573446249456 ,4855.0,10:45:52 AM,1572671752904
-0.612 ,7.527 ,3.95,23.573445,87.30263833333332 ,0.0,66.31573446249456 ,4855.0,10:45:52 AM,1572671752909
-0.38 ,9.36 ,4.123,23.573445,87.30263833333332 ,0.0,66.31573446249456 ,4855.0,10:45:52 AM,1572671752909
-0.867 ,9.737 ,5.053,23.573445,87.30263833333332 ,0.0,66.31573446249456 ,4855.0,10:45:52 AM,1572671752914
-1.195 ,8.812 ,6.006,23.573445,87.30263833333332 ,0.0,66.31573446249456 ,4855.0,10:45:52 AM,1572671752914
-1.782 ,7.826 ,5.315,23.573445,87.30263833333332 ,0.0,66.31573446249456 ,4855.0,10:45:52 AM,1572671752919
-1.558 ,7.236 ,5.079,23.573445,87.30263833333332 ,0.0,66.31573446249456 ,4855.0,10:45:52 AM,1572671752919
-1.334 ,7.419 ,4.979,23.573445,87.30263833333332 ,0.0,66.31573446249456 ,4855.0,10:45:52 AM,1572671752923
-0.488 ,8.454 ,5.164,23.573445,87.30263833333332 ,0.0,66.31573446249456 ,4855.0,10:45:52 AM,1572671752923
0.027 ,9.296 ,5.418,23.573445,87.30263833333332 ,0.0,66.31573446249456 ,4855.0,10:45:52 AM,1572671752930
0.267 ,9.856 ,5.778,23.573445,87.30263833333332 ,0.0,66.31573446249456 ,4855.0,10:45:52 AM,1572671752931
0.17 ,10.465 ,5.77,23.573445,87.30263833333332 ,0.0,66.31573446249456 ,4855.0,10:45:52 AM,1572671752937
-0.075 ,10.575 ,5.508,23.573445,87.30263833333332 ,0.0,66.31573446249456 ,4855.0,10:45:52 AM,1572671752937
-0.204 ,9.891 ,4.722,23.573445,87.30263833333332 ,0.0,66.31573446249456 ,4855.0,10:45:52 AM,1572671752938
0.147 ,8.846 ,2.958,23.573445,87.30263833333332 ,0.0,66.31573446249456 ,4855.0,10:45:52 AM,1572671752939
0.38 ,8.186 ,1.675,23.573445,87.30263833333332 ,0.0,66.31573446249456 ,4855.0,10:45:52 AM,1572671752946
0.51 ,8.691 ,2.448,23.573445,87.30263833333332 ,0.0,66.31573446249456 ,4855.0,10:45:52 AM,1572671752947
0.206 ,9.766 ,4.701,23.573445,87.30263833333332 ,0.0,66.31573446249456 ,4855.0,10:45:52 AM,1572671752947
-0.574 ,10.411 ,6.998,23.573445,87.30263833333332 ,0.0,66.31573446249456 ,4855.0,10:45:52 AM,1572671752948
-0.99 ,9.567 ,7.471,23.573445,87.30263833333332 ,0.0,66.31573446249456 ,4855.0,10:45:52 AM,1572671752953
-0.812 ,7.476 ,5.448,23.573445,87.30263833333332 ,0.0,66.31573446249456 ,4855.0,10:45:52 AM,1572671752953
-0.528 ,6.185 ,2.806,23.573445,87.30263833333332 ,0.0,66.31573446249456 ,4855.0,10:45:52 AM,1572671752957
0.779 ,6.633 ,3.47,23.573445,87.30263833333332 ,0.0,66.31573446249456 ,4855.0,10:45:52 AM,1572671752958
0.978 ,8.409 ,5.862,23.573445,87.30263833333332 ,0.0,66.31573446249456 ,4855.0,10:45:52 AM,1572671752964
0.585 ,9.859 ,8.654,23.573445,87.30263833333332 ,0.0,66.31573446249456 ,4855.0,10:45:52 AM,1572671752964
-0.002 ,9.493 ,10.191,23.573445,87.30263833333332 ,0.0,66.31573446249456 ,4855.0,10:45:52 AM,1572671752969
-1.147 ,7.941 ,8.563,23.573445,87.30263833333332 ,0.0,66.31573446249456 ,4855.0,10:45:52 AM,1572671752969
-1.417 ,6.451 ,6.269,23.573445,87.30263833333332 ,0.0,66.31573446249456 ,4855.0,10:45:52 AM,1572671752973
-1.245 ,6.124 ,4.779,23.573445,87.30263833333332 ,0.0,66.31573446249456 ,4855.0,10:45:52 AM,1572671752973
-0.792 ,7.027 ,4.523,23.573445,87.30263833333332 ,0.0,66.31573446249456 ,4855.0,10:45:52 AM,1572671752980
-0.544 ,8.273 ,4.475,23.573445,87.30263833333332 ,0.0,66.31573446249456 ,4855.0,10:45:52 AM,1572671752980
-0.367 ,8.813 ,5.051,23.573445,87.30263833333332 ,0.0,66.31573446249456 ,4855.0,10:45:52 AM,1572671752984
-1.196 ,8.672 ,5.589,23.573445,87.30263833333332 ,0.0,66.31573446249456 ,4855.0,10:45:52 AM,1572671752985
-1.314 ,8.65 ,6.832,23.573445,87.30263833333332 ,0.0,66.31573446249456 ,4855.0,10:45:52 AM,1572671752988
-1.673 ,8.723 ,6.603,23.573445,87.30263833333332 ,0.0,66.31573446249456 ,4855.0,10:45:52 AM,1572671752988
-1.307 ,8.682 ,6.075,23.573445,87.30263833333332 ,0.0,66.31573446249456 ,4847.0,10:45:52 AM,1572671752996
-0.961 ,8.478 ,3.857,23.573445,87.30263833333332 ,0.0,66.31573446249456 ,4847.0,10:45:52 AM,1572671752996
-0.239 ,8.3 ,2.657,23.573445,87.30263833333332 ,0.0,66.31573446249456 ,4847.0,10:45:52 AM,1572671752997
0.33 ,8.746 ,2.631,23.573445,87.30263833333332 ,0.0,66.31573446249456 ,4847.0,10:45:52 AM,1572671752998
0.254 ,9.601 ,4.094,23.573445,87.30263833333332 ,0.0,66.31573446249456 ,4847.0,10:45:53 AM,1572671753003
0.256 ,10.484 ,6.733,23.573445,87.30263833333332 ,0.0,66.31573446249456 ,4847.0,10:45:53 AM,1572671753003
-0.012 ,10.528 ,7.021,23.573445,87.30263833333332 ,0.0,66.31573446249456 ,4847.0,10:45:53 AM,1572671753008
-0.327 ,8.71 ,5.265,23.573445,87.30263833333332 ,0.0,66.31573446249456 ,4847.0,10:45:53 AM,1572671753008
-0.261 ,6.696 ,3.102,23.573445,87.30263833333332 ,0.0,66.31573446249456 ,4847.0,10:45:53 AM,1572671753015
-0.285 ,6.016 ,2.729,23.573445,87.30263833333332 ,0.0,66.31573446249456 ,4847.0,10:45:53 AM,1572671753015
-0.822 ,7.605 ,4.327,23.573445,87.30263833333332 ,0.0,66.31573446249456 ,4847.0,10:45:53 AM,1572671753019
-1.2 ,9.48 ,8.18,23.573445,87.30263833333332 ,0.0,66.31573446249456 ,4847.0,10:45:53 AM,1572671753019
-2.019 ,9.708 ,9.93,23.573445,87.30263833333332 ,0.0,66.31573446249456 ,4847.0,10:45:53 AM,1572671753022
-2.115 ,7.98 ,7.993,23.573445,87.30263833333332 ,0.0,66.31573446249456 ,4847.0,10:45:53 AM,1572671753023
-1.779 ,5.278 ,5.234,23.573445,87.30263833333332 ,0.0,66.31573446249456 ,4847.0,10:45:53 AM,1572671753030
-0.837 ,4.333 ,3.448,23.573445,87.30263833333332 ,0.0,66.31573446249456 ,4847.0,10:45:53 AM,1572671753030
0.309 ,5.873 ,4.819,23.573445,87.30263833333332 ,0.0,66.31573446249456 ,4847.0,10:45:53 AM,1572671753033
0.641 ,8.463 ,8.292,23.573445,87.30263833333332 ,0.0,66.31573446249456 ,4847.0,10:45:53 AM,1572671753034
0.058 ,10.131 ,10.316,23.573445,87.30263833333332 ,0.0,66.31573446249456 ,4847.0,10:45:53 AM,1572671753039
-0.987 ,9.528 ,9.497,23.573445,87.30263833333332 ,0.0,66.31573446249456 ,4847.0,10:45:53 AM,1572671753040
-1.772 ,8.128 ,6.519,23.573445,87.30263833333332 ,0.0,66.31573446249456 ,4847.0,10:45:53 AM,1572671753046
-1.931 ,7.1 ,4.104,23.573445,87.30263833333332 ,0.0,66.31573446249456 ,4847.0,10:45:53 AM,1572671753046
-1.637 ,7.902 ,1.661,23.573445,87.30263833333332 ,0.0,66.31573446249456 ,4847.0,10:45:53 AM,1572671753050
-0.442 ,9.12 ,2.942,23.573445,87.30263833333332 ,0.0,66.31573446249456 ,4847.0,10:45:53 AM,1572671753051
-0.324 ,10.015 ,3.137,23.573445,87.30263833333332 ,0.0,66.31573446249456 ,4847.0,10:45:53 AM,1572671753052
0.001 ,9.659 ,3.736,23.573445,87.30263833333332 ,0.0,66.31573446249456 ,4847.0,10:45:53 AM,1572671753053
-0.495 ,8.736 ,4.98,23.573445,87.30263833333332 ,0.0,66.31573446249456 ,4847.0,10:45:53 AM,1572671753057
-0.949 ,8.692 ,6.456,23.573445,87.30263833333332 ,0.0,66.31573446249456 ,4847.0,10:45:53 AM,1572671753058
-1.047 ,9.229 ,6.63,23.573445,87.30263833333332 ,0.0,66.31573446249456 ,4847.0,10:45:53 AM,1572671753063
-0.395 ,9.352 ,6.316,23.573445,87.30263833333332 ,0.0,66.31573446249456 ,4847.0,10:45:53 AM,1572671753064
-0.012 ,8.945 ,3.558,23.573445,87.30263833333332 ,0.0,66.31573446249456 ,4847.0,10:45:53 AM,1572671753069
0.811 ,8.57 ,1.562,23.573445,87.30263833333332 ,0.0,66.31573446249456 ,4847.0,10:45:53 AM,1572671753069
0.878 ,8.883 ,1.393,23.573445,87.30263833333332 ,0.0,66.31573446249456 ,4847.0,10:45:53 AM,1572671753073
0.436 ,9.595 ,4.003,23.573445,87.30263833333332 ,0.0,66.31573446249456 ,4847.0,10:45:53 AM,1572671753073
-0.662 ,9.869 ,6.853,23.573445,87.30263833333332 ,0.0,66.31573446249456 ,4847.0,10:45:53 AM,1572671753080
-1.596 ,8.848 ,8.59,23.573445,87.30263833333332 ,0.0,66.31573446249456 ,4847.0,10:45:53 AM,1572671753080
-2.152 ,6.721 ,7.679,23.573445,87.30263833333332 ,0.0,66.31573446249456 ,4847.0,10:45:53 AM,1572671753083
-1.913 ,5.203 ,6.59,23.573445,87.30263833333332 ,0.0,66.31573446249456 ,4847.0,10:45:53 AM,1572671753083
-1.224 ,5.853 ,6.8,23.573445,87.30263833333332 ,0.0,66.31573446249456 ,4847.0,10:45:53 AM,1572671753087
-0.713 ,7.784 ,7.804,23.573445,87.30263833333332 ,0.0,66.31573446249456 ,4847.0,10:45:53 AM,1572671753088
-0.574 ,8.997 ,8.982,23.573445,87.30263833333332 ,0.0,66.31573446249456 ,4847.0,10:45:53 AM,1572671753096
-0.679 ,8.296 ,7.377,23.573445,87.30263833333332 ,0.0,66.31573446249456 ,4847.0,10:45:53 AM,1572671753096
-0.832 ,6.772 ,3.987,23.573445,87.30263833333332 ,0.0,66.31573446249456 ,4847.0,10:45:53 AM,1572671753097
-0.235 ,5.91 ,3.428,23.573445,87.30263833333332 ,0.0,66.31573446249456 ,4847.0,10:45:53 AM,1572671753098
0.619 ,6.981 ,4.254,23.573445,87.30263833333332 ,0.0,66.31573446249456 ,4847.0,10:45:53 AM,1572671753103
