x,y,z,latitude,longitude,speed,sound,light,time,timestamp
0.935 ,7.722 ,6.296,23.573291666666666,87.30260333333332 ,6.479941034317017,75.24696121914307 ,7788.0,10:46:02 AM,1572671762076
1.155 ,6.164 ,1.897,23.573291666666666,87.30260333333332 ,6.479941034317017,75.24696121914307 ,7788.0,10:46:02 AM,1572671762079
0.868 ,6.476 ,1.02,23.573291666666666,87.30260333333332 ,6.479941034317017,75.24696121914307 ,7788.0,10:46:02 AM,1572671762080
0.916 ,8.219 ,3.598,23.573291666666666,87.30260333333332 ,6.479941034317017,75.24696121914307 ,7788.0,10:46:02 AM,1572671762084
-0.927 ,9.629 ,5.52,23.573291666666666,87.30260333333332 ,6.479941034317017,75.24696121914307 ,7788.0,10:46:02 AM,1572671762084
-1.718 ,10.482 ,6.795,23.573291666666666,87.30260333333332 ,6.479941034317017,75.24696121914307 ,7788.0,10:46:02 AM,1572671762090
-2.058 ,10.871 ,6.869,23.573291666666666,87.30260333333332 ,6.479941034317017,75.24696121914307 ,7788.0,10:46:02 AM,1572671762090
-4.338 ,10.17 ,3.816,23.573291666666666,87.30260333333332 ,6.479941034317017,75.24696121914307 ,7788.0,10:46:02 AM,1572671762094
-3.479 ,8.206 ,4.988,23.573291666666666,87.30260333333332 ,6.479941034317017,75.24696121914307 ,7788.0,10:46:02 AM,1572671762095
-2.874 ,5.65 ,2.367,23.573291666666666,87.30260333333332 ,6.479941034317017,75.24696121914307 ,7788.0,10:46:02 AM,1572671762099
-0.466 ,4.703 ,2.493,23.573291666666666,87.30260333333332 ,6.479941034317017,75.24696121914307 ,7788.0,10:46:02 AM,1572671762099
2.689 ,6.432 ,7.818,23.573291666666666,87.30260333333332 ,6.479941034317017,75.24696121914307 ,7788.0,10:46:02 AM,1572671762105
3.816 ,10.477 ,12.281,23.573291666666666,87.30260333333332 ,6.479941034317017,75.24696121914307 ,7788.0,10:46:02 AM,1572671762106
5.964 ,11.312 ,14.734,23.573291666666666,87.30260333333332 ,6.479941034317017,75.24696121914307 ,7788.0,10:46:02 AM,1572671762109
4.415 ,6.927 ,9.651,23.573291666666666,87.30260333333332 ,6.479941034317017,75.24696121914307 ,7788.0,10:46:02 AM,1572671762110
1.62 ,3.181 ,5.149,23.573291666666666,87.30260333333332 ,6.479941034317017,75.24696121914307 ,7788.0,10:46:02 AM,1572671762114
0.613 ,3.231 ,10.391,23.573291666666666,87.30260333333332 ,6.479941034317017,75.24696121914307 ,7788.0,10:46:02 AM,1572671762114
-3.919 ,5.254 ,15.03,23.573291666666666,87.30260333333332 ,6.479941034317017,75.24696121914307 ,7788.0,10:46:02 AM,1572671762119
-4.869 ,6.729 ,17.836,23.573291666666666,87.30260333333332 ,6.479941034317017,75.24696121914307 ,7788.0,10:46:02 AM,1572671762120
-3.439 ,5.794 ,14.152,23.573291666666666,87.30260333333332 ,6.479941034317017,75.24696121914307 ,7788.0,10:46:02 AM,1572671762124
-4.07 ,3.365 ,4.957,23.573291666666666,87.30260333333332 ,6.479941034317017,75.24696121914307 ,7788.0,10:46:02 AM,1572671762125
-1.776 ,3.183 ,3.141,23.573291666666666,87.30260333333332 ,6.479941034317017,75.24696121914307 ,7788.0,10:46:02 AM,1572671762129
-0.155 ,5.384 ,2.516,23.573291666666666,87.30260333333332 ,6.479941034317017,75.24696121914307 ,7788.0,10:46:02 AM,1572671762129
0.631 ,8.171 ,1.57,23.573291666666666,87.30260333333332 ,6.479941034317017,75.24696121914307 ,7788.0,10:46:02 AM,1572671762133
0.787 ,9.222 ,2.56,23.573291666666666,87.30260333333332 ,6.479941034317017,75.24696121914307 ,7788.0,10:46:02 AM,1572671762134
-0.797 ,9.44 ,3.317,23.573291666666666,87.30260333333332 ,6.479941034317017,75.24696121914307 ,7788.0,10:46:02 AM,1572671762140
-0.947 ,9.404 ,3.278,23.573291666666666,87.30260333333332 ,6.479941034317017,75.24696121914307 ,7788.0,10:46:02 AM,1572671762140
-2.678 ,8.992 ,0.333,23.573291666666666,87.30260333333332 ,6.479941034317017,75.24696121914307 ,7788.0,10:46:02 AM,1572671762144
-0.922 ,8.618 ,2.499,23.573291666666666,87.30260333333332 ,6.479941034317017,75.24696121914307 ,7788.0,10:46:02 AM,1572671762144
-0.255 ,9.483 ,1.203,23.573291666666666,87.30260333333332 ,6.479941034317017,75.24696121914307 ,7788.0,10:46:02 AM,1572671762150
0.542 ,11.661 ,3.694,23.573291666666666,87.30260333333332 ,6.479941034317017,75.24696121914307 ,7788.0,10:46:02 AM,1572671762150
1.83 ,12.993 ,9.458,23.573291666666666,87.30260333333332 ,6.479941034317017,75.24696121914307 ,7788.0,10:46:02 AM,1572671762155
1.683 ,11.694 ,11.824,23.573291666666666,87.30260333333332 ,6.479941034317017,75.24696121914307 ,7788.0,10:46:02 AM,1572671762156
1.776 ,8.567 ,9.322,23.573291666666666,87.30260333333332 ,6.479941034317017,75.24696121914307 ,7788.0,10:46:02 AM,1572671762159
2.39 ,6.713 ,5.242,23.573291666666666,87.30260333333332 ,6.479941034317017,75.24696121914307 ,7788.0,10:46:02 AM,1572671762160
1.861 ,7.368 ,4.245,23.573291666666666,87.30260333333332 ,6.479941034317017,75.24696121914307 ,7788.0,10:46:02 AM,1572671762164
0.394 ,9.252 ,5.406,23.573291666666666,87.30260333333332 ,6.479941034317017,75.24696121914307 ,7788.0,10:46:02 AM,1572671762165
-1.266 ,9.261 ,6.364,23.573291666666666,87.30260333333332 ,6.479941034317017,75.24696121914307 ,7788.0,10:46:02 AM,1572671762169
-3.033 ,7.294 ,4.318,23.573291666666666,87.30260333333332 ,6.479941034317017,75.24696121914307 ,7788.0,10:46:02 AM,1572671762170
-4.68 ,5.753 ,2.501,23.573291666666666,87.30260333333332 ,6.479941034317017,75.24696121914307 ,7788.0,10:46:02 AM,1572671762175
-4.685 ,6.506 ,6.299,23.573291666666666,87.30260333333332 ,6.479941034317017,75.24696121914307 ,7788.0,10:46:02 AM,1572671762176
-3.601 ,8.036 ,13.01,23.573291666666666,87.30260333333332 ,6.479941034317017,75.24696121914307 ,7788.0,10:46:02 AM,1572671762180
-3.217 ,8.346 ,14.816,23.573291666666666,87.30260333333332 ,6.479941034317017,75.24696121914307 ,7788.0,10:46:02 AM,1572671762180
-0.174 ,6.68 ,15.972,23.573291666666666,87.30260333333332 ,6.479941034317017,75.24696121914307 ,7788.0,10:46:02 AM,1572671762184
0.468 ,5.357 ,11.847,23.573291666666666,87.30260333333332 ,6.479941034317017,75.24696121914307 ,7788.0,10:46:02 AM,1572671762185
1.209 ,6.119 ,9.434,23.573291666666666,87.30260333333332 ,6.479941034317017,75.24696121914307 ,7788.0,10:46:02 AM,1572671762190
2.478 ,7.786 ,8.177,23.573291666666666,87.30260333333332 ,6.479941034317017,75.24696121914307 ,7788.0,10:46:02 AM,1572671762191
2.708 ,8.478 ,3.829,23.573291666666666,87.30260333333332 ,6.479941034317017,75.24696121914307 ,7616.0,10:46:02 AM,1572671762195
2.817 ,9.081 ,-0.378,23.573291666666666,87.30260333333332 ,6.479941034317017,75.24696121914307 ,7616.0,10:46:02 AM,1572671762196
2.273 ,10.282 ,-1.005,23.573291666666666,87.30260333333332 ,6.479941034317017,75.24696121914307 ,7616.0,10:46:02 AM,1572671762199
1.557 ,11.486 ,4.462,23.573291666666666,87.30260333333332 ,6.479941034317017,75.24696121914307 ,7616.0,10:46:02 AM,1572671762199
-0.922 ,10.707 ,7.691,23.573291666666666,87.30260333333332 ,6.479941034317017,75.24696121914307 ,7616.0,10:46:02 AM,1572671762207
-2.328 ,6.389 ,9.219,23.573291666666666,87.30260333333332 ,6.479941034317017,75.24696121914307 ,7616.0,10:46:02 AM,1572671762209
-1.703 ,2.721 ,8.115,23.573291666666666,87.30260333333332 ,6.479941034317017,75.24696121914307 ,7616.0,10:46:02 AM,1572671762210
-1.633 ,3.098 ,6.221,23.573291666666666,87.30260333333332 ,6.479941034317017,75.24696121914307 ,7616.0,10:46:02 AM,1572671762211
-0.933 ,6.477 ,8.096,23.573291666666666,87.30260333333332 ,6.479941034317017,75.24696121914307 ,7616.0,10:46:02 AM,1572671762214
-1.621 ,8.839 ,9.406,23.573291666666666,87.30260333333332 ,6.479941034317017,75.24696121914307 ,7616.0,10:46:02 AM,1572671762215
-1.866 ,8.511 ,6.043,23.573291666666666,87.30260333333332 ,6.479941034317017,75.24696121914307 ,7616.0,10:46:02 AM,1572671762219
-1.714 ,5.813 ,1.62,23.573291666666666,87.30260333333332 ,6.479941034317017,75.24696121914307 ,7616.0,10:46:02 AM,1572671762220
-1.289 ,4.464 ,-0.221,23.573291666666666,87.30260333333332 ,6.479941034317017,75.24696121914307 ,7616.0,10:46:02 AM,1572671762225
1.051 ,5.318 ,4.384,23.573291666666666,87.30260333333332 ,6.479941034317017,75.24696121914307 ,7616.0,10:46:02 AM,1572671762226
1.756 ,6.797 ,7.87,23.573291666666666,87.30260333333332 ,6.479941034317017,75.24696121914307 ,7616.0,10:46:02 AM,1572671762229
2.411 ,7.174 ,10.201,23.573291666666666,87.30260333333332 ,6.479941034317017,75.24696121914307 ,7616.0,10:46:02 AM,1572671762230
1.397 ,5.627 ,9.191,23.573291666666666,87.30260333333332 ,6.479941034317017,75.24696121914307 ,7616.0,10:46:02 AM,1572671762233
-0.822 ,5.19 ,8.375,23.573291666666666,87.30260333333332 ,6.479941034317017,75.24696121914307 ,7616.0,10:46:02 AM,1572671762234
-2.414 ,6.94 ,9.092,23.573291666666666,87.30260333333332 ,6.479941034317017,75.24696121914307 ,7616.0,10:46:02 AM,1572671762239
-3.51 ,8.873 ,8.636,23.573291666666666,87.30260333333332 ,6.479941034317017,75.24696121914307 ,7616.0,10:46:02 AM,1572671762240
-3.117 ,9.466 ,4.775,23.573291666666666,87.30260333333332 ,6.479941034317017,75.24696121914307 ,7616.0,10:46:02 AM,1572671762244
-1.527 ,9.832 ,-1.242,23.573291666666666,87.30260333333332 ,6.479941034317017,75.24696121914307 ,7616.0,10:46:02 AM,1572671762245
0.19 ,10.495 ,-2.651,23.573291666666666,87.30260333333332 ,6.479941034317017,75.24696121914307 ,7616.0,10:46:02 AM,1572671762249
0.292 ,10.943 ,0.254,23.573291666666666,87.30260333333332 ,6.479941034317017,75.24696121914307 ,7616.0,10:46:02 AM,1572671762249
0.89 ,10.471 ,5.849,23.573291666666666,87.30260333333332 ,6.479941034317017,75.24696121914307 ,7616.0,10:46:02 AM,1572671762256
1.034 ,8.995 ,9.607,23.573291666666666,87.30260333333332 ,6.479941034317017,75.24696121914307 ,7616.0,10:46:02 AM,1572671762257
0.855 ,8.306 ,11.896,23.573291666666666,87.30260333333332 ,6.479941034317017,75.24696121914307 ,7616.0,10:46:02 AM,1572671762258
1.227 ,8.727 ,14.039,23.573291666666666,87.30260333333332 ,6.479941034317017,75.24696121914307 ,7616.0,10:46:02 AM,1572671762259
1.933 ,8.684 ,15.988,23.573291666666666,87.30260333333332 ,6.479941034317017,75.24696121914307 ,7616.0,10:46:02 AM,1572671762263
1.399 ,7.442 ,12.098,23.573291666666666,87.30260333333332 ,6.479941034317017,75.24696121914307 ,7616.0,10:46:02 AM,1572671762263
1.294 ,6.165 ,6.664,23.573291666666666,87.30260333333332 ,6.479941034317017,75.24696121914307 ,7616.0,10:46:02 AM,1572671762268
0.685 ,6.032 ,3.665,23.573291666666666,87.30260333333332 ,6.479941034317017,75.24696121914307 ,7616.0,10:46:02 AM,1572671762268
-1.34 ,7.199 ,4.689,23.573291666666666,87.30260333333332 ,6.479941034317017,75.24696121914307 ,7616.0,10:46:02 AM,1572671762274
-3.095 ,8.01 ,8.643,23.573291666666666,87.30260333333332 ,6.479941034317017,75.24696121914307 ,7616.0,10:46:02 AM,1572671762275
-3.47 ,6.855 ,9.856,23.573291666666666,87.30260333333332 ,6.479941034317017,75.24696121914307 ,7616.0,10:46:02 AM,1572671762279
-3.577 ,4.075 ,7.545,23.573291666666666,87.30260333333332 ,6.479941034317017,75.24696121914307 ,7616.0,10:46:02 AM,1572671762280
-2.465 ,3.169 ,6.753,23.573291666666666,87.30260333333332 ,6.479941034317017,75.24696121914307 ,7616.0,10:46:02 AM,1572671762285
-2.583 ,5.852 ,6.704,23.573291666666666,87.30260333333332 ,6.479941034317017,75.24696121914307 ,7616.0,10:46:02 AM,1572671762286
-1.888 ,8.427 ,9.616,23.573291666666666,87.30260333333332 ,6.479941034317017,75.24696121914307 ,7616.0,10:46:02 AM,1572671762290
-2.435 ,8.703 ,7.811,23.573291666666666,87.30260333333332 ,6.479941034317017,75.24696121914307 ,7616.0,10:46:02 AM,1572671762291
-0.939 ,7.037 ,5.256,23.573291666666666,87.30260333333332 ,6.479941034317017,75.24696121914307 ,7616.0,10:46:02 AM,1572671762294
0.44 ,6.89 ,3.002,23.573291666666666,87.30260333333332 ,6.479941034317017,75.24696121914307 ,7616.0,10:46:02 AM,1572671762294
1.863 ,8.655 ,5.365,23.573291666666666,87.30260333333332 ,6.479941034317017,75.24696121914307 ,7616.0,10:46:02 AM,1572671762298
3.517 ,9.742 ,10.258,23.573291666666666,87.30260333333332 ,6.479941034317017,75.24696121914307 ,7616.0,10:46:02 AM,1572671762299
3.859 ,7.927 ,10.98,23.573291666666666,87.30260333333332 ,6.479941034317017,75.24696121914307 ,7616.0,10:46:02 AM,1572671762305
3.719 ,4.952 ,7.112,23.573291666666666,87.30260333333332 ,6.479941034317017,75.24696121914307 ,7616.0,10:46:02 AM,1572671762306
2.143 ,3.627 ,2.662,23.573291666666666,87.30260333333332 ,6.479941034317017,75.24696121914307 ,7616.0,10:46:02 AM,1572671762308
0.351 ,5.463 ,4.324,23.573291666666666,87.30260333333332 ,6.479941034317017,75.24696121914307 ,7616.0,10:46:02 AM,1572671762309
-1.82 ,8.097 ,6.515,23.573291666666666,87.30260333333332 ,6.479941034317017,75.24696121914307 ,7616.0,10:46:02 AM,1572671762314
-4.927 ,8.622 ,4.221,23.573291666666666,87.30260333333332 ,6.479941034317017,75.24696121914307 ,7616.0,10:46:02 AM,1572671762314
-5.133 ,7.364 ,1.76,23.573291666666666,87.30260333333332 ,6.479941034317017,75.24696121914307 ,7616.0,10:46:02 AM,1572671762318
-4.669 ,6.413 ,1.596,23.573291666666666,87.30260333333332 ,6.479941034317017,75.24696121914307 ,7616.0,10:46:02 AM,1572671762318
-4.295 ,7.041 ,4.43,23.573291666666666,87.30260333333332 ,6.479941034317017,75.24696121914307 ,7616.0,10:46:02 AM,1572671762325
