x,y,z,latitude,longitude,speed,sound,light,time,timestamp
0.556 ,7.781 ,6.111,23.551833333333335,87.29656833333333 ,0.0,71.05624425853931 ,6849.0,10:50:51 AM,1572672051790
0.585 ,7.869 ,6.066,23.551833333333335,87.29656833333333 ,0.0,71.05624425853931 ,6755.0,10:50:51 AM,1572672051795
0.592 ,7.852 ,6.087,23.551833333333335,87.29656833333333 ,0.0,71.05624425853931 ,6755.0,10:50:51 AM,1572672051795
0.609 ,8.019 ,5.988,23.551833333333335,87.29656833333333 ,0.0,71.05624425853931 ,6755.0,10:50:51 AM,1572672051801
0.595 ,7.941 ,6.003,23.551833333333335,87.29656833333333 ,0.0,71.05624425853931 ,6755.0,10:50:51 AM,1572672051801
0.566 ,7.947 ,5.965,23.551833333333335,87.29656833333333 ,0.0,71.05624425853931 ,6755.0,10:50:51 AM,1572672051805
0.591 ,7.977 ,5.911,23.551833333333335,87.29656833333333 ,0.0,71.05624425853931 ,6755.0,10:50:51 AM,1572672051806
0.512 ,7.989 ,5.96,23.551833333333335,87.29656833333333 ,0.0,71.05624425853931 ,6755.0,10:50:51 AM,1572672051808
0.562 ,7.891 ,6.011,23.551833333333335,87.29656833333333 ,0.0,71.05624425853931 ,6755.0,10:50:51 AM,1572672051808
0.564 ,7.865 ,6.099,23.551833333333335,87.29656833333333 ,0.0,71.05624425853931 ,6755.0,10:50:51 AM,1572672051813
0.561 ,7.822 ,6.122,23.551833333333335,87.29656833333333 ,0.0,71.05624425853931 ,6755.0,10:50:51 AM,1572672051813
0.501 ,7.798 ,6.135,23.551833333333335,87.29656833333333 ,0.0,71.05624425853931 ,6755.0,10:50:51 AM,1572672051819
0.443 ,7.723 ,6.197,23.551833333333335,87.29656833333333 ,0.0,71.05624425853931 ,6755.0,10:50:51 AM,1572672051819
0.436 ,7.734 ,6.282,23.551833333333335,87.29656833333333 ,0.0,71.05624425853931 ,6755.0,10:50:51 AM,1572672051824
0.337 ,7.661 ,6.315,23.551833333333335,87.29656833333333 ,0.0,71.05624425853931 ,6755.0,10:50:51 AM,1572672051825
0.397 ,7.617 ,6.373,23.551833333333335,87.29656833333333 ,0.0,71.05624425853931 ,6755.0,10:50:51 AM,1572672051828
0.396 ,7.642 ,6.333,23.551833333333335,87.29656833333333 ,0.0,71.05624425853931 ,6755.0,10:50:51 AM,1572672051829
0.421 ,7.678 ,6.3,23.551833333333335,87.29656833333333 ,0.0,71.05624425853931 ,6755.0,10:50:51 AM,1572672051836
0.438 ,7.617 ,6.242,23.551833333333335,87.29656833333333 ,0.0,71.05624425853931 ,6755.0,10:50:51 AM,1572672051837
0.517 ,7.689 ,6.282,23.551833333333335,87.29656833333333 ,0.0,71.05624425853931 ,6755.0,10:50:51 AM,1572672051838
0.51 ,7.699 ,6.285,23.551833333333335,87.29656833333333 ,0.0,71.05624425853931 ,6755.0,10:50:51 AM,1572672051838
0.55 ,7.747 ,6.225,23.551833333333335,87.29656833333333 ,0.0,71.05624425853931 ,6755.0,10:50:51 AM,1572672051843
0.572 ,7.761 ,6.178,23.551833333333335,87.29656833333333 ,0.0,71.05624425853931 ,6755.0,10:50:51 AM,1572672051844
0.628 ,7.84 ,6.159,23.551833333333335,87.29656833333333 ,0.0,71.05624425853931 ,6755.0,10:50:51 AM,1572672051849
0.617 ,7.813 ,6.073,23.551833333333335,87.29656833333333 ,0.0,71.05624425853931 ,6755.0,10:50:51 AM,1572672051849
0.638 ,7.884 ,6.035,23.551833333333335,87.29656833333333 ,0.0,71.05624425853931 ,6755.0,10:50:51 AM,1572672051854
0.641 ,7.927 ,5.945,23.551833333333335,87.29656833333333 ,0.0,71.05624425853931 ,6755.0,10:50:51 AM,1572672051855
0.582 ,7.952 ,6.02,23.551833333333335,87.29656833333333 ,0.0,71.05624425853931 ,6755.0,10:50:51 AM,1572672051860
0.542 ,7.914 ,5.99,23.551833333333335,87.29656833333333 ,0.0,71.05624425853931 ,6755.0,10:50:51 AM,1572672051860
0.562 ,7.964 ,5.995,23.551833333333335,87.29656833333333 ,0.0,71.05624425853931 ,6755.0,10:50:51 AM,1572672051863
0.529 ,7.975 ,6.007,23.551833333333335,87.29656833333333 ,0.0,69.93423790951076 ,6755.0,10:50:51 AM,1572672051864
0.538 ,7.945 ,5.984,23.551833333333335,87.29656833333333 ,0.0,69.93423790951076 ,6755.0,10:50:51 AM,1572672051869
0.546 ,7.96 ,6.05,23.551833333333335,87.29656833333333 ,0.0,69.93423790951076 ,6755.0,10:50:51 AM,1572672051869
0.547 ,7.974 ,6.064,23.551833333333335,87.29656833333333 ,0.0,69.93423790951076 ,6755.0,10:50:51 AM,1572672051873
0.534 ,7.982 ,6.031,23.551833333333335,87.29656833333333 ,0.0,69.93423790951076 ,6755.0,10:50:51 AM,1572672051874
0.474 ,7.966 ,6.033,23.551833333333335,87.29656833333333 ,0.0,69.93423790951076 ,6755.0,10:50:51 AM,1572672051878
0.549 ,7.993 ,6.061,23.551833333333335,87.29656833333333 ,0.0,69.93423790951076 ,6755.0,10:50:51 AM,1572672051878
0.556 ,7.968 ,6.029,23.551833333333335,87.29656833333333 ,0.0,69.93423790951076 ,6755.0,10:50:51 AM,1572672051884
0.592 ,7.972 ,6.122,23.551833333333335,87.29656833333333 ,0.0,69.93423790951076 ,6755.0,10:50:51 AM,1572672051885
0.589 ,7.95 ,6.045,23.551833333333335,87.29656833333333 ,0.0,69.93423790951076 ,6755.0,10:50:51 AM,1572672051887
0.584 ,7.96 ,6.05,23.551833333333335,87.29656833333333 ,0.0,69.93423790951076 ,6755.0,10:50:51 AM,1572672051888
0.615 ,7.987 ,6.056,23.551833333333335,87.29656833333333 ,0.0,69.93423790951076 ,6755.0,10:50:51 AM,1572672051893
0.622 ,7.921 ,6.085,23.551833333333335,87.29656833333333 ,0.0,69.93423790951076 ,6755.0,10:50:51 AM,1572672051893
0.638 ,7.94 ,6.086,23.551833333333335,87.29656833333333 ,0.0,69.93423790951076 ,6755.0,10:50:51 AM,1572672051898
0.606 ,8.002 ,6.097,23.551833333333335,87.29656833333333 ,0.0,69.93423790951076 ,6755.0,10:50:51 AM,1572672051898
0.494 ,7.969 ,6.043,23.551833333333335,87.29656833333333 ,0.0,69.93423790951076 ,6755.0,10:50:51 AM,1572672051904
0.543 ,8.039 ,6.05,23.551833333333335,87.29656833333333 ,0.0,69.93423790951076 ,6755.0,10:50:51 AM,1572672051904
0.509 ,8.016 ,5.981,23.551833333333335,87.29656833333333 ,0.0,69.93423790951076 ,6755.0,10:50:51 AM,1572672051909
0.571 ,8.023 ,5.987,23.551833333333335,87.29656833333333 ,0.0,69.93423790951076 ,6755.0,10:50:51 AM,1572672051910
0.513 ,8.049 ,5.965,23.551833333333335,87.29656833333333 ,0.0,69.93423790951076 ,6755.0,10:50:51 AM,1572672051913
0.512 ,8.068 ,5.929,23.551833333333335,87.29656833333333 ,0.0,69.93423790951076 ,6755.0,10:50:51 AM,1572672051913
0.515 ,7.988 ,5.983,23.551833333333335,87.29656833333333 ,0.0,69.93423790951076 ,6755.0,10:50:51 AM,1572672051918
0.455 ,7.971 ,5.954,23.551833333333335,87.29656833333333 ,0.0,69.93423790951076 ,6755.0,10:50:51 AM,1572672051919
0.5 ,7.987 ,5.991,23.551833333333335,87.29656833333333 ,0.0,69.93423790951076 ,6755.0,10:50:51 AM,1572672051923
0.475 ,7.975 ,5.987,23.551833333333335,87.29656833333333 ,0.0,69.93423790951076 ,6755.0,10:50:51 AM,1572672051923
0.434 ,7.981 ,6.019,23.551833333333335,87.29656833333333 ,0.0,69.93423790951076 ,6755.0,10:50:51 AM,1572672051928
0.486 ,8.011 ,5.99,23.551833333333335,87.29656833333333 ,0.0,69.93423790951076 ,6755.0,10:50:51 AM,1572672051928
0.5 ,8.014 ,5.954,23.551833333333335,87.29656833333333 ,0.0,69.93423790951076 ,6755.0,10:50:51 AM,1572672051934
0.455 ,8.005 ,5.891,23.551833333333335,87.29656833333333 ,0.0,69.93423790951076 ,6755.0,10:50:51 AM,1572672051934
0.497 ,7.937 ,5.97,23.551833333333335,87.29656833333333 ,0.0,69.93423790951076 ,6755.0,10:50:51 AM,1572672051938
0.513 ,7.969 ,6.005,23.551833333333335,87.29656833333333 ,0.0,69.93423790951076 ,6755.0,10:50:51 AM,1572672051938
0.425 ,7.932 ,6.009,23.551833333333335,87.29656833333333 ,0.0,69.93423790951076 ,6755.0,10:50:51 AM,1572672051942
0.495 ,7.965 ,6.082,23.551833333333335,87.29656833333333 ,0.0,69.93423790951076 ,6755.0,10:50:51 AM,1572672051943
0.395 ,7.907 ,6.109,23.551833333333335,87.29656833333333 ,0.0,69.93423790951076 ,6755.0,10:50:51 AM,1572672051947
0.382 ,7.956 ,6.055,23.551833333333335,87.29656833333333 ,0.0,69.93423790951076 ,6755.0,10:50:51 AM,1572672051948
0.433 ,7.916 ,6.045,23.551833333333335,87.29656833333333 ,0.0,69.93423790951076 ,6755.0,10:50:51 AM,1572672051954
0.337 ,7.956 ,5.957,23.551833333333335,87.29656833333333 ,0.0,69.93423790951076 ,6755.0,10:50:51 AM,1572672051954
0.39 ,7.975 ,5.971,23.551833333333335,87.29656833333333 ,0.0,69.93423790951076 ,6755.0,10:50:51 AM,1572672051958
0.379 ,7.956 ,5.96,23.551833333333335,87.29656833333333 ,0.0,69.93423790951076 ,6755.0,10:50:51 AM,1572672051959
0.351 ,7.893 ,5.97,23.551833333333335,87.29656833333333 ,0.0,69.93423790951076 ,6755.0,10:50:51 AM,1572672051963
0.377 ,7.934 ,5.946,23.551833333333335,87.29656833333333 ,0.0,69.93423790951076 ,6755.0,10:50:51 AM,1572672051963
0.34 ,8.023 ,6.02,23.551833333333335,87.29656833333333 ,0.0,69.93423790951076 ,6755.0,10:50:51 AM,1572672051969
0.39 ,7.968 ,5.994,23.551833333333335,87.29656833333333 ,0.0,69.93423790951076 ,6755.0,10:50:51 AM,1572672051969
0.347 ,8.02 ,6.018,23.551833333333335,87.29656833333333 ,0.0,69.93423790951076 ,6755.0,10:50:51 AM,1572672051973
0.424 ,7.963 ,6.024,23.551833333333335,87.29656833333333 ,0.0,69.93423790951076 ,6755.0,10:50:51 AM,1572672051974
0.45 ,7.96 ,6.012,23.551833333333335,87.29656833333333 ,0.0,69.93423790951076 ,6755.0,10:50:51 AM,1572672051979
0.452 ,7.978 ,5.991,23.551833333333335,87.29656833333333 ,0.0,69.93423790951076 ,6755.0,10:50:51 AM,1572672051979
0.473 ,8.011 ,6.07,23.551833333333335,87.29656833333333 ,0.0,69.93423790951076 ,6755.0,10:50:51 AM,1572672051986
0.446 ,7.935 ,6.087,23.551833333333335,87.29656833333333 ,0.0,69.93423790951076 ,6755.0,10:50:51 AM,1572672051987
0.5 ,7.957 ,6.088,23.551833333333335,87.29656833333333 ,0.0,69.93423790951076 ,6755.0,10:50:51 AM,1572672051987
0.402 ,7.938 ,6.098,23.551833333333335,87.29656833333333 ,0.0,69.93423790951076 ,6755.0,10:50:51 AM,1572672051988
0.443 ,7.922 ,6.066,23.551833333333335,87.29656833333333 ,0.0,69.93423790951076 ,6747.0,10:50:51 AM,1572672051993
0.409 ,7.861 ,6.02,23.551833333333335,87.29656833333333 ,0.0,69.93423790951076 ,6747.0,10:50:51 AM,1572672051994
0.392 ,7.871 ,6.021,23.551833333333335,87.29656833333333 ,0.0,69.93423790951076 ,6747.0,10:50:51 AM,1572672051998
0.401 ,7.917 ,6.048,23.551833333333335,87.29656833333333 ,0.0,69.93423790951076 ,6747.0,10:50:51 AM,1572672051998
0.357 ,7.901 ,6.054,23.551833333333335,87.29656833333333 ,0.0,69.93423790951076 ,6747.0,10:50:52 AM,1572672052003
0.352 ,7.916 ,6.037,23.551833333333335,87.29656833333333 ,0.0,69.93423790951076 ,6747.0,10:50:52 AM,1572672052004
0.343 ,7.958 ,6.047,23.551833333333335,87.29656833333333 ,0.0,69.93423790951076 ,6747.0,10:50:52 AM,1572672052007
0.371 ,7.854 ,6.008,23.551833333333335,87.29656833333333 ,0.0,69.93423790951076 ,6747.0,10:50:52 AM,1572672052008
0.385 ,7.931 ,6.037,23.551833333333335,87.29656833333333 ,0.0,69.93423790951076 ,6747.0,10:50:52 AM,1572672052012
0.4 ,7.928 ,6.023,23.551833333333335,87.29656833333333 ,0.0,69.93423790951076 ,6747.0,10:50:52 AM,1572672052013
0.44 ,7.931 ,6.014,23.551833333333335,87.29656833333333 ,0.0,69.93423790951076 ,6747.0,10:50:52 AM,1572672052018
0.487 ,7.939 ,5.96,23.551833333333335,87.29656833333333 ,0.0,69.93423790951076 ,6747.0,10:50:52 AM,1572672052018
0.497 ,7.974 ,5.962,23.551833333333335,87.29656833333333 ,0.0,69.93423790951076 ,6747.0,10:50:52 AM,1572672052024
0.482 ,7.928 ,5.947,23.551833333333335,87.29656833333333 ,0.0,69.93423790951076 ,6747.0,10:50:52 AM,1572672052024
0.434 ,7.917 ,5.999,23.551833333333335,87.29656833333333 ,0.0,69.93423790951076 ,6747.0,10:50:52 AM,1572672052028
0.425 ,7.938 ,6.03,23.551833333333335,87.29656833333333 ,0.0,69.93423790951076 ,6747.0,10:50:52 AM,1572672052028
0.352 ,7.908 ,6.136,23.551833333333335,87.29656833333333 ,0.0,69.93423790951076 ,6747.0,10:50:52 AM,1572672052034
0.348 ,7.946 ,6.091,23.551833333333335,87.29656833333333 ,0.0,69.93423790951076 ,6747.0,10:50:52 AM,1572672052035
0.367 ,7.915 ,6.081,23.551833333333335,87.29656833333333 ,0.0,69.93423790951076 ,6747.0,10:50:52 AM,1572672052038
