x,y,z,latitude,longitude,speed,sound,light,time,timestamp
1.051 ,8.083 ,10.498,23.55137333333333,87.29616499999999 ,20.116167640686037,82.36624108355227 ,50913.0,10:50:29 AM,1572672029844
1.065 ,11.609 ,9.765,23.55137333333333,87.29616499999999 ,20.116167640686037,82.36624108355227 ,50913.0,10:50:29 AM,1572672029846
-1.31 ,12.753 ,4.746,23.55137333333333,87.29616499999999 ,20.116167640686037,82.36624108355227 ,50913.0,10:50:29 AM,1572672029847
-1.96 ,12.608 ,0.876,23.55137333333333,87.29616499999999 ,20.116167640686037,82.36624108355227 ,50913.0,10:50:29 AM,1572672029851
-4.582 ,10.573 ,-5.458,23.55137333333333,87.29616499999999 ,20.116167640686037,82.36624108355227 ,50913.0,10:50:29 AM,1572672029852
-4.752 ,8.121 ,-3.956,23.55137333333333,87.29616499999999 ,20.116167640686037,82.36624108355227 ,50913.0,10:50:29 AM,1572672029856
-5.28 ,7.673 ,3.376,23.55137333333333,87.29616499999999 ,20.116167640686037,82.36624108355227 ,50913.0,10:50:29 AM,1572672029856
-4.599 ,11.405 ,10.034,23.55137333333333,87.29616499999999 ,20.116167640686037,82.36624108355227 ,50913.0,10:50:29 AM,1572672029861
-1.499 ,11.66 ,16.446,23.55137333333333,87.29616499999999 ,20.116167640686037,82.36624108355227 ,50913.0,10:50:29 AM,1572672029861
-0.743 ,8.069 ,14.454,23.55137333333333,87.29616499999999 ,20.116167640686037,82.36624108355227 ,50913.0,10:50:29 AM,1572672029866
1.123 ,4.996 ,9.03,23.55137333333333,87.29616499999999 ,20.116167640686037,82.36624108355227 ,50913.0,10:50:29 AM,1572672029866
3.317 ,4.944 ,1.763,23.55137333333333,87.29616499999999 ,20.116167640686037,82.36624108355227 ,50913.0,10:50:29 AM,1572672029870
0.359 ,6.663 ,0.149,23.55137333333333,87.29616499999999 ,20.116167640686037,82.36624108355227 ,50913.0,10:50:29 AM,1572672029871
-0.996 ,9.92 ,1.5,23.55137333333333,87.29616499999999 ,20.116167640686037,82.36624108355227 ,50913.0,10:50:29 AM,1572672029875
-3.66 ,12.171 ,3.408,23.55137333333333,87.29616499999999 ,20.116167640686037,82.36624108355227 ,50913.0,10:50:29 AM,1572672029876
-5.914 ,12.178 ,4.972,23.55137333333333,87.29616499999999 ,20.116167640686037,82.36624108355227 ,50913.0,10:50:29 AM,1572672029881
-4.614 ,11.281 ,7.046,23.55137333333333,87.29616499999999 ,20.116167640686037,82.36624108355227 ,50913.0,10:50:29 AM,1572672029881
-5.248 ,9.381 ,6.323,23.55137333333333,87.29616499999999 ,20.116167640686037,82.36624108355227 ,50913.0,10:50:29 AM,1572672029886
-1.413 ,9.785 ,7.031,23.55137333333333,87.29616499999999 ,20.116167640686037,82.36624108355227 ,50913.0,10:50:29 AM,1572672029886
0.406 ,9.8 ,3.178,23.55137333333333,87.29616499999999 ,20.116167640686037,82.36624108355227 ,50913.0,10:50:29 AM,1572672029891
0.202 ,8.3 ,3.173,23.55137333333333,87.29616499999999 ,20.116167640686037,82.36624108355227 ,50913.0,10:50:29 AM,1572672029891
0.005 ,8.942 ,0.695,23.55137333333333,87.29616499999999 ,20.116167640686037,82.36624108355227 ,50913.0,10:50:29 AM,1572672029896
-1.471 ,9.51 ,-0.904,23.55137333333333,87.29616499999999 ,20.116167640686037,82.36624108355227 ,50913.0,10:50:29 AM,1572672029896
-4.979 ,10.234 ,-1.226,23.55137333333333,87.29616499999999 ,20.116167640686037,82.36624108355227 ,50913.0,10:50:29 AM,1572672029900
-5.427 ,11.129 ,-0.236,23.55137333333333,87.29616499999999 ,20.116167640686037,82.36624108355227 ,50913.0,10:50:29 AM,1572672029901
-6.08 ,12.04 ,3.147,23.55137333333333,87.29616499999999 ,20.116167640686037,82.36624108355227 ,50913.0,10:50:29 AM,1572672029906
-6.184 ,12.297 ,6.124,23.55137333333333,87.29616499999999 ,20.116167640686037,82.36624108355227 ,50913.0,10:50:29 AM,1572672029906
-2.638 ,11.986 ,10.818,23.55137333333333,87.29616499999999 ,20.116167640686037,82.36624108355227 ,50913.0,10:50:29 AM,1572672029910
-1.132 ,9.887 ,11.145,23.55137333333333,87.29616499999999 ,20.116167640686037,82.36624108355227 ,50913.0,10:50:29 AM,1572672029911
0.679 ,8.373 ,8.371,23.55137333333333,87.29616499999999 ,20.116167640686037,82.36624108355227 ,50913.0,10:50:29 AM,1572672029916
2.748 ,7.048 ,5.109,23.55137333333333,87.29616499999999 ,20.116167640686037,82.36624108355227 ,50913.0,10:50:29 AM,1572672029917
1.921 ,6.663 ,4.878,23.55137333333333,87.29616499999999 ,20.116167640686037,82.36624108355227 ,50913.0,10:50:29 AM,1572672029921
0.002 ,9.057 ,3.03,23.55137333333333,87.29616499999999 ,20.116167640686037,82.36624108355227 ,50913.0,10:50:29 AM,1572672029921
0.194 ,10.832 ,4.348,23.55137333333333,87.29616499999999 ,20.116167640686037,82.36624108355227 ,50913.0,10:50:29 AM,1572672029927
-3.95 ,10.227 ,3.768,23.55137333333333,87.29616499999999 ,20.116167640686037,82.36624108355227 ,50913.0,10:50:29 AM,1572672029927
-3.792 ,9.927 ,1.895,23.55137333333333,87.29616499999999 ,20.116167640686037,82.36624108355227 ,50913.0,10:50:29 AM,1572672029930
-4.588 ,9.721 ,0.759,23.55137333333333,87.29616499999999 ,20.116167640686037,82.36624108355227 ,50913.0,10:50:29 AM,1572672029931
-5.933 ,8.809 ,1.023,23.55137333333333,87.29616499999999 ,20.116167640686037,82.36624108355227 ,50913.0,10:50:29 AM,1572672029936
-2.4 ,9.585 ,3.771,23.55137333333333,87.29616499999999 ,20.116167640686037,82.36624108355227 ,50913.0,10:50:29 AM,1572672029936
-4.864 ,9.055 ,3.319,23.55137333333333,87.29616499999999 ,20.116167640686037,82.36624108355227 ,50913.0,10:50:29 AM,1572672029941
-3.094 ,10.37 ,5.426,23.55137333333333,87.29616499999999 ,20.116167640686037,82.36624108355227 ,50913.0,10:50:29 AM,1572672029941
-2.998 ,11.109 ,2.708,23.55137333333333,87.29616499999999 ,20.116167640686037,82.36624108355227 ,50913.0,10:50:29 AM,1572672029946
-4.047 ,9.261 ,4.161,23.55137333333333,87.29616499999999 ,20.116167640686037,82.36624108355227 ,50913.0,10:50:29 AM,1572672029947
-2.896 ,8.966 ,4.071,23.55137333333333,87.29616499999999 ,20.116167640686037,82.36624108355227 ,50913.0,10:50:29 AM,1572672029951
-1.985 ,9.01 ,4.719,23.55137333333333,87.29616499999999 ,20.116167640686037,82.36624108355227 ,50913.0,10:50:29 AM,1572672029951
-1.35 ,8.001 ,9.425,23.55137333333333,87.29616499999999 ,20.116167640686037,82.36624108355227 ,50913.0,10:50:29 AM,1572672029956
0.839 ,6.988 ,11.088,23.55137333333333,87.29616499999999 ,20.116167640686037,82.36624108355227 ,50913.0,10:50:29 AM,1572672029957
1.177 ,6.715 ,11.435,23.55137333333333,87.29616499999999 ,20.116167640686037,82.36624108355227 ,50913.0,10:50:29 AM,1572672029961
2.769 ,6.158 ,14.728,23.55137333333333,87.29616499999999 ,20.116167640686037,82.36624108355227 ,50913.0,10:50:29 AM,1572672029962
2.891 ,6.743 ,15.482,23.55137333333333,87.29616499999999 ,20.116167640686037,82.36624108355227 ,50913.0,10:50:29 AM,1572672029966
1.531 ,6.477 ,14.314,23.55137333333333,87.29616499999999 ,20.116167640686037,82.36624108355227 ,50913.0,10:50:29 AM,1572672029967
1.794 ,5.953 ,12.553,23.55137333333333,87.29616499999999 ,20.116167640686037,82.36624108355227 ,50913.0,10:50:29 AM,1572672029971
-0.724 ,5.0 ,3.407,23.55137333333333,87.29616499999999 ,20.116167640686037,82.36624108355227 ,50913.0,10:50:29 AM,1572672029972
-0.413 ,4.282 ,3.104,23.55137333333333,87.29616499999999 ,20.116167640686037,82.36624108355227 ,50913.0,10:50:29 AM,1572672029976
-1.631 ,4.903 ,-0.974,23.55137333333333,87.29616499999999 ,20.116167640686037,82.36624108355227 ,50913.0,10:50:29 AM,1572672029976
-2.344 ,6.294 ,0.717,23.55137333333333,87.29616499999999 ,20.116167640686037,82.36624108355227 ,50913.0,10:50:29 AM,1572672029981
-4.076 ,6.205 ,4.457,23.55137333333333,87.29616499999999 ,20.116167640686037,82.36624108355227 ,50913.0,10:50:29 AM,1572672029982
-4.213 ,6.605 ,5.866,23.55137333333333,87.29616499999999 ,20.116167640686037,82.36624108355227 ,50913.0,10:50:29 AM,1572672029986
-4.506 ,6.678 ,8.602,23.55137333333333,87.29616499999999 ,20.116167640686037,82.36624108355227 ,50913.0,10:50:29 AM,1572672029987
-2.598 ,7.261 ,8.878,23.55137333333333,87.29616499999999 ,20.116167640686037,82.36624108355227 ,50913.0,10:50:29 AM,1572672029991
-1.861 ,8.328 ,7.014,23.55137333333333,87.29616499999999 ,20.116167640686037,82.36624108355227 ,50913.0,10:50:29 AM,1572672029992
-0.649 ,8.826 ,5.618,23.55137333333333,87.29616499999999 ,20.116167640686037,82.36624108355227 ,49062.0,10:50:29 AM,1572672029996
0.315 ,8.916 ,0.248,23.55137333333333,87.29616499999999 ,20.116167640686037,82.36624108355227 ,49062.0,10:50:29 AM,1572672029996
0.762 ,7.757 ,-2.643,23.55137333333333,87.29616499999999 ,20.116167640686037,82.36624108355227 ,49062.0,10:50:30 AM,1572672030001
-0.241 ,7.514 ,-1.917,23.55137333333333,87.29616499999999 ,20.116167640686037,82.36624108355227 ,49062.0,10:50:30 AM,1572672030002
0.262 ,9.579 ,0.0,23.55137333333333,87.29616499999999 ,20.116167640686037,82.36624108355227 ,49062.0,10:50:30 AM,1572672030006
1.84 ,11.455 ,4.997,23.55137333333333,87.29616499999999 ,20.116167640686037,82.36624108355227 ,49062.0,10:50:30 AM,1572672030007
1.313 ,10.622 ,5.727,23.55137333333333,87.29616499999999 ,20.116167640686037,82.36624108355227 ,49062.0,10:50:30 AM,1572672030011
2.872 ,9.748 ,3.366,23.55137333333333,87.29616499999999 ,20.116167640686037,82.36624108355227 ,49062.0,10:50:30 AM,1572672030012
1.801 ,9.123 ,-2.566,23.55137333333333,87.29616499999999 ,20.116167640686037,82.36624108355227 ,49062.0,10:50:30 AM,1572672030016
2.413 ,8.731 ,-2.367,23.55137333333333,87.29616499999999 ,20.116167640686037,82.36624108355227 ,49062.0,10:50:30 AM,1572672030017
0.392 ,10.867 ,-2.519,23.55137333333333,87.29616499999999 ,20.116167640686037,82.36624108355227 ,49062.0,10:50:30 AM,1572672030021
-1.194 ,14.524 ,1.015,23.55137333333333,87.29616499999999 ,20.116167640686037,82.36624108355227 ,49062.0,10:50:30 AM,1572672030022
0.128 ,14.686 ,0.622,23.55137333333333,87.29616499999999 ,20.116167640686037,82.36624108355227 ,49062.0,10:50:30 AM,1572672030026
-3.515 ,12.373 ,-10.495,23.55137333333333,87.29616499999999 ,20.116167640686037,82.36624108355227 ,49062.0,10:50:30 AM,1572672030027
-2.027 ,11.803 ,-9.898,23.55137333333333,87.29616499999999 ,20.116167640686037,82.36624108355227 ,49062.0,10:50:30 AM,1572672030031
-0.097 ,14.559 ,-11.904,23.55137333333333,87.29616499999999 ,20.116167640686037,82.36624108355227 ,49062.0,10:50:30 AM,1572672030032
-0.837 ,15.915 ,-9.811,23.55137333333333,87.29616499999999 ,20.116167640686037,82.36624108355227 ,49062.0,10:50:30 AM,1572672030036
-2.243 ,17.119 ,-5.898,23.55137333333333,87.29616499999999 ,20.116167640686037,82.36624108355227 ,49062.0,10:50:30 AM,1572672030037
-1.585 ,16.54 ,-4.283,23.55137333333333,87.29616499999999 ,20.116167640686037,82.36624108355227 ,49062.0,10:50:30 AM,1572672030041
-4.29 ,12.589 ,-5.576,23.55137333333333,87.29616499999999 ,20.116167640686037,82.36624108355227 ,49062.0,10:50:30 AM,1572672030042
-3.464 ,8.346 ,1.598,23.55137333333333,87.29616499999999 ,20.116167640686037,82.36624108355227 ,49062.0,10:50:30 AM,1572672030046
-4.678 ,8.437 ,1.366,23.55137333333333,87.29616499999999 ,20.116167640686037,82.36624108355227 ,49062.0,10:50:30 AM,1572672030047
-5.206 ,10.865 ,4.408,23.55137333333333,87.29616499999999 ,20.116167640686037,82.36624108355227 ,49062.0,10:50:30 AM,1572672030051
-4.642 ,10.494 ,6.674,23.55137333333333,87.29616499999999 ,20.116167640686037,82.36624108355227 ,49062.0,10:50:30 AM,1572672030051
-6.38 ,7.485 ,2.066,23.55137333333333,87.29616499999999 ,20.116167640686037,82.36624108355227 ,49062.0,10:50:30 AM,1572672030056
-6.214 ,5.188 ,2.947,23.55137333333333,87.29616499999999 ,20.116167640686037,82.36624108355227 ,49062.0,10:50:30 AM,1572672030056
-5.658 ,4.507 ,5.651,23.55137333333333,87.29616499999999 ,20.116167640686037,82.36624108355227 ,49062.0,10:50:30 AM,1572672030061
-4.79 ,5.345 ,10.754,23.55137333333333,87.29616499999999 ,20.116167640686037,82.36624108355227 ,49062.0,10:50:30 AM,1572672030062
-3.323 ,4.45 ,15.956,23.55137333333333,87.29616499999999 ,20.116167640686037,82.36624108355227 ,49062.0,10:50:30 AM,1572672030066
0.366 ,3.227 ,18.255,23.55137333333333,87.29616499999999 ,20.116167640686037,82.36624108355227 ,49062.0,10:50:30 AM,1572672030067
-0.504 ,2.231 ,14.38,23.55137333333333,87.29616499999999 ,20.116167640686037,82.36624108355227 ,49062.0,10:50:30 AM,1572672030070
0.212 ,2.596 ,14.491,23.55137333333333,87.29616499999999 ,20.116167640686037,82.36624108355227 ,49062.0,10:50:30 AM,1572672030071
-0.836 ,6.082 ,15.578,23.55137333333333,87.29616499999999 ,20.116167640686037,82.36624108355227 ,49062.0,10:50:30 AM,1572672030075
-0.32 ,6.421 ,16.56,23.55137333333333,87.29616499999999 ,20.116167640686037,82.36624108355227 ,49062.0,10:50:30 AM,1572672030076
-4.922 ,4.041 ,7.509,23.55137333333333,87.29616499999999 ,20.116167640686037,82.36624108355227 ,49062.0,10:50:30 AM,1572672030081
-5.165 ,2.161 ,6.77,23.55137333333333,87.29616499999999 ,20.116167640686037,82.36624108355227 ,49062.0,10:50:30 AM,1572672030082
-4.253 ,1.112 ,13.591,23.55137333333333,87.29616499999999 ,20.116167640686037,82.36624108355227 ,49062.0,10:50:30 AM,1572672030086
-4.972 ,1.893 ,13.993,23.55137333333333,87.29616499999999 ,20.116167640686037,82.36624108355227 ,49062.0,10:50:30 AM,1572672030086
-3.09 ,3.089 ,19.52,23.55137333333333,87.29616499999999 ,20.116167640686037,82.36624108355227 ,49062.0,10:50:30 AM,1572672030090
