x,y,z,latitude,longitude,speed,sound,light,time,timestamp
11.313 ,3.113 ,0.542,23.567948333333334,87.29979499999999 ,44.540562057495116,87.1182413553678 ,7819.0,10:47:28 AM,1572671848065
6.353 ,5.567 ,6.191,23.567948333333334,87.29979499999999 ,44.540562057495116,87.1182413553678 ,7819.0,10:47:28 AM,1572671848066
3.154 ,9.179 ,10.69,23.567948333333334,87.29979499999999 ,44.540562057495116,87.1182413553678 ,7819.0,10:47:28 AM,1572671848070
0.439 ,9.486 ,8.76,23.567948333333334,87.29979499999999 ,44.540562057495116,87.1182413553678 ,7819.0,10:47:28 AM,1572671848071
-4.413 ,6.193 ,3.952,23.567948333333334,87.29979499999999 ,44.540562057495116,87.1182413553678 ,7819.0,10:47:28 AM,1572671848075
-5.168 ,6.927 ,0.817,23.567948333333334,87.29979499999999 ,44.540562057495116,87.1182413553678 ,7819.0,10:47:28 AM,1572671848076
-5.771 ,8.639 ,0.999,23.567948333333334,87.29979499999999 ,44.540562057495116,87.1182413553678 ,7819.0,10:47:28 AM,1572671848080
-4.691 ,8.723 ,-0.299,23.567948333333334,87.29979499999999 ,44.540562057495116,87.1182413553678 ,7819.0,10:47:28 AM,1572671848081
1.447 ,5.978 ,-0.088,23.567948333333334,87.29979499999999 ,44.540562057495116,87.1182413553678 ,7819.0,10:47:28 AM,1572671848085
-1.862 ,6.386 ,-15.102,23.567948333333334,87.29979499999999 ,44.540562057495116,87.1182413553678 ,7819.0,10:47:28 AM,1572671848086
4.536 ,10.303 ,-9.15,23.567948333333334,87.29979499999999 ,44.540562057495116,87.1182413553678 ,7819.0,10:47:28 AM,1572671848090
4.172 ,13.457 ,-3.082,23.567948333333334,87.29979499999999 ,44.540562057495116,87.1182413553678 ,7819.0,10:47:28 AM,1572671848091
-1.254 ,15.505 ,-9.206,23.567948333333334,87.29979499999999 ,44.540562057495116,87.1182413553678 ,7819.0,10:47:28 AM,1572671848096
-0.097 ,13.54 ,-7.94,23.567948333333334,87.29979499999999 ,44.540562057495116,87.1182413553678 ,7819.0,10:47:28 AM,1572671848096
-0.01 ,6.595 ,-1.676,23.567948333333334,87.29979499999999 ,44.540562057495116,87.1182413553678 ,7819.0,10:47:28 AM,1572671848101
-2.517 ,5.844 ,-2.184,23.567948333333334,87.29979499999999 ,44.540562057495116,87.1182413553678 ,7819.0,10:47:28 AM,1572671848102
-0.648 ,8.856 ,7.571,23.567948333333334,87.29979499999999 ,44.540562057495116,87.1182413553678 ,7819.0,10:47:28 AM,1572671848106
0.34 ,9.78 ,9.365,23.567948333333334,87.29979499999999 ,44.540562057495116,87.1182413553678 ,7819.0,10:47:28 AM,1572671848107
1.082 ,9.364 ,9.124,23.567948333333334,87.29979499999999 ,44.540562057495116,87.1182413553678 ,7819.0,10:47:28 AM,1572671848110
-0.293 ,7.144 ,1.997,23.567948333333334,87.29979499999999 ,44.540562057495116,87.1182413553678 ,7819.0,10:47:28 AM,1572671848111
-1.066 ,6.085 ,4.177,23.567948333333334,87.29979499999999 ,44.540562057495116,87.1182413553678 ,7819.0,10:47:28 AM,1572671848115
-3.759 ,7.271 ,9.461,23.567948333333334,87.29979499999999 ,44.540562057495116,87.1182413553678 ,7819.0,10:47:28 AM,1572671848116
-3.892 ,8.564 ,11.761,23.567948333333334,87.29979499999999 ,44.540562057495116,87.1182413553678 ,7819.0,10:47:28 AM,1572671848120
-4.177 ,7.776 ,13.363,23.567948333333334,87.29979499999999 ,44.540562057495116,87.1182413553678 ,7819.0,10:47:28 AM,1572671848121
-1.94 ,6.44 ,15.147,23.567948333333334,87.29979499999999 ,44.540562057495116,87.1182413553678 ,7819.0,10:47:28 AM,1572671848125
-0.755 ,5.822 ,17.046,23.567948333333334,87.29979499999999 ,44.540562057495116,87.1182413553678 ,7819.0,10:47:28 AM,1572671848125
-2.905 ,5.831 ,17.103,23.567948333333334,87.29979499999999 ,44.540562057495116,87.1182413553678 ,7819.0,10:47:28 AM,1572671848129
-2.063 ,5.359 ,14.96,23.567948333333334,87.29979499999999 ,44.540562057495116,87.1182413553678 ,7819.0,10:47:28 AM,1572671848130
-4.413 ,2.934 ,9.796,23.567948333333334,87.29979499999999 ,44.540562057495116,87.1182413553678 ,7819.0,10:47:28 AM,1572671848134
-7.49 ,2.437 ,7.8,23.567948333333334,87.29979499999999 ,44.540562057495116,87.1182413553678 ,7819.0,10:47:28 AM,1572671848135
-7.043 ,7.593 ,12.931,23.567948333333334,87.29979499999999 ,44.540562057495116,87.1182413553678 ,7819.0,10:47:28 AM,1572671848139
-9.24 ,12.083 ,11.192,23.567948333333334,87.29979499999999 ,44.540562057495116,87.1182413553678 ,7819.0,10:47:28 AM,1572671848140
-5.044 ,10.641 ,6.74,23.567948333333334,87.29979499999999 ,44.540562057495116,87.1182413553678 ,7819.0,10:47:28 AM,1572671848144
-2.607 ,3.817 ,-3.413,23.567948333333334,87.29979499999999 ,44.540562057495116,87.1182413553678 ,7819.0,10:47:28 AM,1572671848145
1.136 ,0.896 ,-9.997,23.567948333333334,87.29979499999999 ,44.540562057495116,87.1182413553678 ,7819.0,10:47:28 AM,1572671848149
5.218 ,4.719 ,-7.75,23.567948333333334,87.29979499999999 ,44.540562057495116,87.1182413553678 ,7819.0,10:47:28 AM,1572671848150
2.437 ,7.886 ,-2.819,23.567948333333334,87.29979499999999 ,44.540562057495116,87.1182413553678 ,7819.0,10:47:28 AM,1572671848154
2.592 ,8.719 ,3.443,23.567948333333334,87.29979499999999 ,44.540562057495116,87.1182413553678 ,7819.0,10:47:28 AM,1572671848155
-2.664 ,6.047 ,-0.48,23.567948333333334,87.29979499999999 ,44.540562057495116,87.1182413553678 ,7819.0,10:47:28 AM,1572671848159
-3.314 ,4.52 ,5.444,23.567948333333334,87.29979499999999 ,44.540562057495116,87.1182413553678 ,7819.0,10:47:28 AM,1572671848160
-3.564 ,7.292 ,10.138,23.567948333333334,87.29979499999999 ,44.540562057495116,87.1182413553678 ,7819.0,10:47:28 AM,1572671848165
-3.33 ,9.403 ,13.293,23.567948333333334,87.29979499999999 ,44.540562057495116,87.1182413553678 ,7819.0,10:47:28 AM,1572671848165
0.471 ,8.371 ,13.023,23.567948333333334,87.29979499999999 ,44.540562057495116,87.1182413553678 ,7819.0,10:47:28 AM,1572671848170
3.231 ,5.881 ,12.33,23.567948333333334,87.29979499999999 ,44.540562057495116,87.1182413553678 ,7819.0,10:47:28 AM,1572671848171
6.592 ,8.366 ,9.388,23.567948333333334,87.29979499999999 ,44.540562057495116,87.1182413553678 ,7819.0,10:47:28 AM,1572671848175
8.078 ,10.107 ,9.591,23.567948333333334,87.29979499999999 ,44.540562057495116,87.1182413553678 ,7819.0,10:47:28 AM,1572671848175
6.721 ,9.671 ,9.608,23.567948333333334,87.29979499999999 ,44.540562057495116,87.1182413553678 ,7819.0,10:47:28 AM,1572671848180
6.246 ,9.337 ,4.508,23.567948333333334,87.29979499999999 ,44.540562057495116,87.1182413553678 ,7819.0,10:47:28 AM,1572671848181
4.519 ,9.824 ,0.301,23.567948333333334,87.29979499999999 ,44.540562057495116,87.1182413553678 ,7819.0,10:47:28 AM,1572671848185
3.492 ,10.609 ,4.533,23.567948333333334,87.29979499999999 ,44.540562057495116,87.1182413553678 ,7819.0,10:47:28 AM,1572671848186
-0.198 ,13.052 ,8.91,23.567948333333334,87.29979499999999 ,44.540562057495116,87.1182413553678 ,7819.0,10:47:28 AM,1572671848190
-2.227 ,14.141 ,5.616,23.567948333333334,87.29979499999999 ,44.540562057495116,87.1182413553678 ,7819.0,10:47:28 AM,1572671848191
-2.5 ,10.303 ,-1.423,23.567948333333334,87.29979499999999 ,44.540562057495116,87.1182413553678 ,8436.0,10:47:28 AM,1572671848195
-4.933 ,5.517 ,-5.037,23.567948333333334,87.29979499999999 ,44.540562057495116,87.1182413553678 ,8436.0,10:47:28 AM,1572671848195
-4.552 ,8.628 ,-2.773,23.567948333333334,87.29979499999999 ,44.540562057495116,87.1182413553678 ,8436.0,10:47:28 AM,1572671848200
-6.159 ,14.436 ,2.608,23.567948333333334,87.29979499999999 ,44.540562057495116,87.1182413553678 ,8436.0,10:47:28 AM,1572671848200
-6.612 ,16.548 ,5.215,23.567948333333334,87.29979499999999 ,44.540562057495116,87.1182413553678 ,8436.0,10:47:28 AM,1572671848205
-5.378 ,13.057 ,0.555,23.567948333333334,87.29979499999999 ,44.540562057495116,87.1182413553678 ,8436.0,10:47:28 AM,1572671848206
-4.73 ,6.665 ,-2.726,23.567948333333334,87.29979499999999 ,44.540562057495116,87.1182413553678 ,8436.0,10:47:28 AM,1572671848209
1.379 ,5.233 ,1.625,23.567948333333334,87.29979499999999 ,44.540562057495116,87.1182413553678 ,8436.0,10:47:28 AM,1572671848210
0.175 ,8.364 ,0.505,23.567948333333334,87.29979499999999 ,44.540562057495116,87.1182413553678 ,8436.0,10:47:28 AM,1572671848215
3.17 ,8.891 ,9.206,23.567948333333334,87.29979499999999 ,44.540562057495116,87.1182413553678 ,8436.0,10:47:28 AM,1572671848215
3.506 ,6.725 ,7.768,23.567948333333334,87.29979499999999 ,44.540562057495116,87.1182413553678 ,8436.0,10:47:28 AM,1572671848220
0.462 ,2.06 ,4.776,23.567948333333334,87.29979499999999 ,44.540562057495116,87.1182413553678 ,8436.0,10:47:28 AM,1572671848221
-0.253 ,1.164 ,9.072,23.567948333333334,87.29979499999999 ,44.540562057495116,87.1182413553678 ,8436.0,10:47:28 AM,1572671848225
-4.307 ,4.338 ,13.244,23.567948333333334,87.29979499999999 ,44.540562057495116,87.1182413553678 ,8436.0,10:47:28 AM,1572671848226
-7.662 ,5.739 ,17.318,23.567948333333334,87.29979499999999 ,44.540562057495116,87.1182413553678 ,8436.0,10:47:28 AM,1572671848230
-4.709 ,5.789 ,18.974,23.567948333333334,87.29979499999999 ,44.540562057495116,87.1182413553678 ,8436.0,10:47:28 AM,1572671848230
-6.103 ,4.092 ,9.146,23.567948333333334,87.29979499999999 ,44.540562057495116,87.1182413553678 ,8436.0,10:47:28 AM,1572671848234
-1.852 ,3.195 ,9.845,23.567948333333334,87.29979499999999 ,44.540562057495116,87.1182413553678 ,8436.0,10:47:28 AM,1572671848235
-2.619 ,4.783 ,8.339,23.567948333333334,87.29979499999999 ,44.540562057495116,87.1182413553678 ,8436.0,10:47:28 AM,1572671848240
-2.261 ,7.387 ,7.533,23.567948333333334,87.29979499999999 ,44.540562057495116,87.1182413553678 ,8436.0,10:47:28 AM,1572671848241
2.073 ,8.898 ,10.816,23.567948333333334,87.29979499999999 ,44.540562057495116,87.1182413553678 ,8436.0,10:47:28 AM,1572671848245
-0.233 ,5.663 ,7.071,23.567948333333334,87.29979499999999 ,44.540562057495116,87.1182413553678 ,8436.0,10:47:28 AM,1572671848245
-0.184 ,6.017 ,9.879,23.567948333333334,87.29979499999999 ,44.540562057495116,87.1182413553678 ,8436.0,10:47:28 AM,1572671848249
-1.455 ,8.826 ,15.095,23.567948333333334,87.29979499999999 ,44.540562057495116,87.1182413553678 ,8436.0,10:47:28 AM,1572671848250
-3.3 ,8.221 ,14.971,23.567948333333334,87.29979499999999 ,44.540562057495116,87.1182413553678 ,8436.0,10:47:28 AM,1572671848255
-3.366 ,6.64 ,11.31,23.567948333333334,87.29979499999999 ,44.540562057495116,87.1182413553678 ,8436.0,10:47:28 AM,1572671848255
-2.749 ,4.422 ,8.437,23.567948333333334,87.29979499999999 ,44.540562057495116,87.1182413553678 ,8436.0,10:47:28 AM,1572671848260
-1.71 ,7.877 ,9.966,23.567948333333334,87.29979499999999 ,44.540562057495116,87.1182413553678 ,8436.0,10:47:28 AM,1572671848260
-3.423 ,11.565 ,9.478,23.567948333333334,87.29979499999999 ,44.540562057495116,87.1182413553678 ,8436.0,10:47:28 AM,1572671848265
-0.406 ,9.189 ,7.535,23.567948333333334,87.29979499999999 ,44.540562057495116,87.1182413553678 ,8436.0,10:47:28 AM,1572671848265
0.263 ,4.16 ,0.334,23.567948333333334,87.29979499999999 ,44.540562057495116,87.1182413553678 ,8436.0,10:47:28 AM,1572671848269
2.338 ,0.936 ,-2.711,23.567948333333334,87.29979499999999 ,44.540562057495116,87.1182413553678 ,8436.0,10:47:28 AM,1572671848270
5.2 ,6.392 ,2.541,23.567948333333334,87.29979499999999 ,44.540562057495116,87.1182413553678 ,8436.0,10:47:28 AM,1572671848274
5.66 ,11.342 ,9.802,23.567948333333334,87.29979499999999 ,44.540562057495116,87.1182413553678 ,8436.0,10:47:28 AM,1572671848275
4.993 ,14.089 ,4.292,23.567948333333334,87.29979499999999 ,44.540562057495116,87.1182413553678 ,8436.0,10:47:28 AM,1572671848280
2.479 ,10.415 ,-1.771,23.567948333333334,87.29979499999999 ,44.540562057495116,87.1182413553678 ,8436.0,10:47:28 AM,1572671848282
2.778 ,7.325 ,-8.182,23.567948333333334,87.29979499999999 ,44.540562057495116,87.1182413553678 ,8436.0,10:47:28 AM,1572671848286
-1.232 ,8.618 ,-13.214,23.567948333333334,87.29979499999999 ,44.540562057495116,87.1182413553678 ,8436.0,10:47:28 AM,1572671848287
-3.633 ,11.758 ,-5.554,23.567948333333334,87.29979499999999 ,44.540562057495116,87.1182413553678 ,8436.0,10:47:28 AM,1572671848290
-3.048 ,13.023 ,1.063,23.567948333333334,87.29979499999999 ,44.540562057495116,87.1182413553678 ,8436.0,10:47:28 AM,1572671848291
-3.582 ,12.733 ,5.617,23.567948333333334,87.29979499999999 ,44.540562057495116,87.1182413553678 ,8436.0,10:47:28 AM,1572671848295
-1.457 ,10.468 ,11.593,23.567948333333334,87.29979499999999 ,44.540562057495116,87.1182413553678 ,8436.0,10:47:28 AM,1572671848296
1.987 ,11.868 ,13.028,23.567948333333334,87.29979499999999 ,44.540562057495116,87.1182413553678 ,8436.0,10:47:28 AM,1572671848301
2.928 ,12.731 ,9.891,23.567948333333334,87.29979499999999 ,44.540562057495116,87.1182413553678 ,8436.0,10:47:28 AM,1572671848302
4.926 ,10.161 ,4.767,23.567948333333334,87.29979499999999 ,44.540562057495116,87.1182413553678 ,8436.0,10:47:28 AM,1572671848305
3.205 ,8.796 ,0.596,23.567948333333334,87.29979499999999 ,44.540562057495116,87.1182413553678 ,8436.0,10:47:28 AM,1572671848306
2.268 ,10.528 ,3.039,23.567948333333334,87.29979499999999 ,44.540562057495116,87.1182413553678 ,8436.0,10:47:28 AM,1572671848310
0.589 ,13.249 ,7.062,23.567948333333334,87.29979499999999 ,44.540562057495116,87.1182413553678 ,8436.0,10:47:28 AM,1572671848312
