x,y,z,latitude,longitude,speed,sound,light,time,timestamp
-3.809 ,0.819 ,5.458,23.555048333333335,87.29885166666666 ,29.74991569519043,84.4019146952923 ,9739.0,10:49:41 AM,1572671981218
-1.657 ,4.607 ,10.019,23.555048333333335,87.29885166666666 ,29.74991569519043,84.4019146952923 ,9739.0,10:49:41 AM,1572671981219
-2.998 ,9.92 ,7.743,23.555048333333335,87.29885166666666 ,29.74991569519043,84.4019146952923 ,9739.0,10:49:41 AM,1572671981224
-0.321 ,12.465 ,10.817,23.555048333333335,87.29885166666666 ,29.74991569519043,84.4019146952923 ,9739.0,10:49:41 AM,1572671981224
-2.162 ,10.765 ,4.071,23.555048333333335,87.29885166666666 ,29.74991569519043,84.4019146952923 ,9739.0,10:49:41 AM,1572671981228
0.731 ,7.84 ,0.962,23.555048333333335,87.29885166666666 ,29.74991569519043,84.4019146952923 ,9739.0,10:49:41 AM,1572671981229
0.321 ,6.964 ,-7.339,23.555048333333335,87.29885166666666 ,29.74991569519043,84.4019146952923 ,9739.0,10:49:41 AM,1572671981233
0.808 ,7.999 ,-2.598,23.555048333333335,87.29885166666666 ,29.74991569519043,84.4019146952923 ,9739.0,10:49:41 AM,1572671981233
-0.435 ,12.457 ,1.12,23.555048333333335,87.29885166666666 ,29.74991569519043,84.4019146952923 ,9739.0,10:49:41 AM,1572671981238
-2.131 ,13.299 ,2.277,23.555048333333335,87.29885166666666 ,29.74991569519043,84.4019146952923 ,9739.0,10:49:41 AM,1572671981239
-5.962 ,10.635 ,1.88,23.555048333333335,87.29885166666666 ,29.74991569519043,84.4019146952923 ,9739.0,10:49:41 AM,1572671981243
-7.952 ,6.954 ,3.249,23.555048333333335,87.29885166666666 ,29.74991569519043,84.4019146952923 ,9739.0,10:49:41 AM,1572671981244
-7.648 ,9.179 ,5.31,23.555048333333335,87.29885166666666 ,29.74991569519043,84.4019146952923 ,9739.0,10:49:41 AM,1572671981248
-6.123 ,10.603 ,11.219,23.555048333333335,87.29885166666666 ,29.74991569519043,84.4019146952923 ,9739.0,10:49:41 AM,1572671981249
-2.19 ,11.881 ,12.652,23.555048333333335,87.29885166666666 ,29.74991569519043,84.4019146952923 ,9739.0,10:49:41 AM,1572671981253
0.347 ,9.329 ,5.018,23.555048333333335,87.29885166666666 ,29.74991569519043,84.4019146952923 ,9739.0,10:49:41 AM,1572671981253
4.479 ,6.214 ,0.686,23.555048333333335,87.29885166666666 ,29.74991569519043,84.4019146952923 ,9739.0,10:49:41 AM,1572671981258
5.551 ,4.492 ,-4.736,23.555048333333335,87.29885166666666 ,29.74991569519043,84.4019146952923 ,9739.0,10:49:41 AM,1572671981259
4.553 ,6.283 ,-0.763,23.555048333333335,87.29885166666666 ,29.74991569519043,84.4019146952923 ,9739.0,10:49:41 AM,1572671981263
1.982 ,8.899 ,4.354,23.555048333333335,87.29885166666666 ,29.74991569519043,84.4019146952923 ,9739.0,10:49:41 AM,1572671981264
-1.326 ,9.873 ,6.838,23.555048333333335,87.29885166666666 ,29.74991569519043,84.4019146952923 ,9739.0,10:49:41 AM,1572671981268
-3.919 ,8.233 ,9.339,23.555048333333335,87.29885166666666 ,29.74991569519043,84.4019146952923 ,9739.0,10:49:41 AM,1572671981269
-4.241 ,6.466 ,10.207,23.555048333333335,87.29885166666666 ,29.74991569519043,84.4019146952923 ,9739.0,10:49:41 AM,1572671981273
-3.475 ,6.815 ,9.011,23.555048333333335,87.29885166666666 ,29.74991569519043,84.4019146952923 ,9739.0,10:49:41 AM,1572671981273
-1.971 ,9.249 ,11.55,23.555048333333335,87.29885166666666 ,29.74991569519043,84.4019146952923 ,9739.0,10:49:41 AM,1572671981278
-1.805 ,9.992 ,10.214,23.555048333333335,87.29885166666666 ,29.74991569519043,84.4019146952923 ,9739.0,10:49:41 AM,1572671981278
0.395 ,8.091 ,8.604,23.555048333333335,87.29885166666666 ,29.74991569519043,84.4019146952923 ,9739.0,10:49:41 AM,1572671981283
-1.002 ,7.008 ,2.382,23.555048333333335,87.29885166666666 ,29.74991569519043,84.4019146952923 ,9739.0,10:49:41 AM,1572671981284
2.396 ,7.368 ,6.073,23.555048333333335,87.29885166666666 ,29.74991569519043,84.4019146952923 ,9739.0,10:49:41 AM,1572671981288
1.654 ,11.457 ,4.782,23.555048333333335,87.29885166666666 ,29.74991569519043,84.4019146952923 ,9739.0,10:49:41 AM,1572671981288
0.793 ,11.945 ,6.244,23.555048333333335,87.29885166666666 ,29.74991569519043,84.4019146952923 ,9739.0,10:49:41 AM,1572671981292
1.399 ,11.305 ,2.442,23.555048333333335,87.29885166666666 ,29.74991569519043,84.4019146952923 ,9739.0,10:49:41 AM,1572671981293
0.219 ,8.232 ,-0.718,23.555048333333335,87.29885166666666 ,29.74991569519043,84.4019146952923 ,9739.0,10:49:41 AM,1572671981297
-1.249 ,6.565 ,-1.025,23.555048333333335,87.29885166666666 ,29.74991569519043,84.4019146952923 ,9739.0,10:49:41 AM,1572671981298
-1.311 ,8.019 ,0.829,23.555048333333335,87.29885166666666 ,29.74991569519043,84.4019146952923 ,9739.0,10:49:41 AM,1572671981304
-3.898 ,12.154 ,6.367,23.555048333333335,87.29885166666666 ,29.74991569519043,84.4019146952923 ,9739.0,10:49:41 AM,1572671981305
-5.299 ,13.504 ,11.769,23.555048333333335,87.29885166666666 ,29.74991569519043,82.89941159453626 ,9739.0,10:49:41 AM,1572671981308
-5.201 ,12.483 ,12.291,23.555048333333335,87.29885166666666 ,29.74991569519043,82.89941159453626 ,9739.0,10:49:41 AM,1572671981309
-6.178 ,8.82 ,9.014,23.555048333333335,87.29885166666666 ,29.74991569519043,82.89941159453626 ,9739.0,10:49:41 AM,1572671981313
-3.753 ,8.007 ,8.217,23.555048333333335,87.29885166666666 ,29.74991569519043,82.89941159453626 ,9739.0,10:49:41 AM,1572671981314
-2.747 ,9.893 ,9.962,23.555048333333335,87.29885166666666 ,29.74991569519043,82.89941159453626 ,9739.0,10:49:41 AM,1572671981318
-1.248 ,12.511 ,15.05,23.555048333333335,87.29885166666666 ,29.74991569519043,82.89941159453626 ,9739.0,10:49:41 AM,1572671981319
-0.385 ,10.429 ,12.887,23.555048333333335,87.29885166666666 ,29.74991569519043,82.89941159453626 ,9739.0,10:49:41 AM,1572671981323
-1.212 ,5.832 ,8.183,23.555048333333335,87.29885166666666 ,29.74991569519043,82.89941159453626 ,9739.0,10:49:41 AM,1572671981324
-1.307 ,2.839 ,4.064,23.555048333333335,87.29885166666666 ,29.74991569519043,82.89941159453626 ,9739.0,10:49:41 AM,1572671981328
0.015 ,4.617 ,6.011,23.555048333333335,87.29885166666666 ,29.74991569519043,82.89941159453626 ,9739.0,10:49:41 AM,1572671981329
0.017 ,8.042 ,11.751,23.555048333333335,87.29885166666666 ,29.74991569519043,82.89941159453626 ,9739.0,10:49:41 AM,1572671981333
0.471 ,10.115 ,13.738,23.555048333333335,87.29885166666666 ,29.74991569519043,82.89941159453626 ,9739.0,10:49:41 AM,1572671981334
0.236 ,8.752 ,5.906,23.555048333333335,87.29885166666666 ,29.74991569519043,82.89941159453626 ,9739.0,10:49:41 AM,1572671981338
2.216 ,4.415 ,3.852,23.555048333333335,87.29885166666666 ,29.74991569519043,82.89941159453626 ,9739.0,10:49:41 AM,1572671981339
0.167 ,4.028 ,-5.809,23.555048333333335,87.29885166666666 ,29.74991569519043,82.89941159453626 ,9739.0,10:49:41 AM,1572671981343
0.754 ,6.748 ,-2.834,23.555048333333335,87.29885166666666 ,29.74991569519043,82.89941159453626 ,9739.0,10:49:41 AM,1572671981344
-2.222 ,11.96 ,4.684,23.555048333333335,87.29885166666666 ,29.74991569519043,82.89941159453626 ,9739.0,10:49:41 AM,1572671981348
-4.882 ,12.968 ,8.695,23.555048333333335,87.29885166666666 ,29.74991569519043,82.89941159453626 ,9739.0,10:49:41 AM,1572671981349
-5.665 ,10.877 ,10.6,23.555048333333335,87.29885166666666 ,29.74991569519043,82.89941159453626 ,9739.0,10:49:41 AM,1572671981352
-5.955 ,6.089 ,7.43,23.555048333333335,87.29885166666666 ,29.74991569519043,82.89941159453626 ,9739.0,10:49:41 AM,1572671981353
-2.5 ,5.882 ,5.769,23.555048333333335,87.29885166666666 ,29.74991569519043,82.89941159453626 ,9739.0,10:49:41 AM,1572671981357
0.469 ,9.293 ,6.427,23.555048333333335,87.29885166666666 ,29.74991569519043,82.89941159453626 ,9739.0,10:49:41 AM,1572671981358
2.003 ,13.342 ,9.078,23.555048333333335,87.29885166666666 ,29.74991569519043,82.89941159453626 ,9739.0,10:49:41 AM,1572671981363
3.031 ,14.544 ,6.634,23.555048333333335,87.29885166666666 ,29.74991569519043,82.89941159453626 ,9739.0,10:49:41 AM,1572671981364
0.614 ,11.743 ,1.562,23.555048333333335,87.29885166666666 ,29.74991569519043,82.89941159453626 ,9739.0,10:49:41 AM,1572671981367
0.808 ,8.202 ,-2.073,23.555048333333335,87.29885166666666 ,29.74991569519043,82.89941159453626 ,9739.0,10:49:41 AM,1572671981368
-1.16 ,8.8 ,-4.291,23.555048333333335,87.29885166666666 ,29.74991569519043,82.89941159453626 ,9739.0,10:49:41 AM,1572671981372
-2.216 ,12.056 ,2.547,23.555048333333335,87.29885166666666 ,29.74991569519043,82.89941159453626 ,9739.0,10:49:41 AM,1572671981373
-2.166 ,16.382 ,6.667,23.555048333333335,87.29885166666666 ,29.74991569519043,82.89941159453626 ,9739.0,10:49:41 AM,1572671981377
-2.972 ,14.571 ,5.563,23.555048333333335,87.29885166666666 ,29.74991569519043,82.89941159453626 ,9739.0,10:49:41 AM,1572671981378
-2.64 ,8.917 ,2.4,23.555048333333335,87.29885166666666 ,29.74991569519043,82.89941159453626 ,9739.0,10:49:41 AM,1572671981383
-3.04 ,6.49 ,-4.961,23.555048333333335,87.29885166666666 ,29.74991569519043,82.89941159453626 ,9739.0,10:49:41 AM,1572671981384
-2.512 ,6.883 ,-0.306,23.555048333333335,87.29885166666666 ,29.74991569519043,82.89941159453626 ,9739.0,10:49:41 AM,1572671981388
-5.191 ,10.989 ,-0.401,23.555048333333335,87.29885166666666 ,29.74991569519043,82.89941159453626 ,9739.0,10:49:41 AM,1572671981388
-4.806 ,11.529 ,3.889,23.555048333333335,87.29885166666666 ,29.74991569519043,82.89941159453626 ,9739.0,10:49:41 AM,1572671981392
-6.563 ,10.242 ,0.292,23.555048333333335,87.29885166666666 ,29.74991569519043,82.89941159453626 ,9739.0,10:49:41 AM,1572671981393
-5.513 ,7.145 ,-2.118,23.555048333333335,87.29885166666666 ,29.74991569519043,82.89941159453626 ,8531.0,10:49:41 AM,1572671981397
-3.636 ,6.871 ,0.105,23.555048333333335,87.29885166666666 ,29.74991569519043,82.89941159453626 ,8531.0,10:49:41 AM,1572671981398
-2.705 ,8.901 ,3.13,23.555048333333335,87.29885166666666 ,29.74991569519043,82.89941159453626 ,8531.0,10:49:41 AM,1572671981403
-0.361 ,10.128 ,4.303,23.555048333333335,87.29885166666666 ,29.74991569519043,82.89941159453626 ,8531.0,10:49:41 AM,1572671981404
0.148 ,5.825 ,1.76,23.555048333333335,87.29885166666666 ,29.74991569519043,82.89941159453626 ,8531.0,10:49:41 AM,1572671981407
0.815 ,1.624 ,-0.589,23.555048333333335,87.29885166666666 ,29.74991569519043,82.89941159453626 ,8531.0,10:49:41 AM,1572671981408
1.318 ,1.452 ,-1.283,23.555048333333335,87.29885166666666 ,29.74991569519043,82.89941159453626 ,8531.0,10:49:41 AM,1572671981412
0.868 ,5.774 ,6.979,23.555048333333335,87.29885166666666 ,29.74991569519043,82.89941159453626 ,8531.0,10:49:41 AM,1572671981413
-0.841 ,9.783 ,10.551,23.555048333333335,87.29885166666666 ,29.74991569519043,82.89941159453626 ,8531.0,10:49:41 AM,1572671981417
-0.889 ,10.281 ,10.975,23.555048333333335,87.29885166666666 ,29.74991569519043,82.89941159453626 ,8531.0,10:49:41 AM,1572671981418
-3.398 ,6.524 ,5.156,23.555048333333335,87.29885166666666 ,29.74991569519043,82.89941159453626 ,8531.0,10:49:41 AM,1572671981423
-0.425 ,4.297 ,4.526,23.555048333333335,87.29885166666666 ,29.74991569519043,82.89941159453626 ,8531.0,10:49:41 AM,1572671981424
-0.926 ,7.112 ,6.061,23.555048333333335,87.29885166666666 ,29.74991569519043,82.89941159453626 ,8531.0,10:49:41 AM,1572671981428
0.432 ,11.482 ,11.422,23.555048333333335,87.29885166666666 ,29.74991569519043,82.89941159453626 ,8531.0,10:49:41 AM,1572671981428
1.537 ,12.428 ,10.281,23.555048333333335,87.29885166666666 ,29.74991569519043,82.89941159453626 ,8531.0,10:49:41 AM,1572671981432
-0.109 ,8.054 ,5.201,23.555048333333335,87.29885166666666 ,29.74991569519043,82.89941159453626 ,8531.0,10:49:41 AM,1572671981433
-0.478 ,4.498 ,0.705,23.555048333333335,87.29885166666666 ,29.74991569519043,82.89941159453626 ,8531.0,10:49:41 AM,1572671981437
-0.761 ,5.363 ,-1.601,23.555048333333335,87.29885166666666 ,29.74991569519043,82.89941159453626 ,8531.0,10:49:41 AM,1572671981438
-2.669 ,8.618 ,5.267,23.555048333333335,87.29885166666666 ,29.74991569519043,82.89941159453626 ,8531.0,10:49:41 AM,1572671981443
-3.8 ,11.334 ,8.974,23.555048333333335,87.29885166666666 ,29.74991569519043,82.89941159453626 ,8531.0,10:49:41 AM,1572671981444
-4.144 ,12.824 ,7.228,23.555048333333335,87.29885166666666 ,29.74991569519043,82.89941159453626 ,8531.0,10:49:41 AM,1572671981447
-3.421 ,9.146 ,7.156,23.555048333333335,87.29885166666666 ,29.74991569519043,82.89941159453626 ,8531.0,10:49:41 AM,1572671981448
-2.2 ,8.381 ,2.795,23.555048333333335,87.29885166666666 ,29.74991569519043,82.89941159453626 ,8531.0,10:49:41 AM,1572671981452
-0.977 ,8.648 ,5.595,23.555048333333335,87.29885166666666 ,29.74991569519043,82.89941159453626 ,8531.0,10:49:41 AM,1572671981453
-0.032 ,13.361 ,8.0,23.555048333333335,87.29885166666666 ,29.74991569519043,82.89941159453626 ,8531.0,10:49:41 AM,1572671981457
-1.077 ,12.682 ,6.822,23.555048333333335,87.29885166666666 ,29.74991569519043,82.89941159453626 ,8531.0,10:49:41 AM,1572671981458
-2.694 ,7.546 ,5.739,23.555048333333335,87.29885166666666 ,29.74991569519043,82.89941159453626 ,8531.0,10:49:41 AM,1572671981463
-5.309 ,3.106 ,1.979,23.555048333333335,87.29885166666666 ,29.74991569519043,82.89941159453626 ,8531.0,10:49:41 AM,1572671981465
