x,y,z,latitude,longitude,speed,sound,light,time,timestamp
3.613 ,9.264 ,7.055,23.569503333333333,87.30256833333333 ,45.639390563964845,88.40539209158676 ,7468.0,10:46:45 AM,1572671805937
1.944 ,10.91 ,9.873,23.569503333333333,87.30256833333333 ,45.639390563964845,88.40539209158676 ,7468.0,10:46:45 AM,1572671805938
0.719 ,9.495 ,10.919,23.569503333333333,87.30256833333333 ,45.639390563964845,88.40539209158676 ,7468.0,10:46:45 AM,1572671805943
-0.849 ,8.356 ,8.076,23.569503333333333,87.30256833333333 ,45.639390563964845,88.40539209158676 ,7468.0,10:46:45 AM,1572671805944
-3.299 ,5.639 ,3.536,23.569503333333333,87.30256833333333 ,45.639390563964845,88.40539209158676 ,7468.0,10:46:45 AM,1572671805947
-1.65 ,5.555 ,7.44,23.569503333333333,87.30256833333333 ,45.639390563964845,88.40539209158676 ,7468.0,10:46:45 AM,1572671805948
-3.988 ,5.534 ,5.65,23.569503333333333,87.30256833333333 ,45.639390563964845,88.40539209158676 ,7468.0,10:46:45 AM,1572671805952
-3.637 ,8.249 ,3.243,23.569503333333333,87.30256833333333 ,45.639390563964845,88.40539209158676 ,7468.0,10:46:45 AM,1572671805953
-2.857 ,8.594 ,8.838,23.569503333333333,87.30256833333333 ,45.639390563964845,88.40539209158676 ,7468.0,10:46:45 AM,1572671805957
-3.713 ,9.347 ,7.397,23.569503333333333,87.30256833333333 ,45.639390563964845,88.40539209158676 ,7468.0,10:46:45 AM,1572671805958
-4.017 ,11.454 ,7.24,23.569503333333333,87.30256833333333 ,45.639390563964845,88.40539209158676 ,7468.0,10:46:45 AM,1572671805963
-2.47 ,8.193 ,3.819,23.569503333333333,87.30256833333333 ,45.639390563964845,88.40539209158676 ,7468.0,10:46:45 AM,1572671805964
-0.446 ,6.476 ,0.785,23.569503333333333,87.30256833333333 ,45.639390563964845,88.40539209158676 ,7468.0,10:46:45 AM,1572671805967
-0.358 ,4.76 ,-3.817,23.569503333333333,87.30256833333333 ,45.639390563964845,88.40539209158676 ,7468.0,10:46:45 AM,1572671805968
3.483 ,7.978 ,2.535,23.569503333333333,87.30256833333333 ,45.639390563964845,88.40539209158676 ,7468.0,10:46:45 AM,1572671805972
2.198 ,9.802 ,3.364,23.569503333333333,87.30256833333333 ,45.639390563964845,88.40539209158676 ,7468.0,10:46:45 AM,1572671805973
2.211 ,9.686 ,0.655,23.569503333333333,87.30256833333333 ,45.639390563964845,88.40539209158676 ,7468.0,10:46:45 AM,1572671805977
1.436 ,6.253 ,2.849,23.569503333333333,87.30256833333333 ,45.639390563964845,88.40539209158676 ,7468.0,10:46:45 AM,1572671805978
-1.193 ,6.846 ,-1.548,23.569503333333333,87.30256833333333 ,45.639390563964845,88.40539209158676 ,7468.0,10:46:45 AM,1572671805983
-2.568 ,9.969 ,7.108,23.569503333333333,87.30256833333333 ,45.639390563964845,88.40539209158676 ,7468.0,10:46:45 AM,1572671805983
-4.755 ,10.524 ,8.51,23.569503333333333,87.30256833333333 ,45.639390563964845,88.40539209158676 ,7468.0,10:46:45 AM,1572671805987
-4.05 ,9.754 ,7.383,23.569503333333333,87.30256833333333 ,45.639390563964845,88.40539209158676 ,7468.0,10:46:45 AM,1572671805988
-2.38 ,4.96 ,7.494,23.569503333333333,87.30256833333333 ,45.639390563964845,88.40539209158676 ,7468.0,10:46:45 AM,1572671805992
0.295 ,4.889 ,8.125,23.569503333333333,87.30256833333333 ,45.639390563964845,88.40539209158676 ,7468.0,10:46:45 AM,1572671805994
0.706 ,7.831 ,8.75,23.569503333333333,87.30256833333333 ,45.639390563964845,88.40539209158676 ,7915.0,10:46:45 AM,1572671805997
4.057 ,9.437 ,10.393,23.569503333333333,87.30256833333333 ,45.639390563964845,88.40539209158676 ,7915.0,10:46:45 AM,1572671805998
1.685 ,8.121 ,5.374,23.569503333333333,87.30256833333333 ,45.639390563964845,88.40539209158676 ,7915.0,10:46:46 AM,1572671806003
2.724 ,5.201 ,4.456,23.569503333333333,87.30256833333333 ,45.639390563964845,88.40539209158676 ,7915.0,10:46:46 AM,1572671806004
0.066 ,4.908 ,5.593,23.569503333333333,87.30256833333333 ,45.639390563964845,88.40539209158676 ,7915.0,10:46:46 AM,1572671806007
-2.524 ,6.718 ,9.7,23.569503333333333,87.30256833333333 ,45.639390563964845,88.40539209158676 ,7915.0,10:46:46 AM,1572671806008
-1.344 ,9.688 ,13.579,23.569503333333333,87.30256833333333 ,45.639390563964845,88.40539209158676 ,7915.0,10:46:46 AM,1572671806012
-3.324 ,6.548 ,8.162,23.569503333333333,87.30256833333333 ,45.639390563964845,88.40539209158676 ,7915.0,10:46:46 AM,1572671806013
-0.035 ,2.862 ,8.377,23.569503333333333,87.30256833333333 ,45.639390563964845,88.40539209158676 ,7915.0,10:46:46 AM,1572671806017
-2.277 ,3.433 ,4.851,23.569503333333333,87.30256833333333 ,45.639390563964845,88.40539209158676 ,7915.0,10:46:46 AM,1572671806018
-0.907 ,6.559 ,3.906,23.569503333333333,87.30256833333333 ,45.639390563964845,88.40539209158676 ,7915.0,10:46:46 AM,1572671806022
-1.627 ,7.087 ,3.115,23.569503333333333,87.30256833333333 ,45.639390563964845,88.40539209158676 ,7915.0,10:46:46 AM,1572671806023
-3.091 ,6.366 ,2.687,23.569503333333333,87.30256833333333 ,45.639390563964845,88.40539209158676 ,7915.0,10:46:46 AM,1572671806028
-3.448 ,8.444 ,4.663,23.569503333333333,87.30256833333333 ,45.639390563964845,88.40539209158676 ,7915.0,10:46:46 AM,1572671806029
-3.969 ,10.082 ,8.283,23.569503333333333,87.30256833333333 ,45.639390563964845,88.40539209158676 ,7915.0,10:46:46 AM,1572671806032
-0.973 ,11.461 ,9.437,23.569503333333333,87.30256833333333 ,45.639390563964845,88.40539209158676 ,7915.0,10:46:46 AM,1572671806033
0.469 ,9.21 ,7.533,23.569503333333333,87.30256833333333 ,45.639390563964845,88.40539209158676 ,7915.0,10:46:46 AM,1572671806037
3.625 ,7.676 ,8.381,23.569503333333333,87.30256833333333 ,45.639390563964845,88.40539209158676 ,7915.0,10:46:46 AM,1572671806038
4.915 ,8.424 ,9.537,23.569503333333333,87.30256833333333 ,45.639390563964845,88.40539209158676 ,7915.0,10:46:46 AM,1572671806043
4.222 ,8.036 ,6.531,23.569503333333333,87.30256833333333 ,45.639390563964845,88.40539209158676 ,7915.0,10:46:46 AM,1572671806044
3.795 ,6.61 ,7.284,23.569503333333333,87.30256833333333 ,45.639390563964845,88.40539209158676 ,7915.0,10:46:46 AM,1572671806047
0.325 ,5.326 ,3.076,23.569503333333333,87.30256833333333 ,45.639390563964845,88.40539209158676 ,7915.0,10:46:46 AM,1572671806048
-0.29 ,7.795 ,8.043,23.569503333333333,87.30256833333333 ,45.639390563964845,88.40539209158676 ,7915.0,10:46:46 AM,1572671806052
-3.929 ,8.788 ,6.768,23.569503333333333,87.30256833333333 ,45.639390563964845,88.40539209158676 ,7915.0,10:46:46 AM,1572671806053
-3.977 ,9.648 ,4.914,23.569503333333333,87.30256833333333 ,45.639390563964845,88.40539209158676 ,7915.0,10:46:46 AM,1572671806057
-3.425 ,7.646 ,3.869,23.569503333333333,87.30256833333333 ,45.639390563964845,88.40539209158676 ,7915.0,10:46:46 AM,1572671806058
-2.475 ,6.708 ,0.938,23.569503333333333,87.30256833333333 ,45.639390563964845,88.40539209158676 ,7915.0,10:46:46 AM,1572671806063
-1.958 ,8.029 ,4.305,23.569503333333333,87.30256833333333 ,45.639390563964845,88.40539209158676 ,7915.0,10:46:46 AM,1572671806064
-0.943 ,9.701 ,1.38,23.569503333333333,87.30256833333333 ,45.639390563964845,88.40539209158676 ,7915.0,10:46:46 AM,1572671806067
-0.378 ,10.615 ,2.661,23.569503333333333,87.30256833333333 ,45.639390563964845,88.40539209158676 ,7915.0,10:46:46 AM,1572671806068
-1.4 ,8.572 ,0.497,23.569503333333333,87.30256833333333 ,45.639390563964845,88.40539209158676 ,7915.0,10:46:46 AM,1572671806072
-1.273 ,9.796 ,-0.926,23.569503333333333,87.30256833333333 ,45.639390563964845,88.40539209158676 ,7915.0,10:46:46 AM,1572671806073
-3.281 ,9.644 ,0.819,23.569503333333333,87.30256833333333 ,45.639390563964845,88.40539209158676 ,7915.0,10:46:46 AM,1572671806076
-3.222 ,10.367 ,1.071,23.569503333333333,87.30256833333333 ,45.639390563964845,88.40539209158676 ,7915.0,10:46:46 AM,1572671806077
-2.983 ,9.712 ,3.342,23.569503333333333,87.30256833333333 ,45.639390563964845,88.40539209158676 ,7915.0,10:46:46 AM,1572671806082
-1.292 ,8.573 ,6.231,23.569503333333333,87.30256833333333 ,45.639390563964845,88.40539209158676 ,7915.0,10:46:46 AM,1572671806083
-0.686 ,9.891 ,9.449,23.569503333333333,87.30256833333333 ,45.639390563964845,88.40539209158676 ,7915.0,10:46:46 AM,1572671806087
-0.782 ,8.633 ,8.583,23.569503333333333,87.30256833333333 ,45.639390563964845,88.40539209158676 ,7915.0,10:46:46 AM,1572671806088
0.858 ,6.759 ,10.332,23.569503333333333,87.30256833333333 ,45.639390563964845,88.40539209158676 ,7915.0,10:46:46 AM,1572671806092
-0.957 ,4.443 ,3.213,23.569503333333333,87.30256833333333 ,45.639390563964845,88.40539209158676 ,7915.0,10:46:46 AM,1572671806093
0.503 ,4.45 ,7.682,23.569503333333333,87.30256833333333 ,45.639390563964845,88.40539209158676 ,7915.0,10:46:46 AM,1572671806097
-3.246 ,6.357 ,8.612,23.569503333333333,87.30256833333333 ,45.639390563964845,88.40539209158676 ,7915.0,10:46:46 AM,1572671806098
-1.848 ,8.027 ,13.308,23.569503333333333,87.30256833333333 ,45.639390563964845,88.40539209158676 ,7915.0,10:46:46 AM,1572671806102
-1.777 ,6.978 ,13.001,23.569503333333333,87.30256833333333 ,45.639390563964845,88.40539209158676 ,7915.0,10:46:46 AM,1572671806103
-0.914 ,3.567 ,8.789,23.569503333333333,87.30256833333333 ,45.639390563964845,88.40539209158676 ,7915.0,10:46:46 AM,1572671806107
1.989 ,2.85 ,11.956,23.569503333333333,87.30256833333333 ,45.639390563964845,88.40539209158676 ,7915.0,10:46:46 AM,1572671806108
0.556 ,3.73 ,7.916,23.569503333333333,87.30256833333333 ,45.639390563964845,88.12330720495345 ,7915.0,10:46:46 AM,1572671806112
4.22 ,5.7 ,10.061,23.569503333333333,87.30256833333333 ,45.639390563964845,88.12330720495345 ,7915.0,10:46:46 AM,1572671806113
0.147 ,4.547 ,3.126,23.569503333333333,87.30256833333333 ,45.639390563964845,88.12330720495345 ,7915.0,10:46:46 AM,1572671806117
1.28 ,4.866 ,6.096,23.569503333333333,87.30256833333333 ,45.639390563964845,88.12330720495345 ,7915.0,10:46:46 AM,1572671806118
-2.732 ,7.342 ,6.58,23.569503333333333,87.30256833333333 ,45.639390563964845,88.12330720495345 ,7915.0,10:46:46 AM,1572671806122
-4.582 ,9.75 ,7.955,23.569503333333333,87.30256833333333 ,45.639390563964845,88.12330720495345 ,7915.0,10:46:46 AM,1572671806123
-3.497 ,9.629 ,6.786,23.569503333333333,87.30256833333333 ,45.639390563964845,88.12330720495345 ,7915.0,10:46:46 AM,1572671806127
-3.683 ,6.168 ,2.89,23.569503333333333,87.30256833333333 ,45.639390563964845,88.12330720495345 ,7915.0,10:46:46 AM,1572671806127
0.724 ,6.052 ,5.847,23.569503333333333,87.30256833333333 ,45.639390563964845,88.12330720495345 ,7915.0,10:46:46 AM,1572671806131
0.16 ,7.587 ,5.448,23.569503333333333,87.30256833333333 ,45.639390563964845,88.12330720495345 ,7915.0,10:46:46 AM,1572671806133
3.194 ,9.518 ,5.787,23.569503333333333,87.30256833333333 ,45.639390563964845,88.12330720495345 ,7915.0,10:46:46 AM,1572671806137
2.256 ,7.527 ,6.172,23.569503333333333,87.30256833333333 ,45.639390563964845,88.12330720495345 ,7915.0,10:46:46 AM,1572671806137
1.391 ,6.887 ,5.783,23.569503333333333,87.30256833333333 ,45.639390563964845,88.12330720495345 ,7915.0,10:46:46 AM,1572671806142
-0.136 ,10.506 ,8.964,23.569503333333333,87.30256833333333 ,45.639390563964845,88.12330720495345 ,7915.0,10:46:46 AM,1572671806143
-3.419 ,12.258 ,10.221,23.569503333333333,87.30256833333333 ,45.639390563964845,88.12330720495345 ,7915.0,10:46:46 AM,1572671806147
-1.632 ,12.312 ,10.891,23.569503333333333,87.30256833333333 ,45.639390563964845,88.12330720495345 ,7915.0,10:46:46 AM,1572671806148
-2.886 ,7.454 ,5.47,23.569503333333333,87.30256833333333 ,45.639390563964845,88.12330720495345 ,7915.0,10:46:46 AM,1572671806152
0.009 ,6.44 ,6.621,23.569503333333333,87.30256833333333 ,45.639390563964845,88.12330720495345 ,7915.0,10:46:46 AM,1572671806153
-0.442 ,8.691 ,8.541,23.569503333333333,87.30256833333333 ,45.639390563964845,88.12330720495345 ,7915.0,10:46:46 AM,1572671806157
1.361 ,9.037 ,10.329,23.569503333333333,87.30256833333333 ,45.639390563964845,88.12330720495345 ,7915.0,10:46:46 AM,1572671806157
2.43 ,7.149 ,7.418,23.569503333333333,87.30256833333333 ,45.639390563964845,88.12330720495345 ,7915.0,10:46:46 AM,1572671806162
-1.123 ,3.107 ,0.084,23.569503333333333,87.30256833333333 ,45.639390563964845,88.12330720495345 ,7915.0,10:46:46 AM,1572671806163
0.985 ,5.907 ,3.786,23.569503333333333,87.30256833333333 ,45.639390563964845,88.12330720495345 ,7915.0,10:46:46 AM,1572671806167
-2.41 ,10.128 ,6.138,23.569503333333333,87.30256833333333 ,45.639390563964845,88.12330720495345 ,7915.0,10:46:46 AM,1572671806168
-4.059 ,13.403 ,4.629,23.569503333333333,87.30256833333333 ,45.639390563964845,88.12330720495345 ,7915.0,10:46:46 AM,1572671806172
-3.801 ,11.947 ,1.017,23.569503333333333,87.30256833333333 ,45.639390563964845,88.12330720495345 ,7915.0,10:46:46 AM,1572671806173
-3.971 ,7.521 ,-3.789,23.569503333333333,87.30256833333333 ,45.639390563964845,88.12330720495345 ,7915.0,10:46:46 AM,1572671806176
-3.894 ,6.636 ,-6.087,23.569503333333333,87.30256833333333 ,45.639390563964845,88.12330720495345 ,7915.0,10:46:46 AM,1572671806177
-3.448 ,7.279 ,-2.817,23.569503333333333,87.30256833333333 ,45.639390563964845,88.12330720495345 ,7915.0,10:46:46 AM,1572671806182
-2.414 ,8.812 ,-0.801,23.569503333333333,87.30256833333333 ,45.639390563964845,88.12330720495345 ,7915.0,10:46:46 AM,1572671806182
