x,y,z,latitude,longitude,speed,sound,light,time,timestamp
-1.214 ,3.099 ,15.233,23.573376666666665,87.30261333333334 ,3.6578219890594483,79.15323977288736 ,7431.0,10:46:00 AM,1572671760579
-1.982 ,5.913 ,13.988,23.573376666666665,87.30261333333334 ,3.6578219890594483,79.15323977288736 ,7431.0,10:46:00 AM,1572671760584
-2.607 ,7.0 ,14.131,23.573376666666665,87.30261333333334 ,3.6578219890594483,79.15323977288736 ,7431.0,10:46:00 AM,1572671760585
-2.349 ,4.295 ,13.763,23.573376666666665,87.30261333333334 ,3.6578219890594483,79.15323977288736 ,7431.0,10:46:00 AM,1572671760589
-3.033 ,2.74 ,10.32,23.573376666666665,87.30261333333334 ,3.6578219890594483,79.15323977288736 ,7431.0,10:46:00 AM,1572671760589
-2.216 ,5.492 ,8.089,23.573376666666665,87.30261333333334 ,3.6578219890594483,79.15323977288736 ,7712.0,10:46:00 AM,1572671760595
-2.858 ,8.512 ,7.444,23.573376666666665,87.30261333333334 ,3.6578219890594483,79.15323977288736 ,7712.0,10:46:00 AM,1572671760596
-1.946 ,9.208 ,6.554,23.573376666666665,87.30261333333334 ,3.6578219890594483,79.15323977288736 ,7712.0,10:46:00 AM,1572671760600
0.091 ,9.111 ,1.859,23.573376666666665,87.30261333333334 ,3.6578219890594483,79.15323977288736 ,7712.0,10:46:00 AM,1572671760600
-0.208 ,8.542 ,-3.475,23.573376666666665,87.30261333333334 ,3.6578219890594483,79.15323977288736 ,7712.0,10:46:00 AM,1572671760604
1.543 ,8.186 ,3.512,23.573376666666665,87.30261333333334 ,3.6578219890594483,79.15323977288736 ,7712.0,10:46:00 AM,1572671760604
0.608 ,11.115 ,6.467,23.573376666666665,87.30261333333334 ,3.6578219890594483,79.15323977288736 ,7712.0,10:46:00 AM,1572671760610
0.179 ,13.267 ,4.731,23.573376666666665,87.30261333333334 ,3.6578219890594483,79.15323977288736 ,7712.0,10:46:00 AM,1572671760611
1.369 ,10.525 ,4.914,23.573376666666665,87.30261333333334 ,3.6578219890594483,79.15323977288736 ,7712.0,10:46:00 AM,1572671760614
-0.747 ,7.006 ,2.702,23.573376666666665,87.30261333333334 ,3.6578219890594483,79.15323977288736 ,7712.0,10:46:00 AM,1572671760615
-0.345 ,8.912 ,1.069,23.573376666666665,87.30261333333334 ,3.6578219890594483,79.15323977288736 ,7712.0,10:46:00 AM,1572671760619
-0.387 ,11.11 ,1.655,23.573376666666665,87.30261333333334 ,3.6578219890594483,79.15323977288736 ,7712.0,10:46:00 AM,1572671760620
-0.876 ,10.289 ,4.447,23.573376666666665,87.30261333333334 ,3.6578219890594483,79.15323977288736 ,7712.0,10:46:00 AM,1572671760625
-1.307 ,8.946 ,3.535,23.573376666666665,87.30261333333334 ,3.6578219890594483,79.15323977288736 ,7712.0,10:46:00 AM,1572671760626
-0.95 ,8.183 ,0.38,23.573376666666665,87.30261333333334 ,3.6578219890594483,79.15323977288736 ,7712.0,10:46:00 AM,1572671760628
-0.184 ,7.325 ,-1.02,23.573376666666665,87.30261333333334 ,3.6578219890594483,79.15323977288736 ,7712.0,10:46:00 AM,1572671760629
-1.378 ,5.794 ,-0.77,23.573376666666665,87.30261333333334 ,3.6578219890594483,79.15323977288736 ,7712.0,10:46:00 AM,1572671760633
-0.868 ,5.849 ,2.231,23.573376666666665,87.30261333333334 ,3.6578219890594483,79.15323977288736 ,7712.0,10:46:00 AM,1572671760634
-0.692 ,7.643 ,3.419,23.573376666666665,87.30261333333334 ,3.6578219890594483,79.15323977288736 ,7712.0,10:46:00 AM,1572671760638
-1.484 ,8.256 ,7.157,23.573376666666665,87.30261333333334 ,3.6578219890594483,79.15323977288736 ,7712.0,10:46:00 AM,1572671760639
-1.91 ,9.346 ,11.45,23.573376666666665,87.30261333333334 ,3.6578219890594483,79.15323977288736 ,7712.0,10:46:00 AM,1572671760645
-1.247 ,10.824 ,11.235,23.573376666666665,87.30261333333334 ,3.6578219890594483,79.15323977288736 ,7712.0,10:46:00 AM,1572671760645
-0.089 ,11.56 ,8.024,23.573376666666665,87.30261333333334 ,3.6578219890594483,79.15323977288736 ,7712.0,10:46:00 AM,1572671760649
2.066 ,8.78 ,6.546,23.573376666666665,87.30261333333334 ,3.6578219890594483,79.15323977288736 ,7712.0,10:46:00 AM,1572671760650
3.342 ,7.394 ,6.033,23.573376666666665,87.30261333333334 ,3.6578219890594483,79.15323977288736 ,7712.0,10:46:00 AM,1572671760654
2.07 ,8.753 ,4.597,23.573376666666665,87.30261333333334 ,3.6578219890594483,79.15323977288736 ,7712.0,10:46:00 AM,1572671760655
1.634 ,8.294 ,9.22,23.573376666666665,87.30261333333334 ,3.6578219890594483,79.15323977288736 ,7712.0,10:46:00 AM,1572671760660
-0.89 ,5.409 ,13.207,23.573376666666665,87.30261333333334 ,3.6578219890594483,79.15323977288736 ,7712.0,10:46:00 AM,1572671760661
-3.95 ,5.224 ,12.649,23.573376666666665,87.30261333333334 ,3.6578219890594483,79.15323977288736 ,7712.0,10:46:00 AM,1572671760664
-3.621 ,7.589 ,14.272,23.573376666666665,87.30261333333334 ,3.6578219890594483,79.15323977288736 ,7712.0,10:46:00 AM,1572671760664
-5.386 ,7.307 ,9.657,23.573376666666665,87.30261333333334 ,3.6578219890594483,79.15323977288736 ,7712.0,10:46:00 AM,1572671760668
-5.105 ,5.44 ,4.849,23.573376666666665,87.30261333333334 ,3.6578219890594483,79.15323977288736 ,7712.0,10:46:00 AM,1572671760669
-3.807 ,3.805 ,0.981,23.573376666666665,87.30261333333334 ,3.6578219890594483,79.15323977288736 ,7712.0,10:46:00 AM,1572671760676
-3.166 ,4.722 ,2.102,23.573376666666665,87.30261333333334 ,3.6578219890594483,79.15323977288736 ,7712.0,10:46:00 AM,1572671760677
-2.954 ,7.064 ,4.572,23.573376666666665,87.30261333333334 ,3.6578219890594483,79.15323977288736 ,7712.0,10:46:00 AM,1572671760678
-2.654 ,8.913 ,6.072,23.573376666666665,87.30261333333334 ,3.6578219890594483,79.15323977288736 ,7712.0,10:46:00 AM,1572671760679
-1.834 ,9.276 ,2.446,23.573376666666665,87.30261333333334 ,3.6578219890594483,79.15323977288736 ,7712.0,10:46:00 AM,1572671760684
-0.622 ,8.111 ,-0.787,23.573376666666665,87.30261333333334 ,3.6578219890594483,79.15323977288736 ,7712.0,10:46:00 AM,1572671760684
-0.366 ,6.346 ,-3.586,23.573376666666665,87.30261333333334 ,3.6578219890594483,79.15323977288736 ,7712.0,10:46:00 AM,1572671760688
0.191 ,7.808 ,-3.447,23.573376666666665,87.30261333333334 ,3.6578219890594483,79.15323977288736 ,7712.0,10:46:00 AM,1572671760689
-0.198 ,11.214 ,2.475,23.573376666666665,87.30261333333334 ,3.6578219890594483,79.15323977288736 ,7712.0,10:46:00 AM,1572671760694
0.37 ,12.202 ,10.391,23.573376666666665,87.30261333333334 ,3.6578219890594483,79.15323977288736 ,7712.0,10:46:00 AM,1572671760695
0.145 ,9.488 ,16.489,23.573376666666665,87.30261333333334 ,3.6578219890594483,79.15323977288736 ,7712.0,10:46:00 AM,1572671760699
-1.979 ,6.193 ,12.844,23.573376666666665,87.30261333333334 ,3.6578219890594483,79.15323977288736 ,7712.0,10:46:00 AM,1572671760699
0.772 ,2.99 ,13.76,23.573376666666665,87.30261333333334 ,3.6578219890594483,79.15323977288736 ,7712.0,10:46:00 AM,1572671760703
-0.74 ,1.604 ,9.772,23.573376666666665,87.30261333333334 ,3.6578219890594483,79.15323977288736 ,7712.0,10:46:00 AM,1572671760704
-1.323 ,1.434 ,10.513,23.573376666666665,87.30261333333334 ,3.6578219890594483,79.15323977288736 ,7712.0,10:46:00 AM,1572671760710
-1.67 ,4.231 ,12.212,23.573376666666665,87.30261333333334 ,3.6578219890594483,79.15323977288736 ,7712.0,10:46:00 AM,1572671760711
-3.472 ,7.231 ,12.37,23.573376666666665,87.30261333333334 ,3.6578219890594483,79.15323977288736 ,7712.0,10:46:00 AM,1572671760713
-3.548 ,6.786 ,13.407,23.573376666666665,87.30261333333334 ,3.6578219890594483,79.15323977288736 ,7712.0,10:46:00 AM,1572671760714
-4.237 ,4.545 ,13.405,23.573376666666665,87.30261333333334 ,3.6578219890594483,79.15323977288736 ,7712.0,10:46:00 AM,1572671760721
-2.559 ,5.047 ,14.793,23.573376666666665,87.30261333333334 ,3.6578219890594483,79.15323977288736 ,7712.0,10:46:00 AM,1572671760722
0.889 ,7.491 ,15.475,23.573376666666665,87.30261333333334 ,3.6578219890594483,79.15323977288736 ,7712.0,10:46:00 AM,1572671760727
2.588 ,8.461 ,12.797,23.573376666666665,87.30261333333334 ,3.6578219890594483,79.15323977288736 ,7712.0,10:46:00 AM,1572671760728
4.688 ,8.154 ,7.859,23.573376666666665,87.30261333333334 ,3.6578219890594483,79.15323977288736 ,7712.0,10:46:00 AM,1572671760728
5.041 ,7.688 ,1.761,23.573376666666665,87.30261333333334 ,3.6578219890594483,79.15323977288736 ,7712.0,10:46:00 AM,1572671760729
3.663 ,7.689 ,-2.154,23.573376666666665,87.30261333333334 ,3.6578219890594483,79.15323977288736 ,7712.0,10:46:00 AM,1572671760734
2.192 ,8.074 ,-0.281,23.573376666666665,87.30261333333334 ,3.6578219890594483,79.15323977288736 ,7712.0,10:46:00 AM,1572671760735
-1.022 ,10.338 ,2.254,23.573376666666665,87.30261333333334 ,3.6578219890594483,79.15323977288736 ,7712.0,10:46:00 AM,1572671760740
-0.914 ,12.914 ,4.391,23.573376666666665,87.30261333333334 ,3.6578219890594483,79.15323977288736 ,7712.0,10:46:00 AM,1572671760740
-1.727 ,12.239 ,-0.549,23.573376666666665,87.30261333333334 ,3.6578219890594483,79.15323977288736 ,7712.0,10:46:00 AM,1572671760744
-1.498 ,8.559 ,-4.271,23.573376666666665,87.30261333333334 ,3.6578219890594483,79.15323977288736 ,7712.0,10:46:00 AM,1572671760745
-1.301 ,7.051 ,-7.144,23.573376666666665,87.30261333333334 ,3.6578219890594483,79.15323977288736 ,7712.0,10:46:00 AM,1572671760749
-0.518 ,8.328 ,-5.68,23.573376666666665,87.30261333333334 ,3.6578219890594483,79.15323977288736 ,7712.0,10:46:00 AM,1572671760749
-0.996 ,9.889 ,-3.957,23.573376666666665,87.30261333333334 ,3.6578219890594483,79.15323977288736 ,7712.0,10:46:00 AM,1572671760756
-0.515 ,9.864 ,-1.862,23.573376666666665,87.30261333333334 ,3.6578219890594483,79.15323977288736 ,7712.0,10:46:00 AM,1572671760756
-0.86 ,8.451 ,-2.394,23.573376666666665,87.30261333333334 ,3.6578219890594483,79.15323977288736 ,7712.0,10:46:00 AM,1572671760761
0.833 ,7.012 ,-2.592,23.573376666666665,87.30261333333334 ,3.6578219890594483,79.15323977288736 ,7712.0,10:46:00 AM,1572671760763
-1.135 ,8.608 ,-6.962,23.573376666666665,87.30261333333334 ,3.6578219890594483,79.15323977288736 ,7712.0,10:46:00 AM,1572671760764
1.499 ,10.873 ,0.646,23.573376666666665,87.30261333333334 ,3.6578219890594483,79.15323977288736 ,7712.0,10:46:00 AM,1572671760764
1.288 ,11.996 ,5.86,23.573376666666665,87.30261333333334 ,3.6578219890594483,79.15323977288736 ,7712.0,10:46:00 AM,1572671760768
1.235 ,11.006 ,6.189,23.573376666666665,87.30261333333334 ,3.6578219890594483,79.15323977288736 ,7712.0,10:46:00 AM,1572671760769
2.201 ,8.087 ,6.191,23.573376666666665,87.30261333333334 ,3.6578219890594483,79.15323977288736 ,7712.0,10:46:00 AM,1572671760776
0.524 ,6.371 ,8.561,23.573376666666665,87.30261333333334 ,3.6578219890594483,79.15323977288736 ,7712.0,10:46:00 AM,1572671760777
1.859 ,8.646 ,15.56,23.573376666666665,87.30261333333334 ,3.6578219890594483,79.15323977288736 ,7712.0,10:46:00 AM,1572671760778
1.396 ,12.299 ,18.686,23.573376666666665,87.30261333333334 ,3.6578219890594483,79.15323977288736 ,7712.0,10:46:00 AM,1572671760779
-0.556 ,14.187 ,16.417,23.573376666666665,87.30261333333334 ,3.6578219890594483,79.15323977288736 ,7712.0,10:46:00 AM,1572671760783
-2.544 ,14.092 ,9.891,23.573376666666665,87.30261333333334 ,3.6578219890594483,79.15323977288736 ,7712.0,10:46:00 AM,1572671760783
-0.069 ,10.294 ,8.527,23.573376666666665,87.30261333333334 ,3.6578219890594483,79.15323977288736 ,7712.0,10:46:00 AM,1572671760788
-2.285 ,5.606 ,-0.935,23.573376666666665,87.30261333333334 ,3.6578219890594483,79.15323977288736 ,7712.0,10:46:00 AM,1572671760789
-3.934 ,3.435 ,0.855,23.573376666666665,87.30261333333334 ,3.6578219890594483,79.15323977288736 ,7961.0,10:46:00 AM,1572671760794
-0.943 ,5.181 ,17.12,23.573376666666665,87.30261333333334 ,3.6578219890594483,79.15323977288736 ,7961.0,10:46:00 AM,1572671760794
-2.592 ,6.937 ,23.348,23.573376666666665,87.30261333333334 ,3.6578219890594483,79.15323977288736 ,7961.0,10:46:00 AM,1572671760799
-3.382 ,6.367 ,20.097,23.573376666666665,87.30261333333334 ,3.6578219890594483,79.15323977288736 ,7961.0,10:46:00 AM,1572671760799
1.815 ,4.298 ,16.735,23.573376666666665,87.30261333333334 ,3.6578219890594483,79.15323977288736 ,7961.0,10:46:00 AM,1572671760803
-2.049 ,2.17 ,2.586,23.573376666666665,87.30261333333334 ,3.6578219890594483,79.15323977288736 ,7961.0,10:46:00 AM,1572671760804
-0.664 ,4.744 ,1.409,23.573376666666665,87.30261333333334 ,3.6578219890594483,79.15323977288736 ,7961.0,10:46:00 AM,1572671760809
1.64 ,8.279 ,1.19,23.573376666666665,87.30261333333334 ,3.6578219890594483,79.15323977288736 ,7961.0,10:46:00 AM,1572671760810
-0.003 ,9.781 ,4.417,23.573376666666665,87.30261333333334 ,3.6578219890594483,79.15323977288736 ,7961.0,10:46:00 AM,1572671760813
1.928 ,9.933 ,12.587,23.573376666666665,87.30261333333334 ,3.6578219890594483,79.15323977288736 ,7961.0,10:46:00 AM,1572671760814
2.09 ,7.334 ,12.895,23.573376666666665,87.30261333333334 ,3.6578219890594483,79.15323977288736 ,7961.0,10:46:00 AM,1572671760818
1.977 ,4.845 ,11.339,23.573376666666665,87.30261333333334 ,3.6578219890594483,79.15323977288736 ,7961.0,10:46:00 AM,1572671760818
2.975 ,2.595 ,14.416,23.573376666666665,87.30261333333334 ,3.6578219890594483,79.15323977288736 ,7961.0,10:46:00 AM,1572671760826
0.335 ,2.098 ,12.153,23.573376666666665,87.30261333333334 ,3.6578219890594483,79.15323977288736 ,7961.0,10:46:00 AM,1572671760827
0.857 ,4.881 ,11.237,23.573376666666665,87.30261333333334 ,3.6578219890594483,79.15323977288736 ,7961.0,10:46:00 AM,1572671760828
