x,y,z,latitude,longitude,speed,sound,light,time,timestamp
-1.417 ,4.069 ,1.448,23.551668333333335,87.29641000000001 ,28.71779479980469,84.16001152379036 ,32201.0,10:50:35 AM,1572672035830
0.146 ,4.887 ,2.662,23.551668333333335,87.29641000000001 ,28.71779479980469,84.16001152379036 ,32201.0,10:50:35 AM,1572672035832
2.124 ,8.537 ,8.513,23.551668333333335,87.29641000000001 ,28.71779479980469,84.16001152379036 ,32201.0,10:50:35 AM,1572672035832
1.472 ,10.455 ,12.347,23.55172333333333,87.29646833333332 ,25.326804542541506,84.16001152379036 ,32201.0,10:50:35 AM,1572672035836
0.594 ,9.203 ,13.205,23.55172333333333,87.29646833333332 ,25.326804542541506,84.16001152379036 ,32201.0,10:50:35 AM,1572672035837
-0.607 ,5.934 ,10.849,23.55172333333333,87.29646833333332 ,25.326804542541506,84.16001152379036 ,32201.0,10:50:35 AM,1572672035843
-1.93 ,3.703 ,7.019,23.55172333333333,87.29646833333332 ,25.326804542541506,84.16001152379036 ,32201.0,10:50:35 AM,1572672035843
-1.11 ,4.601 ,5.929,23.55172333333333,87.29646833333332 ,25.326804542541506,84.16001152379036 ,32201.0,10:50:35 AM,1572672035846
-1.778 ,6.257 ,6.445,23.55172333333333,87.29646833333332 ,25.326804542541506,84.16001152379036 ,32201.0,10:50:35 AM,1572672035846
-1.704 ,6.565 ,11.585,23.55172333333333,87.29646833333332 ,25.326804542541506,84.16001152379036 ,32201.0,10:50:35 AM,1572672035851
-2.324 ,7.399 ,13.089,23.55172333333333,87.29646833333332 ,25.326804542541506,84.16001152379036 ,32201.0,10:50:35 AM,1572672035851
-1.945 ,7.665 ,13.007,23.55172333333333,87.29646833333332 ,25.326804542541506,84.16001152379036 ,32201.0,10:50:35 AM,1572672035857
-2.255 ,6.516 ,12.327,23.55172333333333,87.29646833333332 ,25.326804542541506,84.16001152379036 ,32201.0,10:50:35 AM,1572672035858
-1.679 ,5.773 ,12.214,23.55172333333333,87.29646833333332 ,25.326804542541506,84.16001152379036 ,32201.0,10:50:35 AM,1572672035861
-1.53 ,7.345 ,6.76,23.55172333333333,87.29646833333332 ,25.326804542541506,84.16001152379036 ,32201.0,10:50:35 AM,1572672035861
0.179 ,8.458 ,3.827,23.55172333333333,87.29646833333332 ,25.326804542541506,84.16001152379036 ,32201.0,10:50:35 AM,1572672035866
-0.644 ,7.585 ,1.329,23.55172333333333,87.29646833333332 ,25.326804542541506,84.16001152379036 ,32201.0,10:50:35 AM,1572672035866
-1.832 ,8.039 ,3.938,23.55172333333333,87.29646833333332 ,25.326804542541506,84.16001152379036 ,32201.0,10:50:35 AM,1572672035872
-2.749 ,10.203 ,7.184,23.55172333333333,87.29646833333332 ,25.326804542541506,84.16001152379036 ,32201.0,10:50:35 AM,1572672035872
-3.194 ,10.253 ,10.334,23.55172333333333,87.29646833333332 ,25.326804542541506,84.16001152379036 ,32201.0,10:50:35 AM,1572672035878
-3.211 ,8.249 ,11.788,23.55172333333333,87.29646833333332 ,25.326804542541506,84.16001152379036 ,32201.0,10:50:35 AM,1572672035878
-2.462 ,6.832 ,8.917,23.55172333333333,87.29646833333332 ,25.326804542541506,84.16001152379036 ,32201.0,10:50:35 AM,1572672035881
-0.164 ,6.757 ,4.726,23.55172333333333,87.29646833333332 ,25.326804542541506,84.16001152379036 ,32201.0,10:50:35 AM,1572672035881
2.139 ,6.243 ,1.734,23.55172333333333,87.29646833333332 ,25.326804542541506,84.16001152379036 ,32201.0,10:50:35 AM,1572672035886
0.72 ,5.515 ,-0.923,23.55172333333333,87.29646833333332 ,25.326804542541506,84.16001152379036 ,32201.0,10:50:35 AM,1572672035886
0.688 ,7.193 ,1.896,23.55172333333333,87.29646833333332 ,25.326804542541506,84.16001152379036 ,32201.0,10:50:35 AM,1572672035893
0.572 ,8.989 ,4.751,23.55172333333333,87.29646833333332 ,25.326804542541506,84.16001152379036 ,32201.0,10:50:35 AM,1572672035893
-1.469 ,8.322 ,5.889,23.55172333333333,87.29646833333332 ,25.326804542541506,84.16001152379036 ,32201.0,10:50:35 AM,1572672035896
-1.565 ,7.373 ,8.568,23.55172333333333,87.29646833333332 ,25.326804542541506,84.16001152379036 ,32201.0,10:50:35 AM,1572672035896
-0.394 ,6.137 ,10.457,23.55172333333333,87.29646833333332 ,25.326804542541506,84.16001152379036 ,32201.0,10:50:35 AM,1572672035902
-0.634 ,4.806 ,5.185,23.55172333333333,87.29646833333332 ,25.326804542541506,84.16001152379036 ,32201.0,10:50:35 AM,1572672035902
1.865 ,2.783 ,4.453,23.55172333333333,87.29646833333332 ,25.326804542541506,84.16001152379036 ,32201.0,10:50:35 AM,1572672035906
1.133 ,3.064 ,2.158,23.55172333333333,87.29646833333332 ,25.326804542541506,84.16001152379036 ,32201.0,10:50:35 AM,1572672035907
1.087 ,6.186 ,6.904,23.55172333333333,87.29646833333332 ,25.326804542541506,84.16001152379036 ,32201.0,10:50:35 AM,1572672035911
-1.353 ,9.486 ,11.248,23.55172333333333,87.29646833333332 ,25.326804542541506,84.16001152379036 ,32201.0,10:50:35 AM,1572672035912
-2.901 ,10.085 ,13.419,23.55172333333333,87.29646833333332 ,25.326804542541506,84.16001152379036 ,32201.0,10:50:35 AM,1572672035916
-3.567 ,7.727 ,10.201,23.55172333333333,87.29646833333332 ,25.326804542541506,84.16001152379036 ,32201.0,10:50:35 AM,1572672035916
-3.033 ,4.65 ,6.568,23.55172333333333,87.29646833333332 ,25.326804542541506,84.16001152379036 ,32201.0,10:50:35 AM,1572672035923
-1.455 ,3.809 ,3.955,23.55172333333333,87.29646833333332 ,25.326804542541506,84.16001152379036 ,32201.0,10:50:35 AM,1572672035923
1.53 ,5.185 ,2.285,23.55172333333333,87.29646833333332 ,25.326804542541506,84.16001152379036 ,32201.0,10:50:35 AM,1572672035927
1.229 ,6.015 ,2.323,23.55172333333333,87.29646833333332 ,25.326804542541506,84.16001152379036 ,32201.0,10:50:35 AM,1572672035927
1.654 ,7.537 ,7.829,23.55172333333333,87.29646833333332 ,25.326804542541506,84.16001152379036 ,32201.0,10:50:35 AM,1572672035931
0.166 ,9.653 ,10.495,23.55172333333333,87.29646833333332 ,25.326804542541506,84.16001152379036 ,32201.0,10:50:35 AM,1572672035932
-0.843 ,11.399 ,11.611,23.55172333333333,87.29646833333332 ,25.326804542541506,84.16001152379036 ,32201.0,10:50:35 AM,1572672035936
-1.892 ,10.866 ,10.826,23.55172333333333,87.29646833333332 ,25.326804542541506,84.16001152379036 ,32201.0,10:50:35 AM,1572672035936
-1.154 ,8.684 ,9.065,23.55172333333333,87.29646833333332 ,25.326804542541506,84.16001152379036 ,32201.0,10:50:35 AM,1572672035942
-0.337 ,6.945 ,1.976,23.55172333333333,87.29646833333332 ,25.326804542541506,84.16001152379036 ,32201.0,10:50:35 AM,1572672035943
2.483 ,5.906 ,-0.236,23.55172333333333,87.29646833333332 ,25.326804542541506,84.16001152379036 ,32201.0,10:50:35 AM,1572672035946
1.764 ,6.033 ,0.214,23.55172333333333,87.29646833333332 ,25.326804542541506,84.16001152379036 ,32201.0,10:50:35 AM,1572672035946
1.945 ,7.729 ,7.798,23.55172333333333,87.29646833333332 ,25.326804542541506,84.16001152379036 ,32201.0,10:50:35 AM,1572672035951
-0.333 ,9.688 ,12.903,23.55172333333333,87.29646833333332 ,25.326804542541506,84.16001152379036 ,32201.0,10:50:35 AM,1572672035951
-1.263 ,9.106 ,16.765,23.55172333333333,87.29646833333332 ,25.326804542541506,84.16001152379036 ,32201.0,10:50:35 AM,1572672035957
-2.714 ,6.077 ,14.751,23.55172333333333,87.29646833333332 ,25.326804542541506,84.16001152379036 ,32201.0,10:50:35 AM,1572672035957
-2.45 ,3.744 ,11.661,23.55172333333333,87.29646833333332 ,25.326804542541506,84.16001152379036 ,32201.0,10:50:35 AM,1572672035961
-0.761 ,4.189 ,7.964,23.55172333333333,87.29646833333332 ,25.326804542541506,84.16001152379036 ,32201.0,10:50:35 AM,1572672035962
0.754 ,5.711 ,6.196,23.55172333333333,87.29646833333332 ,25.326804542541506,84.16001152379036 ,32201.0,10:50:35 AM,1572672035965
0.799 ,5.539 ,7.122,23.55172333333333,87.29646833333332 ,25.326804542541506,84.16001152379036 ,32201.0,10:50:35 AM,1572672035966
0.234 ,5.502 ,7.969,23.55172333333333,87.29646833333332 ,25.326804542541506,84.16001152379036 ,32201.0,10:50:35 AM,1572672035972
-0.221 ,5.87 ,9.145,23.55172333333333,87.29646833333332 ,25.326804542541506,84.16001152379036 ,32201.0,10:50:35 AM,1572672035972
-0.838 ,5.813 ,12.213,23.55172333333333,87.29646833333332 ,25.326804542541506,84.16001152379036 ,32201.0,10:50:35 AM,1572672035979
-1.451 ,5.694 ,15.031,23.55172333333333,87.29646833333332 ,25.326804542541506,84.16001152379036 ,32201.0,10:50:35 AM,1572672035979
-1.182 ,6.15 ,12.752,23.55172333333333,87.29646833333332 ,25.326804542541506,84.16001152379036 ,32201.0,10:50:35 AM,1572672035981
-0.43 ,5.251 ,6.768,23.55172333333333,87.29646833333332 ,25.326804542541506,84.16001152379036 ,32201.0,10:50:35 AM,1572672035982
0.847 ,3.841 ,4.405,23.55172333333333,87.29646833333332 ,25.326804542541506,84.16001152379036 ,32201.0,10:50:35 AM,1572672035987
-0.516 ,5.025 ,4.768,23.55172333333333,87.29646833333332 ,25.326804542541506,84.16001152379036 ,32201.0,10:50:35 AM,1572672035988
-0.458 ,9.006 ,8.601,23.55172333333333,87.29646833333332 ,25.326804542541506,84.16001152379036 ,32201.0,10:50:35 AM,1572672035992
-0.712 ,10.939 ,11.072,23.55172333333333,87.29646833333332 ,25.326804542541506,84.16001152379036 ,32201.0,10:50:35 AM,1572672035992
-0.814 ,9.296 ,9.731,23.55172333333333,87.29646833333332 ,25.326804542541506,84.16001152379036 ,33525.0,10:50:35 AM,1572672035996
0.104 ,6.823 ,6.895,23.55172333333333,87.29646833333332 ,25.326804542541506,84.16001152379036 ,33525.0,10:50:35 AM,1572672035996
0.553 ,6.316 ,3.318,23.55172333333333,87.29646833333332 ,25.326804542541506,84.16001152379036 ,33525.0,10:50:36 AM,1572672036001
2.514 ,7.452 ,3.412,23.55172333333333,87.29646833333332 ,25.326804542541506,84.16001152379036 ,33525.0,10:50:36 AM,1572672036001
2.474 ,7.424 ,2.849,23.55172333333333,87.29646833333332 ,25.326804542541506,84.16001152379036 ,33525.0,10:50:36 AM,1572672036006
1.592 ,7.324 ,4.618,23.55172333333333,87.29646833333332 ,25.326804542541506,84.16001152379036 ,33525.0,10:50:36 AM,1572672036007
0.895 ,7.96 ,5.99,23.55172333333333,87.29646833333332 ,25.326804542541506,84.16001152379036 ,33525.0,10:50:36 AM,1572672036011
0.23 ,8.004 ,7.397,23.55172333333333,87.29646833333332 ,25.326804542541506,84.16001152379036 ,33525.0,10:50:36 AM,1572672036012
-0.597 ,7.874 ,6.644,23.55172333333333,87.29646833333332 ,25.326804542541506,84.16001152379036 ,33525.0,10:50:36 AM,1572672036015
-0.151 ,7.946 ,7.651,23.55172333333333,87.29646833333332 ,25.326804542541506,84.16001152379036 ,33525.0,10:50:36 AM,1572672036016
-0.269 ,7.504 ,7.526,23.55172333333333,87.29646833333332 ,25.326804542541506,84.16001152379036 ,33525.0,10:50:36 AM,1572672036022
0.289 ,6.502 ,5.3,23.55172333333333,87.29646833333332 ,25.326804542541506,84.16001152379036 ,33525.0,10:50:36 AM,1572672036022
1.326 ,5.44 ,3.291,23.55172333333333,87.29646833333332 ,25.326804542541506,84.29940066500932 ,33525.0,10:50:36 AM,1572672036026
0.705 ,4.94 ,2.522,23.55172333333333,87.29646833333332 ,25.326804542541506,84.29940066500932 ,33525.0,10:50:36 AM,1572672036027
0.756 ,5.88 ,7.147,23.55172333333333,87.29646833333332 ,25.326804542541506,84.29940066500932 ,33525.0,10:50:36 AM,1572672036031
-0.667 ,7.981 ,10.489,23.55172333333333,87.29646833333332 ,25.326804542541506,84.29940066500932 ,33525.0,10:50:36 AM,1572672036031
-1.497 ,9.401 ,13.07,23.55172333333333,87.29646833333332 ,25.326804542541506,84.29940066500932 ,33525.0,10:50:36 AM,1572672036036
-2.124 ,7.787 ,11.987,23.55172333333333,87.29646833333332 ,25.326804542541506,84.29940066500932 ,33525.0,10:50:36 AM,1572672036036
-2.504 ,5.563 ,8.416,23.55172333333333,87.29646833333332 ,25.326804542541506,84.29940066500932 ,33525.0,10:50:36 AM,1572672036044
-0.841 ,6.114 ,5.17,23.55172333333333,87.29646833333332 ,25.326804542541506,84.29940066500932 ,33525.0,10:50:36 AM,1572672036045
0.106 ,7.623 ,2.727,23.55172333333333,87.29646833333332 ,25.326804542541506,84.29940066500932 ,33525.0,10:50:36 AM,1572672036045
-0.012 ,8.267 ,4.248,23.55172333333333,87.29646833333332 ,25.326804542541506,84.29940066500932 ,33525.0,10:50:36 AM,1572672036046
-0.464 ,8.797 ,5.54,23.55172333333333,87.29646833333332 ,25.326804542541506,84.29940066500932 ,33525.0,10:50:36 AM,1572672036051
-0.849 ,9.073 ,7.442,23.55172333333333,87.29646833333332 ,25.326804542541506,84.29940066500932 ,33525.0,10:50:36 AM,1572672036051
-2.009 ,8.942 ,8.936,23.55172333333333,87.29646833333332 ,25.326804542541506,84.29940066500932 ,33525.0,10:50:36 AM,1572672036057
-2.268 ,8.923 ,11.992,23.55172333333333,87.29646833333332 ,25.326804542541506,84.29940066500932 ,33525.0,10:50:36 AM,1572672036057
-2.459 ,8.992 ,11.972,23.55172333333333,87.29646833333332 ,25.326804542541506,84.29940066500932 ,33525.0,10:50:36 AM,1572672036061
-1.688 ,8.164 ,8.535,23.55172333333333,87.29646833333332 ,25.326804542541506,84.29940066500932 ,33525.0,10:50:36 AM,1572672036062
0.461 ,6.353 ,6.002,23.55172333333333,87.29646833333332 ,25.326804542541506,84.29940066500932 ,33525.0,10:50:36 AM,1572672036066
0.704 ,5.287 ,4.538,23.55172333333333,87.29646833333332 ,25.326804542541506,84.29940066500932 ,33525.0,10:50:36 AM,1572672036066
1.052 ,6.988 ,8.535,23.55172333333333,87.29646833333332 ,25.326804542541506,84.29940066500932 ,33525.0,10:50:36 AM,1572672036072
-0.167 ,8.547 ,12.894,23.55172333333333,87.29646833333332 ,25.326804542541506,84.29940066500932 ,33525.0,10:50:36 AM,1572672036072
-0.909 ,7.467 ,14.977,23.55172333333333,87.29646833333332 ,25.326804542541506,84.29940066500932 ,33525.0,10:50:36 AM,1572672036077
