x,y,z,latitude,longitude,speed,sound,light,time,timestamp
0.664 ,7.709 ,6.44,23.551833333333335,87.29656833333333 ,0.0,78.46763387496095 ,6601.0,10:50:49 AM,1572672049294
0.536 ,7.664 ,6.475,23.551833333333335,87.29656833333333 ,0.0,78.46763387496095 ,6601.0,10:50:49 AM,1572672049299
0.476 ,7.673 ,6.468,23.551833333333335,87.29656833333333 ,0.0,78.46763387496095 ,6601.0,10:50:49 AM,1572672049300
0.422 ,7.623 ,6.367,23.551833333333335,87.29656833333333 ,0.0,78.46763387496095 ,6601.0,10:50:49 AM,1572672049306
0.397 ,7.662 ,6.351,23.551833333333335,87.29656833333333 ,0.0,78.46763387496095 ,6601.0,10:50:49 AM,1572672049307
0.394 ,7.733 ,6.291,23.551833333333335,87.29656833333333 ,0.0,78.46763387496095 ,6601.0,10:50:49 AM,1572672049311
0.41 ,7.775 ,6.285,23.551833333333335,87.29656833333333 ,0.0,78.46763387496095 ,6601.0,10:50:49 AM,1572672049312
0.448 ,7.778 ,6.172,23.551833333333335,87.29656833333333 ,0.0,78.46763387496095 ,6601.0,10:50:49 AM,1572672049315
0.471 ,7.86 ,6.102,23.551833333333335,87.29656833333333 ,0.0,78.46763387496095 ,6601.0,10:50:49 AM,1572672049316
0.582 ,7.942 ,6.088,23.551833333333335,87.29656833333333 ,0.0,78.46763387496095 ,6601.0,10:50:49 AM,1572672049319
0.683 ,8.008 ,6.025,23.551833333333335,87.29656833333333 ,0.0,78.46763387496095 ,6601.0,10:50:49 AM,1572672049320
0.771 ,8.051 ,5.974,23.551833333333335,87.29656833333333 ,0.0,78.46763387496095 ,6601.0,10:50:49 AM,1572672049326
0.747 ,8.084 ,5.868,23.551833333333335,87.29656833333333 ,0.0,78.46763387496095 ,6601.0,10:50:49 AM,1572672049327
0.777 ,7.996 ,5.879,23.551833333333335,87.29656833333333 ,0.0,78.46763387496095 ,6601.0,10:50:49 AM,1572672049330
0.649 ,8.057 ,5.778,23.551833333333335,87.29656833333333 ,0.0,78.46763387496095 ,6601.0,10:50:49 AM,1572672049330
0.632 ,7.954 ,5.842,23.551833333333335,87.29656833333333 ,0.0,78.46763387496095 ,6601.0,10:50:49 AM,1572672049334
0.542 ,8.012 ,6.012,23.551833333333335,87.29656833333333 ,0.0,78.46763387496095 ,6601.0,10:50:49 AM,1572672049335
0.445 ,8.001 ,6.181,23.551833333333335,87.29656833333333 ,0.0,78.46763387496095 ,6601.0,10:50:49 AM,1572672049342
0.546 ,7.976 ,6.175,23.551833333333335,87.29656833333333 ,0.0,78.46763387496095 ,6601.0,10:50:49 AM,1572672049343
0.6 ,7.81 ,6.149,23.551833333333335,87.29656833333333 ,0.0,78.46763387496095 ,6601.0,10:50:49 AM,1572672049344
0.567 ,7.769 ,6.164,23.551833333333335,87.29656833333333 ,0.0,78.46763387496095 ,6601.0,10:50:49 AM,1572672049345
0.595 ,7.774 ,6.164,23.551833333333335,87.29656833333333 ,0.0,78.46763387496095 ,6601.0,10:50:49 AM,1572672049350
0.612 ,7.875 ,6.206,23.551833333333335,87.29656833333333 ,0.0,78.46763387496095 ,6601.0,10:50:49 AM,1572672049350
0.688 ,7.897 ,6.153,23.551833333333335,87.29656833333333 ,0.0,78.46763387496095 ,6601.0,10:50:49 AM,1572672049355
0.705 ,7.812 ,6.117,23.551833333333335,87.29656833333333 ,0.0,78.46763387496095 ,6601.0,10:50:49 AM,1572672049356
0.737 ,7.891 ,6.161,23.551833333333335,87.29656833333333 ,0.0,78.46763387496095 ,6601.0,10:50:49 AM,1572672049360
0.855 ,7.956 ,6.165,23.551833333333335,87.29656833333333 ,0.0,78.46763387496095 ,6601.0,10:50:49 AM,1572672049360
0.905 ,7.972 ,6.13,23.551833333333335,87.29656833333333 ,0.0,78.46763387496095 ,6601.0,10:50:49 AM,1572672049365
0.918 ,7.923 ,6.047,23.551833333333335,87.29656833333333 ,0.0,78.46763387496095 ,6601.0,10:50:49 AM,1572672049366
0.918 ,7.939 ,5.989,23.551833333333335,87.29656833333333 ,0.0,78.46763387496095 ,6601.0,10:50:49 AM,1572672049370
0.894 ,8.002 ,6.051,23.551833333333335,87.29656833333333 ,0.0,78.46763387496095 ,6601.0,10:50:49 AM,1572672049371
0.77 ,7.992 ,5.996,23.551833333333335,87.29656833333333 ,0.0,78.46763387496095 ,6601.0,10:50:49 AM,1572672049376
0.617 ,7.994 ,6.027,23.551833333333335,87.29656833333333 ,0.0,78.46763387496095 ,6601.0,10:50:49 AM,1572672049376
0.511 ,7.98 ,6.011,23.551833333333335,87.29656833333333 ,0.0,78.46763387496095 ,6601.0,10:50:49 AM,1572672049380
0.467 ,7.922 ,6.068,23.551833333333335,87.29656833333333 ,0.0,78.46763387496095 ,6601.0,10:50:49 AM,1572672049380
0.501 ,7.946 ,6.147,23.551833333333335,87.29656833333333 ,0.0,78.46763387496095 ,6601.0,10:50:49 AM,1572672049385
0.475 ,7.804 ,6.206,23.551833333333335,87.29656833333333 ,0.0,78.46763387496095 ,6601.0,10:50:49 AM,1572672049386
0.521 ,7.794 ,6.296,23.551833333333335,87.29656833333333 ,0.0,78.46763387496095 ,6601.0,10:50:49 AM,1572672049393
0.528 ,7.743 ,6.462,23.551833333333335,87.29656833333333 ,0.0,78.46763387496095 ,6601.0,10:50:49 AM,1572672049393
0.534 ,7.697 ,6.384,23.551833333333335,87.29656833333333 ,0.0,78.46763387496095 ,6601.0,10:50:49 AM,1572672049394
0.528 ,7.761 ,6.355,23.551833333333335,87.29656833333333 ,0.0,78.46763387496095 ,6601.0,10:50:49 AM,1572672049394
0.566 ,7.777 ,6.296,23.551833333333335,87.29656833333333 ,0.0,78.46763387496095 ,6544.0,10:50:49 AM,1572672049400
0.555 ,7.777 ,6.153,23.551833333333335,87.29656833333333 ,0.0,78.46763387496095 ,6544.0,10:50:49 AM,1572672049400
0.585 ,7.846 ,6.098,23.551833333333335,87.29656833333333 ,0.0,78.46763387496095 ,6544.0,10:50:49 AM,1572672049405
0.591 ,7.834 ,6.003,23.551833333333335,87.29656833333333 ,0.0,78.46763387496095 ,6544.0,10:50:49 AM,1572672049406
0.59 ,7.901 ,5.972,23.551833333333335,87.29656833333333 ,0.0,78.46763387496095 ,6544.0,10:50:49 AM,1572672049411
0.667 ,7.951 ,6.019,23.551833333333335,87.29656833333333 ,0.0,78.46763387496095 ,6544.0,10:50:49 AM,1572672049412
0.686 ,7.913 ,6.102,23.551833333333335,87.29656833333333 ,0.0,78.46763387496095 ,6544.0,10:50:49 AM,1572672049414
0.694 ,7.933 ,6.147,23.551833333333335,87.29656833333333 ,0.0,78.46763387496095 ,6544.0,10:50:49 AM,1572672049415
0.683 ,7.95 ,6.141,23.551833333333335,87.29656833333333 ,0.0,78.46763387496095 ,6544.0,10:50:49 AM,1572672049419
0.689 ,7.917 ,6.093,23.551833333333335,87.29656833333333 ,0.0,78.46763387496095 ,6544.0,10:50:49 AM,1572672049419
0.677 ,7.966 ,6.015,23.551833333333335,87.29656833333333 ,0.0,78.46763387496095 ,6544.0,10:50:49 AM,1572672049425
0.698 ,7.994 ,5.98,23.551833333333335,87.29656833333333 ,0.0,78.46763387496095 ,6544.0,10:50:49 AM,1572672049426
0.689 ,7.972 ,5.926,23.551833333333335,87.29656833333333 ,0.0,78.46763387496095 ,6544.0,10:50:49 AM,1572672049429
0.685 ,8.022 ,5.988,23.551833333333335,87.29656833333333 ,0.0,78.46763387496095 ,6544.0,10:50:49 AM,1572672049429
0.662 ,7.927 ,5.942,23.551833333333335,87.29656833333333 ,0.0,78.46763387496095 ,6544.0,10:50:49 AM,1572672049436
0.609 ,7.945 ,5.989,23.551833333333335,87.29656833333333 ,0.0,78.46763387496095 ,6544.0,10:50:49 AM,1572672049436
0.628 ,7.908 ,6.069,23.551833333333335,87.29656833333333 ,0.0,78.46763387496095 ,6544.0,10:50:49 AM,1572672049442
0.656 ,7.883 ,6.141,23.551833333333335,87.29656833333333 ,0.0,78.46763387496095 ,6544.0,10:50:49 AM,1572672049443
0.597 ,7.853 ,6.236,23.551833333333335,87.29656833333333 ,0.0,78.46763387496095 ,6544.0,10:50:49 AM,1572672049444
0.586 ,7.856 ,6.336,23.551833333333335,87.29656833333333 ,0.0,78.46763387496095 ,6544.0,10:50:49 AM,1572672049444
0.544 ,7.846 ,6.314,23.551833333333335,87.29656833333333 ,0.0,78.46763387496095 ,6544.0,10:50:49 AM,1572672049449
0.619 ,7.818 ,6.267,23.551833333333335,87.29656833333333 ,0.0,78.46763387496095 ,6544.0,10:50:49 AM,1572672049449
0.694 ,7.781 ,6.108,23.551833333333335,87.29656833333333 ,0.0,78.46763387496095 ,6544.0,10:50:49 AM,1572672049454
0.686 ,7.865 ,6.048,23.551833333333335,87.29656833333333 ,0.0,78.46763387496095 ,6544.0,10:50:49 AM,1572672049454
0.747 ,7.942 ,6.115,23.551833333333335,87.29656833333333 ,0.0,78.46763387496095 ,6544.0,10:50:49 AM,1572672049460
0.734 ,7.971 ,6.035,23.551833333333335,87.29656833333333 ,0.0,78.46763387496095 ,6544.0,10:50:49 AM,1572672049460
0.667 ,7.824 ,6.142,23.551833333333335,87.29656833333333 ,0.0,78.46763387496095 ,6544.0,10:50:49 AM,1572672049464
0.556 ,7.786 ,6.093,23.551833333333335,87.29656833333333 ,0.0,74.50569827019154 ,6544.0,10:50:49 AM,1572672049465
0.515 ,7.794 ,6.219,23.551833333333335,87.29656833333333 ,0.0,74.50569827019154 ,6544.0,10:50:49 AM,1572672049469
0.485 ,7.831 ,6.302,23.551833333333335,87.29656833333333 ,0.0,74.50569827019154 ,6544.0,10:50:49 AM,1572672049470
0.462 ,7.82 ,6.324,23.551833333333335,87.29656833333333 ,0.0,74.50569827019154 ,6544.0,10:50:49 AM,1572672049475
0.488 ,7.817 ,6.273,23.551833333333335,87.29656833333333 ,0.0,74.50569827019154 ,6544.0,10:50:49 AM,1572672049476
0.594 ,7.798 ,6.291,23.551833333333335,87.29656833333333 ,0.0,74.50569827019154 ,6544.0,10:50:49 AM,1572672049480
0.632 ,7.81 ,6.14,23.551833333333335,87.29656833333333 ,0.0,74.50569827019154 ,6544.0,10:50:49 AM,1572672049480
0.651 ,7.868 ,6.042,23.551833333333335,87.29656833333333 ,0.0,74.50569827019154 ,6544.0,10:50:49 AM,1572672049484
0.676 ,7.897 ,6.009,23.551833333333335,87.29656833333333 ,0.0,74.50569827019154 ,6544.0,10:50:49 AM,1572672049484
0.603 ,7.915 ,5.976,23.551833333333335,87.29656833333333 ,0.0,74.50569827019154 ,6544.0,10:50:49 AM,1572672049493
0.549 ,7.928 ,5.995,23.551833333333335,87.29656833333333 ,0.0,74.50569827019154 ,6544.0,10:50:49 AM,1572672049494
0.612 ,7.932 ,6.033,23.551833333333335,87.29656833333333 ,0.0,74.50569827019154 ,6544.0,10:50:49 AM,1572672049494
0.56 ,7.987 ,5.954,23.551833333333335,87.29656833333333 ,0.0,74.50569827019154 ,6544.0,10:50:49 AM,1572672049495
0.48 ,7.968 ,6.014,23.551833333333335,87.29656833333333 ,0.0,74.50569827019154 ,6544.0,10:50:49 AM,1572672049500
0.53 ,7.946 ,6.012,23.551833333333335,87.29656833333333 ,0.0,74.50569827019154 ,6544.0,10:50:49 AM,1572672049500
0.614 ,8.013 ,5.977,23.551833333333335,87.29656833333333 ,0.0,74.50569827019154 ,6544.0,10:50:49 AM,1572672049506
0.55 ,7.96 ,5.836,23.551833333333335,87.29656833333333 ,0.0,74.50569827019154 ,6544.0,10:50:49 AM,1572672049506
0.519 ,7.917 ,5.813,23.551833333333335,87.29656833333333 ,0.0,74.50569827019154 ,6544.0,10:50:49 AM,1572672049511
0.523 ,7.942 ,5.772,23.551833333333335,87.29656833333333 ,0.0,74.50569827019154 ,6544.0,10:50:49 AM,1572672049512
0.592 ,8.035 ,5.883,23.551833333333335,87.29656833333333 ,0.0,74.50569827019154 ,6544.0,10:50:49 AM,1572672049515
0.594 ,8.127 ,6.102,23.551833333333335,87.29656833333333 ,0.0,74.50569827019154 ,6544.0,10:50:49 AM,1572672049515
0.57 ,8.098 ,6.153,23.551833333333335,87.29656833333333 ,0.0,74.50569827019154 ,6544.0,10:50:49 AM,1572672049520
0.578 ,7.947 ,6.134,23.551833333333335,87.29656833333333 ,0.0,74.50569827019154 ,6544.0,10:50:49 AM,1572672049520
0.592 ,7.784 ,6.007,23.551833333333335,87.29656833333333 ,0.0,74.50569827019154 ,6544.0,10:50:49 AM,1572672049525
0.616 ,7.719 ,6.139,23.551833333333335,87.29656833333333 ,0.0,74.50569827019154 ,6544.0,10:50:49 AM,1572672049526
0.564 ,7.774 ,6.355,23.551833333333335,87.29656833333333 ,0.0,74.50569827019154 ,6544.0,10:50:49 AM,1572672049530
0.59 ,7.903 ,6.409,23.551833333333335,87.29656833333333 ,0.0,74.50569827019154 ,6544.0,10:50:49 AM,1572672049531
0.564 ,7.866 ,6.367,23.551833333333335,87.29656833333333 ,0.0,74.50569827019154 ,6544.0,10:50:49 AM,1572672049533
0.57 ,7.825 ,6.173,23.551833333333335,87.29656833333333 ,0.0,74.50569827019154 ,6544.0,10:50:49 AM,1572672049534
0.524 ,7.798 ,6.105,23.551833333333335,87.29656833333333 ,0.0,74.50569827019154 ,6544.0,10:50:49 AM,1572672049542
0.51 ,7.804 ,6.135,23.551833333333335,87.29656833333333 ,0.0,74.50569827019154 ,6544.0,10:50:49 AM,1572672049542
0.517 ,7.823 ,6.238,23.551833333333335,87.29656833333333 ,0.0,74.50569827019154 ,6544.0,10:50:49 AM,1572672049543
