x,y,z,latitude,longitude,speed,sound,light,time,timestamp
0.099 ,8.64 ,5.428,23.572600000000005,87.30259499999998 ,28.3286642074585,84.00213639941595 ,8020.0,10:46:14 AM,1572671774785
-0.011 ,9.692 ,2.899,23.572600000000005,87.30259499999998 ,28.3286642074585,84.00213639941595 ,8020.0,10:46:14 AM,1572671774792
-2.666 ,10.181 ,-0.31,23.572600000000005,87.30259499999998 ,28.3286642074585,84.00213639941595 ,8020.0,10:46:14 AM,1572671774793
-3.163 ,10.258 ,-2.619,23.572600000000005,87.30259499999998 ,28.3286642074585,84.00213639941595 ,8020.0,10:46:14 AM,1572671774793
-3.835 ,9.547 ,-4.207,23.572600000000005,87.30259499999998 ,28.3286642074585,84.00213639941595 ,8020.0,10:46:14 AM,1572671774794
-3.781 ,10.078 ,-3.586,23.572600000000005,87.30259499999998 ,28.3286642074585,84.00213639941595 ,7979.0,10:46:14 AM,1572671774799
-2.797 ,12.064 ,-3.115,23.572600000000005,87.30259499999998 ,28.3286642074585,84.00213639941595 ,7979.0,10:46:14 AM,1572671774799
-2.388 ,11.911 ,-2.523,23.572600000000005,87.30259499999998 ,28.3286642074585,84.00213639941595 ,7979.0,10:46:14 AM,1572671774807
-3.065 ,10.073 ,-0.609,23.572600000000005,87.30259499999998 ,28.3286642074585,84.00213639941595 ,7979.0,10:46:14 AM,1572671774807
-3.94 ,8.842 ,1.569,23.572600000000005,87.30259499999998 ,28.3286642074585,84.00213639941595 ,7979.0,10:46:14 AM,1572671774808
-2.784 ,8.518 ,6.595,23.572600000000005,87.30259499999998 ,28.3286642074585,84.00213639941595 ,7979.0,10:46:14 AM,1572671774809
-2.014 ,8.838 ,10.806,23.572600000000005,87.30259499999998 ,28.3286642074585,84.00213639941595 ,7979.0,10:46:14 AM,1572671774814
-0.393 ,9.296 ,12.982,23.572600000000005,87.30259499999998 ,28.3286642074585,84.00213639941595 ,7979.0,10:46:14 AM,1572671774815
2.115 ,9.33 ,14.374,23.572600000000005,87.30259499999998 ,28.3286642074585,84.00213639941595 ,7979.0,10:46:14 AM,1572671774819
2.158 ,7.417 ,13.773,23.572600000000005,87.30259499999998 ,28.3286642074585,84.00213639941595 ,7979.0,10:46:14 AM,1572671774819
2.753 ,5.111 ,12.748,23.572600000000005,87.30259499999998 ,28.3286642074585,84.00213639941595 ,7979.0,10:46:14 AM,1572671774825
2.06 ,3.837 ,12.996,23.572600000000005,87.30259499999998 ,28.3286642074585,84.00213639941595 ,7979.0,10:46:14 AM,1572671774825
1.268 ,4.787 ,16.158,23.572600000000005,87.30259499999998 ,28.3286642074585,84.00213639941595 ,7979.0,10:46:14 AM,1572671774828
0.261 ,6.567 ,16.364,23.572600000000005,87.30259499999998 ,28.3286642074585,84.00213639941595 ,7979.0,10:46:14 AM,1572671774828
0.796 ,6.262 ,15.876,23.572600000000005,87.30259499999998 ,28.3286642074585,84.00213639941595 ,7979.0,10:46:14 AM,1572671774833
0.159 ,6.191 ,8.845,23.572600000000005,87.30259499999998 ,28.3286642074585,84.00213639941595 ,7979.0,10:46:14 AM,1572671774834
2.91 ,6.032 ,5.481,23.572600000000005,87.30259499999998 ,28.3286642074585,84.00213639941595 ,7979.0,10:46:14 AM,1572671774840
3.448 ,5.953 ,-1.031,23.572600000000005,87.30259499999998 ,28.3286642074585,84.00213639941595 ,7979.0,10:46:14 AM,1572671774841
1.005 ,6.993 ,-5.544,23.572600000000005,87.30259499999998 ,28.3286642074585,84.00213639941595 ,7979.0,10:46:14 AM,1572671774844
0.257 ,9.294 ,-3.282,23.572600000000005,87.30259499999998 ,28.3286642074585,84.00213639941595 ,7979.0,10:46:14 AM,1572671774844
-3.86 ,9.177 ,-3.583,23.572529999999997,87.30260000000001 ,26.195860862731934,84.00213639941595 ,7979.0,10:46:14 AM,1572671774849
-6.809 ,7.503 ,-1.899,23.572529999999997,87.30260000000001 ,26.195860862731934,84.00213639941595 ,7979.0,10:46:14 AM,1572671774849
-7.875 ,5.576 ,-0.694,23.572529999999997,87.30260000000001 ,26.195860862731934,84.00213639941595 ,7979.0,10:46:14 AM,1572671774855
-7.005 ,6.611 ,4.125,23.572529999999997,87.30260000000001 ,26.195860862731934,84.00213639941595 ,7979.0,10:46:14 AM,1572671774856
-4.41 ,10.609 ,11.436,23.572529999999997,87.30260000000001 ,26.195860862731934,84.00213639941595 ,7979.0,10:46:14 AM,1572671774859
-1.479 ,14.291 ,19.771,23.572529999999997,87.30260000000001 ,26.195860862731934,84.00213639941595 ,7979.0,10:46:14 AM,1572671774859
2.001 ,13.648 ,21.277,23.572529999999997,87.30260000000001 ,26.195860862731934,84.00213639941595 ,7979.0,10:46:14 AM,1572671774863
3.497 ,7.844 ,13.827,23.572529999999997,87.30260000000001 ,26.195860862731934,84.00213639941595 ,7979.0,10:46:14 AM,1572671774863
3.732 ,1.57 ,5.823,23.572529999999997,87.30260000000001 ,26.195860862731934,84.00213639941595 ,7979.0,10:46:14 AM,1572671774868
4.648 ,1.036 ,3.452,23.572529999999997,87.30260000000001 ,26.195860862731934,84.00213639941595 ,7979.0,10:46:14 AM,1572671774869
2.789 ,6.311 ,7.372,23.572529999999997,87.30260000000001 ,26.195860862731934,84.00213639941595 ,7979.0,10:46:14 AM,1572671774874
0.87 ,11.37 ,14.816,23.572529999999997,87.30260000000001 ,26.195860862731934,84.00213639941595 ,7979.0,10:46:14 AM,1572671774875
-0.662 ,11.848 ,16.445,23.572529999999997,87.30260000000001 ,26.195860862731934,84.00213639941595 ,7979.0,10:46:14 AM,1572671774879
-2.902 ,6.074 ,11.204,23.572529999999997,87.30260000000001 ,26.195860862731934,84.00213639941595 ,7979.0,10:46:14 AM,1572671774880
-0.934 ,2.88 ,5.379,23.572529999999997,87.30260000000001 ,26.195860862731934,84.00213639941595 ,7979.0,10:46:14 AM,1572671774883
-0.071 ,2.976 ,1.163,23.572529999999997,87.30260000000001 ,26.195860862731934,84.00213639941595 ,7979.0,10:46:14 AM,1572671774883
0.635 ,6.234 ,4.734,23.572529999999997,87.30260000000001 ,26.195860862731934,84.00213639941595 ,7979.0,10:46:14 AM,1572671774890
-0.453 ,11.949 ,5.486,23.572529999999997,87.30260000000001 ,26.195860862731934,84.00213639941595 ,7979.0,10:46:14 AM,1572671774890
-2.923 ,13.113 ,2.054,23.572529999999997,87.30260000000001 ,26.195860862731934,84.00213639941595 ,7979.0,10:46:14 AM,1572671774893
-4.333 ,8.797 ,-0.492,23.572529999999997,87.30260000000001 ,26.195860862731934,84.00213639941595 ,7979.0,10:46:14 AM,1572671774894
-6.423 ,5.673 ,-7.359,23.572529999999997,87.30260000000001 ,26.195860862731934,84.00213639941595 ,7979.0,10:46:14 AM,1572671774898
-4.578 ,7.622 ,-7.314,23.572529999999997,87.30260000000001 ,26.195860862731934,84.00213639941595 ,7979.0,10:46:14 AM,1572671774899
-3.004 ,13.313 ,-2.41,23.572529999999997,87.30260000000001 ,26.195860862731934,85.8634268405531 ,7979.0,10:46:14 AM,1572671774905
-0.386 ,18.373 ,2.394,23.572529999999997,87.30260000000001 ,26.195860862731934,85.8634268405531 ,7979.0,10:46:14 AM,1572671774905
0.549 ,17.074 ,2.168,23.572529999999997,87.30260000000001 ,26.195860862731934,85.8634268405531 ,7979.0,10:46:14 AM,1572671774907
0.519 ,11.448 ,-2.14,23.572529999999997,87.30260000000001 ,26.195860862731934,85.8634268405531 ,7979.0,10:46:14 AM,1572671774908
0.412 ,5.572 ,-5.687,23.572529999999997,87.30260000000001 ,26.195860862731934,85.8634268405531 ,7979.0,10:46:14 AM,1572671774912
1.25 ,3.488 ,-4.222,23.572529999999997,87.30260000000001 ,26.195860862731934,85.8634268405531 ,7979.0,10:46:14 AM,1572671774913
2.534 ,6.42 ,5.563,23.572529999999997,87.30260000000001 ,26.195860862731934,85.8634268405531 ,7979.0,10:46:14 AM,1572671774918
1.628 ,12.548 ,12.687,23.572529999999997,87.30260000000001 ,26.195860862731934,85.8634268405531 ,7979.0,10:46:14 AM,1572671774918
-1.766 ,15.341 ,13.721,23.572529999999997,87.30260000000001 ,26.195860862731934,85.8634268405531 ,7979.0,10:46:14 AM,1572671774923
0.383 ,11.153 ,16.405,23.572529999999997,87.30260000000001 ,26.195860862731934,85.8634268405531 ,7979.0,10:46:14 AM,1572671774924
-2.567 ,3.357 ,6.126,23.572529999999997,87.30260000000001 ,26.195860862731934,85.8634268405531 ,7979.0,10:46:14 AM,1572671774928
-1.312 ,-0.963 ,1.132,23.572529999999997,87.30260000000001 ,26.195860862731934,85.8634268405531 ,7979.0,10:46:14 AM,1572671774929
1.782 ,0.767 ,4.764,23.572529999999997,87.30260000000001 ,26.195860862731934,85.8634268405531 ,7979.0,10:46:14 AM,1572671774932
1.059 ,9.745 ,12.929,23.572529999999997,87.30260000000001 ,26.195860862731934,85.8634268405531 ,7979.0,10:46:14 AM,1572671774933
2.882 ,16.457 ,23.242,23.572529999999997,87.30260000000001 ,26.195860862731934,85.8634268405531 ,7979.0,10:46:14 AM,1572671774939
1.794 ,14.554 ,18.963,23.572529999999997,87.30260000000001 ,26.195860862731934,85.8634268405531 ,7979.0,10:46:14 AM,1572671774939
-1.298 ,8.875 ,3.008,23.572529999999997,87.30260000000001 ,26.195860862731934,85.8634268405531 ,7979.0,10:46:14 AM,1572671774943
1.678 ,2.699 ,-4.22,23.572529999999997,87.30260000000001 ,26.195860862731934,85.8634268405531 ,7979.0,10:46:14 AM,1572671774943
-0.752 ,0.609 ,-9.156,23.572529999999997,87.30260000000001 ,26.195860862731934,85.8634268405531 ,7979.0,10:46:14 AM,1572671774947
-2.558 ,5.132 ,-0.187,23.572529999999997,87.30260000000001 ,26.195860862731934,85.8634268405531 ,7979.0,10:46:14 AM,1572671774948
-1.857 ,12.93 ,12.764,23.572529999999997,87.30260000000001 ,26.195860862731934,85.8634268405531 ,7979.0,10:46:14 AM,1572671774956
-6.397 ,12.577 ,18.861,23.572529999999997,87.30260000000001 ,26.195860862731934,85.8634268405531 ,7979.0,10:46:14 AM,1572671774957
-7.709 ,6.504 ,16.945,23.572529999999997,87.30260000000001 ,26.195860862731934,85.8634268405531 ,7979.0,10:46:14 AM,1572671774957
-5.95 ,0.855 ,6.171,23.572529999999997,87.30260000000001 ,26.195860862731934,85.8634268405531 ,7979.0,10:46:14 AM,1572671774958
-4.497 ,-1.551 ,-1.743,23.572529999999997,87.30260000000001 ,26.195860862731934,85.8634268405531 ,7979.0,10:46:14 AM,1572671774962
-1.028 ,1.984 ,1.116,23.572529999999997,87.30260000000001 ,26.195860862731934,85.8634268405531 ,7979.0,10:46:14 AM,1572671774963
-0.163 ,9.203 ,7.119,23.572529999999997,87.30260000000001 ,26.195860862731934,85.8634268405531 ,7979.0,10:46:14 AM,1572671774968
0.935 ,14.09 ,16.269,23.572529999999997,87.30260000000001 ,26.195860862731934,85.8634268405531 ,7979.0,10:46:14 AM,1572671774968
0.133 ,11.883 ,14.207,23.572529999999997,87.30260000000001 ,26.195860862731934,85.8634268405531 ,7979.0,10:46:14 AM,1572671774973
-1.254 ,4.122 ,7.908,23.572529999999997,87.30260000000001 ,26.195860862731934,85.8634268405531 ,7979.0,10:46:14 AM,1572671774974
0.497 ,-0.756 ,1.831,23.572529999999997,87.30260000000001 ,26.195860862731934,85.8634268405531 ,7979.0,10:46:14 AM,1572671774978
3.91 ,2.466 ,2.31,23.572529999999997,87.30260000000001 ,26.195860862731934,85.8634268405531 ,7979.0,10:46:14 AM,1572671774979
4.294 ,8.9 ,8.046,23.572529999999997,87.30260000000001 ,26.195860862731934,85.8634268405531 ,7979.0,10:46:14 AM,1572671774983
4.861 ,15.592 ,8.992,23.572529999999997,87.30260000000001 ,26.195860862731934,85.8634268405531 ,7979.0,10:46:14 AM,1572671774983
3.377 ,14.201 ,7.754,23.572529999999997,87.30260000000001 ,26.195860862731934,85.8634268405531 ,7979.0,10:46:14 AM,1572671774988
0.365 ,7.911 ,2.962,23.572529999999997,87.30260000000001 ,26.195860862731934,85.8634268405531 ,7979.0,10:46:14 AM,1572671774989
-2.546 ,4.482 ,-4.869,23.572529999999997,87.30260000000001 ,26.195860862731934,85.8634268405531 ,7979.0,10:46:14 AM,1572671774993
-2.249 ,5.497 ,-3.366,23.572529999999997,87.30260000000001 ,26.195860862731934,85.8634268405531 ,7979.0,10:46:14 AM,1572671774994
-3.002 ,10.458 ,2.869,23.572529999999997,87.30260000000001 ,26.195860862731934,85.8634268405531 ,7387.0,10:46:14 AM,1572671774998
-2.364 ,15.714 ,10.36,23.572529999999997,87.30260000000001 ,26.195860862731934,85.8634268405531 ,7387.0,10:46:14 AM,1572671774998
-1.822 ,16.004 ,10.383,23.572529999999997,87.30260000000001 ,26.195860862731934,85.8634268405531 ,7387.0,10:46:15 AM,1572671775006
-0.968 ,10.223 ,6.838,23.572529999999997,87.30260000000001 ,26.195860862731934,85.8634268405531 ,7387.0,10:46:15 AM,1572671775006
-0.434 ,4.567 ,1.509,23.572529999999997,87.30260000000001 ,26.195860862731934,85.8634268405531 ,7387.0,10:46:15 AM,1572671775007
1.084 ,4.581 ,-1.672,23.572529999999997,87.30260000000001 ,26.195860862731934,85.8634268405531 ,7387.0,10:46:15 AM,1572671775008
2.8 ,8.931 ,4.667,23.572529999999997,87.30260000000001 ,26.195860862731934,85.8634268405531 ,7387.0,10:46:15 AM,1572671775012
2.973 ,13.51 ,10.808,23.572529999999997,87.30260000000001 ,26.195860862731934,85.8634268405531 ,7387.0,10:46:15 AM,1572671775013
2.084 ,14.776 ,10.311,23.572529999999997,87.30260000000001 ,26.195860862731934,85.8634268405531 ,7387.0,10:46:15 AM,1572671775017
1.438 ,9.894 ,9.251,23.572529999999997,87.30260000000001 ,26.195860862731934,85.8634268405531 ,7387.0,10:46:15 AM,1572671775018
0.753 ,4.838 ,6.299,23.572529999999997,87.30260000000001 ,26.195860862731934,85.8634268405531 ,7387.0,10:46:15 AM,1572671775023
0.567 ,3.635 ,4.854,23.572529999999997,87.30260000000001 ,26.195860862731934,85.8634268405531 ,7387.0,10:46:15 AM,1572671775024
2.359 ,6.221 ,8.321,23.572529999999997,87.30260000000001 ,26.195860862731934,85.8634268405531 ,7387.0,10:46:15 AM,1572671775029
2.261 ,8.759 ,12.004,23.572529999999997,87.30260000000001 ,26.195860862731934,85.8634268405531 ,7387.0,10:46:15 AM,1572671775029
2.0 ,9.955 ,14.035,23.572529999999997,87.30260000000001 ,26.195860862731934,85.8634268405531 ,7387.0,10:46:15 AM,1572671775032
