x,y,z,latitude,longitude,speed,sound,light,time,timestamp
-4.529 ,15.124 ,5.558,23.555123333333334,87.29885166666666 ,31.293463897705077,83.93627529139718 ,10828.0,10:49:40 AM,1572671980720
-4.243 ,20.223 ,7.096,23.555123333333334,87.29885166666666 ,31.293463897705077,83.93627529139718 ,10828.0,10:49:40 AM,1572671980721
-2.269 ,17.885 ,3.92,23.555123333333334,87.29885166666666 ,31.293463897705077,83.93627529139718 ,10828.0,10:49:40 AM,1572671980725
-0.973 ,13.478 ,-3.935,23.555123333333334,87.29885166666666 ,31.293463897705077,83.93627529139718 ,10828.0,10:49:40 AM,1572671980725
0.644 ,14.251 ,-10.198,23.555123333333334,87.29885166666666 ,31.293463897705077,83.93627529139718 ,10828.0,10:49:40 AM,1572671980729
3.574 ,16.678 ,-4.637,23.555123333333334,87.29885166666666 ,31.293463897705077,83.93627529139718 ,10828.0,10:49:40 AM,1572671980730
5.911 ,16.259 ,5.359,23.555123333333334,87.29885166666666 ,31.293463897705077,83.93627529139718 ,10828.0,10:49:40 AM,1572671980735
2.176 ,11.492 ,-0.035,23.555123333333334,87.29885166666666 ,31.293463897705077,83.93627529139718 ,10828.0,10:49:40 AM,1572671980736
3.917 ,6.678 ,5.744,23.555123333333334,87.29885166666666 ,31.293463897705077,83.93627529139718 ,10828.0,10:49:40 AM,1572671980739
4.227 ,6.355 ,9.645,23.555123333333334,87.29885166666666 ,31.293463897705077,83.93627529139718 ,10828.0,10:49:40 AM,1572671980740
-1.502 ,7.365 ,7.572,23.555123333333334,87.29885166666666 ,31.293463897705077,83.93627529139718 ,10828.0,10:49:40 AM,1572671980745
-5.501 ,10.358 ,9.868,23.555123333333334,87.29885166666666 ,31.293463897705077,83.93627529139718 ,10828.0,10:49:40 AM,1572671980746
-8.068 ,7.808 ,13.432,23.555123333333334,87.29885166666666 ,31.293463897705077,83.93627529139718 ,10828.0,10:49:40 AM,1572671980749
-13.704 ,5.305 ,8.302,23.555123333333334,87.29885166666666 ,31.293463897705077,83.93627529139718 ,10828.0,10:49:40 AM,1572671980750
-12.81 ,3.804 ,10.843,23.555123333333334,87.29885166666666 ,31.293463897705077,83.93627529139718 ,10828.0,10:49:40 AM,1572671980754
-11.925 ,7.573 ,13.106,23.555123333333334,87.29885166666666 ,31.293463897705077,83.93627529139718 ,10828.0,10:49:40 AM,1572671980755
-7.936 ,12.736 ,18.704,23.555123333333334,87.29885166666666 ,31.293463897705077,83.93627529139718 ,10828.0,10:49:40 AM,1572671980759
-5.299 ,13.385 ,15.244,23.555123333333334,87.29885166666666 ,31.293463897705077,83.93627529139718 ,10828.0,10:49:40 AM,1572671980760
-4.443 ,8.011 ,6.122,23.555123333333334,87.29885166666666 ,31.293463897705077,83.93627529139718 ,10828.0,10:49:40 AM,1572671980765
4.922 ,0.502 ,-2.686,23.555123333333334,87.29885166666666 ,31.293463897705077,83.93627529139718 ,10828.0,10:49:40 AM,1572671980766
5.176 ,-5.65 ,-11.629,23.555123333333334,87.29885166666666 ,31.293463897705077,83.93627529139718 ,10828.0,10:49:40 AM,1572671980769
5.01 ,-1.131 ,-1.577,23.555123333333334,87.29885166666666 ,31.293463897705077,83.93627529139718 ,10828.0,10:49:40 AM,1572671980769
7.354 ,13.142 ,16.896,23.555123333333334,87.29885166666666 ,31.293463897705077,83.93627529139718 ,10828.0,10:49:40 AM,1572671980774
1.108 ,17.903 ,16.638,23.555123333333334,87.29885166666666 ,31.293463897705077,83.93627529139718 ,10828.0,10:49:40 AM,1572671980775
-1.931 ,5.77 ,5.897,23.555123333333334,87.29885166666666 ,31.293463897705077,83.93627529139718 ,10828.0,10:49:40 AM,1572671980779
-3.323 ,-8.435 ,-13.127,23.555123333333334,87.29885166666666 ,31.293463897705077,83.93627529139718 ,10828.0,10:49:40 AM,1572671980780
-5.413 ,-10.959 ,-17.68,23.555123333333334,87.29885166666666 ,31.293463897705077,83.93627529139718 ,10828.0,10:49:40 AM,1572671980784
-5.177 ,0.533 ,0.376,23.555123333333334,87.29885166666666 ,31.293463897705077,83.93627529139718 ,10828.0,10:49:40 AM,1572671980785
-5.56 ,16.208 ,26.861,23.555123333333334,87.29885166666666 ,31.293463897705077,83.93627529139718 ,10828.0,10:49:40 AM,1572671980790
-4.947 ,20.503 ,31.978,23.555123333333334,87.29885166666666 ,31.293463897705077,83.93627529139718 ,10828.0,10:49:40 AM,1572671980790
-1.427 ,10.326 ,17.944,23.555123333333334,87.29885166666666 ,31.293463897705077,83.93627529139718 ,11128.0,10:49:40 AM,1572671980794
-1.371 ,-3.964 ,-0.448,23.555123333333334,87.29885166666666 ,31.293463897705077,83.93627529139718 ,11128.0,10:49:40 AM,1572671980795
4.031 ,-1.703 ,-0.052,23.555123333333334,87.29885166666666 ,31.293463897705077,83.93627529139718 ,11128.0,10:49:40 AM,1572671980800
5.338 ,12.021 ,7.529,23.555123333333334,87.29885166666666 ,31.293463897705077,83.93627529139718 ,11128.0,10:49:40 AM,1572671980801
1.542 ,22.946 ,15.407,23.555123333333334,87.29885166666666 ,31.293463897705077,83.93627529139718 ,11128.0,10:49:40 AM,1572671980805
-0.073 ,19.288 ,14.066,23.555123333333334,87.29885166666666 ,31.293463897705077,83.93627529139718 ,11128.0,10:49:40 AM,1572671980806
0.884 ,9.804 ,4.468,23.555123333333334,87.29885166666666 ,31.293463897705077,83.93627529139718 ,11128.0,10:49:40 AM,1572671980810
-3.209 ,3.623 ,-5.655,23.555123333333334,87.29885166666666 ,31.293463897705077,83.93627529139718 ,11128.0,10:49:40 AM,1572671980811
0.486 ,7.789 ,4.824,23.555123333333334,87.29885166666666 ,31.293463897705077,83.93627529139718 ,11128.0,10:49:40 AM,1572671980815
-1.828 ,16.317 ,9.621,23.555123333333334,87.29885166666666 ,31.293463897705077,83.93627529139718 ,11128.0,10:49:40 AM,1572671980816
-2.404 ,18.932 ,13.264,23.555123333333334,87.29885166666666 ,31.293463897705077,83.93627529139718 ,11128.0,10:49:40 AM,1572671980820
-3.986 ,10.356 ,1.223,23.555123333333334,87.29885166666666 ,31.293463897705077,83.93627529139718 ,11128.0,10:49:40 AM,1572671980820
-3.648 ,-0.405 ,-7.94,23.555123333333334,87.29885166666666 ,31.293463897705077,83.93627529139718 ,11128.0,10:49:40 AM,1572671980824
-5.753 ,2.195 ,-12.102,23.555123333333334,87.29885166666666 ,31.293463897705077,83.93627529139718 ,11128.0,10:49:40 AM,1572671980825
-6.448 ,11.401 ,0.479,23.555123333333334,87.29885166666666 ,31.293463897705077,84.4019146952923 ,11128.0,10:49:40 AM,1572671980829
-7.863 ,20.055 ,9.294,23.555123333333334,87.29885166666666 ,31.293463897705077,84.4019146952923 ,11128.0,10:49:40 AM,1572671980831
-7.337 ,18.025 ,9.916,23.555123333333334,87.29885166666666 ,31.293463897705077,84.4019146952923 ,11128.0,10:49:40 AM,1572671980834
-5.371 ,8.682 ,-0.982,23.555123333333334,87.29885166666666 ,31.293463897705077,84.4019146952923 ,11128.0,10:49:40 AM,1572671980835
-1.238 ,0.179 ,-9.942,23.555123333333334,87.29885166666666 ,31.293463897705077,84.4019146952923 ,11128.0,10:49:40 AM,1572671980839
2.789 ,1.838 ,-5.647,23.555123333333334,87.29885166666666 ,31.293463897705077,84.4019146952923 ,11128.0,10:49:40 AM,1572671980840
4.921 ,10.46 ,4.124,23.555123333333334,87.29885166666666 ,31.293463897705077,84.4019146952923 ,11128.0,10:49:40 AM,1572671980844
5.085 ,16.503 ,17.744,23.555123333333334,87.29885166666666 ,31.293463897705077,84.4019146952923 ,11128.0,10:49:40 AM,1572671980845
-0.039 ,10.993 ,12.366,23.555048333333335,87.29885166666666 ,29.74991569519043,84.4019146952923 ,11128.0,10:49:40 AM,1572671980851
-1.139 ,0.4 ,5.118,23.555048333333335,87.29885166666666 ,29.74991569519043,84.4019146952923 ,11128.0,10:49:40 AM,1572671980852
-2.674 ,-5.934 ,2.119,23.555048333333335,87.29885166666666 ,29.74991569519043,84.4019146952923 ,11128.0,10:49:40 AM,1572671980854
-5.151 ,-0.715 ,5.668,23.555048333333335,87.29885166666666 ,29.74991569519043,84.4019146952923 ,11128.0,10:49:40 AM,1572671980855
-5.015 ,9.037 ,19.64,23.555048333333335,87.29885166666666 ,29.74991569519043,84.4019146952923 ,11128.0,10:49:40 AM,1572671980860
-4.002 ,13.989 ,29.817,23.555048333333335,87.29885166666666 ,29.74991569519043,84.4019146952923 ,11128.0,10:49:40 AM,1572671980860
-6.017 ,10.338 ,18.806,23.555048333333335,87.29885166666666 ,29.74991569519043,84.4019146952923 ,11128.0,10:49:40 AM,1572671980864
-0.958 ,5.359 ,9.367,23.555048333333335,87.29885166666666 ,29.74991569519043,84.4019146952923 ,11128.0,10:49:40 AM,1572671980864
0.336 ,3.684 ,-1.305,23.555048333333335,87.29885166666666 ,29.74991569519043,84.4019146952923 ,11128.0,10:49:40 AM,1572671980868
6.108 ,5.154 ,3.786,23.555048333333335,87.29885166666666 ,29.74991569519043,84.4019146952923 ,11128.0,10:49:40 AM,1572671980868
2.479 ,10.12 ,3.426,23.555048333333335,87.29885166666666 ,29.74991569519043,84.4019146952923 ,11128.0,10:49:40 AM,1572671980873
1.063 ,10.647 ,14.267,23.555048333333335,87.29885166666666 ,29.74991569519043,84.4019146952923 ,11128.0,10:49:40 AM,1572671980873
1.347 ,6.044 ,18.285,23.555048333333335,87.29885166666666 ,29.74991569519043,84.4019146952923 ,11128.0,10:49:40 AM,1572671980878
-3.941 ,1.045 ,8.668,23.555048333333335,87.29885166666666 ,29.74991569519043,84.4019146952923 ,11128.0,10:49:40 AM,1572671980879
0.233 ,1.231 ,12.378,23.555048333333335,87.29885166666666 ,29.74991569519043,84.4019146952923 ,11128.0,10:49:40 AM,1572671980884
-2.22 ,7.58 ,6.059,23.555048333333335,87.29885166666666 ,29.74991569519043,84.4019146952923 ,11128.0,10:49:40 AM,1572671980884
-2.7 ,15.234 ,8.151,23.555048333333335,87.29885166666666 ,29.74991569519043,84.4019146952923 ,11128.0,10:49:40 AM,1572671980888
-1.38 ,14.647 ,11.574,23.555048333333335,87.29885166666666 ,29.74991569519043,84.4019146952923 ,11128.0,10:49:40 AM,1572671980889
-3.425 ,10.31 ,4.104,23.555048333333335,87.29885166666666 ,29.74991569519043,84.4019146952923 ,11128.0,10:49:40 AM,1572671980893
-1.833 ,4.883 ,-4.601,23.555048333333335,87.29885166666666 ,29.74991569519043,84.4019146952923 ,11128.0,10:49:40 AM,1572671980894
-1.429 ,3.743 ,-5.548,23.555048333333335,87.29885166666666 ,29.74991569519043,84.4019146952923 ,11128.0,10:49:40 AM,1572671980898
-2.08 ,10.601 ,0.384,23.555048333333335,87.29885166666666 ,29.74991569519043,84.4019146952923 ,11128.0,10:49:40 AM,1572671980899
0.368 ,18.506 ,9.925,23.555048333333335,87.29885166666666 ,29.74991569519043,84.4019146952923 ,11128.0,10:49:40 AM,1572671980904
-2.147 ,18.65 ,7.683,23.555048333333335,87.29885166666666 ,29.74991569519043,84.4019146952923 ,11128.0,10:49:40 AM,1572671980905
-1.657 ,12.261 ,3.749,23.555048333333335,87.29885166666666 ,29.74991569519043,84.4019146952923 ,11128.0,10:49:40 AM,1572671980908
-0.642 ,6.775 ,-7.617,23.555048333333335,87.29885166666666 ,29.74991569519043,84.4019146952923 ,11128.0,10:49:40 AM,1572671980909
0.427 ,6.524 ,-8.227,23.555048333333335,87.29885166666666 ,29.74991569519043,84.4019146952923 ,11128.0,10:49:40 AM,1572671980913
1.155 ,14.409 ,-0.562,23.555048333333335,87.29885166666666 ,29.74991569519043,84.4019146952923 ,11128.0,10:49:40 AM,1572671980914
0.422 ,19.491 ,6.612,23.555048333333335,87.29885166666666 ,29.74991569519043,84.4019146952923 ,11128.0,10:49:40 AM,1572671980918
-1.812 ,15.364 ,5.545,23.555048333333335,87.29885166666666 ,29.74991569519043,84.4019146952923 ,11128.0,10:49:40 AM,1572671980919
-3.616 ,4.098 ,-1.095,23.555048333333335,87.29885166666666 ,29.74991569519043,84.4019146952923 ,11128.0,10:49:40 AM,1572671980925
-3.615 ,-2.072 ,-4.996,23.555048333333335,87.29885166666666 ,29.74991569519043,84.4019146952923 ,11128.0,10:49:40 AM,1572671980926
-3.545 ,1.019 ,4.518,23.555048333333335,87.29885166666666 ,29.74991569519043,84.4019146952923 ,11128.0,10:49:40 AM,1572671980928
-3.813 ,11.384 ,17.066,23.555048333333335,87.29885166666666 ,29.74991569519043,84.4019146952923 ,11128.0,10:49:40 AM,1572671980929
-4.588 ,16.635 ,21.456,23.555048333333335,87.29885166666666 ,29.74991569519043,84.4019146952923 ,11128.0,10:49:40 AM,1572671980933
-4.353 ,11.029 ,16.707,23.555048333333335,87.29885166666666 ,29.74991569519043,84.4019146952923 ,11128.0,10:49:40 AM,1572671980934
-4.532 ,0.705 ,1.886,23.555048333333335,87.29885166666666 ,29.74991569519043,84.4019146952923 ,11128.0,10:49:40 AM,1572671980938
-2.344 ,-4.533 ,-5.451,23.555048333333335,87.29885166666666 ,29.74991569519043,84.4019146952923 ,11128.0,10:49:40 AM,1572671980939
-2.531 ,-0.031 ,-2.168,23.555048333333335,87.29885166666666 ,29.74991569519043,84.4019146952923 ,11128.0,10:49:40 AM,1572671980944
-2.044 ,8.596 ,13.028,23.555048333333335,87.29885166666666 ,29.74991569519043,84.4019146952923 ,11128.0,10:49:40 AM,1572671980945
-3.431 ,16.05 ,19.987,23.555048333333335,87.29885166666666 ,29.74991569519043,84.4019146952923 ,11128.0,10:49:40 AM,1572671980949
-2.656 ,12.496 ,20.837,23.555048333333335,87.29885166666666 ,29.74991569519043,84.4019146952923 ,11128.0,10:49:40 AM,1572671980950
-2.154 ,3.051 ,8.589,23.555048333333335,87.29885166666666 ,29.74991569519043,84.4019146952923 ,11128.0,10:49:40 AM,1572671980953
-1.783 ,-4.4 ,-1.29,23.555048333333335,87.29885166666666 ,29.74991569519043,84.4019146952923 ,11128.0,10:49:40 AM,1572671980954
0.374 ,-1.603 ,2.697,23.555048333333335,87.29885166666666 ,29.74991569519043,84.4019146952923 ,11128.0,10:49:40 AM,1572671980958
-1.207 ,5.851 ,11.774,23.555048333333335,87.29885166666666 ,29.74991569519043,84.4019146952923 ,11128.0,10:49:40 AM,1572671980959
-3.252 ,11.036 ,17.624,23.555048333333335,87.29885166666666 ,29.74991569519043,84.4019146952923 ,11128.0,10:49:40 AM,1572671980964
-4.963 ,8.261 ,17.348,23.555048333333335,87.29885166666666 ,29.74991569519043,84.4019146952923 ,11128.0,10:49:40 AM,1572671980965
