x,y,z,latitude,longitude,speed,sound,light,time,timestamp
5.781 ,9.24 ,-0.083,23.552566666666667,87.29730166666668 ,48.50783500671387,87.42681733165637 ,7738.0,10:50:04 AM,1572672004408
3.797 ,7.223 ,-5.222,23.552566666666667,87.29730166666668 ,48.50783500671387,87.42681733165637 ,7738.0,10:50:04 AM,1572672004409
1.239 ,8.862 ,-6.631,23.552566666666667,87.29730166666668 ,48.50783500671387,87.42681733165637 ,7738.0,10:50:04 AM,1572672004413
-1.329 ,12.762 ,-1.5,23.552566666666667,87.29730166666668 ,48.50783500671387,87.42681733165637 ,7738.0,10:50:04 AM,1572672004414
-4.793 ,14.996 ,8.176,23.552566666666667,87.29730166666668 ,48.50783500671387,87.42681733165637 ,7738.0,10:50:04 AM,1572672004418
-6.949 ,13.502 ,10.069,23.552566666666667,87.29730166666668 ,48.50783500671387,87.42681733165637 ,7738.0,10:50:04 AM,1572672004419
-6.273 ,6.836 ,7.884,23.552566666666667,87.29730166666668 ,48.50783500671387,87.42681733165637 ,7738.0,10:50:04 AM,1572672004424
-5.516 ,1.078 ,6.634,23.552566666666667,87.29730166666668 ,48.50783500671387,87.42681733165637 ,7738.0,10:50:04 AM,1572672004425
-4.454 ,2.066 ,8.526,23.552566666666667,87.29730166666668 ,48.50783500671387,87.42681733165637 ,7738.0,10:50:04 AM,1572672004428
-0.562 ,7.488 ,17.172,23.552566666666667,87.29730166666668 ,48.50783500671387,87.42681733165637 ,7738.0,10:50:04 AM,1572672004429
-1.395 ,9.101 ,17.145,23.552566666666667,87.29730166666668 ,48.50783500671387,87.42681733165637 ,7738.0,10:50:04 AM,1572672004433
0.671 ,5.946 ,14.925,23.552566666666667,87.29730166666668 ,48.50783500671387,87.42681733165637 ,7738.0,10:50:04 AM,1572672004434
2.234 ,4.217 ,8.253,23.552566666666667,87.29730166666668 ,48.50783500671387,87.42681733165637 ,7738.0,10:50:04 AM,1572672004438
3.306 ,5.911 ,8.179,23.552566666666667,87.29730166666668 ,48.50783500671387,87.42681733165637 ,7738.0,10:50:04 AM,1572672004439
4.032 ,9.109 ,14.836,23.552566666666667,87.29730166666668 ,48.50783500671387,87.42681733165637 ,7738.0,10:50:04 AM,1572672004444
3.094 ,9.949 ,19.118,23.552566666666667,87.29730166666668 ,48.50783500671387,87.42681733165637 ,7738.0,10:50:04 AM,1572672004444
1.914 ,7.434 ,12.971,23.552566666666667,87.29730166666668 ,48.50783500671387,87.42681733165637 ,7738.0,10:50:04 AM,1572672004448
1.839 ,1.675 ,6.287,23.552566666666667,87.29730166666668 ,48.50783500671387,87.42681733165637 ,7738.0,10:50:04 AM,1572672004449
-1.721 ,-1.895 ,2.715,23.552566666666667,87.29730166666668 ,48.50783500671387,87.42681733165637 ,7738.0,10:50:04 AM,1572672004453
-2.816 ,0.92 ,9.343,23.552566666666667,87.29730166666668 ,48.50783500671387,87.42681733165637 ,7738.0,10:50:04 AM,1572672004454
-5.923 ,6.226 ,14.083,23.552566666666667,87.29730166666668 ,48.50783500671387,87.42681733165637 ,7738.0,10:50:04 AM,1572672004458
-8.571 ,6.183 ,11.823,23.552566666666667,87.29730166666668 ,48.50783500671387,87.42681733165637 ,7738.0,10:50:04 AM,1572672004459
-6.551 ,0.609 ,4.665,23.552566666666667,87.29730166666668 ,48.50783500671387,87.42681733165637 ,7738.0,10:50:04 AM,1572672004464
-4.712 ,-3.338 ,-4.234,23.552566666666667,87.29730166666668 ,48.50783500671387,87.42681733165637 ,7738.0,10:50:04 AM,1572672004464
-1.095 ,-0.352 ,-4.381,23.552566666666667,87.29730166666668 ,48.50783500671387,87.42681733165637 ,7738.0,10:50:04 AM,1572672004468
2.382 ,7.383 ,2.042,23.552566666666667,87.29730166666668 ,48.50783500671387,87.42681733165637 ,7738.0,10:50:04 AM,1572672004469
0.841 ,13.434 ,2.702,23.552566666666667,87.29730166666668 ,48.50783500671387,87.42681733165637 ,7738.0,10:50:04 AM,1572672004473
1.778 ,12.647 ,4.24,23.552566666666667,87.29730166666668 ,48.50783500671387,87.42681733165637 ,7738.0,10:50:04 AM,1572672004474
0.038 ,8.221 ,1.719,23.552566666666667,87.29730166666668 ,48.50783500671387,87.42681733165637 ,7738.0,10:50:04 AM,1572672004478
-2.258 ,7.343 ,1.908,23.552566666666667,87.29730166666668 ,48.50783500671387,87.42681733165637 ,7738.0,10:50:04 AM,1572672004479
-0.301 ,10.441 ,8.502,23.552566666666667,87.29730166666668 ,48.50783500671387,87.42681733165637 ,7738.0,10:50:04 AM,1572672004484
-0.561 ,12.475 ,10.367,23.552566666666667,87.29730166666668 ,48.50783500671387,87.42681733165637 ,7738.0,10:50:04 AM,1572672004485
0.032 ,10.621 ,8.522,23.552566666666667,87.29730166666668 ,48.50783500671387,87.42681733165637 ,7738.0,10:50:04 AM,1572672004488
2.357 ,7.17 ,6.44,23.552566666666667,87.29730166666668 ,48.50783500671387,87.42681733165637 ,7738.0,10:50:04 AM,1572672004489
1.205 ,5.666 ,4.423,23.552566666666667,87.29730166666668 ,48.50783500671387,87.42681733165637 ,7738.0,10:50:04 AM,1572672004493
1.141 ,7.902 ,7.344,23.552566666666667,87.29730166666668 ,48.50783500671387,87.42681733165637 ,7738.0,10:50:04 AM,1572672004494
-0.579 ,10.181 ,8.185,23.552566666666667,87.29730166666668 ,48.50783500671387,87.42681733165637 ,7738.0,10:50:04 AM,1572672004498
-2.713 ,9.395 ,7.25,23.552566666666667,87.29730166666668 ,48.50783500671387,87.42681733165637 ,7738.0,10:50:04 AM,1572672004499
-1.935 ,6.027 ,4.532,23.552566666666667,87.29730166666668 ,48.50783500671387,87.42681733165637 ,7738.0,10:50:04 AM,1572672004504
-2.383 ,3.673 ,-0.327,23.552566666666667,87.29730166666668 ,48.50783500671387,87.42681733165637 ,7738.0,10:50:04 AM,1572672004504
-0.295 ,5.267 ,3.233,23.552566666666667,87.29730166666668 ,48.50783500671387,87.42681733165637 ,7738.0,10:50:04 AM,1572672004508
1.12 ,9.109 ,9.795,23.552566666666667,87.29730166666668 ,48.50783500671387,87.42681733165637 ,7738.0,10:50:04 AM,1572672004509
0.237 ,11.189 ,13.318,23.552566666666667,87.29730166666668 ,48.50783500671387,87.42681733165637 ,7738.0,10:50:04 AM,1572672004513
-0.002 ,8.953 ,11.377,23.552566666666667,87.29730166666668 ,48.50783500671387,87.42681733165637 ,7738.0,10:50:04 AM,1572672004514
0.378 ,4.531 ,5.725,23.552566666666667,87.29730166666668 ,48.50783500671387,87.42681733165637 ,7738.0,10:50:04 AM,1572672004520
1.193 ,2.395 ,3.398,23.552566666666667,87.29730166666668 ,48.50783500671387,87.42681733165637 ,7738.0,10:50:04 AM,1572672004521
0.453 ,5.438 ,5.54,23.552566666666667,87.29730166666668 ,48.50783500671387,87.42681733165637 ,7738.0,10:50:04 AM,1572672004523
0.176 ,9.767 ,13.087,23.552566666666667,87.29730166666668 ,48.50783500671387,87.42681733165637 ,7738.0,10:50:04 AM,1572672004524
-1.116 ,8.334 ,16.28,23.552566666666667,87.29730166666668 ,48.50783500671387,87.42681733165637 ,7738.0,10:50:04 AM,1572672004528
-2.432 ,3.189 ,7.502,23.552566666666667,87.29730166666668 ,48.50783500671387,87.42681733165637 ,7738.0,10:50:04 AM,1572672004529
-0.909 ,0.493 ,3.618,23.552566666666667,87.29730166666668 ,48.50783500671387,87.42681733165637 ,7738.0,10:50:04 AM,1572672004533
-0.938 ,3.937 ,8.59,23.552566666666667,87.29730166666668 ,48.50783500671387,87.42681733165637 ,7738.0,10:50:04 AM,1572672004533
0.25 ,11.572 ,21.323,23.552566666666667,87.29730166666668 ,48.50783500671387,87.42681733165637 ,7738.0,10:50:04 AM,1572672004538
-3.023 ,15.038 ,20.77,23.552566666666667,87.29730166666668 ,48.50783500671387,87.42681733165637 ,7738.0,10:50:04 AM,1572672004539
-0.959 ,8.122 ,17.15,23.552566666666667,87.29730166666668 ,48.50783500671387,87.42681733165637 ,7738.0,10:50:04 AM,1572672004544
-1.673 ,-1.37 ,5.37,23.552566666666667,87.29730166666668 ,48.50783500671387,87.42681733165637 ,7738.0,10:50:04 AM,1572672004545
-1.735 ,-3.233 ,6.07,23.552566666666667,87.29730166666668 ,48.50783500671387,87.42681733165637 ,7738.0,10:50:04 AM,1572672004548
-0.896 ,4.983 ,15.244,23.552566666666667,87.29730166666668 ,48.50783500671387,87.42681733165637 ,7738.0,10:50:04 AM,1572672004549
-0.919 ,12.593 ,24.478,23.552566666666667,87.29730166666668 ,48.50783500671387,87.42681733165637 ,7738.0,10:50:04 AM,1572672004553
-2.452 ,10.874 ,17.454,23.552566666666667,87.29730166666668 ,48.50783500671387,87.42681733165637 ,7738.0,10:50:04 AM,1572672004553
-0.618 ,3.945 ,5.107,23.552566666666667,87.29730166666668 ,48.50783500671387,87.42681733165637 ,7738.0,10:50:04 AM,1572672004558
-0.737 ,1.29 ,-2.042,23.552566666666667,87.29730166666668 ,48.50783500671387,87.42681733165637 ,7738.0,10:50:04 AM,1572672004559
-0.847 ,7.1 ,-0.955,23.552566666666667,87.29730166666668 ,48.50783500671387,87.42681733165637 ,7738.0,10:50:04 AM,1572672004563
-0.247 ,14.716 ,4.981,23.552566666666667,87.29730166666668 ,48.50783500671387,87.42681733165637 ,7738.0,10:50:04 AM,1572672004564
-1.935 ,15.665 ,5.939,23.552566666666667,87.29730166666668 ,48.50783500671387,87.42681733165637 ,7738.0,10:50:04 AM,1572672004568
-1.931 ,11.092 ,2.071,23.552566666666667,87.29730166666668 ,48.50783500671387,87.42681733165637 ,7738.0,10:50:04 AM,1572672004569
-1.486 ,6.622 ,-1.357,23.552566666666667,87.29730166666668 ,48.50783500671387,87.42681733165637 ,7738.0,10:50:04 AM,1572672004573
-1.796 ,7.11 ,-1.493,23.552566666666667,87.29730166666668 ,48.50783500671387,87.42681733165637 ,7738.0,10:50:04 AM,1572672004573
-1.657 ,10.49 ,2.768,23.552566666666667,87.29730166666668 ,48.50783500671387,87.42681733165637 ,7738.0,10:50:04 AM,1572672004578
-1.551 ,11.691 ,6.479,23.552566666666667,87.29730166666668 ,48.50783500671387,87.42681733165637 ,7738.0,10:50:04 AM,1572672004578
-2.954 ,8.916 ,2.515,23.552566666666667,87.29730166666668 ,48.50783500671387,87.42681733165637 ,7738.0,10:50:04 AM,1572672004583
-1.754 ,5.132 ,0.216,23.552566666666667,87.29730166666668 ,48.50783500671387,87.42681733165637 ,7738.0,10:50:04 AM,1572672004584
-1.435 ,3.781 ,-0.163,23.552566666666667,87.29730166666668 ,48.50783500671387,87.42681733165637 ,7738.0,10:50:04 AM,1572672004588
-0.799 ,7.195 ,3.797,23.552566666666667,87.29730166666668 ,48.50783500671387,87.42681733165637 ,7738.0,10:50:04 AM,1572672004589
1.087 ,11.464 ,11.413,23.552566666666667,87.29730166666668 ,48.50783500671387,87.42681733165637 ,7738.0,10:50:04 AM,1572672004593
0.764 ,10.938 ,14.198,23.552566666666667,87.29730166666668 ,48.50783500671387,87.42681733165637 ,7738.0,10:50:04 AM,1572672004593
1.554 ,7.046 ,9.305,23.552566666666667,87.29730166666668 ,48.50783500671387,87.42681733165637 ,7176.0,10:50:04 AM,1572672004598
2.236 ,2.989 ,5.145,23.552566666666667,87.29730166666668 ,48.50783500671387,87.42681733165637 ,7176.0,10:50:04 AM,1572672004598
2.54 ,2.949 ,4.366,23.552566666666667,87.29730166666668 ,48.50783500671387,87.42681733165637 ,7176.0,10:50:04 AM,1572672004603
2.392 ,6.895 ,8.47,23.552566666666667,87.29730166666668 ,48.50783500671387,87.42681733165637 ,7176.0,10:50:04 AM,1572672004604
0.797 ,9.014 ,14.217,23.552566666666667,87.29730166666668 ,48.50783500671387,87.42681733165637 ,7176.0,10:50:04 AM,1572672004608
-0.882 ,7.819 ,10.108,23.552566666666667,87.29730166666668 ,48.50783500671387,87.42681733165637 ,7176.0,10:50:04 AM,1572672004609
-1.253 ,4.768 ,5.729,23.552566666666667,87.29730166666668 ,48.50783500671387,87.42681733165637 ,7176.0,10:50:04 AM,1572672004612
-1.377 ,4.019 ,5.048,23.552566666666667,87.29730166666668 ,48.50783500671387,87.42681733165637 ,7176.0,10:50:04 AM,1572672004613
-0.713 ,9.695 ,6.443,23.552566666666667,87.29730166666668 ,48.50783500671387,87.42681733165637 ,7176.0,10:50:04 AM,1572672004617
0.13 ,14.681 ,10.094,23.552566666666667,87.29730166666668 ,48.50783500671387,87.42681733165637 ,7176.0,10:50:04 AM,1572672004618
-0.447 ,12.373 ,7.525,23.552566666666667,87.29730166666668 ,48.50783500671387,87.42681733165637 ,7176.0,10:50:04 AM,1572672004623
-1.125 ,6.125 ,-1.366,23.552566666666667,87.29730166666668 ,48.50783500671387,87.42681733165637 ,7176.0,10:50:04 AM,1572672004624
-0.055 ,3.422 ,-1.414,23.552566666666667,87.29730166666668 ,48.50783500671387,87.42681733165637 ,7176.0,10:50:04 AM,1572672004628
-0.496 ,5.847 ,3.316,23.552566666666667,87.29730166666668 ,48.50783500671387,87.42681733165637 ,7176.0,10:50:04 AM,1572672004628
-0.709 ,11.757 ,14.391,23.552566666666667,87.29730166666668 ,48.50783500671387,87.42681733165637 ,7176.0,10:50:04 AM,1572672004632
-2.014 ,12.03 ,15.628,23.552566666666667,87.29730166666668 ,48.50783500671387,87.42681733165637 ,7176.0,10:50:04 AM,1572672004633
-0.245 ,6.502 ,8.711,23.552566666666667,87.29730166666668 ,48.50783500671387,87.42681733165637 ,7176.0,10:50:04 AM,1572672004637
0.695 ,1.399 ,-0.046,23.552566666666667,87.29730166666668 ,48.50783500671387,87.42681733165637 ,7176.0,10:50:04 AM,1572672004638
0.993 ,2.491 ,-2.081,23.552566666666667,87.29730166666668 ,48.50783500671387,87.42681733165637 ,7176.0,10:50:04 AM,1572672004643
2.192 ,9.323 ,1.954,23.552566666666667,87.29730166666668 ,48.50783500671387,87.42681733165637 ,7176.0,10:50:04 AM,1572672004644
0.019 ,13.196 ,6.201,23.552566666666667,87.29730166666668 ,48.50783500671387,87.42681733165637 ,7176.0,10:50:04 AM,1572672004647
-2.453 ,10.884 ,5.602,23.552566666666667,87.29730166666668 ,48.50783500671387,87.42681733165637 ,7176.0,10:50:04 AM,1572672004648
-2.58 ,6.186 ,1.824,23.552566666666667,87.29730166666668 ,48.50783500671387,87.42681733165637 ,7176.0,10:50:04 AM,1572672004652
-2.589 ,4.838 ,1.54,23.552566666666667,87.29730166666668 ,48.50783500671387,87.42681733165637 ,7176.0,10:50:04 AM,1572672004653
