x,y,z,latitude,longitude,speed,sound,light,time,timestamp
3.884 ,10.725 ,16.204,23.556255000000004,87.29876833333334 ,46.866075897216795,88.30275545297128 ,7403.0,10:49:30 AM,1572671970247
4.933 ,13.41 ,20.127,23.556255000000004,87.29876833333334 ,46.866075897216795,88.30275545297128 ,7403.0,10:49:30 AM,1572671970248
4.42 ,14.945 ,18.37,23.556255000000004,87.29876833333334 ,46.866075897216795,88.30275545297128 ,7403.0,10:49:30 AM,1572671970252
2.79 ,12.541 ,13.929,23.556255000000004,87.29876833333334 ,46.866075897216795,88.30275545297128 ,7403.0,10:49:30 AM,1572671970253
0.936 ,7.942 ,7.405,23.556255000000004,87.29876833333334 ,46.866075897216795,88.30275545297128 ,7403.0,10:49:30 AM,1572671970257
-1.326 ,6.633 ,1.584,23.556255000000004,87.29876833333334 ,46.866075897216795,88.30275545297128 ,7403.0,10:49:30 AM,1572671970258
-1.709 ,3.536 ,1.886,23.556255000000004,87.29876833333334 ,46.866075897216795,88.30275545297128 ,7403.0,10:49:30 AM,1572671970263
-1.552 ,3.934 ,5.003,23.556255000000004,87.29876833333334 ,46.866075897216795,88.30275545297128 ,7403.0,10:49:30 AM,1572671970263
-1.657 ,5.894 ,6.541,23.556255000000004,87.29876833333334 ,46.866075897216795,88.30275545297128 ,7403.0,10:49:30 AM,1572671970268
0.452 ,7.497 ,11.831,23.556255000000004,87.29876833333334 ,46.866075897216795,88.72192163483629 ,7403.0,10:49:30 AM,1572671970270
-1.631 ,7.733 ,6.904,23.556255000000004,87.29876833333334 ,46.866075897216795,88.72192163483629 ,7403.0,10:49:30 AM,1572671970273
-1.127 ,5.427 ,4.283,23.556255000000004,87.29876833333334 ,46.866075897216795,88.72192163483629 ,7403.0,10:49:30 AM,1572671970273
-4.181 ,2.021 ,-2.147,23.556255000000004,87.29876833333334 ,46.866075897216795,88.72192163483629 ,7403.0,10:49:30 AM,1572671970277
-3.911 ,2.395 ,-6.285,23.556255000000004,87.29876833333334 ,46.866075897216795,88.72192163483629 ,7403.0,10:49:30 AM,1572671970278
-4.589 ,4.6 ,-4.489,23.556255000000004,87.29876833333334 ,46.866075897216795,88.72192163483629 ,7403.0,10:49:30 AM,1572671970283
-1.918 ,8.272 ,3.728,23.556255000000004,87.29876833333334 ,46.866075897216795,88.72192163483629 ,7403.0,10:49:30 AM,1572671970284
-1.812 ,11.212 ,10.967,23.556255000000004,87.29876833333334 ,46.866075897216795,88.72192163483629 ,7403.0,10:49:30 AM,1572671970287
-0.16 ,11.11 ,12.049,23.556255000000004,87.29876833333334 ,46.866075897216795,88.72192163483629 ,7403.0,10:49:30 AM,1572671970288
2.827 ,7.324 ,14.654,23.556255000000004,87.29876833333334 ,46.866075897216795,88.72192163483629 ,7403.0,10:49:30 AM,1572671970292
1.918 ,3.526 ,12.894,23.556255000000004,87.29876833333334 ,46.866075897216795,88.72192163483629 ,7403.0,10:49:30 AM,1572671970293
3.297 ,4.79 ,15.174,23.556255000000004,87.29876833333334 ,46.866075897216795,88.72192163483629 ,7403.0,10:49:30 AM,1572671970297
1.837 ,7.439 ,17.546,23.556255000000004,87.29876833333334 ,46.866075897216795,88.72192163483629 ,7403.0,10:49:30 AM,1572671970298
0.007 ,10.685 ,18.945,23.556255000000004,87.29876833333334 ,46.866075897216795,88.72192163483629 ,7403.0,10:49:30 AM,1572671970303
-2.455 ,10.111 ,13.927,23.556255000000004,87.29876833333334 ,46.866075897216795,88.72192163483629 ,7403.0,10:49:30 AM,1572671970304
-0.616 ,8.037 ,12.584,23.556255000000004,87.29876833333334 ,46.866075897216795,88.72192163483629 ,7403.0,10:49:30 AM,1572671970307
-3.227 ,7.409 ,4.586,23.556255000000004,87.29876833333334 ,46.866075897216795,88.72192163483629 ,7403.0,10:49:30 AM,1572671970308
1.721 ,10.728 ,6.638,23.556255000000004,87.29876833333334 ,46.866075897216795,88.72192163483629 ,7403.0,10:49:30 AM,1572671970312
0.833 ,12.908 ,3.583,23.556255000000004,87.29876833333334 ,46.866075897216795,88.72192163483629 ,7403.0,10:49:30 AM,1572671970312
3.183 ,13.115 ,6.703,23.556255000000004,87.29876833333334 ,46.866075897216795,88.72192163483629 ,7403.0,10:49:30 AM,1572671970317
0.754 ,11.758 ,3.77,23.556255000000004,87.29876833333334 ,46.866075897216795,88.72192163483629 ,7403.0,10:49:30 AM,1572671970318
0.427 ,9.367 ,-0.768,23.556255000000004,87.29876833333334 ,46.866075897216795,88.72192163483629 ,7403.0,10:49:30 AM,1572671970323
-0.09 ,8.175 ,-2.192,23.556255000000004,87.29876833333334 ,46.866075897216795,88.72192163483629 ,7403.0,10:49:30 AM,1572671970324
-1.892 ,7.831 ,0.805,23.556255000000004,87.29876833333334 ,46.866075897216795,88.72192163483629 ,7403.0,10:49:30 AM,1572671970327
-3.354 ,11.539 ,4.926,23.556255000000004,87.29876833333334 ,46.866075897216795,88.72192163483629 ,7403.0,10:49:30 AM,1572671970328
-3.66 ,11.889 ,8.173,23.556255000000004,87.29876833333334 ,46.866075897216795,88.72192163483629 ,7403.0,10:49:30 AM,1572671970332
-2.775 ,8.99 ,8.322,23.556255000000004,87.29876833333334 ,46.866075897216795,88.72192163483629 ,7403.0,10:49:30 AM,1572671970333
-2.259 ,3.884 ,8.106,23.556255000000004,87.29876833333334 ,46.866075897216795,88.72192163483629 ,7403.0,10:49:30 AM,1572671970337
0.209 ,4.054 ,9.558,23.556255000000004,87.29876833333334 ,46.866075897216795,88.72192163483629 ,7403.0,10:49:30 AM,1572671970338
1.477 ,5.851 ,11.757,23.556255000000004,87.29876833333334 ,46.866075897216795,88.72192163483629 ,7403.0,10:49:30 AM,1572671970342
3.74 ,6.572 ,10.098,23.556255000000004,87.29876833333334 ,46.866075897216795,88.72192163483629 ,7403.0,10:49:30 AM,1572671970343
4.149 ,4.295 ,3.037,23.556255000000004,87.29876833333334 ,46.866075897216795,88.72192163483629 ,7403.0,10:49:30 AM,1572671970347
5.854 ,1.423 ,-2.373,23.556255000000004,87.29876833333334 ,46.866075897216795,88.72192163483629 ,7403.0,10:49:30 AM,1572671970348
2.752 ,-0.647 ,-4.152,23.556255000000004,87.29876833333334 ,46.866075897216795,88.72192163483629 ,7403.0,10:49:30 AM,1572671970352
0.676 ,2.232 ,-2.792,23.556255000000004,87.29876833333334 ,46.866075897216795,88.72192163483629 ,7403.0,10:49:30 AM,1572671970353
-1.655 ,5.995 ,4.827,23.556255000000004,87.29876833333334 ,46.866075897216795,88.72192163483629 ,7403.0,10:49:30 AM,1572671970357
-6.579 ,7.461 ,6.671,23.556255000000004,87.29876833333334 ,46.866075897216795,88.72192163483629 ,7403.0,10:49:30 AM,1572671970358
-8.049 ,8.502 ,13.379,23.556255000000004,87.29876833333334 ,46.866075897216795,88.72192163483629 ,7403.0,10:49:30 AM,1572671970362
-8.941 ,8.64 ,12.718,23.556255000000004,87.29876833333334 ,46.866075897216795,88.72192163483629 ,7403.0,10:49:30 AM,1572671970363
-6.611 ,12.147 ,7.013,23.556255000000004,87.29876833333334 ,46.866075897216795,88.72192163483629 ,7403.0,10:49:30 AM,1572671970368
-3.495 ,10.588 ,3.252,23.556255000000004,87.29876833333334 ,46.866075897216795,88.72192163483629 ,7403.0,10:49:30 AM,1572671970369
0.505 ,11.242 ,-1.018,23.556255000000004,87.29876833333334 ,46.866075897216795,88.72192163483629 ,7403.0,10:49:30 AM,1572671970372
3.248 ,13.066 ,-6.04,23.556255000000004,87.29876833333334 ,46.866075897216795,88.72192163483629 ,7403.0,10:49:30 AM,1572671970373
5.024 ,14.478 ,-6.914,23.556255000000004,87.29876833333334 ,46.866075897216795,88.72192163483629 ,7403.0,10:49:30 AM,1572671970376
3.665 ,13.872 ,-4.342,23.556255000000004,87.29876833333334 ,46.866075897216795,88.72192163483629 ,7403.0,10:49:30 AM,1572671970377
1.8 ,14.431 ,-1.237,23.556255000000004,87.29876833333334 ,46.866075897216795,88.72192163483629 ,7403.0,10:49:30 AM,1572671970382
-0.344 ,13.794 ,4.398,23.556255000000004,87.29876833333334 ,46.866075897216795,88.72192163483629 ,7403.0,10:49:30 AM,1572671970383
-2.823 ,12.077 ,6.082,23.556255000000004,87.29876833333334 ,46.866075897216795,88.72192163483629 ,7403.0,10:49:30 AM,1572671970387
-2.895 ,10.21 ,8.344,23.556255000000004,87.29876833333334 ,46.866075897216795,88.72192163483629 ,7403.0,10:49:30 AM,1572671970388
-2.134 ,9.034 ,5.241,23.556255000000004,87.29876833333334 ,46.866075897216795,88.72192163483629 ,7403.0,10:49:30 AM,1572671970392
-1.593 ,7.433 ,4.772,23.556255000000004,87.29876833333334 ,46.866075897216795,88.72192163483629 ,7403.0,10:49:30 AM,1572671970393
-1.273 ,7.519 ,-0.575,23.556255000000004,87.29876833333334 ,46.866075897216795,88.72192163483629 ,8664.0,10:49:30 AM,1572671970397
-0.819 ,7.94 ,0.519,23.556255000000004,87.29876833333334 ,46.866075897216795,88.72192163483629 ,8664.0,10:49:30 AM,1572671970397
-2.156 ,8.13 ,1.967,23.556255000000004,87.29876833333334 ,46.866075897216795,88.72192163483629 ,8664.0,10:49:30 AM,1572671970403
-2.619 ,9.753 ,7.86,23.556255000000004,87.29876833333334 ,46.866075897216795,88.72192163483629 ,8664.0,10:49:30 AM,1572671970404
-4.862 ,9.622 ,9.877,23.556255000000004,87.29876833333334 ,46.866075897216795,88.72192163483629 ,8664.0,10:49:30 AM,1572671970407
-1.43 ,8.166 ,12.78,23.556255000000004,87.29876833333334 ,46.866075897216795,88.72192163483629 ,8664.0,10:49:30 AM,1572671970408
-2.261 ,4.152 ,7.203,23.556255000000004,87.29876833333334 ,46.866075897216795,88.72192163483629 ,8664.0,10:49:30 AM,1572671970412
1.57 ,2.649 ,7.306,23.556255000000004,87.29876833333334 ,46.866075897216795,88.72192163483629 ,8664.0,10:49:30 AM,1572671970413
0.631 ,4.607 ,7.256,23.556255000000004,87.29876833333334 ,46.866075897216795,88.72192163483629 ,8664.0,10:49:30 AM,1572671970417
1.866 ,8.666 ,10.213,23.556255000000004,87.29876833333334 ,46.866075897216795,88.72192163483629 ,8664.0,10:49:30 AM,1572671970418
-0.801 ,9.002 ,9.964,23.556255000000004,87.29876833333334 ,46.866075897216795,88.72192163483629 ,8664.0,10:49:30 AM,1572671970422
-2.481 ,6.647 ,6.437,23.556255000000004,87.29876833333334 ,46.866075897216795,88.72192163483629 ,8664.0,10:49:30 AM,1572671970423
-4.886 ,4.282 ,5.047,23.556255000000004,87.29876833333334 ,46.866075897216795,88.72192163483629 ,8664.0,10:49:30 AM,1572671970427
-5.607 ,4.741 ,2.266,23.556255000000004,87.29876833333334 ,46.866075897216795,88.72192163483629 ,8664.0,10:49:30 AM,1572671970428
-3.744 ,7.996 ,6.272,23.556255000000004,87.29876833333334 ,46.866075897216795,88.72192163483629 ,8664.0,10:49:30 AM,1572671970432
-1.14 ,9.768 ,8.515,23.556255000000004,87.29876833333334 ,46.866075897216795,88.72192163483629 ,8664.0,10:49:30 AM,1572671970433
1.124 ,11.066 ,11.648,23.556255000000004,87.29876833333334 ,46.866075897216795,88.72192163483629 ,8664.0,10:49:30 AM,1572671970438
2.878 ,10.192 ,7.39,23.556255000000004,87.29876833333334 ,46.866075897216795,88.72192163483629 ,8664.0,10:49:30 AM,1572671970439
5.253 ,10.65 ,4.736,23.556255000000004,87.29876833333334 ,46.866075897216795,88.72192163483629 ,8664.0,10:49:30 AM,1572671970442
3.007 ,8.663 ,1.836,23.556255000000004,87.29876833333334 ,46.866075897216795,88.72192163483629 ,8664.0,10:49:30 AM,1572671970443
3.27 ,10.285 ,3.851,23.556255000000004,87.29876833333334 ,46.866075897216795,88.72192163483629 ,8664.0,10:49:30 AM,1572671970447
1.293 ,11.733 ,2.887,23.556255000000004,87.29876833333334 ,46.866075897216795,88.72192163483629 ,8664.0,10:49:30 AM,1572671970447
3.464 ,10.866 ,5.121,23.556255000000004,87.29876833333334 ,46.866075897216795,88.72192163483629 ,8664.0,10:49:30 AM,1572671970451
1.725 ,8.461 ,-2.628,23.556255000000004,87.29876833333334 ,46.866075897216795,88.72192163483629 ,8664.0,10:49:30 AM,1572671970452
5.219 ,8.043 ,-3.326,23.556255000000004,87.29876833333334 ,46.866075897216795,88.72192163483629 ,8664.0,10:49:30 AM,1572671970456
4.378 ,8.054 ,-2.959,23.556255000000004,87.29876833333334 ,46.866075897216795,88.72192163483629 ,8664.0,10:49:30 AM,1572671970457
1.778 ,10.485 ,-7.769,23.556255000000004,87.29876833333334 ,46.866075897216795,88.72192163483629 ,8664.0,10:49:30 AM,1572671970462
-0.54 ,11.206 ,-7.139,23.556255000000004,87.29876833333334 ,46.866075897216795,88.72192163483629 ,8664.0,10:49:30 AM,1572671970463
-3.713 ,9.663 ,-7.448,23.556255000000004,87.29876833333334 ,46.866075897216795,88.72192163483629 ,8664.0,10:49:30 AM,1572671970467
-7.53 ,9.684 ,-4.524,23.556255000000004,87.29876833333334 ,46.866075897216795,88.72192163483629 ,8664.0,10:49:30 AM,1572671970467
-8.293 ,10.261 ,-2.981,23.556255000000004,87.29876833333334 ,46.866075897216795,88.72192163483629 ,8664.0,10:49:30 AM,1572671970471
-6.92 ,11.42 ,-2.016,23.556255000000004,87.29876833333334 ,46.866075897216795,88.72192163483629 ,8664.0,10:49:30 AM,1572671970472
-4.606 ,8.444 ,-1.23,23.556255000000004,87.29876833333334 ,46.866075897216795,88.72192163483629 ,8664.0,10:49:30 AM,1572671970476
-0.981 ,7.921 ,1.576,23.556255000000004,87.29876833333334 ,46.866075897216795,88.72192163483629 ,8664.0,10:49:30 AM,1572671970477
-0.045 ,7.937 ,1.628,23.556255000000004,87.29876833333334 ,46.866075897216795,88.72192163483629 ,8664.0,10:49:30 AM,1572671970482
3.031 ,8.631 ,7.055,23.556255000000004,87.29876833333334 ,46.866075897216795,88.72192163483629 ,8664.0,10:49:30 AM,1572671970483
-0.947 ,10.028 ,7.166,23.556255000000004,87.29876833333334 ,46.866075897216795,88.72192163483629 ,8664.0,10:49:30 AM,1572671970487
-0.242 ,10.539 ,12.943,23.556255000000004,87.29876833333334 ,46.866075897216795,88.72192163483629 ,8664.0,10:49:30 AM,1572671970487
-2.337 ,9.9 ,14.861,23.556255000000004,87.29876833333334 ,46.866075897216795,88.72192163483629 ,8664.0,10:49:30 AM,1572671970492
-4.845 ,7.002 ,13.463,23.556255000000004,87.29876833333334 ,46.866075897216795,88.72192163483629 ,8664.0,10:49:30 AM,1572671970493
