x,y,z,latitude,longitude,speed,sound,light,time,timestamp
-3.828 ,11.633 ,-10.236,23.570901666666668,87.302585 ,45.27620315551758,88.50049635806687 ,10472.0,10:46:31 AM,1572671791233
-5.658 ,13.33 ,-3.913,23.570901666666668,87.302585 ,45.27620315551758,88.50049635806687 ,10472.0,10:46:31 AM,1572671791234
-5.457 ,13.358 ,1.063,23.570901666666668,87.302585 ,45.27620315551758,88.50049635806687 ,10472.0,10:46:31 AM,1572671791237
-0.892 ,11.277 ,9.358,23.570901666666668,87.302585 ,45.27620315551758,88.50049635806687 ,10472.0,10:46:31 AM,1572671791238
-1.789 ,9.113 ,2.191,23.570901666666668,87.302585 ,45.27620315551758,88.50049635806687 ,10472.0,10:46:31 AM,1572671791243
6.16 ,8.071 ,4.839,23.570901666666668,87.302585 ,45.27620315551758,88.50049635806687 ,10472.0,10:46:31 AM,1572671791243
2.952 ,7.076 ,-0.598,23.570901666666668,87.302585 ,45.27620315551758,88.50049635806687 ,10472.0,10:46:31 AM,1572671791247
3.444 ,6.578 ,-1.286,23.570901666666668,87.302585 ,45.27620315551758,88.50049635806687 ,10472.0,10:46:31 AM,1572671791248
0.961 ,6.065 ,-2.615,23.570901666666668,87.302585 ,45.27620315551758,88.50049635806687 ,10472.0,10:46:31 AM,1572671791252
-4.401 ,6.918 ,-1.746,23.570901666666668,87.302585 ,45.27620315551758,88.50049635806687 ,10472.0,10:46:31 AM,1572671791253
-2.609 ,10.067 ,7.952,23.570901666666668,87.302585 ,45.27620315551758,88.50049635806687 ,10472.0,10:46:31 AM,1572671791257
-5.899 ,10.788 ,12.279,23.570901666666668,87.302585 ,45.27620315551758,88.50049635806687 ,10472.0,10:46:31 AM,1572671791258
-2.529 ,7.994 ,16.459,23.570901666666668,87.302585 ,45.27620315551758,88.50049635806687 ,10472.0,10:46:31 AM,1572671791263
1.527 ,3.61 ,15.514,23.570901666666668,87.302585 ,45.27620315551758,88.50049635806687 ,10472.0,10:46:31 AM,1572671791264
1.873 ,2.166 ,9.901,23.570901666666668,87.302585 ,45.27620315551758,88.50049635806687 ,10472.0,10:46:31 AM,1572671791267
6.703 ,4.103 ,16.984,23.570901666666668,87.302585 ,45.27620315551758,88.50049635806687 ,10472.0,10:46:31 AM,1572671791268
3.433 ,8.275 ,17.308,23.570901666666668,87.302585 ,45.27620315551758,88.50049635806687 ,10472.0,10:46:31 AM,1572671791272
2.363 ,11.336 ,16.976,23.570901666666668,87.302585 ,45.27620315551758,88.50049635806687 ,10472.0,10:46:31 AM,1572671791273
-2.444 ,10.638 ,9.209,23.570901666666668,87.302585 ,45.27620315551758,88.50049635806687 ,10472.0,10:46:31 AM,1572671791277
-4.771 ,9.31 ,3.297,23.570901666666668,87.302585 ,45.27620315551758,88.50049635806687 ,10472.0,10:46:31 AM,1572671791278
-4.769 ,10.791 ,1.938,23.570901666666668,87.302585 ,45.27620315551758,88.50049635806687 ,10472.0,10:46:31 AM,1572671791283
-3.655 ,11.104 ,3.7,23.570901666666668,87.302585 ,45.27620315551758,88.50049635806687 ,10472.0,10:46:31 AM,1572671791284
-2.957 ,9.16 ,1.791,23.570901666666668,87.302585 ,45.27620315551758,88.50049635806687 ,10472.0,10:46:31 AM,1572671791287
0.996 ,4.565 ,6.531,23.570901666666668,87.302585 ,45.27620315551758,88.50049635806687 ,10472.0,10:46:31 AM,1572671791288
3.946 ,1.376 ,9.099,23.570901666666668,87.302585 ,45.27620315551758,88.50049635806687 ,10472.0,10:46:31 AM,1572671791292
2.486 ,3.161 ,9.196,23.570901666666668,87.302585 ,45.27620315551758,88.50049635806687 ,10472.0,10:46:31 AM,1572671791293
3.299 ,5.736 ,11.449,23.570901666666668,87.302585 ,45.27620315551758,88.50049635806687 ,10472.0,10:46:31 AM,1572671791297
2.405 ,4.649 ,6.905,23.570901666666668,87.302585 ,45.27620315551758,88.50049635806687 ,10472.0,10:46:31 AM,1572671791298
-5.682 ,2.596 ,-4.363,23.570901666666668,87.302585 ,45.27620315551758,88.50049635806687 ,10472.0,10:46:31 AM,1572671791303
-3.453 ,4.218 ,2.285,23.570901666666668,87.302585 ,45.27620315551758,88.50049635806687 ,10472.0,10:46:31 AM,1572671791304
-5.996 ,7.113 ,9.607,23.570901666666668,87.302585 ,45.27620315551758,88.50049635806687 ,10472.0,10:46:31 AM,1572671791307
-6.408 ,10.557 ,15.042,23.570901666666668,87.302585 ,45.27620315551758,88.50049635806687 ,10472.0,10:46:31 AM,1572671791308
-1.46 ,8.463 ,19.115,23.570901666666668,87.302585 ,45.27620315551758,88.50049635806687 ,10472.0,10:46:31 AM,1572671791312
-0.587 ,4.781 ,12.885,23.570901666666668,87.302585 ,45.27620315551758,88.50049635806687 ,10472.0,10:46:31 AM,1572671791313
6.048 ,4.884 ,15.541,23.570901666666668,87.302585 ,45.27620315551758,88.50049635806687 ,10472.0,10:46:31 AM,1572671791317
3.431 ,7.721 ,10.901,23.570901666666668,87.302585 ,45.27620315551758,88.50049635806687 ,10472.0,10:46:31 AM,1572671791318
4.341 ,11.029 ,10.278,23.570901666666668,87.302585 ,45.27620315551758,88.50049635806687 ,10472.0,10:46:31 AM,1572671791323
3.062 ,10.17 ,3.801,23.570901666666668,87.302585 ,45.27620315551758,88.50049635806687 ,10472.0,10:46:31 AM,1572671791324
-3.577 ,8.33 ,-8.046,23.570901666666668,87.302585 ,45.27620315551758,88.50049635806687 ,10472.0,10:46:31 AM,1572671791327
-1.095 ,11.147 ,-3.737,23.570901666666668,87.302585 ,45.27620315551758,88.50049635806687 ,10472.0,10:46:31 AM,1572671791328
-5.219 ,14.249 ,-2.55,23.570901666666668,87.302585 ,45.27620315551758,88.50049635806687 ,10472.0,10:46:31 AM,1572671791332
-4.759 ,14.614 ,1.001,23.570901666666668,87.302585 ,45.27620315551758,88.50049635806687 ,10472.0,10:46:31 AM,1572671791333
-2.329 ,11.072 ,0.99,23.570901666666668,87.302585 ,45.27620315551758,88.50049635806687 ,10472.0,10:46:31 AM,1572671791337
-1.557 ,7.031 ,1.163,23.570901666666668,87.302585 ,45.27620315551758,88.50049635806687 ,10472.0,10:46:31 AM,1572671791338
2.624 ,7.315 ,10.298,23.570901666666668,87.302585 ,45.27620315551758,88.50049635806687 ,10472.0,10:46:31 AM,1572671791343
-0.184 ,8.812 ,9.421,23.570901666666668,87.302585 ,45.27620315551758,88.50049635806687 ,10472.0,10:46:31 AM,1572671791344
2.352 ,8.079 ,12.358,23.570901666666668,87.302585 ,45.27620315551758,88.50049635806687 ,10472.0,10:46:31 AM,1572671791347
0.609 ,5.373 ,7.845,23.570901666666668,87.302585 ,45.27620315551758,88.50049635806687 ,10472.0,10:46:31 AM,1572671791348
-0.805 ,6.174 ,2.833,23.570901666666668,87.302585 ,45.27620315551758,88.50049635806687 ,10472.0,10:46:31 AM,1572671791352
3.255 ,9.706 ,6.345,23.570901666666668,87.302585 ,45.27620315551758,88.50049635806687 ,10472.0,10:46:31 AM,1572671791353
0.905 ,10.91 ,-1.68,23.570901666666668,87.302585 ,45.27620315551758,88.50049635806687 ,10472.0,10:46:31 AM,1572671791357
4.173 ,8.086 ,-3.087,23.570901666666668,87.302585 ,45.27620315551758,88.50049635806687 ,10472.0,10:46:31 AM,1572671791358
1.884 ,3.498 ,-10.218,23.570901666666668,87.302585 ,45.27620315551758,88.50049635806687 ,10472.0,10:46:31 AM,1572671791362
0.946 ,2.909 ,-6.512,23.570901666666668,87.302585 ,45.27620315551758,88.50049635806687 ,10472.0,10:46:31 AM,1572671791363
-0.117 ,6.063 ,6.443,23.570901666666668,87.302585 ,45.27620315551758,88.50049635806687 ,10472.0,10:46:31 AM,1572671791367
-6.1 ,8.475 ,12.269,23.570901666666668,87.302585 ,45.27620315551758,88.50049635806687 ,10472.0,10:46:31 AM,1572671791368
-4.794 ,6.724 ,19.256,23.570901666666668,87.302585 ,45.27620315551758,88.50049635806687 ,10472.0,10:46:31 AM,1572671791372
-5.362 ,3.867 ,16.316,23.570901666666668,87.302585 ,45.27620315551758,88.50049635806687 ,10472.0,10:46:31 AM,1572671791373
-2.644 ,5.412 ,12.34,23.570901666666668,87.302585 ,45.27620315551758,88.50049635806687 ,10472.0,10:46:31 AM,1572671791377
2.796 ,9.205 ,17.138,23.570901666666668,87.302585 ,45.27620315551758,88.50049635806687 ,10472.0,10:46:31 AM,1572671791378
2.758 ,12.458 ,12.892,23.570901666666668,87.302585 ,45.27620315551758,88.50049635806687 ,10472.0,10:46:31 AM,1572671791382
6.813 ,12.03 ,9.759,23.570901666666668,87.302585 ,45.27620315551758,88.50049635806687 ,10472.0,10:46:31 AM,1572671791383
3.377 ,9.671 ,1.379,23.570901666666668,87.302585 ,45.27620315551758,88.50049635806687 ,10472.0,10:46:31 AM,1572671791387
3.547 ,10.547 ,0.76,23.570901666666668,87.302585 ,45.27620315551758,88.50049635806687 ,10472.0,10:46:31 AM,1572671791388
3.282 ,11.42 ,8.847,23.570901666666668,87.302585 ,45.27620315551758,88.50049635806687 ,10472.0,10:46:31 AM,1572671791392
-3.229 ,10.759 ,5.435,23.570901666666668,87.302585 ,45.27620315551758,88.50049635806687 ,10472.0,10:46:31 AM,1572671791393
-2.501 ,7.3 ,8.877,23.570901666666668,87.302585 ,45.27620315551758,88.50049635806687 ,10127.0,10:46:31 AM,1572671791397
-3.143 ,3.56 ,11.246,23.570901666666668,87.302585 ,45.27620315551758,88.50049635806687 ,10127.0,10:46:31 AM,1572671791398
-2.7 ,4.34 ,13.14,23.570901666666668,87.302585 ,45.27620315551758,88.50049635806687 ,10127.0,10:46:31 AM,1572671791402
-2.724 ,8.369 ,13.428,23.570901666666668,87.302585 ,45.27620315551758,88.50049635806687 ,10127.0,10:46:31 AM,1572671791403
-0.598 ,9.718 ,9.537,23.570901666666668,87.302585 ,45.27620315551758,88.50049635806687 ,10127.0,10:46:31 AM,1572671791407
-1.182 ,6.006 ,-1.765,23.570901666666668,87.302585 ,45.27620315551758,88.50049635806687 ,10127.0,10:46:31 AM,1572671791408
-2.643 ,2.774 ,-8.074,23.570901666666668,87.302585 ,45.27620315551758,88.50049635806687 ,10127.0,10:46:31 AM,1572671791411
-0.296 ,3.669 ,0.699,23.570901666666668,87.302585 ,45.27620315551758,88.50049635806687 ,10127.0,10:46:31 AM,1572671791412
-2.754 ,7.301 ,8.532,23.570901666666668,87.302585 ,45.27620315551758,88.50049635806687 ,10127.0,10:46:31 AM,1572671791417
-2.738 ,9.83 ,12.87,23.570901666666668,87.302585 ,45.27620315551758,88.50049635806687 ,10127.0,10:46:31 AM,1572671791418
-1.205 ,5.704 ,14.625,23.570901666666668,87.302585 ,45.27620315551758,88.50049635806687 ,10127.0,10:46:31 AM,1572671791423
-0.842 ,2.215 ,11.21,23.570901666666668,87.302585 ,45.27620315551758,88.50049635806687 ,10127.0,10:46:31 AM,1572671791424
1.661 ,4.328 ,11.81,23.570901666666668,87.302585 ,45.27620315551758,88.50049635806687 ,10127.0,10:46:31 AM,1572671791427
-0.173 ,8.678 ,11.167,23.570901666666668,87.302585 ,45.27620315551758,88.50049635806687 ,10127.0,10:46:31 AM,1572671791428
0.352 ,12.117 ,10.596,23.570901666666668,87.302585 ,45.27620315551758,88.50049635806687 ,10127.0,10:46:31 AM,1572671791432
-1.426 ,10.224 ,3.455,23.570901666666668,87.302585 ,45.27620315551758,88.50049635806687 ,10127.0,10:46:31 AM,1572671791433
-3.309 ,7.762 ,-3.536,23.570901666666668,87.302585 ,45.27620315551758,88.50049635806687 ,10127.0,10:46:31 AM,1572671791436
-0.813 ,8.469 ,-1.063,23.570901666666668,87.302585 ,45.27620315551758,88.50049635806687 ,10127.0,10:46:31 AM,1572671791437
-2.83 ,10.015 ,-1.022,23.570901666666668,87.302585 ,45.27620315551758,88.50049635806687 ,10127.0,10:46:31 AM,1572671791442
-0.18 ,10.005 ,2.732,23.570901666666668,87.302585 ,45.27620315551758,88.50049635806687 ,10127.0,10:46:31 AM,1572671791443
0.311 ,7.205 ,3.691,23.570901666666668,87.302585 ,45.27620315551758,88.50049635806687 ,10127.0,10:46:31 AM,1572671791447
-1.419 ,5.463 ,3.47,23.570901666666668,87.302585 ,45.27620315551758,88.50049635806687 ,10127.0,10:46:31 AM,1572671791448
0.108 ,7.26 ,11.261,23.570901666666668,87.302585 ,45.27620315551758,88.50049635806687 ,10127.0,10:46:31 AM,1572671791452
-5.042 ,9.342 ,11.551,23.570901666666668,87.302585 ,45.27620315551758,88.50049635806687 ,10127.0,10:46:31 AM,1572671791453
-4.378 ,9.991 ,14.464,23.570901666666668,87.302585 ,45.27620315551758,88.50049635806687 ,10127.0,10:46:31 AM,1572671791456
-5.571 ,9.563 ,8.98,23.570901666666668,87.302585 ,45.27620315551758,88.50049635806687 ,10127.0,10:46:31 AM,1572671791457
-4.121 ,9.62 ,6.734,23.570901666666668,87.302585 ,45.27620315551758,88.50049635806687 ,10127.0,10:46:31 AM,1572671791462
1.113 ,11.334 ,5.065,23.570901666666668,87.302585 ,45.27620315551758,88.50049635806687 ,10127.0,10:46:31 AM,1572671791463
0.778 ,10.158 ,-4.636,23.570901666666668,87.302585 ,45.27620315551758,88.50049635806687 ,10127.0,10:46:31 AM,1572671791467
5.833 ,6.249 ,-6.74,23.570901666666668,87.302585 ,45.27620315551758,88.50049635806687 ,10127.0,10:46:31 AM,1572671791468
3.243 ,2.444 ,-11.704,23.570901666666668,87.302585 ,45.27620315551758,88.50049635806687 ,10127.0,10:46:31 AM,1572671791472
1.579 ,4.174 ,-4.339,23.570901666666668,87.302585 ,45.27620315551758,88.50049635806687 ,10127.0,10:46:31 AM,1572671791473
0.27 ,8.296 ,8.903,23.570901666666668,87.302585 ,45.27620315551758,88.50049635806687 ,10127.0,10:46:31 AM,1572671791477
-5.3 ,8.994 ,16.634,23.570901666666668,87.302585 ,45.27620315551758,88.50049635806687 ,10127.0,10:46:31 AM,1572671791478
