x,y,z,latitude,longitude,speed,sound,light,time,timestamp
-0.333 ,16.957 ,13.033,23.558376666666664,87.298765 ,49.57145576477051,89.78569704584494 ,7537.0,10:49:13 AM,1572671953289
-2.78 ,14.635 ,8.182,23.558376666666664,87.298765 ,49.57145576477051,89.78569704584494 ,7537.0,10:49:13 AM,1572671953292
-6.159 ,7.704 ,-0.083,23.558376666666664,87.298765 ,49.57145576477051,89.78569704584494 ,7537.0,10:49:13 AM,1572671953293
-5.826 ,3.987 ,-3.643,23.558376666666664,87.298765 ,49.57145576477051,89.78569704584494 ,7537.0,10:49:13 AM,1572671953297
-3.674 ,6.152 ,-0.842,23.558376666666664,87.298765 ,49.57145576477051,89.78569704584494 ,7537.0,10:49:13 AM,1572671953298
-1.101 ,13.3 ,1.713,23.558376666666664,87.298765 ,49.57145576477051,89.78569704584494 ,7537.0,10:49:13 AM,1572671953303
1.858 ,15.783 ,4.891,23.558376666666664,87.298765 ,49.57145576477051,89.78569704584494 ,7537.0,10:49:13 AM,1572671953303
1.76 ,15.081 ,6.853,23.558376666666664,87.298765 ,49.57145576477051,89.78569704584494 ,7537.0,10:49:13 AM,1572671953308
0.233 ,13.526 ,3.967,23.558376666666664,87.298765 ,49.57145576477051,89.78569704584494 ,7537.0,10:49:13 AM,1572671953309
-1.122 ,11.924 ,4.371,23.558376666666664,87.298765 ,49.57145576477051,89.78569704584494 ,7537.0,10:49:13 AM,1572671953312
-2.747 ,9.494 ,2.569,23.558376666666664,87.298765 ,49.57145576477051,89.78569704584494 ,7537.0,10:49:13 AM,1572671953313
-1.576 ,6.334 ,3.772,23.558376666666664,87.298765 ,49.57145576477051,89.78569704584494 ,7537.0,10:49:13 AM,1572671953317
-0.512 ,7.551 ,0.105,23.558376666666664,87.298765 ,49.57145576477051,89.78569704584494 ,7537.0,10:49:13 AM,1572671953318
1.441 ,8.632 ,1.308,23.558376666666664,87.298765 ,49.57145576477051,89.78569704584494 ,7537.0,10:49:13 AM,1572671953323
2.479 ,10.038 ,5.108,23.558376666666664,87.298765 ,49.57145576477051,89.78569704584494 ,7537.0,10:49:13 AM,1572671953324
0.639 ,11.169 ,5.436,23.558376666666664,87.298765 ,49.57145576477051,89.78569704584494 ,7537.0,10:49:13 AM,1572671953327
0.222 ,12.253 ,3.458,23.558376666666664,87.298765 ,49.57145576477051,89.78569704584494 ,7537.0,10:49:13 AM,1572671953328
-1.16 ,8.59 ,0.003,23.558376666666664,87.298765 ,49.57145576477051,89.78569704584494 ,7537.0,10:49:13 AM,1572671953332
-1.316 ,4.804 ,-2.763,23.558376666666664,87.298765 ,49.57145576477051,89.78569704584494 ,7537.0,10:49:13 AM,1572671953333
-0.986 ,4.804 ,-7.574,23.558376666666664,87.298765 ,49.57145576477051,89.78569704584494 ,7537.0,10:49:13 AM,1572671953337
0.208 ,7.567 ,-5.109,23.558376666666664,87.298765 ,49.57145576477051,89.78569704584494 ,7537.0,10:49:13 AM,1572671953338
0.668 ,11.262 ,1.212,23.558376666666664,87.298765 ,49.57145576477051,89.78569704584494 ,7537.0,10:49:13 AM,1572671953343
-1.459 ,14.194 ,9.821,23.558376666666664,87.298765 ,49.57145576477051,89.78569704584494 ,7537.0,10:49:13 AM,1572671953344
-2.617 ,15.202 ,9.925,23.558376666666664,87.298765 ,49.57145576477051,89.78569704584494 ,7537.0,10:49:13 AM,1572671953347
-3.409 ,11.298 ,9.102,23.558376666666664,87.298765 ,49.57145576477051,89.78569704584494 ,7537.0,10:49:13 AM,1572671953348
-2.239 ,3.847 ,7.903,23.558376666666664,87.298765 ,49.57145576477051,89.78569704584494 ,7537.0,10:49:13 AM,1572671953352
0.268 ,1.977 ,6.93,23.558376666666664,87.298765 ,49.57145576477051,89.78569704584494 ,7537.0,10:49:13 AM,1572671953353
3.434 ,5.77 ,10.654,23.558376666666664,87.298765 ,49.57145576477051,89.78569704584494 ,7537.0,10:49:13 AM,1572671953357
4.575 ,10.931 ,17.069,23.558376666666664,87.298765 ,49.57145576477051,89.78569704584494 ,7537.0,10:49:13 AM,1572671953358
3.066 ,13.7 ,19.846,23.558376666666664,87.298765 ,49.57145576477051,89.78569704584494 ,7537.0,10:49:13 AM,1572671953363
0.695 ,11.03 ,16.462,23.558376666666664,87.298765 ,49.57145576477051,89.78569704584494 ,7537.0,10:49:13 AM,1572671953364
-2.92 ,6.299 ,10.586,23.558376666666664,87.298765 ,49.57145576477051,89.78569704584494 ,7537.0,10:49:13 AM,1572671953367
-4.48 ,1.264 ,4.843,23.558376666666664,87.298765 ,49.57145576477051,89.78569704584494 ,7537.0,10:49:13 AM,1572671953368
-4.134 ,-0.172 ,5.657,23.558376666666664,87.298765 ,49.57145576477051,89.78569704584494 ,7537.0,10:49:13 AM,1572671953372
-1.596 ,3.634 ,8.975,23.558376666666664,87.298765 ,49.57145576477051,89.78569704584494 ,7537.0,10:49:13 AM,1572671953373
0.732 ,9.17 ,13.074,23.558376666666664,87.298765 ,49.57145576477051,89.78569704584494 ,7537.0,10:49:13 AM,1572671953377
1.768 ,11.965 ,13.437,23.558376666666664,87.298765 ,49.57145576477051,89.78569704584494 ,7537.0,10:49:13 AM,1572671953378
-0.275 ,11.332 ,6.932,23.558376666666664,87.298765 ,49.57145576477051,89.78569704584494 ,7537.0,10:49:13 AM,1572671953382
-2.598 ,8.425 ,-2.201,23.558376666666664,87.298765 ,49.57145576477051,89.78569704584494 ,7537.0,10:49:13 AM,1572671953383
-5.585 ,5.909 ,-10.941,23.558376666666664,87.298765 ,49.57145576477051,89.78569704584494 ,7537.0,10:49:13 AM,1572671953388
-4.789 ,3.938 ,-8.424,23.558376666666664,87.298765 ,49.57145576477051,89.78569704584494 ,7537.0,10:49:13 AM,1572671953389
-6.1 ,6.533 ,-6.212,23.558376666666664,87.298765 ,49.57145576477051,89.78569704584494 ,7537.0,10:49:13 AM,1572671953393
-3.379 ,14.154 ,1.15,23.558376666666664,87.298765 ,49.57145576477051,89.78569704584494 ,7537.0,10:49:13 AM,1572671953394
-1.6 ,16.285 ,4.592,23.558376666666664,87.298765 ,49.57145576477051,89.78569704584494 ,7545.0,10:49:13 AM,1572671953397
-0.595 ,15.159 ,11.319,23.558376666666664,87.298765 ,49.57145576477051,89.78569704584494 ,7545.0,10:49:13 AM,1572671953398
-1.654 ,13.496 ,9.256,23.558376666666664,87.298765 ,49.57145576477051,89.78569704584494 ,7545.0,10:49:13 AM,1572671953403
-1.066 ,12.915 ,7.96,23.558376666666664,87.298765 ,49.57145576477051,89.78569704584494 ,7545.0,10:49:13 AM,1572671953404
-1.156 ,8.051 ,5.76,23.558376666666664,87.298765 ,49.57145576477051,89.78569704584494 ,7545.0,10:49:13 AM,1572671953407
0.336 ,5.34 ,2.036,23.558376666666664,87.298765 ,49.57145576477051,89.78569704584494 ,7545.0,10:49:13 AM,1572671953407
2.156 ,6.768 ,-5.178,23.558376666666664,87.298765 ,49.57145576477051,89.78569704584494 ,7545.0,10:49:13 AM,1572671953413
5.161 ,9.549 ,0.072,23.558376666666664,87.298765 ,49.57145576477051,89.78569704584494 ,7545.0,10:49:13 AM,1572671953413
4.1 ,12.871 ,0.058,23.558376666666664,87.298765 ,49.57145576477051,89.78569704584494 ,7545.0,10:49:13 AM,1572671953417
2.498 ,13.073 ,4.303,23.558376666666664,87.298765 ,49.57145576477051,89.78569704584494 ,7545.0,10:49:13 AM,1572671953418
0.212 ,11.818 ,3.373,23.558376666666664,87.298765 ,49.57145576477051,89.78569704584494 ,7545.0,10:49:13 AM,1572671953422
-1.981 ,6.305 ,1.387,23.558376666666664,87.298765 ,49.57145576477051,89.78569704584494 ,7545.0,10:49:13 AM,1572671953423
-1.894 ,1.131 ,1.857,23.558376666666664,87.298765 ,49.57145576477051,89.78569704584494 ,7545.0,10:49:13 AM,1572671953427
-0.968 ,0.501 ,0.046,23.558376666666664,87.298765 ,49.57145576477051,89.78569704584494 ,7545.0,10:49:13 AM,1572671953428
1.531 ,4.148 ,3.294,23.558376666666664,87.298765 ,49.57145576477051,89.78569704584494 ,7545.0,10:49:13 AM,1572671953432
2.551 ,8.818 ,6.503,23.558376666666664,87.298765 ,49.57145576477051,89.78569704584494 ,7545.0,10:49:13 AM,1572671953432
1.293 ,13.466 ,11.421,23.558376666666664,87.298765 ,49.57145576477051,89.78569704584494 ,7545.0,10:49:13 AM,1572671953437
-2.762 ,13.85 ,8.778,23.558376666666664,87.298765 ,49.57145576477051,89.78569704584494 ,7545.0,10:49:13 AM,1572671953438
-5.924 ,10.06 ,5.854,23.558376666666664,87.298765 ,49.57145576477051,89.78569704584494 ,7545.0,10:49:13 AM,1572671953443
-6.282 ,1.873 ,2.582,23.558376666666664,87.298765 ,49.57145576477051,89.78569704584494 ,7545.0,10:49:13 AM,1572671953443
-6.028 ,-0.575 ,1.513,23.558376666666664,87.298765 ,49.57145576477051,89.78569704584494 ,7545.0,10:49:13 AM,1572671953447
-1.773 ,2.864 ,12.017,23.558376666666664,87.298765 ,49.57145576477051,89.78569704584494 ,7545.0,10:49:13 AM,1572671953448
2.323 ,11.036 ,22.767,23.558376666666664,87.298765 ,49.57145576477051,89.78569704584494 ,7545.0,10:49:13 AM,1572671953452
3.889 ,16.624 ,23.838,23.558376666666664,87.298765 ,49.57145576477051,89.78569704584494 ,7545.0,10:49:13 AM,1572671953453
3.797 ,12.536 ,16.229,23.558376666666664,87.298765 ,49.57145576477051,89.78569704584494 ,7545.0,10:49:13 AM,1572671953457
1.04 ,4.848 ,1.721,23.558376666666664,87.298765 ,49.57145576477051,89.78569704584494 ,7545.0,10:49:13 AM,1572671953458
-0.95 ,0.16 ,-9.29,23.558376666666664,87.298765 ,49.57145576477051,89.78569704584494 ,7545.0,10:49:13 AM,1572671953462
-0.83 ,1.653 ,-6.08,23.558376666666664,87.298765 ,49.57145576477051,89.78569704584494 ,7545.0,10:49:13 AM,1572671953463
-4.031 ,6.701 ,-1.214,23.558376666666664,87.298765 ,49.57145576477051,89.78569704584494 ,7545.0,10:49:13 AM,1572671953467
-2.231 ,12.492 ,9.201,23.558376666666664,87.298765 ,49.57145576477051,89.78569704584494 ,7545.0,10:49:13 AM,1572671953468
-1.426 ,13.401 ,6.861,23.558376666666664,87.298765 ,49.57145576477051,90.45318875958799 ,7545.0,10:49:13 AM,1572671953473
-1.761 ,10.64 ,9.604,23.558376666666664,87.298765 ,49.57145576477051,90.45318875958799 ,7545.0,10:49:13 AM,1572671953473
-2.623 ,8.968 ,8.143,23.558376666666664,87.298765 ,49.57145576477051,90.45318875958799 ,7545.0,10:49:13 AM,1572671953477
-1.836 ,11.315 ,4.468,23.558376666666664,87.298765 ,49.57145576477051,90.45318875958799 ,7545.0,10:49:13 AM,1572671953478
-1.077 ,10.424 ,-1.878,23.558376666666664,87.298765 ,49.57145576477051,90.45318875958799 ,7545.0,10:49:13 AM,1572671953482
0.2 ,8.498 ,-3.557,23.558376666666664,87.298765 ,49.57145576477051,90.45318875958799 ,7545.0,10:49:13 AM,1572671953483
0.048 ,10.12 ,-11.67,23.558376666666664,87.298765 ,49.57145576477051,90.45318875958799 ,7545.0,10:49:13 AM,1572671953487
1.478 ,11.045 ,-7.978,23.558376666666664,87.298765 ,49.57145576477051,90.45318875958799 ,7545.0,10:49:13 AM,1572671953488
-2.421 ,12.356 ,-1.722,23.558376666666664,87.298765 ,49.57145576477051,90.45318875958799 ,7545.0,10:49:13 AM,1572671953492
-3.742 ,13.519 ,12.225,23.558376666666664,87.298765 ,49.57145576477051,90.45318875958799 ,7545.0,10:49:13 AM,1572671953492
-5.129 ,15.118 ,19.677,23.558376666666664,87.298765 ,49.57145576477051,90.45318875958799 ,7545.0,10:49:13 AM,1572671953498
-4.06 ,9.767 ,18.105,23.558376666666664,87.298765 ,49.57145576477051,90.45318875958799 ,7545.0,10:49:13 AM,1572671953499
0.747 ,2.628 ,13.535,23.558376666666664,87.298765 ,49.57145576477051,90.45318875958799 ,7545.0,10:49:13 AM,1572671953502
3.379 ,-0.415 ,0.348,23.558376666666664,87.298765 ,49.57145576477051,90.45318875958799 ,7545.0,10:49:13 AM,1572671953503
7.825 ,2.364 ,-0.379,23.558376666666664,87.298765 ,49.57145576477051,90.45318875958799 ,7545.0,10:49:13 AM,1572671953507
7.337 ,5.786 ,2.418,23.558376666666664,87.298765 ,49.57145576477051,90.45318875958799 ,7545.0,10:49:13 AM,1572671953508
2.753 ,8.515 ,8.011,23.558376666666664,87.298765 ,49.57145576477051,90.45318875958799 ,7545.0,10:49:13 AM,1572671953512
-1.909 ,9.562 ,11.762,23.558376666666664,87.298765 ,49.57145576477051,90.45318875958799 ,7545.0,10:49:13 AM,1572671953513
-5.333 ,9.094 ,13.419,23.558376666666664,87.298765 ,49.57145576477051,90.45318875958799 ,7545.0,10:49:13 AM,1572671953517
-5.215 ,5.724 ,13.972,23.558376666666664,87.298765 ,49.57145576477051,90.45318875958799 ,7545.0,10:49:13 AM,1572671953518
-3.566 ,2.948 ,9.704,23.558376666666664,87.298765 ,49.57145576477051,90.45318875958799 ,7545.0,10:49:13 AM,1572671953522
1.837 ,4.31 ,3.735,23.558376666666664,87.298765 ,49.57145576477051,90.45318875958799 ,7545.0,10:49:13 AM,1572671953523
3.692 ,4.43 ,2.214,23.558376666666664,87.298765 ,49.57145576477051,90.45318875958799 ,7545.0,10:49:13 AM,1572671953527
4.272 ,5.992 ,5.44,23.558376666666664,87.298765 ,49.57145576477051,90.45318875958799 ,7545.0,10:49:13 AM,1572671953528
-0.445 ,7.774 ,5.359,23.558376666666664,87.298765 ,49.57145576477051,90.45318875958799 ,7545.0,10:49:13 AM,1572671953532
-3.497 ,11.243 ,6.449,23.558376666666664,87.298765 ,49.57145576477051,90.45318875958799 ,7545.0,10:49:13 AM,1572671953532
-6.798 ,9.645 ,3.179,23.558376666666664,87.298765 ,49.57145576477051,90.45318875958799 ,7545.0,10:49:13 AM,1572671953537
