x,y,z,latitude,longitude,speed,sound,light,time,timestamp
-0.002 ,3.559 ,-0.332,23.570358333333335,87.30258833333333 ,28.758559226989746,86.87012380168713 ,9933.0,10:46:38 AM,1572671798212
1.646 ,6.495 ,4.855,23.570358333333335,87.30258833333333 ,28.758559226989746,86.87012380168713 ,9933.0,10:46:38 AM,1572671798213
-1.32 ,9.745 ,8.193,23.570358333333335,87.30258833333333 ,28.758559226989746,86.87012380168713 ,9933.0,10:46:38 AM,1572671798216
-2.719 ,11.426 ,9.968,23.570358333333335,87.30258833333333 ,28.758559226989746,86.87012380168713 ,9933.0,10:46:38 AM,1572671798218
-4.378 ,10.047 ,11.055,23.570358333333335,87.30258833333333 ,28.758559226989746,86.87012380168713 ,9933.0,10:46:38 AM,1572671798222
-6.584 ,8.425 ,6.834,23.570358333333335,87.30258833333333 ,28.758559226989746,86.87012380168713 ,9933.0,10:46:38 AM,1572671798223
-2.295 ,8.545 ,5.904,23.570358333333335,87.30258833333333 ,28.758559226989746,86.87012380168713 ,9933.0,10:46:38 AM,1572671798227
-1.384 ,7.764 ,4.324,23.570358333333335,87.30258833333333 ,28.758559226989746,86.87012380168713 ,9933.0,10:46:38 AM,1572671798228
2.283 ,8.413 ,1.599,23.570358333333335,87.30258833333333 ,28.758559226989746,86.87012380168713 ,9933.0,10:46:38 AM,1572671798231
3.865 ,8.299 ,-1.533,23.570358333333335,87.30258833333333 ,28.758559226989746,86.87012380168713 ,9933.0,10:46:38 AM,1572671798232
2.745 ,6.278 ,-4.896,23.570358333333335,87.30258833333333 ,28.758559226989746,86.87012380168713 ,9933.0,10:46:38 AM,1572671798236
2.802 ,5.948 ,-2.027,23.570358333333335,87.30258833333333 ,28.758559226989746,86.87012380168713 ,9933.0,10:46:38 AM,1572671798237
-1.625 ,6.748 ,-0.445,23.570358333333335,87.30258833333333 ,28.758559226989746,86.87012380168713 ,9933.0,10:46:38 AM,1572671798242
-1.844 ,9.877 ,5.298,23.570358333333335,87.30258833333333 ,28.758559226989746,86.87012380168713 ,9933.0,10:46:38 AM,1572671798243
-4.969 ,11.328 ,10.323,23.570358333333335,87.30258833333333 ,28.758559226989746,86.87012380168713 ,9933.0,10:46:38 AM,1572671798247
-3.338 ,12.098 ,12.812,23.570358333333335,87.30258833333333 ,28.758559226989746,86.87012380168713 ,9933.0,10:46:38 AM,1572671798248
-1.6 ,11.804 ,9.29,23.570358333333335,87.30258833333333 ,28.758559226989746,86.87012380168713 ,9933.0,10:46:38 AM,1572671798252
0.465 ,9.458 ,8.047,23.570358333333335,87.30258833333333 ,28.758559226989746,86.87012380168713 ,9933.0,10:46:38 AM,1572671798253
3.657 ,8.369 ,0.898,23.570358333333335,87.30258833333333 ,28.758559226989746,86.87012380168713 ,9933.0,10:46:38 AM,1572671798256
4.272 ,6.493 ,-2.865,23.570358333333335,87.30258833333333 ,28.758559226989746,86.87012380168713 ,9933.0,10:46:38 AM,1572671798257
3.497 ,5.191 ,-4.736,23.570358333333335,87.30258833333333 ,28.758559226989746,86.87012380168713 ,9933.0,10:46:38 AM,1572671798262
1.671 ,6.774 ,1.592,23.570358333333335,87.30258833333333 ,28.758559226989746,86.87012380168713 ,9933.0,10:46:38 AM,1572671798263
-2.411 ,9.626 ,5.414,23.570358333333335,87.30258833333333 ,28.758559226989746,86.87012380168713 ,9933.0,10:46:38 AM,1572671798266
-2.887 ,12.839 ,14.134,23.570358333333335,87.30258833333333 ,28.758559226989746,86.87012380168713 ,9933.0,10:46:38 AM,1572671798267
-7.721 ,12.711 ,14.142,23.570358333333335,87.30258833333333 ,28.758559226989746,86.87012380168713 ,9933.0,10:46:38 AM,1572671798271
-4.666 ,11.935 ,12.153,23.570358333333335,87.30258833333333 ,28.758559226989746,86.87012380168713 ,9933.0,10:46:38 AM,1572671798272
-3.761 ,8.553 ,6.27,23.570358333333335,87.30258833333333 ,28.758559226989746,86.87012380168713 ,9933.0,10:46:38 AM,1572671798276
-1.461 ,5.505 ,1.845,23.570358333333335,87.30258833333333 ,28.758559226989746,86.87012380168713 ,9933.0,10:46:38 AM,1572671798277
2.991 ,6.182 ,1.173,23.570358333333335,87.30258833333333 ,28.758559226989746,86.87012380168713 ,9933.0,10:46:38 AM,1572671798282
1.943 ,6.797 ,0.853,23.570358333333335,87.30258833333333 ,28.758559226989746,86.87012380168713 ,9933.0,10:46:38 AM,1572671798282
3.679 ,8.496 ,5.991,23.570358333333335,87.30258833333333 ,28.758559226989746,86.87012380168713 ,9933.0,10:46:38 AM,1572671798286
0.549 ,8.391 ,6.949,23.570358333333335,87.30258833333333 ,28.758559226989746,86.87012380168713 ,9933.0,10:46:38 AM,1572671798287
-0.241 ,8.464 ,6.707,23.570358333333335,87.30258833333333 ,28.758559226989746,86.87012380168713 ,9933.0,10:46:38 AM,1572671798291
-0.977 ,9.101 ,9.798,23.570358333333335,87.30258833333333 ,28.758559226989746,86.87012380168713 ,9933.0,10:46:38 AM,1572671798292
-4.078 ,11.187 ,11.082,23.570358333333335,87.30258833333333 ,28.758559226989746,86.87012380168713 ,9933.0,10:46:38 AM,1572671798296
-0.721 ,13.381 ,10.583,23.570358333333335,87.30258833333333 ,28.758559226989746,86.87012380168713 ,9933.0,10:46:38 AM,1572671798297
-1.497 ,10.691 ,6.148,23.570358333333335,87.30258833333333 ,28.758559226989746,86.87012380168713 ,9933.0,10:46:38 AM,1572671798302
0.097 ,6.431 ,-1.063,23.570358333333335,87.30258833333333 ,28.758559226989746,86.87012380168713 ,9933.0,10:46:38 AM,1572671798302
1.129 ,4.781 ,-3.895,23.570358333333335,87.30258833333333 ,28.758559226989746,86.87012380168713 ,9933.0,10:46:38 AM,1572671798306
-1.271 ,5.009 ,-3.222,23.570358333333335,87.30258833333333 ,28.758559226989746,86.87012380168713 ,9933.0,10:46:38 AM,1572671798307
-1.03 ,7.959 ,3.93,23.570358333333335,87.30258833333333 ,28.758559226989746,86.87012380168713 ,9933.0,10:46:38 AM,1572671798311
-4.838 ,9.28 ,6.406,23.570358333333335,87.30258833333333 ,28.758559226989746,86.87012380168713 ,9933.0,10:46:38 AM,1572671798312
-3.498 ,10.587 ,9.944,23.570358333333335,87.30258833333333 ,28.758559226989746,86.87012380168713 ,9933.0,10:46:38 AM,1572671798316
-4.122 ,10.703 ,12.241,23.570358333333335,87.30258833333333 ,28.758559226989746,86.87012380168713 ,9933.0,10:46:38 AM,1572671798317
-3.208 ,11.56 ,10.839,23.570358333333335,87.30258833333333 ,28.758559226989746,86.87012380168713 ,9933.0,10:46:38 AM,1572671798322
0.694 ,11.148 ,7.062,23.570358333333335,87.30258833333333 ,28.758559226989746,86.87012380168713 ,9933.0,10:46:38 AM,1572671798322
0.667 ,7.921 ,2.208,23.570358333333335,87.30258833333333 ,28.758559226989746,86.87012380168713 ,9933.0,10:46:38 AM,1572671798326
3.608 ,6.387 ,-1.154,23.570358333333335,87.30258833333333 ,28.758559226989746,86.87012380168713 ,9933.0,10:46:38 AM,1572671798328
3.038 ,6.506 ,-0.212,23.570358333333335,87.30258833333333 ,28.758559226989746,86.87012380168713 ,9933.0,10:46:38 AM,1572671798331
0.887 ,7.538 ,1.76,23.570358333333335,87.30258833333333 ,28.758559226989746,86.87012380168713 ,9933.0,10:46:38 AM,1572671798332
0.432 ,8.257 ,7.416,23.570358333333335,87.30258833333333 ,28.758559226989746,86.87012380168713 ,9933.0,10:46:38 AM,1572671798336
-2.73 ,7.343 ,6.473,23.570358333333335,87.30258833333333 ,28.758559226989746,86.87012380168713 ,9933.0,10:46:38 AM,1572671798337
-1.608 ,7.632 ,8.133,23.570358333333335,87.30258833333333 ,28.758559226989746,86.87012380168713 ,9933.0,10:46:38 AM,1572671798342
-3.746 ,9.797 ,11.367,23.570358333333335,87.30258833333333 ,28.758559226989746,86.87012380168713 ,9933.0,10:46:38 AM,1572671798343
-1.919 ,13.443 ,13.112,23.570358333333335,87.30258833333333 ,28.758559226989746,86.87012380168713 ,9933.0,10:46:38 AM,1572671798346
-0.427 ,13.236 ,11.113,23.570358333333335,87.30258833333333 ,28.758559226989746,86.87012380168713 ,9933.0,10:46:38 AM,1572671798347
-0.846 ,8.174 ,1.111,23.570358333333335,87.30258833333333 ,28.758559226989746,86.87012380168713 ,9933.0,10:46:38 AM,1572671798351
2.382 ,5.437 ,-5.429,23.570358333333335,87.30258833333333 ,28.758559226989746,86.87012380168713 ,9933.0,10:46:38 AM,1572671798352
0.712 ,4.764 ,-7.448,23.570358333333335,87.30258833333333 ,28.758559226989746,86.87012380168713 ,9933.0,10:46:38 AM,1572671798356
0.482 ,7.789 ,-1.617,23.570358333333335,87.30258833333333 ,28.758559226989746,86.87012380168713 ,9933.0,10:46:38 AM,1572671798357
-1.572 ,9.411 ,3.749,23.570358333333335,87.30258833333333 ,28.758559226989746,86.87012380168713 ,9933.0,10:46:38 AM,1572671798361
-3.364 ,9.077 ,6.456,23.570358333333335,87.30258833333333 ,28.758559226989746,86.87012380168713 ,9933.0,10:46:38 AM,1572671798362
-3.202 ,8.456 ,9.461,23.570358333333335,87.30258833333333 ,28.758559226989746,86.87012380168713 ,9933.0,10:46:38 AM,1572671798366
-3.751 ,9.646 ,13.876,23.570358333333335,87.30258833333333 ,28.758559226989746,86.87012380168713 ,9933.0,10:46:38 AM,1572671798367
-0.647 ,11.988 ,13.848,23.570358333333335,87.30258833333333 ,28.758559226989746,86.87012380168713 ,9933.0,10:46:38 AM,1572671798371
0.743 ,10.725 ,10.997,23.570358333333335,87.30258833333333 ,28.758559226989746,86.87012380168713 ,9933.0,10:46:38 AM,1572671798372
2.376 ,6.548 ,2.066,23.570358333333335,87.30258833333333 ,28.758559226989746,86.87012380168713 ,9933.0,10:46:38 AM,1572671798376
5.995 ,3.909 ,-1.976,23.570358333333335,87.30258833333333 ,28.758559226989746,86.87012380168713 ,9933.0,10:46:38 AM,1572671798377
4.694 ,3.162 ,-4.735,23.570358333333335,87.30258833333333 ,28.758559226989746,86.87012380168713 ,9933.0,10:46:38 AM,1572671798381
4.008 ,7.386 ,0.129,23.570358333333335,87.30258833333333 ,28.758559226989746,86.87012380168713 ,9933.0,10:46:38 AM,1572671798382
0.949 ,10.793 ,6.795,23.570358333333335,87.30258833333333 ,28.758559226989746,86.87012380168713 ,9933.0,10:46:38 AM,1572671798386
-0.63 ,12.106 ,8.806,23.570358333333335,87.30258833333333 ,28.758559226989746,86.87012380168713 ,9933.0,10:46:38 AM,1572671798387
-3.794 ,10.794 ,9.979,23.570358333333335,87.30258833333333 ,28.758559226989746,86.87012380168713 ,9933.0,10:46:38 AM,1572671798391
-5.802 ,9.986 ,8.958,23.570358333333335,87.30258833333333 ,28.758559226989746,86.87012380168713 ,9933.0,10:46:38 AM,1572671798392
-3.628 ,10.791 ,10.525,23.570358333333335,87.30258833333333 ,28.758559226989746,86.87012380168713 ,9878.0,10:46:38 AM,1572671798396
-5.061 ,8.836 ,5.612,23.570358333333335,87.30258833333333 ,28.758559226989746,86.87012380168713 ,9878.0,10:46:38 AM,1572671798397
-1.199 ,6.487 ,1.564,23.570358333333335,87.30258833333333 ,28.758559226989746,86.87012380168713 ,9878.0,10:46:38 AM,1572671798401
-0.022 ,5.0 ,-1.047,23.570358333333335,87.30258833333333 ,28.758559226989746,86.87012380168713 ,9878.0,10:46:38 AM,1572671798402
0.815 ,6.408 ,-0.776,23.570358333333335,87.30258833333333 ,28.758559226989746,86.87012380168713 ,9878.0,10:46:38 AM,1572671798406
1.691 ,8.892 ,3.215,23.570358333333335,87.30258833333333 ,28.758559226989746,86.87012380168713 ,9878.0,10:46:38 AM,1572671798407
0.103 ,9.717 ,3.917,23.570358333333335,87.30258833333333 ,28.758559226989746,86.87012380168713 ,9878.0,10:46:38 AM,1572671798411
0.585 ,10.128 ,4.428,23.570358333333335,87.30258833333333 ,28.758559226989746,86.87012380168713 ,9878.0,10:46:38 AM,1572671798412
-2.039 ,11.123 ,7.221,23.570358333333335,87.30258833333333 ,28.758559226989746,86.87012380168713 ,9878.0,10:46:38 AM,1572671798416
-1.791 ,13.763 ,8.63,23.570358333333335,87.30258833333333 ,28.758559226989746,86.87012380168713 ,9878.0,10:46:38 AM,1572671798417
0.105 ,13.563 ,11.723,23.570358333333335,87.30258833333333 ,28.758559226989746,86.87012380168713 ,9878.0,10:46:38 AM,1572671798423
-2.441 ,10.306 ,2.746,23.570358333333335,87.30258833333333 ,28.758559226989746,86.87012380168713 ,9878.0,10:46:38 AM,1572671798424
1.545 ,7.376 ,-0.761,23.570358333333335,87.30258833333333 ,28.758559226989746,86.87012380168713 ,9878.0,10:46:38 AM,1572671798426
1.581 ,5.387 ,-2.628,23.570358333333335,87.30258833333333 ,28.758559226989746,85.64919957692423 ,9878.0,10:46:38 AM,1572671798427
0.33 ,6.741 ,-3.352,23.570358333333335,87.30258833333333 ,28.758559226989746,85.64919957692423 ,9878.0,10:46:38 AM,1572671798431
-0.35 ,10.014 ,3.094,23.570358333333335,87.30258833333333 ,28.758559226989746,85.64919957692423 ,9878.0,10:46:38 AM,1572671798432
-0.926 ,11.605 ,5.917,23.570358333333335,87.30258833333333 ,28.758559226989746,85.64919957692423 ,9878.0,10:46:38 AM,1572671798436
-2.966 ,11.917 ,6.431,23.570358333333335,87.30258833333333 ,28.758559226989746,85.64919957692423 ,9878.0,10:46:38 AM,1572671798437
-4.419 ,11.637 ,6.75,23.570358333333335,87.30258833333333 ,28.758559226989746,85.64919957692423 ,9878.0,10:46:38 AM,1572671798441
-3.305 ,11.967 ,6.29,23.570358333333335,87.30258833333333 ,28.758559226989746,85.64919957692423 ,9878.0,10:46:38 AM,1572671798442
-3.501 ,10.407 ,9.309,23.570358333333335,87.30258833333333 ,28.758559226989746,85.64919957692423 ,9878.0,10:46:38 AM,1572671798446
-2.35 ,8.147 ,5.391,23.570358333333335,87.30258833333333 ,28.758559226989746,85.64919957692423 ,9878.0,10:46:38 AM,1572671798447
-0.542 ,6.326 ,2.788,23.570358333333335,87.30258833333333 ,28.758559226989746,85.64919957692423 ,9878.0,10:46:38 AM,1572671798451
0.111 ,5.503 ,4.466,23.570358333333335,87.30258833333333 ,28.758559226989746,85.64919957692423 ,9878.0,10:46:38 AM,1572671798451
0.831 ,7.205 ,8.817,23.570358333333335,87.30258833333333 ,28.758559226989746,85.64919957692423 ,9878.0,10:46:38 AM,1572671798456
-1.905 ,8.159 ,10.282,23.570358333333335,87.30258833333333 ,28.758559226989746,85.64919957692423 ,9878.0,10:46:38 AM,1572671798456
