x,y,z,latitude,longitude,speed,sound,light,time,timestamp
3.148 ,18.076 ,-5.69,23.572163333333332,87.30259 ,34.55659561157227,88.41459314536743 ,10087.0,10:46:20 AM,1572671780765
-1.431 ,19.036 ,-7.39,23.572163333333332,87.30259 ,34.55659561157227,88.41459314536743 ,10087.0,10:46:20 AM,1572671780769
-6.066 ,18.681 ,-6.667,23.572163333333332,87.30259 ,34.55659561157227,88.41459314536743 ,10087.0,10:46:20 AM,1572671780769
-9.684 ,18.807 ,-10.094,23.572163333333332,87.30259 ,34.55659561157227,88.41459314536743 ,10087.0,10:46:20 AM,1572671780773
-8.475 ,17.166 ,-8.497,23.572163333333332,87.30259 ,34.55659561157227,88.41459314536743 ,10087.0,10:46:20 AM,1572671780774
-4.851 ,12.006 ,-6.257,23.572163333333332,87.30259 ,34.55659561157227,88.41459314536743 ,10087.0,10:46:20 AM,1572671780778
0.143 ,4.415 ,-6.129,23.572163333333332,87.30259 ,34.55659561157227,88.41459314536743 ,10087.0,10:46:20 AM,1572671780780
1.107 ,5.355 ,-10.72,23.572163333333332,87.30259 ,34.55659561157227,88.41459314536743 ,10087.0,10:46:20 AM,1572671780784
4.81 ,9.314 ,-2.625,23.572163333333332,87.30259 ,34.55659561157227,88.41459314536743 ,10087.0,10:46:20 AM,1572671780785
3.929 ,13.677 ,0.02,23.572163333333332,87.30259 ,34.55659561157227,88.41459314536743 ,10087.0,10:46:20 AM,1572671780790
-3.374 ,18.169 ,-5.556,23.572163333333332,87.30259 ,34.55659561157227,88.41459314536743 ,10087.0,10:46:20 AM,1572671780791
-8.013 ,17.906 ,-10.708,23.572163333333332,87.30259 ,34.55659561157227,88.41459314536743 ,10224.0,10:46:20 AM,1572671780794
-10.972 ,11.588 ,-9.118,23.572163333333332,87.30259 ,34.55659561157227,88.41459314536743 ,10224.0,10:46:20 AM,1572671780794
-12.294 ,4.511 ,-2.473,23.572163333333332,87.30259 ,34.55659561157227,88.41459314536743 ,10224.0,10:46:20 AM,1572671780800
-5.783 ,5.085 ,9.66,23.572163333333332,87.30259 ,34.55659561157227,88.41459314536743 ,10224.0,10:46:20 AM,1572671780801
-2.116 ,8.207 ,13.141,23.572163333333332,87.30259 ,34.55659561157227,88.41459314536743 ,10224.0,10:46:20 AM,1572671780804
6.56 ,7.344 ,19.207,23.572163333333332,87.30259 ,34.55659561157227,88.41459314536743 ,10224.0,10:46:20 AM,1572671780805
7.976 ,2.074 ,12.989,23.572163333333332,87.30259 ,34.55659561157227,88.41459314536743 ,10224.0,10:46:20 AM,1572671780809
9.025 ,0.93 ,-0.048,23.572163333333332,87.30259 ,34.55659561157227,88.41459314536743 ,10224.0,10:46:20 AM,1572671780810
6.26 ,1.331 ,-2.725,23.572163333333332,87.30259 ,34.55659561157227,88.41459314536743 ,10224.0,10:46:20 AM,1572671780814
-0.94 ,3.345 ,3.213,23.572163333333332,87.30259 ,34.55659561157227,88.41459314536743 ,10224.0,10:46:20 AM,1572671780815
-3.319 ,10.191 ,18.515,23.572163333333332,87.30259 ,34.55659561157227,88.41459314536743 ,10224.0,10:46:20 AM,1572671780818
-5.887 ,12.948 ,27.453,23.572163333333332,87.30259 ,34.55659561157227,88.41459314536743 ,10224.0,10:46:20 AM,1572671780819
-3.387 ,11.5 ,26.631,23.572163333333332,87.30259 ,34.55659561157227,88.41459314536743 ,10224.0,10:46:20 AM,1572671780824
1.384 ,7.01 ,19.293,23.572163333333332,87.30259 ,34.55659561157227,88.41459314536743 ,10224.0,10:46:20 AM,1572671780824
4.985 ,5.311 ,8.444,23.572163333333332,87.30259 ,34.55659561157227,88.41459314536743 ,10224.0,10:46:20 AM,1572671780830
12.136 ,5.011 ,12.225,23.572163333333332,87.30259 ,34.55659561157227,88.41459314536743 ,10224.0,10:46:20 AM,1572671780831
8.564 ,5.863 ,3.407,23.572163333333332,87.30259 ,34.55659561157227,88.41459314536743 ,10224.0,10:46:20 AM,1572671780834
7.958 ,8.759 ,5.662,23.572163333333332,87.30259 ,34.55659561157227,88.41459314536743 ,10224.0,10:46:20 AM,1572671780834
0.852 ,10.447 ,7.094,23.57207166666667,87.30259 ,37.99391212463379,88.41459314536743 ,10224.0,10:46:20 AM,1572671780841
-5.322 ,12.486 ,7.567,23.57207166666667,87.30259 ,37.99391212463379,88.41459314536743 ,10224.0,10:46:20 AM,1572671780842
-9.3 ,14.199 ,4.74,23.57207166666667,87.30259 ,37.99391212463379,88.41459314536743 ,10224.0,10:46:20 AM,1572671780845
-7.681 ,12.314 ,2.388,23.57207166666667,87.30259 ,37.99391212463379,88.41459314536743 ,10224.0,10:46:20 AM,1572671780845
-5.406 ,11.555 ,-0.983,23.57207166666667,87.30259 ,37.99391212463379,88.41459314536743 ,10224.0,10:46:20 AM,1572671780849
0.295 ,10.559 ,-4.589,23.57207166666667,87.30259 ,37.99391212463379,88.41459314536743 ,10224.0,10:46:20 AM,1572671780849
5.379 ,8.892 ,-3.306,23.57207166666667,87.30259 ,37.99391212463379,88.41459314536743 ,10224.0,10:46:20 AM,1572671780854
6.217 ,7.06 ,-1.02,23.57207166666667,87.30259 ,37.99391212463379,88.41459314536743 ,10224.0,10:46:20 AM,1572671780854
6.871 ,7.126 ,3.084,23.57207166666667,87.30259 ,37.99391212463379,88.41459314536743 ,10224.0,10:46:20 AM,1572671780858
2.465 ,7.879 ,6.427,23.57207166666667,87.30259 ,37.99391212463379,88.41459314536743 ,10224.0,10:46:20 AM,1572671780859
-3.959 ,11.279 ,9.347,23.57207166666667,87.30259 ,37.99391212463379,88.41459314536743 ,10224.0,10:46:20 AM,1572671780863
-5.572 ,12.572 ,16.908,23.57207166666667,87.30259 ,37.99391212463379,88.41459314536743 ,10224.0,10:46:20 AM,1572671780864
-9.203 ,9.356 ,11.025,23.57207166666667,87.30259 ,37.99391212463379,88.41459314536743 ,10224.0,10:46:20 AM,1572671780868
-4.958 ,4.529 ,9.988,23.57207166666667,87.30259 ,37.99391212463379,88.41459314536743 ,10224.0,10:46:20 AM,1572671780869
-2.058 ,1.607 ,1.799,23.57207166666667,87.30259 ,37.99391212463379,88.41459314536743 ,10224.0,10:46:20 AM,1572671780873
2.801 ,3.029 ,5.448,23.57207166666667,87.30259 ,37.99391212463379,88.41459314536743 ,10224.0,10:46:20 AM,1572671780873
5.752 ,6.214 ,12.156,23.57207166666667,87.30259 ,37.99391212463379,88.41459314536743 ,10224.0,10:46:20 AM,1572671780878
6.382 ,8.43 ,10.381,23.57207166666667,87.30259 ,37.99391212463379,88.41459314536743 ,10224.0,10:46:20 AM,1572671780879
4.553 ,7.656 ,6.266,23.57207166666667,87.30259 ,37.99391212463379,88.41459314536743 ,10224.0,10:46:20 AM,1572671780883
2.047 ,7.446 ,-1.154,23.57207166666667,87.30259 ,37.99391212463379,88.41459314536743 ,10224.0,10:46:20 AM,1572671780884
-1.552 ,10.684 ,-4.037,23.57207166666667,87.30259 ,37.99391212463379,88.41459314536743 ,10224.0,10:46:20 AM,1572671780888
-4.058 ,13.521 ,-3.583,23.57207166666667,87.30259 ,37.99391212463379,88.41459314536743 ,10224.0,10:46:20 AM,1572671780888
-3.986 ,13.052 ,-7.261,23.57207166666667,87.30259 ,37.99391212463379,88.41459314536743 ,10224.0,10:46:20 AM,1572671780893
-2.984 ,7.448 ,-14.12,23.57207166666667,87.30259 ,37.99391212463379,88.41459314536743 ,10224.0,10:46:20 AM,1572671780893
-0.522 ,1.231 ,-20.838,23.57207166666667,87.30259 ,37.99391212463379,88.41459314536743 ,10224.0,10:46:20 AM,1572671780898
5.62 ,-0.632 ,-14.147,23.57207166666667,87.30259 ,37.99391212463379,88.41459314536743 ,10224.0,10:46:20 AM,1572671780899
2.527 ,7.039 ,-13.866,23.57207166666667,87.30259 ,37.99391212463379,88.41459314536743 ,10224.0,10:46:20 AM,1572671780904
4.274 ,16.87 ,-0.568,23.57207166666667,87.30259 ,37.99391212463379,88.41459314536743 ,10224.0,10:46:20 AM,1572671780904
2.416 ,21.649 ,4.072,23.57207166666667,87.30259 ,37.99391212463379,88.41459314536743 ,10224.0,10:46:20 AM,1572671780908
-4.354 ,21.941 ,-4.759,23.57207166666667,87.30259 ,37.99391212463379,88.41459314536743 ,10224.0,10:46:20 AM,1572671780909
-5.672 ,17.447 ,-9.011,23.57207166666667,87.30259 ,37.99391212463379,88.41459314536743 ,10224.0,10:46:20 AM,1572671780913
-5.534 ,11.472 ,-14.851,23.57207166666667,87.30259 ,37.99391212463379,88.41459314536743 ,10224.0,10:46:20 AM,1572671780914
-3.786 ,7.113 ,-8.421,23.57207166666667,87.30259 ,37.99391212463379,88.41459314536743 ,10224.0,10:46:20 AM,1572671780918
0.173 ,8.712 ,6.057,23.57207166666667,87.30259 ,37.99391212463379,88.41459314536743 ,10224.0,10:46:20 AM,1572671780919
3.231 ,12.872 ,20.039,23.57207166666667,87.30259 ,37.99391212463379,88.41459314536743 ,10224.0,10:46:20 AM,1572671780924
6.221 ,13.527 ,27.996,23.57207166666667,87.30259 ,37.99391212463379,88.41459314536743 ,10224.0,10:46:20 AM,1572671780925
5.586 ,12.082 ,20.864,23.57207166666667,87.30259 ,37.99391212463379,88.41459314536743 ,10224.0,10:46:20 AM,1572671780928
3.032 ,8.883 ,10.674,23.57207166666667,87.30259 ,37.99391212463379,88.41459314536743 ,10224.0,10:46:20 AM,1572671780929
0.287 ,7.276 ,4.336,23.57207166666667,87.30259 ,37.99391212463379,88.41459314536743 ,10224.0,10:46:20 AM,1572671780933
-3.587 ,8.17 ,4.596,23.57207166666667,87.30259 ,37.99391212463379,88.41459314536743 ,10224.0,10:46:20 AM,1572671780934
-7.232 ,10.304 ,10.161,23.57207166666667,87.30259 ,37.99391212463379,88.41459314536743 ,10224.0,10:46:20 AM,1572671780938
-5.935 ,13.842 ,12.089,23.57207166666667,87.30259 ,37.99391212463379,88.41459314536743 ,10224.0,10:46:20 AM,1572671780939
-5.529 ,9.847 ,14.628,23.57207166666667,87.30259 ,37.99391212463379,88.41459314536743 ,10224.0,10:46:20 AM,1572671780944
-4.079 ,3.976 ,15.625,23.57207166666667,87.30259 ,37.99391212463379,88.41459314536743 ,10224.0,10:46:20 AM,1572671780944
-1.759 ,2.426 ,12.345,23.57207166666667,87.30259 ,37.99391212463379,88.41459314536743 ,10224.0,10:46:20 AM,1572671780949
1.101 ,5.042 ,8.733,23.57207166666667,87.30259 ,37.99391212463379,88.41459314536743 ,10224.0,10:46:20 AM,1572671780949
-1.626 ,6.488 ,10.289,23.57207166666667,87.30259 ,37.99391212463379,88.41459314536743 ,10224.0,10:46:20 AM,1572671780953
-4.649 ,9.796 ,7.829,23.57207166666667,87.30259 ,37.99391212463379,88.41459314536743 ,10224.0,10:46:20 AM,1572671780954
-5.121 ,11.631 ,7.688,23.57207166666667,87.30259 ,37.99391212463379,88.41459314536743 ,10224.0,10:46:20 AM,1572671780958
-10.042 ,11.084 ,-0.07,23.57207166666667,87.30259 ,37.99391212463379,88.41459314536743 ,10224.0,10:46:20 AM,1572671780958
-8.625 ,10.162 ,-0.616,23.57207166666667,87.30259 ,37.99391212463379,88.41459314536743 ,10224.0,10:46:20 AM,1572671780964
-6.63 ,9.305 ,0.725,23.57207166666667,87.30259 ,37.99391212463379,88.41459314536743 ,10224.0,10:46:20 AM,1572671780964
-2.608 ,9.281 ,2.11,23.57207166666667,87.30259 ,37.99391212463379,88.41459314536743 ,10224.0,10:46:20 AM,1572671780968
2.301 ,8.845 ,7.922,23.57207166666667,87.30259 ,37.99391212463379,88.41459314536743 ,10224.0,10:46:20 AM,1572671780969
5.27 ,6.901 ,8.814,23.57207166666667,87.30259 ,37.99391212463379,88.41459314536743 ,10224.0,10:46:20 AM,1572671780973
6.809 ,5.25 ,8.721,23.57207166666667,87.30259 ,37.99391212463379,88.41459314536743 ,10224.0,10:46:20 AM,1572671780974
3.098 ,4.357 ,6.112,23.57207166666667,87.30259 ,37.99391212463379,88.41459314536743 ,10224.0,10:46:20 AM,1572671780978
0.986 ,6.773 ,11.614,23.57207166666667,87.30259 ,37.99391212463379,88.41459314536743 ,10224.0,10:46:20 AM,1572671780979
-3.117 ,9.687 ,13.726,23.57207166666667,87.30259 ,37.99391212463379,88.41459314536743 ,10224.0,10:46:20 AM,1572671780984
-4.817 ,11.202 ,9.978,23.57207166666667,87.30259 ,37.99391212463379,88.41459314536743 ,10224.0,10:46:20 AM,1572671780985
-2.674 ,9.261 ,8.453,23.57207166666667,87.30259 ,37.99391212463379,88.41459314536743 ,10224.0,10:46:20 AM,1572671780988
0.317 ,6.899 ,6.579,23.57207166666667,87.30259 ,37.99391212463379,88.41459314536743 ,10224.0,10:46:20 AM,1572671780989
3.55 ,7.923 ,6.658,23.57207166666667,87.30259 ,37.99391212463379,88.41459314536743 ,10012.0,10:46:20 AM,1572671780993
7.605 ,9.632 ,10.911,23.57207166666667,87.30259 ,37.99391212463379,88.41459314536743 ,10012.0,10:46:20 AM,1572671780994
9.041 ,12.257 ,14.188,23.57207166666667,87.30259 ,37.99391212463379,88.41459314536743 ,10012.0,10:46:20 AM,1572671780998
6.02 ,14.747 ,13.112,23.57207166666667,87.30259 ,37.99391212463379,88.41459314536743 ,10012.0,10:46:20 AM,1572671780999
3.776 ,15.79 ,10.435,23.57207166666667,87.30259 ,37.99391212463379,88.41459314536743 ,10012.0,10:46:21 AM,1572671781003
-0.981 ,14.588 ,4.882,23.57207166666667,87.30259 ,37.99391212463379,88.41459314536743 ,10012.0,10:46:21 AM,1572671781004
-4.162 ,12.88 ,-1.637,23.57207166666667,87.30259 ,37.99391212463379,88.41459314536743 ,10012.0,10:46:21 AM,1572671781008
-3.643 ,10.229 ,-3.015,23.57207166666667,87.30259 ,37.99391212463379,88.41459314536743 ,10012.0,10:46:21 AM,1572671781009
-2.649 ,9.827 ,-3.475,23.57207166666667,87.30259 ,37.99391212463379,88.41459314536743 ,10012.0,10:46:21 AM,1572671781013
