x,y,z,latitude,longitude,speed,sound,light,time,timestamp
2.335 ,7.376 ,10.296,23.57323666666667,87.30260166666667 ,8.323675632476807,75.65328646125786 ,8788.0,10:46:04 AM,1572671764068
2.387 ,6.592 ,8.276,23.57323666666667,87.30260166666667 ,8.323675632476807,75.65328646125786 ,8788.0,10:46:04 AM,1572671764072
2.564 ,4.003 ,5.853,23.57323666666667,87.30260166666667 ,8.323675632476807,75.65328646125786 ,8788.0,10:46:04 AM,1572671764073
1.203 ,2.812 ,3.956,23.57323666666667,87.30260166666667 ,8.323675632476807,75.65328646125786 ,8788.0,10:46:04 AM,1572671764077
-0.313 ,5.269 ,2.334,23.57323666666667,87.30260166666667 ,8.323675632476807,75.65328646125786 ,8788.0,10:46:04 AM,1572671764078
-0.976 ,7.759 ,4.365,23.57323666666667,87.30260166666667 ,8.323675632476807,75.65328646125786 ,8788.0,10:46:04 AM,1572671764084
-3.058 ,8.649 ,6.0,23.57323666666667,87.30260166666667 ,8.323675632476807,75.65328646125786 ,8788.0,10:46:04 AM,1572671764085
-2.913 ,10.544 ,6.41,23.57323666666667,87.30260166666667 ,8.323675632476807,75.65328646125786 ,8788.0,10:46:04 AM,1572671764087
-1.213 ,11.71 ,4.377,23.57323666666667,87.30260166666667 ,8.323675632476807,75.65328646125786 ,8788.0,10:46:04 AM,1572671764088
-0.718 ,10.847 ,2.357,23.57323666666667,87.30260166666667 ,8.323675632476807,75.65328646125786 ,8788.0,10:46:04 AM,1572671764092
0.427 ,9.551 ,-0.637,23.57323666666667,87.30260166666667 ,8.323675632476807,75.65328646125786 ,8788.0,10:46:04 AM,1572671764092
1.888 ,8.755 ,-2.762,23.57323666666667,87.30260166666667 ,8.323675632476807,75.65328646125786 ,8788.0,10:46:04 AM,1572671764101
1.081 ,8.197 ,-1.291,23.57323666666667,87.30260166666667 ,8.323675632476807,75.65328646125786 ,8788.0,10:46:04 AM,1572671764102
-0.258 ,9.472 ,2.778,23.57323666666667,87.30260166666667 ,8.323675632476807,75.65328646125786 ,8788.0,10:46:04 AM,1572671764102
-1.262 ,11.66 ,4.415,23.57323666666667,87.30260166666667 ,8.323675632476807,75.65328646125786 ,8788.0,10:46:04 AM,1572671764103
-1.868 ,10.858 ,2.346,23.57323666666667,87.30260166666667 ,8.323675632476807,75.65328646125786 ,8788.0,10:46:04 AM,1572671764107
-2.194 ,6.669 ,-0.4,23.57323666666667,87.30260166666667 ,8.323675632476807,75.65328646125786 ,8788.0,10:46:04 AM,1572671764108
-2.652 ,4.195 ,-2.801,23.57323666666667,87.30260166666667 ,8.323675632476807,75.65328646125786 ,8788.0,10:46:04 AM,1572671764114
-1.601 ,5.552 ,-1.605,23.57323666666667,87.30260166666667 ,8.323675632476807,75.65328646125786 ,8788.0,10:46:04 AM,1572671764114
-0.97 ,7.031 ,2.89,23.57323666666667,87.30260166666667 ,8.323675632476807,75.65328646125786 ,8788.0,10:46:04 AM,1572671764120
-0.367 ,8.194 ,8.926,23.57323666666667,87.30260166666667 ,8.323675632476807,75.65328646125786 ,8788.0,10:46:04 AM,1572671764121
0.323 ,10.125 ,10.289,23.57323666666667,87.30260166666667 ,8.323675632476807,75.65328646125786 ,8788.0,10:46:04 AM,1572671764124
0.942 ,9.97 ,9.676,23.57323666666667,87.30260166666667 ,8.323675632476807,75.65328646125786 ,8788.0,10:46:04 AM,1572671764124
1.707 ,8.102 ,9.136,23.57323666666667,87.30260166666667 ,8.323675632476807,75.65328646125786 ,8788.0,10:46:04 AM,1572671764128
1.361 ,6.914 ,4.903,23.57323666666667,87.30260166666667 ,8.323675632476807,75.65328646125786 ,8788.0,10:46:04 AM,1572671764128
2.583 ,7.848 ,5.705,23.57323666666667,87.30260166666667 ,8.323675632476807,75.65328646125786 ,8788.0,10:46:04 AM,1572671764133
0.708 ,10.125 ,6.795,23.57323666666667,87.30260166666667 ,8.323675632476807,75.65328646125786 ,8788.0,10:46:04 AM,1572671764134
0.65 ,13.768 ,10.797,23.57323666666667,87.30260166666667 ,8.323675632476807,75.65328646125786 ,8788.0,10:46:04 AM,1572671764139
2.92 ,13.656 ,11.154,23.57323666666667,87.30260166666667 ,8.323675632476807,75.65328646125786 ,8788.0,10:46:04 AM,1572671764140
-0.449 ,8.212 ,-0.029,23.57323666666667,87.30260166666667 ,8.323675632476807,75.65328646125786 ,8788.0,10:46:04 AM,1572671764142
0.536 ,3.211 ,-1.691,23.57323666666667,87.30260166666667 ,8.323675632476807,75.65328646125786 ,8788.0,10:46:04 AM,1572671764143
-0.048 ,2.798 ,0.227,23.57323666666667,87.30260166666667 ,8.323675632476807,75.65328646125786 ,8788.0,10:46:04 AM,1572671764152
-3.489 ,6.691 ,3.142,23.57323666666667,87.30260166666667 ,8.323675632476807,75.65328646125786 ,8788.0,10:46:04 AM,1572671764152
-3.38 ,9.939 ,9.649,23.57323666666667,87.30260166666667 ,8.323675632476807,75.65328646125786 ,8788.0,10:46:04 AM,1572671764153
-5.839 ,9.688 ,10.281,23.57323666666667,87.30260166666667 ,8.323675632476807,75.65328646125786 ,8788.0,10:46:04 AM,1572671764153
-6.843 ,8.972 ,8.729,23.57323666666667,87.30260166666667 ,8.323675632476807,75.65328646125786 ,8788.0,10:46:04 AM,1572671764158
-3.848 ,7.193 ,9.135,23.57323666666667,87.30260166666667 ,8.323675632476807,75.65328646125786 ,8788.0,10:46:04 AM,1572671764159
-2.335 ,6.114 ,8.183,23.57323666666667,87.30260166666667 ,8.323675632476807,75.65328646125786 ,8788.0,10:46:04 AM,1572671764164
2.563 ,7.86 ,8.441,23.57323666666667,87.30260166666667 ,8.323675632476807,75.65328646125786 ,8788.0,10:46:04 AM,1572671764164
5.626 ,8.541 ,6.992,23.57323666666667,87.30260166666667 ,8.323675632476807,75.65328646125786 ,8788.0,10:46:04 AM,1572671764170
5.711 ,9.119 ,4.518,23.57323666666667,87.30260166666667 ,8.323675632476807,75.65328646125786 ,8788.0,10:46:04 AM,1572671764171
6.394 ,10.271 ,4.16,23.57323666666667,87.30260166666667 ,8.323675632476807,75.65328646125786 ,8788.0,10:46:04 AM,1572671764173
3.693 ,9.907 ,-1.14,23.57323666666667,87.30260166666667 ,8.323675632476807,75.65328646125786 ,8788.0,10:46:04 AM,1572671764174
0.907 ,8.446 ,-4.693,23.57323666666667,87.30260166666667 ,8.323675632476807,75.65328646125786 ,8788.0,10:46:04 AM,1572671764179
-1.65 ,7.958 ,-5.807,23.57323666666667,87.30260166666667 ,8.323675632476807,75.65328646125786 ,8788.0,10:46:04 AM,1572671764182
-4.396 ,9.379 ,-5.231,23.57323666666667,87.30260166666667 ,8.323675632476807,75.65328646125786 ,8788.0,10:46:04 AM,1572671764182
-4.177 ,11.122 ,1.233,23.57323666666667,87.30260166666667 ,8.323675632476807,75.65328646125786 ,8788.0,10:46:04 AM,1572671764183
-5.25 ,10.763 ,5.602,23.57323666666667,87.30260166666667 ,8.323675632476807,75.65328646125786 ,8788.0,10:46:04 AM,1572671764188
-4.819 ,9.747 ,8.671,23.57323666666667,87.30260166666667 ,8.323675632476807,75.65328646125786 ,8788.0,10:46:04 AM,1572671764189
-2.271 ,9.01 ,11.49,23.57323666666667,87.30260166666667 ,8.323675632476807,75.65328646125786 ,8788.0,10:46:04 AM,1572671764194
-0.674 ,7.933 ,12.771,23.57323666666667,87.30260166666667 ,8.323675632476807,75.65328646125786 ,8788.0,10:46:04 AM,1572671764194
2.564 ,8.674 ,10.821,23.57323666666667,87.30260166666667 ,8.323675632476807,75.65328646125786 ,9288.0,10:46:04 AM,1572671764200
5.26 ,9.449 ,5.781,23.57323666666667,87.30260166666667 ,8.323675632476807,75.65328646125786 ,9288.0,10:46:04 AM,1572671764201
6.189 ,8.706 ,1.854,23.57323666666667,87.30260166666667 ,8.323675632476807,75.65328646125786 ,9288.0,10:46:04 AM,1572671764202
5.317 ,8.668 ,0.319,23.57323666666667,87.30260166666667 ,8.323675632476807,75.65328646125786 ,9288.0,10:46:04 AM,1572671764202
3.54 ,8.966 ,0.568,23.57323666666667,87.30260166666667 ,8.323675632476807,75.65328646125786 ,9288.0,10:46:04 AM,1572671764207
0.931 ,8.354 ,2.665,23.57323666666667,87.30260166666667 ,8.323675632476807,75.65328646125786 ,9288.0,10:46:04 AM,1572671764207
-2.553 ,7.365 ,6.822,23.57323666666667,87.30260166666667 ,8.323675632476807,75.65328646125786 ,9288.0,10:46:04 AM,1572671764212
-4.692 ,7.321 ,8.381,23.57323666666667,87.30260166666667 ,8.323675632476807,75.65328646125786 ,9288.0,10:46:04 AM,1572671764212
-3.957 ,7.294 ,9.105,23.57323666666667,87.30260166666667 ,8.323675632476807,75.65328646125786 ,9288.0,10:46:04 AM,1572671764219
-3.51 ,6.994 ,9.67,23.57323666666667,87.30260166666667 ,8.323675632476807,75.65328646125786 ,9288.0,10:46:04 AM,1572671764219
-2.329 ,9.792 ,8.484,23.57323666666667,87.30260166666667 ,8.323675632476807,75.65328646125786 ,9288.0,10:46:04 AM,1572671764223
0.555 ,12.965 ,7.185,23.57323666666667,87.30260166666667 ,8.323675632476807,75.65328646125786 ,9288.0,10:46:04 AM,1572671764224
1.059 ,12.469 ,4.586,23.57323666666667,87.30260166666667 ,8.323675632476807,75.65328646125786 ,9288.0,10:46:04 AM,1572671764228
0.442 ,10.077 ,-0.406,23.57323666666667,87.30260166666667 ,8.323675632476807,75.65328646125786 ,9288.0,10:46:04 AM,1572671764228
1.661 ,9.227 ,-3.569,23.57323666666667,87.30260166666667 ,8.323675632476807,75.65328646125786 ,9288.0,10:46:04 AM,1572671764232
1.341 ,9.572 ,-1.619,23.57323666666667,87.30260166666667 ,8.323675632476807,75.65328646125786 ,9288.0,10:46:04 AM,1572671764233
1.485 ,11.961 ,4.252,23.57323666666667,87.30260166666667 ,8.323675632476807,75.65328646125786 ,9288.0,10:46:04 AM,1572671764238
2.392 ,13.773 ,6.208,23.57323666666667,87.30260166666667 ,8.323675632476807,75.65328646125786 ,9288.0,10:46:04 AM,1572671764238
3.0 ,11.971 ,4.28,23.57323666666667,87.30260166666667 ,8.323675632476807,75.65328646125786 ,9288.0,10:46:04 AM,1572671764243
1.934 ,7.682 ,1.513,23.57323666666667,87.30260166666667 ,8.323675632476807,75.65328646125786 ,9288.0,10:46:04 AM,1572671764243
0.064 ,5.796 ,-1.251,23.57323666666667,87.30260166666667 ,8.323675632476807,75.65328646125786 ,9288.0,10:46:04 AM,1572671764249
-0.271 ,7.15 ,-1.421,23.57323666666667,87.30260166666667 ,8.323675632476807,75.65328646125786 ,9288.0,10:46:04 AM,1572671764250
-1.873 ,9.077 ,1.491,23.57323666666667,87.30260166666667 ,8.323675632476807,75.65328646125786 ,9288.0,10:46:04 AM,1572671764252
-2.597 ,10.78 ,6.668,23.57323666666667,87.30260166666667 ,8.323675632476807,75.65328646125786 ,9288.0,10:46:04 AM,1572671764252
-4.047 ,12.743 ,4.004,23.57323666666667,87.30260166666667 ,8.323675632476807,75.65328646125786 ,9288.0,10:46:04 AM,1572671764257
-2.234 ,12.858 ,7.153,23.57323666666667,87.30260166666667 ,8.323675632476807,75.65328646125786 ,9288.0,10:46:04 AM,1572671764257
-1.831 ,11.833 ,4.557,23.57323666666667,87.30260166666667 ,8.323675632476807,75.65328646125786 ,9288.0,10:46:04 AM,1572671764262
1.627 ,11.603 ,2.553,23.57323666666667,87.30260166666667 ,8.323675632476807,75.65328646125786 ,9288.0,10:46:04 AM,1572671764262
3.049 ,11.585 ,-0.609,23.57323666666667,87.30260166666667 ,8.323675632476807,75.65328646125786 ,9288.0,10:46:04 AM,1572671764268
4.42 ,11.966 ,1.046,23.57323666666667,87.30260166666667 ,8.323675632476807,75.65328646125786 ,9288.0,10:46:04 AM,1572671764268
4.489 ,12.896 ,2.12,23.57323666666667,87.30260166666667 ,8.323675632476807,75.65328646125786 ,9288.0,10:46:04 AM,1572671764273
3.95 ,12.839 ,0.779,23.57323666666667,87.30260166666667 ,8.323675632476807,75.65328646125786 ,9288.0,10:46:04 AM,1572671764273
-0.07 ,10.47 ,-1.915,23.57323666666667,87.30260166666667 ,8.323675632476807,75.65328646125786 ,9288.0,10:46:04 AM,1572671764276
-3.487 ,9.148 ,-4.064,23.57323666666667,87.30260166666667 ,8.323675632476807,75.65328646125786 ,9288.0,10:46:04 AM,1572671764277
-5.936 ,8.941 ,-3.363,23.57323666666667,87.30260166666667 ,8.323675632476807,75.65328646125786 ,9288.0,10:46:04 AM,1572671764284
-5.987 ,9.131 ,5.024,23.57323666666667,87.30260166666667 ,8.323675632476807,75.65328646125786 ,9288.0,10:46:04 AM,1572671764285
-5.65 ,11.49 ,8.696,23.57323666666667,87.30260166666667 ,8.323675632476807,75.65328646125786 ,9288.0,10:46:04 AM,1572671764289
-1.532 ,13.021 ,10.215,23.57323666666667,87.30260166666667 ,8.323675632476807,75.65328646125786 ,9288.0,10:46:04 AM,1572671764289
1.394 ,11.254 ,9.19,23.57323666666667,87.30260166666667 ,8.323675632476807,75.65328646125786 ,9288.0,10:46:04 AM,1572671764294
4.131 ,8.802 ,7.052,23.57323666666667,87.30260166666667 ,8.323675632476807,75.65328646125786 ,9288.0,10:46:04 AM,1572671764294
5.788 ,8.379 ,2.344,23.57323666666667,87.30260166666667 ,8.323675632476807,75.65328646125786 ,9288.0,10:46:04 AM,1572671764299
5.392 ,8.842 ,2.248,23.57323666666667,87.30260166666667 ,8.323675632476807,75.65328646125786 ,9288.0,10:46:04 AM,1572671764300
3.416 ,10.084 ,5.34,23.57323666666667,87.30260166666667 ,8.323675632476807,75.65328646125786 ,9288.0,10:46:04 AM,1572671764301
1.44 ,11.451 ,5.177,23.57323666666667,87.30260166666667 ,8.323675632476807,75.65328646125786 ,9288.0,10:46:04 AM,1572671764302
0.623 ,10.588 ,5.302,23.57323666666667,87.30260166666667 ,8.323675632476807,75.65328646125786 ,9288.0,10:46:04 AM,1572671764309
-1.806 ,8.583 ,5.928,23.57323666666667,87.30260166666667 ,8.323675632476807,75.65328646125786 ,9288.0,10:46:04 AM,1572671764309
-3.749 ,9.246 ,4.132,23.57323666666667,87.30260166666667 ,8.323675632476807,75.65328646125786 ,9288.0,10:46:04 AM,1572671764313
-2.87 ,10.249 ,3.765,23.57323666666667,87.30260166666667 ,8.323675632476807,75.65328646125786 ,9288.0,10:46:04 AM,1572671764314
-3.629 ,9.222 ,5.066,23.57323666666667,87.30260166666667 ,8.323675632476807,75.65328646125786 ,9288.0,10:46:04 AM,1572671764319
