x,y,z,latitude,longitude,speed,sound,light,time,timestamp
1.74 ,1.565 ,2.203,23.571379999999998,87.30258833333333 ,45.31511535644531,90.19925647014028 ,9667.0,10:46:26 AM,1572671786995
1.06 ,3.447 ,1.065,23.571379999999998,87.30258833333333 ,45.31511535644531,90.19925647014028 ,9667.0,10:46:26 AM,1572671786999
-1.326 ,7.156 ,2.587,23.571379999999998,87.30258833333333 ,45.31511535644531,90.19925647014028 ,9667.0,10:46:27 AM,1572671787000
3.199 ,11.073 ,12.472,23.571379999999998,87.30258833333333 ,45.31511535644531,90.19925647014028 ,9667.0,10:46:27 AM,1572671787004
-2.751 ,10.957 ,4.106,23.571379999999998,87.30258833333333 ,45.31511535644531,90.19925647014028 ,9667.0,10:46:27 AM,1572671787005
-3.036 ,12.894 ,-7.562,23.571379999999998,87.30258833333333 ,45.31511535644531,90.19925647014028 ,9667.0,10:46:27 AM,1572671787009
-0.771 ,8.399 ,-14.989,23.571379999999998,87.30258833333333 ,45.31511535644531,90.19925647014028 ,9667.0,10:46:27 AM,1572671787009
1.376 ,3.869 ,-17.622,23.571379999999998,87.30258833333333 ,45.31511535644531,90.19925647014028 ,9667.0,10:46:27 AM,1572671787013
3.798 ,6.705 ,-15.183,23.571379999999998,87.30258833333333 ,45.31511535644531,90.19925647014028 ,9667.0,10:46:27 AM,1572671787014
6.351 ,13.959 ,-6.106,23.571379999999998,87.30258833333333 ,45.31511535644531,90.19925647014028 ,9667.0,10:46:27 AM,1572671787018
5.452 ,17.316 ,8.794,23.571379999999998,87.30258833333333 ,45.31511535644531,90.19925647014028 ,9667.0,10:46:27 AM,1572671787019
3.073 ,14.923 ,14.381,23.571379999999998,87.30258833333333 ,45.31511535644531,90.19925647014028 ,9667.0,10:46:27 AM,1572671787024
-2.413 ,8.585 ,8.813,23.571379999999998,87.30258833333333 ,45.31511535644531,90.19925647014028 ,9667.0,10:46:27 AM,1572671787025
-3.081 ,2.42 ,11.486,23.571379999999998,87.30258833333333 ,45.31511535644531,90.19925647014028 ,9667.0,10:46:27 AM,1572671787029
-4.735 ,3.096 ,13.043,23.571379999999998,87.30258833333333 ,45.31511535644531,90.19925647014028 ,9667.0,10:46:27 AM,1572671787029
-2.548 ,6.307 ,18.779,23.571379999999998,87.30258833333333 ,45.31511535644531,90.19925647014028 ,9667.0,10:46:27 AM,1572671787033
1.262 ,9.871 ,24.684,23.571379999999998,87.30258833333333 ,45.31511535644531,90.19925647014028 ,9667.0,10:46:27 AM,1572671787034
2.855 ,8.352 ,17.246,23.571379999999998,87.30258833333333 ,45.31511535644531,90.19925647014028 ,9667.0,10:46:27 AM,1572671787039
3.94 ,4.802 ,12.99,23.571379999999998,87.30258833333333 ,45.31511535644531,90.19925647014028 ,9667.0,10:46:27 AM,1572671787040
1.511 ,4.003 ,6.345,23.571379999999998,87.30258833333333 ,45.31511535644531,90.19925647014028 ,9667.0,10:46:27 AM,1572671787044
0.449 ,5.412 ,12.77,23.571379999999998,87.30258833333333 ,45.31511535644531,90.19925647014028 ,9667.0,10:46:27 AM,1572671787045
-6.068 ,7.474 ,12.051,23.571379999999998,87.30258833333333 ,45.31511535644531,90.19925647014028 ,9667.0,10:46:27 AM,1572671787048
-5.555 ,10.0 ,13.835,23.571379999999998,87.30258833333333 ,45.31511535644531,90.19925647014028 ,9667.0,10:46:27 AM,1572671787049
-7.696 ,8.837 ,6.727,23.571379999999998,87.30258833333333 ,45.31511535644531,90.19925647014028 ,9667.0,10:46:27 AM,1572671787053
-4.594 ,7.423 ,0.541,23.571379999999998,87.30258833333333 ,45.31511535644531,90.19925647014028 ,9667.0,10:46:27 AM,1572671787054
-2.87 ,6.93 ,-6.375,23.571379999999998,87.30258833333333 ,45.31511535644531,90.19925647014028 ,9667.0,10:46:27 AM,1572671787059
-1.427 ,7.4 ,-8.128,23.571379999999998,87.30258833333333 ,45.31511535644531,90.19925647014028 ,9667.0,10:46:27 AM,1572671787060
-0.816 ,10.818 ,-7.888,23.571379999999998,87.30258833333333 ,45.31511535644531,90.19925647014028 ,9667.0,10:46:27 AM,1572671787064
-1.462 ,12.654 ,-4.794,23.571379999999998,87.30258833333333 ,45.31511535644531,90.19925647014028 ,9667.0,10:46:27 AM,1572671787065
-4.842 ,14.45 ,0.304,23.571379999999998,87.30258833333333 ,45.31511535644531,90.19925647014028 ,9667.0,10:46:27 AM,1572671787068
-6.628 ,14.966 ,9.561,23.571379999999998,87.30258833333333 ,45.31511535644531,90.19925647014028 ,9667.0,10:46:27 AM,1572671787069
-7.497 ,15.164 ,11.462,23.571379999999998,87.30258833333333 ,45.31511535644531,90.19925647014028 ,9667.0,10:46:27 AM,1572671787074
-6.901 ,9.484 ,13.866,23.571379999999998,87.30258833333333 ,45.31511535644531,90.19925647014028 ,9667.0,10:46:27 AM,1572671787075
-3.32 ,4.383 ,13.665,23.571379999999998,87.30258833333333 ,45.31511535644531,90.19925647014028 ,9667.0,10:46:27 AM,1572671787079
2.137 ,0.076 ,15.991,23.571379999999998,87.30258833333333 ,45.31511535644531,90.19925647014028 ,9667.0,10:46:27 AM,1572671787080
2.498 ,4.268 ,10.954,23.571379999999998,87.30258833333333 ,45.31511535644531,90.19925647014028 ,9667.0,10:46:27 AM,1572671787084
7.288 ,9.267 ,19.039,23.571379999999998,87.30258833333333 ,45.31511535644531,90.19925647014028 ,9667.0,10:46:27 AM,1572671787085
5.496 ,11.821 ,15.508,23.571379999999998,87.30258833333333 ,45.31511535644531,90.19925647014028 ,9667.0,10:46:27 AM,1572671787088
1.786 ,9.583 ,3.425,23.571379999999998,87.30258833333333 ,45.31511535644531,90.19925647014028 ,9667.0,10:46:27 AM,1572671787089
1.614 ,8.803 ,-8.815,23.571379999999998,87.30258833333333 ,45.31511535644531,90.19925647014028 ,9667.0,10:46:27 AM,1572671787093
-0.977 ,5.905 ,-12.066,23.571379999999998,87.30258833333333 ,45.31511535644531,90.19925647014028 ,9667.0,10:46:27 AM,1572671787094
-1.784 ,7.078 ,-9.421,23.571379999999998,87.30258833333333 ,45.31511535644531,90.19925647014028 ,9667.0,10:46:27 AM,1572671787098
0.325 ,10.108 ,-0.421,23.571379999999998,87.30258833333333 ,45.31511535644531,90.19925647014028 ,9667.0,10:46:27 AM,1572671787099
-0.969 ,12.455 ,6.302,23.571379999999998,87.30258833333333 ,45.31511535644531,90.19925647014028 ,9667.0,10:46:27 AM,1572671787104
1.071 ,12.425 ,16.326,23.571379999999998,87.30258833333333 ,45.31511535644531,90.19925647014028 ,9667.0,10:46:27 AM,1572671787105
-1.678 ,10.431 ,15.755,23.571379999999998,87.30258833333333 ,45.31511535644531,90.19925647014028 ,9667.0,10:46:27 AM,1572671787108
-1.035 ,9.741 ,11.902,23.571379999999998,87.30258833333333 ,45.31511535644531,90.19925647014028 ,9667.0,10:46:27 AM,1572671787109
-2.456 ,7.95 ,9.195,23.571379999999998,87.30258833333333 ,45.31511535644531,90.19925647014028 ,9667.0,10:46:27 AM,1572671787113
-2.077 ,6.17 ,7.122,23.571379999999998,87.30258833333333 ,45.31511535644531,90.19925647014028 ,9667.0,10:46:27 AM,1572671787114
0.305 ,4.963 ,3.556,23.571379999999998,87.30258833333333 ,45.31511535644531,90.19925647014028 ,9667.0,10:46:27 AM,1572671787118
3.323 ,5.843 ,2.472,23.571379999999998,87.30258833333333 ,45.31511535644531,90.19925647014028 ,9667.0,10:46:27 AM,1572671787119
4.059 ,6.932 ,0.48,23.571379999999998,87.30258833333333 ,45.31511535644531,90.19925647014028 ,9667.0,10:46:27 AM,1572671787124
6.112 ,9.409 ,3.919,23.571379999999998,87.30258833333333 ,45.31511535644531,90.19925647014028 ,9667.0,10:46:27 AM,1572671787125
2.984 ,9.463 ,4.179,23.571379999999998,87.30258833333333 ,45.31511535644531,90.19925647014028 ,9667.0,10:46:27 AM,1572671787129
1.536 ,7.163 ,4.086,23.571379999999998,87.30258833333333 ,45.31511535644531,90.19925647014028 ,9667.0,10:46:27 AM,1572671787130
-4.437 ,3.01 ,2.443,23.571379999999998,87.30258833333333 ,45.31511535644531,90.19925647014028 ,9667.0,10:46:27 AM,1572671787134
-5.872 ,2.903 ,5.452,23.571379999999998,87.30258833333333 ,45.31511535644531,90.19925647014028 ,9667.0,10:46:27 AM,1572671787135
-7.304 ,5.852 ,7.514,23.571379999999998,87.30258833333333 ,45.31511535644531,90.19925647014028 ,9667.0,10:46:27 AM,1572671787138
-5.775 ,7.755 ,11.89,23.571379999999998,87.30258833333333 ,45.31511535644531,90.19925647014028 ,9667.0,10:46:27 AM,1572671787139
-4.259 ,10.3 ,9.77,23.571379999999998,87.30258833333333 ,45.31511535644531,90.19925647014028 ,9667.0,10:46:27 AM,1572671787144
-1.819 ,11.49 ,8.46,23.571379999999998,87.30258833333333 ,45.31511535644531,90.19925647014028 ,9667.0,10:46:27 AM,1572671787145
0.963 ,14.836 ,11.04,23.571379999999998,87.30258833333333 ,45.31511535644531,90.19925647014028 ,9667.0,10:46:27 AM,1572671787148
1.536 ,17.214 ,13.056,23.571379999999998,87.30258833333333 ,45.31511535644531,90.19925647014028 ,9667.0,10:46:27 AM,1572671787149
0.974 ,18.906 ,11.108,23.571379999999998,87.30258833333333 ,45.31511535644531,90.19925647014028 ,9667.0,10:46:27 AM,1572671787153
1.793 ,14.672 ,8.464,23.571379999999998,87.30258833333333 ,45.31511535644531,90.19925647014028 ,9667.0,10:46:27 AM,1572671787154
-0.121 ,9.514 ,0.53,23.571379999999998,87.30258833333333 ,45.31511535644531,90.19925647014028 ,9667.0,10:46:27 AM,1572671787158
2.134 ,5.806 ,-1.607,23.571379999999998,87.30258833333333 ,45.31511535644531,90.19925647014028 ,9667.0,10:46:27 AM,1572671787159
3.184 ,6.896 ,-1.662,23.571379999999998,87.30258833333333 ,45.31511535644531,90.19925647014028 ,9667.0,10:46:27 AM,1572671787164
2.708 ,8.79 ,0.343,23.571379999999998,87.30258833333333 ,45.31511535644531,90.19925647014028 ,9667.0,10:46:27 AM,1572671787165
3.62 ,13.028 ,2.869,23.571379999999998,87.30258833333333 ,45.31511535644531,90.19925647014028 ,9667.0,10:46:27 AM,1572671787168
-0.677 ,13.995 ,-2.488,23.571379999999998,87.30258833333333 ,45.31511535644531,90.19925647014028 ,9667.0,10:46:27 AM,1572671787170
-3.251 ,14.165 ,-5.036,23.571379999999998,87.30258833333333 ,45.31511535644531,90.19925647014028 ,9667.0,10:46:27 AM,1572671787173
-8.343 ,12.28 ,-10.563,23.571379999999998,87.30258833333333 ,45.31511535644531,90.19925647014028 ,9667.0,10:46:27 AM,1572671787174
-9.702 ,11.875 ,-13.198,23.571379999999998,87.30258833333333 ,45.31511535644531,90.19925647014028 ,9667.0,10:46:27 AM,1572671787178
-10.304 ,11.775 ,-13.425,23.571379999999998,87.30258833333333 ,45.31511535644531,90.19925647014028 ,9667.0,10:46:27 AM,1572671787179
-5.772 ,7.395 ,-4.457,23.571379999999998,87.30258833333333 ,45.31511535644531,90.19925647014028 ,9667.0,10:46:27 AM,1572671787184
-2.553 ,6.873 ,1.675,23.571379999999998,87.30258833333333 ,45.31511535644531,90.19925647014028 ,9667.0,10:46:27 AM,1572671787185
-0.488 ,8.701 ,8.661,23.571379999999998,87.30258833333333 ,45.31511535644531,90.19925647014028 ,9667.0,10:46:27 AM,1572671787188
5.412 ,10.643 ,27.532,23.571379999999998,87.30258833333333 ,45.31511535644531,90.19925647014028 ,9667.0,10:46:27 AM,1572671787190
3.668 ,12.233 ,26.912,23.571379999999998,87.30258833333333 ,45.31511535644531,90.19925647014028 ,8996.0,10:46:27 AM,1572671787193
3.345 ,10.92 ,21.857,23.571379999999998,87.30258833333333 ,45.31511535644531,90.19925647014028 ,8996.0,10:46:27 AM,1572671787194
1.664 ,5.257 ,10.152,23.571379999999998,87.30258833333333 ,45.31511535644531,90.19925647014028 ,8996.0,10:46:27 AM,1572671787198
0.93 ,1.899 ,1.588,23.571379999999998,87.30258833333333 ,45.31511535644531,90.19925647014028 ,8996.0,10:46:27 AM,1572671787199
3.088 ,2.693 ,-0.797,23.571379999999998,87.30258833333333 ,45.31511535644531,90.19925647014028 ,8996.0,10:46:27 AM,1572671787204
2.023 ,3.966 ,0.833,23.571379999999998,87.30258833333333 ,45.31511535644531,90.19925647014028 ,8996.0,10:46:27 AM,1572671787204
5.017 ,6.222 ,8.286,23.571379999999998,87.30258833333333 ,45.31511535644531,90.19925647014028 ,8996.0,10:46:27 AM,1572671787208
2.77 ,7.416 ,6.457,23.571379999999998,87.30258833333333 ,45.31511535644531,90.19925647014028 ,8996.0,10:46:27 AM,1572671787209
2.235 ,7.106 ,8.43,23.571379999999998,87.30258833333333 ,45.31511535644531,90.19925647014028 ,8996.0,10:46:27 AM,1572671787213
-1.154 ,8.038 ,4.475,23.571379999999998,87.30258833333333 ,45.31511535644531,90.19925647014028 ,8996.0,10:46:27 AM,1572671787214
-5.878 ,6.841 ,3.5,23.571379999999998,87.30258833333333 ,45.31511535644531,90.19925647014028 ,8996.0,10:46:27 AM,1572671787218
-5.939 ,10.376 ,3.401,23.571379999999998,87.30258833333333 ,45.31511535644531,90.19925647014028 ,8996.0,10:46:27 AM,1572671787219
-7.212 ,12.361 ,1.568,23.571379999999998,87.30258833333333 ,45.31511535644531,90.19925647014028 ,8996.0,10:46:27 AM,1572671787224
-2.986 ,14.698 ,6.934,23.571379999999998,87.30258833333333 ,45.31511535644531,90.19925647014028 ,8996.0,10:46:27 AM,1572671787224
-0.113 ,17.307 ,7.422,23.571379999999998,87.30258833333333 ,45.31511535644531,90.19925647014028 ,8996.0,10:46:27 AM,1572671787228
2.612 ,17.319 ,5.553,23.571379999999998,87.30258833333333 ,45.31511535644531,90.19925647014028 ,8996.0,10:46:27 AM,1572671787229
5.871 ,14.667 ,1.841,23.571379999999998,87.30258833333333 ,45.31511535644531,90.19925647014028 ,8996.0,10:46:27 AM,1572671787233
4.205 ,8.612 ,-2.744,23.571379999999998,87.30258833333333 ,45.31511535644531,90.19925647014028 ,8996.0,10:46:27 AM,1572671787234
3.094 ,6.514 ,0.323,23.571379999999998,87.30258833333333 ,45.31511535644531,90.19925647014028 ,8996.0,10:46:27 AM,1572671787238
0.373 ,7.816 ,8.174,23.571379999999998,87.30258833333333 ,45.31511535644531,90.19925647014028 ,8996.0,10:46:27 AM,1572671787239
-2.729 ,10.148 ,9.785,23.571379999999998,87.30258833333333 ,45.31511535644531,90.19925647014028 ,8996.0,10:46:27 AM,1572671787243
