x,y,z,latitude,longitude,speed,sound,light,time,timestamp
-1.7395782 ,2.3066864 ,8.398804,23.55107714,87.29676823 ,19.440000343322755,77.4718494120951 ,0.0,21:04:19 PM,1574004859299
-0.28234863 ,0.33499146 ,7.7695007,23.55107714,87.29676823 ,19.440000343322755,77.4718494120951 ,0.0,21:04:19 PM,1574004859305
1.4979095 ,1.2107697 ,17.802597,23.55107714,87.29676823 ,19.440000343322755,77.4718494120951 ,0.0,21:04:19 PM,1574004859309
0.2033844 ,2.725418 ,20.07817,23.55107714,87.29676823 ,19.440000343322755,77.4718494120951 ,0.0,21:04:19 PM,1574004859312
-2.5339966 ,1.6678009 ,7.932205,23.55107714,87.29676823 ,19.440000343322755,77.4718494120951 ,0.0,21:04:19 PM,1574004859316
-2.5459595 ,1.5625153 ,6.9104767,23.55107714,87.29676823 ,19.440000343322755,77.4718494120951 ,0.0,21:04:19 PM,1574004859322
0.7513428 ,-1.4117584 ,8.717056,23.55107714,87.29676823 ,19.440000343322755,77.4718494120951 ,0.0,21:04:19 PM,1574004859326
2.0243225 ,6.2237244 ,21.377472,23.55107714,87.29676823 ,19.440000343322755,77.4718494120951 ,0.0,21:04:19 PM,1574004859331
-0.62213135 ,-0.124420166 ,0.5168457,23.55107714,87.29676823 ,19.440000343322755,77.4718494120951 ,0.0,21:04:19 PM,1574004859337
-1.7228394 ,4.2998962 ,3.7615204,23.55107714,87.29676823 ,19.440000343322755,77.4718494120951 ,0.0,21:04:19 PM,1574004859341
0.279953 ,3.1704865 ,10.674377,23.55107714,87.29676823 ,19.440000343322755,77.4718494120951 ,0.0,21:04:19 PM,1574004859346
0.04067993 ,7.824524 ,11.600403,23.55107714,87.29676823 ,19.440000343322755,77.4718494120951 ,0.0,21:04:19 PM,1574004859351
-0.6149597 ,4.3214417 ,-3.9361877,23.55107714,87.29676823 ,19.440000343322755,77.4718494120951 ,0.0,21:04:19 PM,1574004859357
0.38285828 ,9.178864 ,0.16989136,23.55107714,87.29676823 ,19.440000343322755,77.4718494120951 ,0.0,21:04:19 PM,1574004859361
2.732605 ,2.950348 ,5.309677,23.55107714,87.29676823 ,19.440000343322755,77.4718494120951 ,0.0,21:04:19 PM,1574004859366
3.328415 ,10.698303 ,17.831314,23.55107714,87.29676823 ,19.440000343322755,77.4718494120951 ,0.0,21:04:19 PM,1574004859372
0.122039795 ,3.1298065 ,1.8233337,23.55107714,87.29676823 ,19.440000343322755,77.4718494120951 ,0.0,21:04:19 PM,1574004859376
-0.727417 ,8.015961 ,4.864609,23.55107714,87.29676823 ,19.440000343322755,77.4718494120951 ,0.0,21:04:19 PM,1574004859381
0.8279114 ,3.8452606 ,12.220139,23.55107714,87.29676823 ,19.440000343322755,77.4718494120951 ,0.0,21:04:19 PM,1574004859389
1.0097656 ,5.922241 ,16.39801,23.55107714,87.29676823 ,19.440000343322755,77.4718494120951 ,0.0,21:04:19 PM,1574004859391
-1.4380798 ,0.8829498 ,4.4075775,23.55107714,87.29676823 ,19.440000343322755,77.4718494120951 ,0.0,21:04:19 PM,1574004859395
-2.8881378 ,3.8022003 ,4.790436,23.55107714,87.29676823 ,19.440000343322755,77.4718494120951 ,0.0,21:04:19 PM,1574004859400
-0.27038574 ,0.43310547 ,8.918045,23.55107714,87.29676823 ,19.440000343322755,77.4718494120951 ,0.0,21:04:19 PM,1574004859406
1.0671997 ,6.077774 ,20.07579,23.55107714,87.29676823 ,19.440000343322755,77.4718494120951 ,0.0,21:04:19 PM,1574004859410
-0.105285645 ,-2.0626068 ,2.0027924,23.55107714,87.29676823 ,19.440000343322755,77.4718494120951 ,0.0,21:04:19 PM,1574004859415
0.086135864 ,3.603592 ,8.580658,23.55107714,87.29676823 ,19.440000343322755,77.4718494120951 ,0.0,21:04:19 PM,1574004859422
0.6006012 ,1.1365967 ,11.688934,23.55107714,87.29676823 ,19.440000343322755,77.4718494120951 ,0.0,21:04:19 PM,1574004859425
0.7130585 ,6.180664 ,14.682358,23.55107714,87.29676823 ,19.440000343322755,77.4718494120951 ,0.0,21:04:19 PM,1574004859430
0.4019928 ,1.8879395 ,3.0628204,23.55107714,87.29676823 ,19.440000343322755,77.4718494120951 ,0.0,21:04:19 PM,1574004859435
1.4237366 ,3.1202393 ,6.57547,23.55107714,87.29676823 ,19.440000343322755,77.4718494120951 ,0.0,21:04:19 PM,1574004859441
3.5198364 ,1.3280182 ,14.5746765,23.55107714,87.29676823 ,19.440000343322755,77.4718494120951 ,0.0,21:04:19 PM,1574004859445
2.0003967 ,9.339188 ,21.16452,23.55107714,87.29676823 ,19.440000343322755,77.4718494120951 ,0.0,21:04:19 PM,1574004859449
-1.0983124 ,-0.49531555 ,-0.062210083,23.55107714,87.29676823 ,19.440000343322755,77.4718494120951 ,0.0,21:04:19 PM,1574004859455
0.73220825 ,6.6927185 ,12.112473,23.55107714,87.29676823 ,19.440000343322755,77.4718494120951 ,0.0,21:04:19 PM,1574004859460
1.3830566 ,1.1102753 ,16.326233,23.55107714,87.29676823 ,19.440000343322755,77.4718494120951 ,0.0,21:04:19 PM,1574004859464
-0.550354 ,5.25943 ,15.089142,23.55107714,87.29676823 ,19.440000343322755,77.4718494120951 ,0.0,21:04:19 PM,1574004859472
-3.5126648 ,2.6081696 ,2.4646149,23.55107714,87.29676823 ,19.440000343322755,77.4718494120951 ,0.0,21:04:19 PM,1574004859475
-4.0773773 ,4.749756 ,3.5988007,23.55107714,87.29676823 ,19.440000343322755,77.4718494120951 ,0.0,21:04:19 PM,1574004859478
-0.8446655 ,0.8614197 ,7.6163483,23.55107714,87.29676823 ,19.440000343322755,77.4718494120951 ,0.0,21:04:19 PM,1574004859483
0.7010956 ,8.5950165 ,14.349762,23.55107714,87.29676823 ,19.440000343322755,77.4718494120951 ,0.0,21:04:19 PM,1574004859490
-1.3639069 ,3.9361877 ,-5.4388885,23.55107714,87.29676823 ,19.440000343322755,77.4718494120951 ,0.0,21:04:19 PM,1574004859493
-0.5934143 ,7.910675 ,-0.6269226,23.55107714,87.29676823 ,19.440000343322755,77.4718494120951 ,0.0,21:04:19 PM,1574004859498
1.3399811 ,5.996414 ,10.403992,23.55107714,87.29676823 ,19.440000343322755,77.4718494120951 ,0.0,21:04:19 PM,1574004859506
1.3136597 ,5.1349945 ,11.416153,23.55107714,87.29676823 ,19.440000343322755,77.4718494120951 ,0.0,21:04:19 PM,1574004859508
0.8039856 ,4.307083 ,4.634903,23.55107714,87.29676823 ,19.440000343322755,77.4718494120951 ,0.0,21:04:19 PM,1574004859513
0.23928833 ,4.821533 ,8.621338,23.55107714,87.29676823 ,19.440000343322755,77.4718494120951 ,0.0,21:04:19 PM,1574004859517
1.311264 ,2.519638 ,11.58844,23.55107714,87.29676823 ,19.440000343322755,77.4718494120951 ,0.0,21:04:19 PM,1574004859524
1.1676941 ,4.697113 ,23.471191,23.55107714,87.29676823 ,19.440000343322755,77.4718494120951 ,0.0,21:04:19 PM,1574004859528
-0.9260254 ,0.77049255 ,11.047668,23.55107714,87.29676823 ,19.440000343322755,77.4718494120951 ,0.0,21:04:19 PM,1574004859532
-0.41635132 ,0.13400269 ,7.8341064,23.55107714,87.29676823 ,19.440000343322755,77.4718494120951 ,0.0,21:04:19 PM,1574004859539
0.7920227 ,3.5700989 ,15.773483,23.55107714,87.29676823 ,19.440000343322755,77.4718494120951 ,0.0,21:04:19 PM,1574004859542
-0.75613403 ,1.0097656 ,13.866409,23.55107714,87.29676823 ,19.440000343322755,77.4718494120951 ,0.0,21:04:19 PM,1574004859547
-1.9716797 ,2.8809662 ,9.410965,23.55107714,87.29676823 ,19.440000343322755,77.4718494120951 ,0.0,21:04:19 PM,1574004859551
-2.0410767 ,-0.31585693 ,8.293518,23.55107714,87.29676823 ,19.440000343322755,77.4718494120951 ,0.0,21:04:19 PM,1574004859557
-0.33738708 ,0.13400269 ,11.119446,23.55107714,87.29676823 ,19.440000343322755,77.4718494120951 ,0.0,21:04:19 PM,1574004859562
0.83509827 ,5.4723816 ,19.470398,23.55107714,87.29676823 ,19.440000343322755,77.4718494120951 ,0.0,21:04:19 PM,1574004859566
0.50727844 ,3.596405 ,6.0562286,23.55107714,87.29676823 ,19.440000343322755,77.4718494120951 ,0.0,21:04:19 PM,1574004859573
2.548355 ,4.4602203 ,3.2614136,23.55107714,87.29676823 ,19.440000343322755,77.4718494120951 ,0.0,21:04:19 PM,1574004859576
3.4576263 ,5.9724884 ,8.439484,23.55107714,87.29676823 ,19.440000343322755,77.4718494120951 ,0.0,21:04:19 PM,1574004859581
1.1078796 ,4.5009003 ,7.623535,23.55107714,87.29676823 ,19.440000343322755,77.4718494120951 ,0.0,21:04:19 PM,1574004859589
-0.7992096 ,9.394226 ,6.20459,23.55107714,87.29676823 ,19.440000343322755,77.4718494120951 ,0.0,21:04:19 PM,1574004859591
-1.8855438 ,6.0107727 ,-4.015152,23.55107714,87.29676823 ,19.440000343322755,77.4718494120951 ,0.0,21:04:19 PM,1574004859596
0.4355011 ,6.4414825 ,-1.9956207,23.55107714,87.29676823 ,19.440000343322755,77.4718494120951 ,0.0,21:04:19 PM,1574004859601
3.144165 ,7.6785736 ,8.432312,23.55107714,87.29676823 ,19.440000343322755,77.4718494120951 ,0.0,21:04:19 PM,1574004859607
1.1126556 ,5.2378845 ,4.6325073,23.55107714,87.29676823 ,19.440000343322755,77.4718494120951 ,0.0,21:04:19 PM,1574004859610
1.1940155 ,2.778061 ,2.6799622,23.55107714,87.29676823 ,19.440000343322755,77.4718494120951 ,0.0,21:04:19 PM,1574004859615
2.4813538 ,8.154739 ,10.758133,23.55107714,87.29676823 ,19.440000343322755,77.4718494120951 ,0.0,21:04:19 PM,1574004859623
2.8498535 ,1.306488 ,5.831314,23.55107714,87.29676823 ,19.440000343322755,77.4718494120951 ,0.0,21:04:19 PM,1574004859625
2.383255 ,8.063812 ,18.092133,23.55107714,87.29676823 ,19.440000343322755,77.4718494120951 ,0.0,21:04:19 PM,1574004859630
-0.81355286 ,-0.0047912598 ,9.973282,23.55107714,87.29676823 ,19.440000343322755,77.4718494120951 ,0.0,21:04:19 PM,1574004859634
-1.2658081 ,0.49531555 ,11.964111,23.55107714,87.29676823 ,19.440000343322755,77.4718494120951 ,0.0,21:04:19 PM,1574004859640
0.39720154 ,2.0195465 ,17.611176,23.55107714,87.29676823 ,19.440000343322755,77.4718494120951 ,0.0,21:04:19 PM,1574004859645
-0.47616577 ,2.182251 ,15.55574,23.55107714,87.29676823 ,19.440000343322755,77.4718494120951 ,0.0,21:04:19 PM,1574004859649
-0.52163696 ,-1.5840454 ,7.027725,23.55107714,87.29676823 ,19.440000343322755,77.4718494120951 ,0.0,21:04:19 PM,1574004859656
1.6725769 ,0.67237854 ,14.505295,23.55107714,87.29676823 ,19.440000343322755,79.69859263055736 ,0.0,21:04:19 PM,1574004859660
1.3997955 ,-1.2873383 ,12.689133,23.55107714,87.29676823 ,19.440000343322755,79.69859263055736 ,0.0,21:04:19 PM,1574004859664
0.28953552 ,0.41635132 ,11.215164,23.55107714,87.29676823 ,19.440000343322755,79.69859263055736 ,0.0,21:04:19 PM,1574004859668
-1.2562256 ,1.5505524 ,7.5350037,23.55107714,87.29676823 ,19.440000343322755,79.69859263055736 ,0.0,21:04:19 PM,1574004859675
-1.0504456 ,-1.6725769 ,7.2143555,23.55107714,87.29676823 ,19.440000343322755,79.69859263055736 ,0.0,21:04:19 PM,1574004859678
2.1128693 ,0.48812866 ,13.524231,23.55107714,87.29676823 ,19.440000343322755,79.69859263055736 ,0.0,21:04:19 PM,1574004859683
2.9694977 ,4.749756 ,19.630722,23.55107714,87.29676823 ,19.440000343322755,79.69859263055736 ,0.0,21:04:19 PM,1574004859689
0.80158997 ,1.5314026 ,3.373886,23.55107714,87.29676823 ,19.440000343322755,79.69859263055736 ,0.0,21:04:19 PM,1574004859692
1.2801666 ,5.1230316 ,7.819748,23.55107714,87.29676823 ,19.440000343322755,79.69859263055736 ,0.0,21:04:19 PM,1574004859697
2.045868 ,5.749954 ,12.926025,23.55107714,87.29676823 ,19.440000343322755,79.69859263055736 ,0.0,21:04:19 PM,1574004859706
1.2897339 ,6.094513 ,12.579071,23.55107714,87.29676823 ,19.440000343322755,79.69859263055736 ,0.0,21:04:19 PM,1574004859708
-0.01914978 ,8.202591 ,5.149353,23.55107714,87.29676823 ,19.440000343322755,79.69859263055736 ,0.0,21:04:19 PM,1574004859712
-1.1174469 ,2.6679993 ,-1.4285126,23.55107714,87.29676823 ,19.440000343322755,79.69859263055736 ,0.0,21:04:19 PM,1574004859717
0.17468262 ,3.9242249 ,12.452255,23.55107714,87.29676823 ,19.440000343322755,79.69859263055736 ,0.0,21:04:19 PM,1574004859723
-0.15074158 ,4.010376 ,21.755539,23.55107714,87.29676823 ,19.440000343322755,79.69859263055736 ,0.0,21:04:19 PM,1574004859728
-1.0217285 ,2.802002 ,6.9463654,23.55107714,87.29676823 ,19.440000343322755,79.69859263055736 ,0.0,21:04:19 PM,1574004859731
1.3926239 ,3.8739777 ,3.5030975,23.55107714,87.29676823 ,19.440000343322755,79.69859263055736 ,0.0,21:04:19 PM,1574004859739
2.1942139 ,4.141983 ,9.217148,23.55107714,87.29676823 ,19.440000343322755,79.69859263055736 ,0.0,21:04:19 PM,1574004859742
-1.6031952 ,-1.1413727 ,6.7836456,23.55107714,87.29676823 ,19.440000343322755,79.69859263055736 ,0.0,21:04:19 PM,1574004859747
-1.7371826 ,8.516052 ,12.08136,23.55107714,87.29676823 ,19.440000343322755,79.69859263055736 ,0.0,21:04:19 PM,1574004859751
-2.423935 ,6.0849457 ,-9.035294,23.55107714,87.29676823 ,19.440000343322755,79.69859263055736 ,0.0,21:04:19 PM,1574004859757
1.2897339 ,4.3262177 ,-4.967499,23.55107714,87.29676823 ,19.440000343322755,79.69859263055736 ,0.0,21:04:19 PM,1574004859761
4.627716 ,3.2039948 ,16.11087,23.55107714,87.29676823 ,19.440000343322755,79.69859263055736 ,0.0,21:04:19 PM,1574004859766
1.2801666 ,6.5730896 ,21.485153,23.55107714,87.29676823 ,19.440000343322755,79.69859263055736 ,0.0,21:04:19 PM,1574004859773
-1.5098724 ,0.5288086 ,0.1986084,23.55107714,87.29676823 ,19.440000343322755,79.69859263055736 ,0.0,21:04:19 PM,1574004859776
0.73698425 ,9.300903 ,13.830521,23.55107714,87.29676823 ,19.440000343322755,79.69859263055736 ,0.0,21:04:19 PM,1574004859781
