x,y,z,latitude,longitude,speed,sound,light,time,timestamp
0.21534729 ,7.0492554 ,9.346359,23.55069471,87.29752559 ,39.456000137329106,81.46686410417391 ,0.0,21:04:10 PM,1574004850044
-1.4715881 ,1.8089752 ,-1.9549408,23.55069471,87.29752559 ,39.456000137329106,81.46686410417391 ,0.0,21:04:10 PM,1574004850048
1.1964111 ,-1.3974152 ,8.872589,23.55069471,87.29752559 ,39.456000137329106,81.46686410417391 ,0.0,21:04:10 PM,1574004850056
3.775879 ,7.039688 ,22.707886,23.55069471,87.29752559 ,39.456000137329106,81.62575987280508 ,0.0,21:04:10 PM,1574004850060
0.7920227 ,3.7495575 ,0.15553284,23.55069471,87.29752559 ,39.456000137329106,81.62575987280508 ,0.0,21:04:10 PM,1574004850061
-0.4355011 ,8.671585 ,-5.4221344,23.55069471,87.29752559 ,39.456000137329106,81.62575987280508 ,0.0,21:04:10 PM,1574004850066
1.6295166 ,4.7976074 ,7.3746796,23.55069471,87.29752559 ,39.456000137329106,81.62575987280508 ,0.0,21:04:10 PM,1574004850072
2.9694977 ,7.573288 ,14.691925,23.55069471,87.29752559 ,39.456000137329106,81.62575987280508 ,0.0,21:04:10 PM,1574004850077
1.6055908 ,5.6757812 ,5.659027,23.55069471,87.29752559 ,39.456000137329106,81.62575987280508 ,0.0,21:04:10 PM,1574004850081
-0.14596558 ,4.8598175 ,-6.570694,23.55069471,87.29752559 ,39.456000137329106,81.62575987280508 ,0.0,21:04:10 PM,1574004850089
1.7730865 ,6.276367 ,11.69133,23.55069471,87.29752559 ,39.456000137329106,81.62575987280508 ,0.0,21:04:10 PM,1574004850092
2.2324982 ,2.0650024 ,13.715652,23.55069471,87.29752559 ,39.456000137329106,81.62575987280508 ,0.0,21:04:10 PM,1574004850096
1.660614 ,0.07896423 ,8.551941,23.55069471,87.29752559 ,39.456000137329106,81.62575987280508 ,0.0,21:04:10 PM,1574004850101
-0.1603241 ,1.2299042 ,7.310074,23.55069471,87.29752559 ,39.456000137329106,81.62575987280508 ,0.0,21:04:10 PM,1574004850108
-0.7465668 ,-0.59103394 ,13.552948,23.55069471,87.29752559 ,39.456000137329106,81.62575987280508 ,0.0,21:04:10 PM,1574004850111
0.35653687 ,-0.5407715 ,20.95874,23.55069471,87.29752559 ,39.456000137329106,81.62575987280508 ,0.0,21:04:10 PM,1574004850116
1.1916199 ,-0.5168457 ,14.029114,23.55069471,87.29752559 ,39.456000137329106,81.62575987280508 ,0.0,21:04:10 PM,1574004850123
1.0743713 ,-4.496109 ,6.7333984,23.55069471,87.29752559 ,39.456000137329106,81.62575987280508 ,0.0,21:04:10 PM,1574004850125
1.0863342 ,2.876175 ,21.250656,23.55069471,87.29752559 ,39.456000137329106,81.62575987280508 ,0.0,21:04:10 PM,1574004850131
-3.397812 ,-0.9643097 ,9.657425,23.55069471,87.29752559 ,39.456000137329106,81.62575987280508 ,0.0,21:04:10 PM,1574004850135
-3.4504547 ,0.15553284 ,2.1990051,23.55069471,87.29752559 ,39.456000137329106,81.62575987280508 ,0.0,21:04:10 PM,1574004850141
-0.08135986 ,2.8570251 ,6.867401,23.55069471,87.29752559 ,39.456000137329106,81.62575987280508 ,0.0,21:04:10 PM,1574004850146
-0.5240326 ,6.094513 ,-1.5505524,23.55069471,87.29752559 ,39.456000137329106,81.62575987280508 ,0.0,21:04:10 PM,1574004850150
-2.0841522 ,4.1730804 ,-9.492325,23.55069471,87.29752559 ,39.456000137329106,81.62575987280508 ,0.0,21:04:10 PM,1574004850157
2.2468567 ,2.967102 ,-3.0675964,23.55069471,87.29752559 ,39.456000137329106,81.62575987280508 ,0.0,21:04:10 PM,1574004850160
6.920044 ,11.866013 ,16.809586,23.55069471,87.29752559 ,39.456000137329106,81.62575987280508 ,0.0,21:04:10 PM,1574004850165
6.8745728 ,5.1828613 ,-4.7042847,23.55069471,87.29752559 ,39.456000137329106,81.62575987280508 ,0.0,21:04:10 PM,1574004850169
3.912262 ,14.072189 ,-2.2157593,23.55069471,87.29752559 ,39.456000137329106,81.62575987280508 ,0.0,21:04:10 PM,1574004850176
-1.6941223 ,9.418152 ,6.9463654,23.55069471,87.29752559 ,39.456000137329106,81.62575987280508 ,0.0,21:04:10 PM,1574004850179
-3.8165588 ,4.7330017 ,11.818146,23.55069471,87.29752559 ,39.456000137329106,81.62575987280508 ,0.0,21:04:10 PM,1574004850184
1.6845398 ,8.216949 ,18.683167,23.55069471,87.29752559 ,39.456000137329106,81.62575987280508 ,0.0,21:04:10 PM,1574004850192
2.9766693 ,7.130615 ,3.7328033,23.55069471,87.29752559 ,39.456000137329106,81.62575987280508 ,0.0,21:04:10 PM,1574004850195
-1.1700897 ,1.2969055 ,-2.0769653,23.55069471,87.29752559 ,39.456000137329106,81.62575987280508 ,0.0,21:04:10 PM,1574004850199
-3.349945 ,2.7804565 ,23.763123,23.55069471,87.29752559 ,39.456000137329106,81.62575987280508 ,0.0,21:04:10 PM,1574004850206
-4.9531403 ,2.6799622 ,31.386658,23.55069471,87.29752559 ,39.456000137329106,81.62575987280508 ,0.0,21:04:10 PM,1574004850209
-3.1680908 ,-0.9571228 ,12.880569,23.55069471,87.29752559 ,39.456000137329106,81.62575987280508 ,0.0,21:04:10 PM,1574004850213
-0.17706299 ,1.5314026 ,9.0759735,23.55069471,87.29752559 ,39.456000137329106,81.62575987280508 ,0.0,21:04:10 PM,1574004850218
1.9716797 ,-5.785843 ,0.9714813,23.55069471,87.29752559 ,39.456000137329106,81.62575987280508 ,0.0,21:04:10 PM,1574004850224
0.49771118 ,4.47937 ,17.319244,23.55069471,87.29752559 ,39.456000137329106,81.62575987280508 ,0.0,21:04:10 PM,1574004850228
-3.9505463 ,-5.996414 ,4.5559387,23.55069471,87.29752559 ,39.456000137329106,81.62575987280508 ,0.0,21:04:10 PM,1574004850232
-3.2638092 ,-0.14356995 ,16.153946,23.55069471,87.29752559 ,39.456000137329106,81.62575987280508 ,0.0,21:04:10 PM,1574004850240
0.7034912 ,1.3926239 ,14.423935,23.55069471,87.29752559 ,39.456000137329106,81.62575987280508 ,0.0,21:04:10 PM,1574004850243
4.240082 ,-0.89730835 ,11.842087,23.55069471,87.29752559 ,39.456000137329106,81.62575987280508 ,0.0,21:04:10 PM,1574004850248
7.068405 ,-0.7154541 ,21.312866,23.55069471,87.29752559 ,39.456000137329106,81.62575987280508 ,0.0,21:04:10 PM,1574004850252
5.9653015 ,6.0059814 ,22.37529,23.55074646,87.29745743 ,26.675999450683594,81.62575987280508 ,0.0,21:04:10 PM,1574004850261
-1.277771 ,4.9100647 ,6.5060883,23.55074646,87.29745743 ,26.675999450683594,81.62575987280508 ,0.0,21:04:10 PM,1574004850263
-3.739975 ,-1.9333954 ,-6.7166595,23.55074646,87.29745743 ,26.675999450683594,81.62575987280508 ,0.0,21:04:10 PM,1574004850267
1.2658081 ,2.7828522 ,27.82135,23.55074646,87.29745743 ,26.675999450683594,81.62575987280508 ,0.0,21:04:10 PM,1574004850273
1.7252197 ,4.146759 ,27.730423,23.55074646,87.29745743 ,26.675999450683594,81.62575987280508 ,0.0,21:04:10 PM,1574004850277
-0.70588684 ,3.517456 ,4.2113647,23.55074646,87.29745743 ,26.675999450683594,81.62575987280508 ,0.0,21:04:10 PM,1574004850281
-0.825531 ,3.8213348 ,-2.3497467,23.55074646,87.29745743 ,26.675999450683594,81.62575987280508 ,0.0,21:04:10 PM,1574004850289
0.9571228 ,5.7547455 ,17.163712,23.55074646,87.29745743 ,26.675999450683594,81.62575987280508 ,0.0,21:04:10 PM,1574004850291
-0.9786682 ,5.6327057 ,20.207382,23.55074646,87.29745743 ,26.675999450683594,81.62575987280508 ,0.0,21:04:10 PM,1574004850296
-2.7541351 ,6.6879425 ,-6.0538483,23.55074646,87.29745743 ,26.675999450683594,81.62575987280508 ,0.0,21:04:10 PM,1574004850301
0.33499146 ,13.404587 ,-11.313263,23.55074646,87.29745743 ,26.675999450683594,81.62575987280508 ,0.0,21:04:10 PM,1574004850307
4.6612244 ,11.708084 ,-6.826721,23.55074646,87.29745743 ,26.675999450683594,81.62575987280508 ,0.0,21:04:10 PM,1574004850311
1.8951111 ,5.824127 ,-5.5322113,23.55074646,87.29745743 ,26.675999450683594,81.62575987280508 ,0.0,21:04:10 PM,1574004850315
-2.2253265 ,7.4608154 ,5.3886414,23.55074646,87.29745743 ,26.675999450683594,81.62575987280508 ,0.0,21:04:10 PM,1574004850323
-4.0701904 ,9.174088 ,12.813568,23.55074646,87.29745743 ,26.675999450683594,81.62575987280508 ,0.0,21:04:10 PM,1574004850326
-3.3308105 ,7.7934265 ,-0.43070984,23.55074646,87.29745743 ,26.675999450683594,81.62575987280508 ,0.0,21:04:10 PM,1574004850330
1.3758698 ,3.2901306 ,-0.63409424,23.55074646,87.29745743 ,26.675999450683594,81.62575987280508 ,0.0,21:04:10 PM,1574004850334
4.297516 ,8.717056 ,20.803207,23.55074646,87.29745743 ,26.675999450683594,81.62575987280508 ,0.0,21:04:10 PM,1574004850341
1.8400879 ,-1.9094696 ,7.245468,23.55074646,87.29745743 ,26.675999450683594,81.62575987280508 ,0.0,21:04:10 PM,1574004850345
0.07896423 ,2.0578308 ,7.630707,23.55074646,87.29745743 ,26.675999450683594,81.62575987280508 ,0.0,21:04:10 PM,1574004850350
-0.059814453 ,3.9194489 ,12.725037,23.55074646,87.29745743 ,26.675999450683594,81.62575987280508 ,0.0,21:04:10 PM,1574004850357
-1.8807526 ,3.0556335 ,16.285553,23.55074646,87.29745743 ,26.675999450683594,81.62575987280508 ,0.0,21:04:10 PM,1574004850359
-2.9981995 ,0.75852966 ,10.466202,23.55074646,87.29745743 ,26.675999450683594,81.62575987280508 ,0.0,21:04:10 PM,1574004850364
-0.33021545 ,4.1491547 ,10.021149,23.55074646,87.29745743 ,26.675999450683594,81.62575987280508 ,0.0,21:04:10 PM,1574004850369
3.0053864 ,2.897705 ,9.9062805,23.55074646,87.29745743 ,26.675999450683594,81.62575987280508 ,0.0,21:04:10 PM,1574004850375
3.900299 ,5.09671 ,9.750748,23.55074646,87.29745743 ,26.675999450683594,81.62575987280508 ,0.0,21:04:10 PM,1574004850379
1.7180481 ,3.2566376 ,5.790634,23.55074646,87.29745743 ,26.675999450683594,81.62575987280508 ,0.0,21:04:10 PM,1574004850384
-0.8063812 ,7.4727783 ,17.850464,23.55074646,87.29745743 ,26.675999450683594,81.62575987280508 ,0.0,21:04:10 PM,1574004850390
-2.3090668 ,8.137985 ,17.03212,23.55074646,87.29745743 ,26.675999450683594,81.62575987280508 ,0.0,21:04:10 PM,1574004850395
-2.210968 ,3.1322021 ,4.8047943,23.55074646,87.29745743 ,26.675999450683594,81.62575987280508 ,0.0,21:04:10 PM,1574004850398
1.5266266 ,9.772293 ,13.466812,23.55074646,87.29745743 ,26.675999450683594,81.62575987280508 ,0.0,21:04:10 PM,1574004850406
1.6127625 ,7.635498 ,11.083557,23.55074646,87.29745743 ,26.675999450683594,81.62575987280508 ,0.0,21:04:10 PM,1574004850409
-0.8494568 ,4.977066 ,-6.135193,23.55074646,87.29745743 ,26.675999450683594,81.62575987280508 ,0.0,21:04:10 PM,1574004850413
-1.5673065 ,7.3339996 ,-5.005783,23.55074646,87.29745743 ,26.675999450683594,81.62575987280508 ,0.0,21:04:10 PM,1574004850418
-3.2662048 ,9.7986145 ,7.8915253,23.55074646,87.29745743 ,26.675999450683594,81.62575987280508 ,0.0,21:04:10 PM,1574004850424
-4.175476 ,-3.6969147 ,1.524231,23.55074646,87.29745743 ,26.675999450683594,81.62575987280508 ,0.0,21:04:10 PM,1574004850428
2.7804565 ,8.147568 ,16.35495,23.55074646,87.29745743 ,26.675999450683594,81.62575987280508 ,0.0,21:04:10 PM,1574004850432
7.3627167 ,4.759323 ,7.381851,23.55074646,87.29745743 ,26.675999450683594,81.62575987280508 ,0.0,21:04:10 PM,1574004850440
6.6879425 ,3.9673004 ,4.118042,23.55074646,87.29745743 ,26.675999450683594,81.62575987280508 ,0.0,21:04:10 PM,1574004850442
3.6418762 ,4.1036835 ,17.682968,23.55074646,87.29745743 ,26.675999450683594,81.62575987280508 ,0.0,21:04:10 PM,1574004850447
-1.1198425 ,3.728012 ,23.040497,23.55074646,87.29745743 ,26.675999450683594,81.62575987280508 ,0.0,21:04:10 PM,1574004850452
-3.0436707 ,0.4785614 ,9.104691,23.55074646,87.29745743 ,26.675999450683594,81.62575987280508 ,0.0,21:04:10 PM,1574004850458
0.49771118 ,3.0221405 ,6.3936157,23.55074646,87.29745743 ,26.675999450683594,81.62575987280508 ,0.0,21:04:10 PM,1574004850462
2.8785706 ,2.7565308 ,11.6362915,23.55074646,87.29745743 ,26.675999450683594,81.62575987280508 ,0.0,21:04:10 PM,1574004850467
0.5479584 ,3.4576263 ,12.16272,23.55074646,87.29745743 ,26.675999450683594,81.62575987280508 ,0.0,21:04:10 PM,1574004850474
-1.6103668 ,3.5940247 ,6.5659027,23.55074646,87.29745743 ,26.675999450683594,81.62575987280508 ,0.0,21:04:10 PM,1574004850477
-0.94277954 ,6.1830597 ,6.3553314,23.55074646,87.29745743 ,26.675999450683594,81.62575987280508 ,0.0,21:04:10 PM,1574004850481
-0.6077728 ,6.9391785 ,-0.3517456,23.55074646,87.29745743 ,26.675999450683594,81.62575987280508 ,0.0,21:04:10 PM,1574004850489
-0.01675415 ,7.171295 ,-1.1700897,23.55074646,87.29745743 ,26.675999450683594,81.62575987280508 ,0.0,21:04:10 PM,1574004850492
0.7657013 ,7.0253296 ,3.9625092,23.55074646,87.29745743 ,26.675999450683594,81.62575987280508 ,0.0,21:04:10 PM,1574004850495
-0.95474243 ,5.5633087 ,-2.3186493,23.55074646,87.29745743 ,26.675999450683594,81.62575987280508 ,0.0,21:04:10 PM,1574004850500
-0.5120697 ,8.745773 ,0.7513428,23.55074646,87.29745743 ,26.675999450683594,81.62575987280508 ,0.0,21:04:10 PM,1574004850507
0.035888672 ,9.332016 ,12.196213,23.55074646,87.29745743 ,26.675999450683594,81.62575987280508 ,0.0,21:04:10 PM,1574004850511
-0.1651001 ,0.48095703 ,0.46180725,23.55074646,87.29745743 ,26.675999450683594,81.62575987280508 ,0.0,21:04:10 PM,1574004850515
2.244461 ,8.815155 ,12.258423,23.55074646,87.29745743 ,26.675999450683594,81.62575987280508 ,0.0,21:04:10 PM,1574004850523
3.5748749 ,5.419739 ,9.853638,23.55074646,87.29745743 ,26.675999450683594,81.62575987280508 ,0.0,21:04:10 PM,1574004850525
