x,y,z,latitude,longitude,speed,sound,light,time,timestamp
1.5333557 ,10.504395 ,5.2917023,23.5422057,87.29665655 ,11.231999588012696,77.03982473841106 ,0.0,21:40:44 PM,1574007044649
-0.42823792 ,8.996948 ,3.9424133,23.5422057,87.29665655 ,11.231999588012696,77.03982473841106 ,0.0,21:40:44 PM,1574007044654
-2.4913177 ,7.3683777 ,5.201706,23.5422057,87.29665655 ,11.231999588012696,77.03982473841106 ,0.0,21:40:44 PM,1574007044659
-2.5914307 ,6.3691864 ,10.137878,23.5422057,87.29665655 ,11.231999588012696,76.70984245731461 ,0.0,21:40:44 PM,1574007044665
-1.4908295 ,4.511383 ,8.98851,23.5422057,87.29665655 ,11.231999588012696,76.70984245731461 ,0.0,21:40:44 PM,1574007044667
-0.64445496 ,6.0808716 ,7.6627655,23.5422057,87.29665655 ,11.231999588012696,76.70984245731461 ,0.0,21:40:44 PM,1574007044671
-2.2223206 ,9.393097 ,5.8575745,23.5422057,87.29665655 ,11.231999588012696,76.70984245731461 ,0.0,21:40:44 PM,1574007044676
-5.5630493 ,10.02565 ,2.356598,23.5422057,87.29665655 ,11.231999588012696,76.70984245731461 ,0.0,21:40:44 PM,1574007044685
-3.4936829 ,10.287201 ,4.4099274,23.5422057,87.29665655 ,11.231999588012696,76.70984245731461 ,0.0,21:40:44 PM,1574007044686
4.607147 ,11.214645 ,10.006744,23.5422057,87.29665655 ,11.231999588012696,76.70984245731461 ,0.0,21:40:44 PM,1574007044691
8.569748 ,8.108597 ,5.687393,23.5422057,87.29665655 ,11.231999588012696,76.70984245731461 ,0.0,21:40:44 PM,1574007044698
4.024048 ,7.283386 ,6.0356293,23.5422057,87.29665655 ,11.231999588012696,76.70984245731461 ,0.0,21:40:44 PM,1574007044701
-3.563919 ,7.9798584 ,8.264191,23.5422057,87.29665655 ,11.231999588012696,76.70984245731461 ,0.0,21:40:44 PM,1574007044705
-8.593567 ,6.9577484 ,-4.3292847,23.5422057,87.29665655 ,11.231999588012696,76.70984245731461 ,0.0,21:40:44 PM,1574007044710
-8.056122 ,11.637238 ,-4.230377,23.5422057,87.29665655 ,11.231999588012696,76.70984245731461 ,0.0,21:40:44 PM,1574007044717
-2.650177 ,16.536942 ,1.33992,23.5422057,87.29665655 ,11.231999588012696,76.70984245731461 ,0.0,21:40:44 PM,1574007044725
3.685318 ,11.858688 ,-8.140472,23.5422057,87.29665655 ,11.231999588012696,76.70984245731461 ,0.0,21:40:44 PM,1574007044732
7.2352295 ,13.928238 ,3.090744,23.5422057,87.29665655 ,11.231999588012696,76.70984245731461 ,0.0,21:40:44 PM,1574007044735
3.3625183 ,10.534027 ,6.0324554,23.5422057,87.29665655 ,11.231999588012696,76.70984245731461 ,0.0,21:40:44 PM,1574007044739
-4.988785 ,4.916214 ,4.50029,23.5422057,87.29665655 ,11.231999588012696,76.70984245731461 ,0.0,21:40:44 PM,1574007044744
-7.7393494 ,2.8662262 ,9.93718,23.5422057,87.29665655 ,11.231999588012696,76.70984245731461 ,0.0,21:40:44 PM,1574007044749
-3.2251892 ,3.3246155 ,10.269989,23.5422057,87.29665655 ,11.231999588012696,76.70984245731461 ,0.0,21:40:44 PM,1574007044754
1.2702789 ,4.60437 ,6.807907,23.5422057,87.29665655 ,11.231999588012696,76.70984245731461 ,0.0,21:40:44 PM,1574007044759
2.3217316 ,9.901535 ,6.5245667,23.5422057,87.29665655 ,11.231999588012696,76.70984245731461 ,0.0,21:40:44 PM,1574007044767
0.9500122 ,12.503265 ,2.0712433,23.5422057,87.29665655 ,11.231999588012696,76.70984245731461 ,0.0,21:40:44 PM,1574007044769
-0.78453064 ,12.073471 ,-1.0234375,23.5422057,87.29665655 ,11.231999588012696,76.70984245731461 ,0.0,21:40:44 PM,1574007044773
-0.9295807 ,10.966736 ,4.823715,23.5422057,87.29665655 ,11.231999588012696,76.70984245731461 ,0.0,21:40:44 PM,1574007044779
-0.31680298 ,7.500366 ,8.04454,23.5422057,87.29665655 ,11.231999588012696,76.70984245731461 ,0.0,21:40:44 PM,1574007044785
0.33003235 ,4.839447 ,7.8462067,23.5422057,87.29665655 ,11.231999588012696,76.70984245731461 ,0.0,21:40:44 PM,1574007044788
1.1564941 ,6.734146 ,9.610367,23.5422057,87.29665655 ,11.231999588012696,76.70984245731461 ,0.0,21:40:44 PM,1574007044792
-0.0068206787 ,7.106125 ,4.2160797,23.5422057,87.29665655 ,11.231999588012696,76.70984245731461 ,0.0,21:40:44 PM,1574007044800
-2.782013 ,8.351181 ,0.7801056,23.5422057,87.29665655 ,11.231999588012696,76.70984245731461 ,0.0,21:40:44 PM,1574007044803
-2.9578705 ,9.897751 ,-0.53886414,23.5422057,87.29665655 ,11.231999588012696,76.70984245731461 ,0.0,21:40:44 PM,1574007044807
-0.9934082 ,9.810944 ,-1.265274,23.5422057,87.29665655 ,11.231999588012696,76.70984245731461 ,0.0,21:40:44 PM,1574007044811
-0.26474 ,9.705475 ,0.7235565,23.5422057,87.29665655 ,11.231999588012696,76.70984245731461 ,0.0,21:40:44 PM,1574007044819
-0.48529053 ,11.37262 ,4.7595825,23.5422057,87.29665655 ,11.231999588012696,76.70984245731461 ,0.0,21:40:44 PM,1574007044823
-1.7068787 ,9.509308 ,-2.3322144,23.5422057,87.29665655 ,11.231999588012696,76.70984245731461 ,0.0,21:40:44 PM,1574007044826
-2.5375671 ,10.930298 ,-1.6637726,23.5422057,87.29665655 ,11.231999588012696,76.70984245731461 ,0.0,21:40:44 PM,1574007044833
-0.5457306 ,12.215607 ,2.3753662,23.5422057,87.29665655 ,11.231999588012696,76.70984245731461 ,0.0,21:40:44 PM,1574007044835
1.7591858 ,9.826996 ,2.7564697,23.5422057,87.29665655 ,11.231999588012696,76.70984245731461 ,0.0,21:40:44 PM,1574007044841
2.0933685 ,7.6956787 ,5.164673,23.5422057,87.29665655 ,11.231999588012696,76.70984245731461 ,0.0,21:40:44 PM,1574007044844
1.165329 ,8.154373 ,13.147018,23.5422057,87.29665655 ,11.231999588012696,76.70984245731461 ,0.0,21:40:44 PM,1574007044849
-1.614502 ,3.363556 ,8.848755,23.5422057,87.29665655 ,11.231999588012696,76.70984245731461 ,0.0,21:40:44 PM,1574007044859
-3.4019012 ,2.3350372 ,12.730072,23.5422057,87.29665655 ,11.231999588012696,76.70984245731461 ,0.0,21:40:44 PM,1574007044867
-1.5638275 ,3.6006317 ,13.350143,23.5422057,87.29665655 ,11.231999588012696,76.70984245731461 ,0.0,21:40:44 PM,1574007044871
1.0868988 ,4.3770294 ,5.5260468,23.5422057,87.29665655 ,11.231999588012696,76.70984245731461 ,0.0,21:40:44 PM,1574007044876
2.1326141 ,10.121628 ,2.3303375,23.5422057,87.29665655 ,11.231999588012696,76.70984245731461 ,0.0,21:40:44 PM,1574007044879
0.93777466 ,13.916565 ,-1.2344818,23.5422057,87.29665655 ,11.231999588012696,76.70984245731461 ,0.0,21:40:44 PM,1574007044884
-1.0224762 ,11.566696 ,-4.9173584,23.54223299,87.29667749 ,15.40800075531006,76.70984245731461 ,0.0,21:40:44 PM,1574007044888
-0.5025482 ,10.631989 ,2.9287567,23.54223299,87.29667749 ,15.40800075531006,76.70984245731461 ,0.0,21:40:44 PM,1574007044893
1.8891296 ,7.768158 ,4.5391235,23.54223299,87.29667749 ,15.40800075531006,76.70984245731461 ,0.0,21:40:44 PM,1574007044899
1.8672638 ,7.760193 ,4.431183,23.54223299,87.29667749 ,15.40800075531006,76.70984245731461 ,0.0,21:40:44 PM,1574007044902
-0.47547913 ,10.496918 ,3.9319916,23.54223299,87.29667749 ,15.40800075531006,76.70984245731461 ,0.0,21:40:44 PM,1574007044907
-1.769989 ,11.757477 ,2.6055756,23.54223299,87.29667749 ,15.40800075531006,76.70984245731461 ,0.0,21:40:44 PM,1574007044911
-1.2776184 ,10.32962 ,0.9262848,23.54223299,87.29667749 ,15.40800075531006,76.70984245731461 ,0.0,21:40:44 PM,1574007044917
0.27861023 ,8.689911 ,3.6211243,23.54223299,87.29667749 ,15.40800075531006,76.70984245731461 ,0.0,21:40:44 PM,1574007044921
0.66308594 ,6.094055 ,8.104233,23.54223299,87.29667749 ,15.40800075531006,76.70984245731461 ,0.0,21:40:44 PM,1574007044926
-0.9289093 ,1.7851257 ,8.608307,23.54223299,87.29667749 ,15.40800075531006,76.70984245731461 ,0.0,21:40:44 PM,1574007044932
-0.809906 ,2.729416 ,12.156433,23.54223299,87.29667749 ,15.40800075531006,76.70984245731461 ,0.0,21:40:44 PM,1574007044937
0.021499634 ,5.088852 ,8.005814,23.54223299,87.29667749 ,15.40800075531006,76.70984245731461 ,0.0,21:40:44 PM,1574007044941
-1.560669 ,8.469543 ,0.47013855,23.54223299,87.29667749 ,15.40800075531006,76.70984245731461 ,0.0,21:40:44 PM,1574007044947
-1.5094604 ,12.057541 ,-2.0519257,23.54223299,87.29667749 ,15.40800075531006,76.70984245731461 ,0.0,21:40:44 PM,1574007044952
1.9826965 ,13.518494 ,-2.07016,23.54223299,87.29667749 ,15.40800075531006,76.70984245731461 ,0.0,21:40:44 PM,1574007044956
3.2712708 ,11.079514 ,-0.78152466,23.54223299,87.29667749 ,15.40800075531006,76.70984245731461 ,0.0,21:40:44 PM,1574007044960
1.3468323 ,10.165344 ,4.7823334,23.54223299,87.29667749 ,15.40800075531006,76.70984245731461 ,0.0,21:40:44 PM,1574007044968
-0.8933258 ,7.4639893 ,5.0983887,23.54223299,87.29667749 ,15.40800075531006,76.70984245731461 ,0.0,21:40:44 PM,1574007044970
-1.840744 ,7.02713 ,7.1041107,23.54223299,87.29667749 ,15.40800075531006,76.70984245731461 ,0.0,21:40:44 PM,1574007044974
-1.1605377 ,5.9498444 ,1.487442,23.54223299,87.29667749 ,15.40800075531006,76.70984245731461 ,0.0,21:40:44 PM,1574007044979
-0.0675354 ,9.847229 ,4.1813507,23.54223299,87.29667749 ,15.40800075531006,76.70984245731461 ,0.0,21:40:44 PM,1574007044989
0.70591736 ,10.348404 ,-4.1845856,23.54223299,87.29667749 ,15.40800075531006,76.70984245731461 ,0.0,21:40:44 PM,1574007044994
1.8948364 ,14.653122 ,-3.4356232,23.54223299,87.29667749 ,15.40800075531006,76.70984245731461 ,0.0,21:40:45 PM,1574007045006
0.87142944 ,13.634232 ,-0.20428467,23.54223299,87.29667749 ,15.40800075531006,76.70984245731461 ,0.0,21:40:45 PM,1574007045011
-0.670166 ,9.394226 ,1.8510132,23.54223299,87.29667749 ,15.40800075531006,76.70984245731461 ,0.0,21:40:45 PM,1574007045016
0.87194824 ,6.755005 ,7.823654,23.54223299,87.29667749 ,15.40800075531006,76.70984245731461 ,0.0,21:40:45 PM,1574007045019
1.9370575 ,5.8648376 ,11.735062,23.54223299,87.29667749 ,15.40800075531006,76.70984245731461 ,0.0,21:40:45 PM,1574007045022
-0.6194153 ,3.517868 ,9.199738,23.54223299,87.29667749 ,15.40800075531006,76.70984245731461 ,0.0,21:40:45 PM,1574007045025
-2.487503 ,5.5937653 ,14.06308,23.54223299,87.29667749 ,15.40800075531006,76.70984245731461 ,0.0,21:40:45 PM,1574007045028
-1.8690643 ,5.3586426 ,13.161423,23.54223299,87.29667749 ,15.40800075531006,76.70984245731461 ,0.0,21:40:45 PM,1574007045035
-0.34866333 ,4.0191345 ,9.561218,23.54223299,87.29667749 ,15.40800075531006,76.70984245731461 ,0.0,21:40:45 PM,1574007045037
0.67933655 ,5.433548 ,10.829788,23.54223299,87.29667749 ,15.40800075531006,76.70984245731461 ,0.0,21:40:45 PM,1574007045042
-0.15481567 ,5.3257294 ,6.8294067,23.54223299,87.29667749 ,15.40800075531006,76.70984245731461 ,0.0,21:40:45 PM,1574007045047
-1.3198395 ,7.3612823 ,3.0628967,23.54223299,87.29667749 ,15.40800075531006,76.70984245731461 ,0.0,21:40:45 PM,1574007045053
-1.4472961 ,12.326996 ,4.3180237,23.54223299,87.29667749 ,15.40800075531006,76.70984245731461 ,0.0,21:40:45 PM,1574007045056
-1.2887573 ,12.8867035 ,-0.8127289,23.54223299,87.29667749 ,15.40800075531006,76.70984245731461 ,0.0,21:40:45 PM,1574007045061
0.6124573 ,12.370041 ,-2.5315094,23.54223299,87.29667749 ,15.40800075531006,76.70984245731461 ,0.0,21:40:45 PM,1574007045068
4.2569885 ,12.818665 ,2.0204926,23.54223299,87.29667749 ,15.40800075531006,76.70984245731461 ,0.0,21:40:45 PM,1574007045070
4.869034 ,10.6409 ,3.8989105,23.54223299,87.29667749 ,15.40800075531006,76.70984245731461 ,0.0,21:40:45 PM,1574007045076
1.0600128 ,9.181412 ,5.8074036,23.54223299,87.29667749 ,15.40800075531006,76.70984245731461 ,0.0,21:40:45 PM,1574007045080
-2.5319824 ,9.629089 ,9.158691,23.54223299,87.29667749 ,15.40800075531006,76.70984245731461 ,0.0,21:40:45 PM,1574007045087
-2.234665 ,7.511078 ,3.0664368,23.54223299,87.29667749 ,15.40800075531006,76.70984245731461 ,0.0,21:40:45 PM,1574007045090
1.7695007 ,9.498627 ,3.1315765,23.54223299,87.29667749 ,15.40800075531006,76.70984245731461 ,0.0,21:40:45 PM,1574007045095
4.878418 ,12.337891 ,6.4759827,23.54223299,87.29667749 ,15.40800075531006,76.70984245731461 ,0.0,21:40:45 PM,1574007045102
3.5127716 ,8.739838 ,1.0293884,23.54223299,87.29667749 ,15.40800075531006,76.70984245731461 ,0.0,21:40:45 PM,1574007045105
0.85365295 ,8.315857 ,2.252884,23.54223299,87.29667749 ,15.40800075531006,76.70984245731461 ,0.0,21:40:45 PM,1574007045113
-0.8838806 ,9.883301 ,12.400757,23.54223299,87.29667749 ,15.40800075531006,76.70984245731461 ,0.0,21:40:45 PM,1574007045116
-3.2869568 ,3.088791 ,1.8230438,23.54223299,87.29667749 ,15.40800075531006,76.70984245731461 ,0.0,21:40:45 PM,1574007045126
-2.7135162 ,5.01091 ,5.9496613,23.54223299,87.29667749 ,15.40800075531006,76.70984245731461 ,0.0,21:40:45 PM,1574007045129
1.456131 ,8.827576 ,7.633255,23.54223299,87.29667749 ,15.40800075531006,76.70984245731461 ,0.0,21:40:45 PM,1574007045139
3.708969 ,6.9522095 ,0.0048675537,23.54223299,87.29667749 ,15.40800075531006,76.70984245731461 ,0.0,21:40:45 PM,1574007045142
3.000122 ,8.680328 ,3.3126068,23.54223299,87.29667749 ,15.40800075531006,76.70984245731461 ,0.0,21:40:45 PM,1574007045145
