x,y,z,latitude,longitude,speed,sound,light,time,timestamp
-0.79307556 ,5.1467285 ,12.684738,23.54252296,87.29689803 ,11.412000274658203,76.76667601764963 ,0.0,21:40:53 PM,1574007053602
-2.1090393 ,6.044647 ,4.2724304,23.54252296,87.29689803 ,11.412000274658203,76.76667601764963 ,0.0,21:40:53 PM,1574007053606
-2.5802765 ,11.672989 ,5.171524,23.54252296,87.29689803 ,11.412000274658203,76.76667601764963 ,0.0,21:40:53 PM,1574007053614
-0.56947327 ,13.340866 ,-0.70843506,23.54252296,87.29689803 ,11.412000274658203,76.76667601764963 ,0.0,21:40:53 PM,1574007053616
3.035553 ,11.417694 ,-5.613739,23.54252296,87.29689803 ,11.412000274658203,76.76667601764963 ,0.0,21:40:53 PM,1574007053620
3.6260834 ,10.750671 ,6.512375,23.54252296,87.29689803 ,11.412000274658203,76.76667601764963 ,0.0,21:40:53 PM,1574007053625
0.5942993 ,3.9221954 ,4.9717255,23.54252296,87.29689803 ,11.412000274658203,76.76667601764963 ,0.0,21:40:53 PM,1574007053631
-1.2762451 ,2.9298248 ,7.223068,23.54252296,87.29689803 ,11.412000274658203,76.76667601764963 ,0.0,21:40:53 PM,1574007053635
-1.4162598 ,4.2049866 ,9.297241,23.54252296,87.29689803 ,11.412000274658203,76.76667601764963 ,0.0,21:40:53 PM,1574007053640
-1.8327637 ,4.232376 ,4.1844482,23.54252296,87.29689803 ,11.412000274658203,76.76667601764963 ,0.0,21:40:53 PM,1574007053648
0.8909912 ,8.460663 ,2.9492798,23.54252296,87.29689803 ,11.412000274658203,76.76667601764963 ,0.0,21:40:53 PM,1574007053649
6.14653 ,15.167847 ,4.5598907,23.54252296,87.29689803 ,11.412000274658203,76.76667601764963 ,0.0,21:40:53 PM,1574007053654
5.5830536 ,12.150574 ,-11.1805725,23.54252296,87.29689803 ,11.412000274658203,76.76667601764963 ,0.0,21:40:53 PM,1574007053658
-0.08557129 ,16.461578 ,7.648773,23.54252296,87.29689803 ,11.412000274658203,76.76667601764963 ,0.0,21:40:53 PM,1574007053665
-3.0961456 ,8.755203 ,2.1364746,23.54252296,87.29689803 ,11.412000274658203,76.76667601764963 ,0.0,21:40:53 PM,1574007053674
-1.5250397 ,5.9231415 ,2.815567,23.54252296,87.29689803 ,11.412000274658203,76.76667601764963 ,0.0,21:40:53 PM,1574007053681
-0.16293335 ,8.243439 ,13.403961,23.54252296,87.29689803 ,11.412000274658203,76.76667601764963 ,0.0,21:40:53 PM,1574007053683
-0.80293274 ,4.962921 ,7.7649536,23.54252296,87.29689803 ,11.412000274658203,76.76667601764963 ,0.0,21:40:53 PM,1574007053688
0.3297882 ,5.793686 ,9.265091,23.54252296,87.29689803 ,11.412000274658203,76.76667601764963 ,0.0,21:40:53 PM,1574007053693
2.2248688 ,7.3473206 ,13.357727,23.54252296,87.29689803 ,11.412000274658203,76.76667601764963 ,0.0,21:40:53 PM,1574007053701
1.0289001 ,6.0857086 ,6.067093,23.54252296,87.29689803 ,11.412000274658203,76.76667601764963 ,0.0,21:40:53 PM,1574007053706
-0.79203796 ,7.4811554 ,5.067581,23.54252296,87.29689803 ,11.412000274658203,76.76667601764963 ,0.0,21:40:53 PM,1574007053708
-1.0305939 ,10.204407 ,5.7708435,23.54252296,87.29689803 ,11.412000274658203,76.76667601764963 ,0.0,21:40:53 PM,1574007053712
-1.3047028 ,10.913406 ,0.7502594,23.54252296,87.29689803 ,11.412000274658203,76.76667601764963 ,0.0,21:40:53 PM,1574007053718
-1.1719208 ,13.744354 ,2.868515,23.54252296,87.29689803 ,11.412000274658203,76.76667601764963 ,0.0,21:40:53 PM,1574007053722
0.82702637 ,12.62944 ,-5.9575653,23.54252296,87.29689803 ,11.412000274658203,76.76667601764963 ,0.0,21:40:53 PM,1574007053727
3.20549 ,13.972534 ,-3.8482819,23.54252296,87.29689803 ,11.412000274658203,76.76667601764963 ,0.0,21:40:53 PM,1574007053733
3.3048553 ,12.871735 ,1.4468842,23.54252296,87.29689803 ,11.412000274658203,76.76667601764963 ,0.0,21:40:53 PM,1574007053738
1.490799 ,8.60379 ,0.6465759,23.54252296,87.29689803 ,11.412000274658203,76.76667601764963 ,0.0,21:40:53 PM,1574007053741
-0.050964355 ,7.478134 ,6.068985,23.54252296,87.29689803 ,11.412000274658203,76.76667601764963 ,0.0,21:40:53 PM,1574007053750
-1.4093933 ,6.861145 ,7.5296326,23.54252296,87.29689803 ,11.412000274658203,76.76667601764963 ,0.0,21:40:53 PM,1574007053753
-2.022293 ,6.332443 ,5.854889,23.54252296,87.29689803 ,11.412000274658203,76.76667601764963 ,0.0,21:40:53 PM,1574007053757
-0.7939148 ,8.9951935 ,10.974442,23.54252296,87.29689803 ,11.412000274658203,76.76667601764963 ,0.0,21:40:53 PM,1574007053760
0.097473145 ,7.075577 ,4.815201,23.54252296,87.29689803 ,11.412000274658203,76.76667601764963 ,0.0,21:40:53 PM,1574007053769
0.23182678 ,9.583542 ,10.729813,23.54252296,87.29689803 ,11.412000274658203,76.76667601764963 ,0.0,21:40:53 PM,1574007053772
0.97561646 ,7.7525024 ,4.4728546,23.54252296,87.29689803 ,11.412000274658203,76.76667601764963 ,0.0,21:40:53 PM,1574007053774
1.4019318 ,8.294464 ,1.2859192,23.54252296,87.29689803 ,11.412000274658203,76.76667601764963 ,0.0,21:40:53 PM,1574007053779
-0.029006958 ,9.230072 ,1.1510468,23.54252296,87.29689803 ,11.412000274658203,77.30885533742936 ,0.0,21:40:53 PM,1574007053784
-1.7101288 ,9.196945 ,0.6010437,23.54252296,87.29689803 ,11.412000274658203,77.30885533742936 ,0.0,21:40:53 PM,1574007053788
-1.4875183 ,11.131775 ,-2.6724548,23.54252296,87.29689803 ,11.412000274658203,77.30885533742936 ,0.0,21:40:53 PM,1574007053793
-0.09750366 ,14.10643 ,-1.4425964,23.54252296,87.29689803 ,11.412000274658203,77.30885533742936 ,0.0,21:40:53 PM,1574007053803
0.018600464 ,11.926239 ,-8.221146,23.54252296,87.29689803 ,11.412000274658203,77.30885533742936 ,0.0,21:40:53 PM,1574007053807
0.24307251 ,9.685226 ,-3.651001,23.54252296,87.29689803 ,11.412000274658203,77.30885533742936 ,0.0,21:40:53 PM,1574007053812
0.97340393 ,9.034058 ,5.683731,23.54252296,87.29689803 ,11.412000274658203,77.30885533742936 ,0.0,21:40:53 PM,1574007053819
-0.5292053 ,5.355484 ,-0.9950409,23.54252296,87.29689803 ,11.412000274658203,77.30885533742936 ,0.0,21:40:53 PM,1574007053823
-2.2513885 ,10.124313 ,8.894089,23.54252296,87.29689803 ,11.412000274658203,77.30885533742936 ,0.0,21:40:53 PM,1574007053827
-1.3963013 ,8.355179 ,2.019989,23.54252296,87.29689803 ,11.412000274658203,77.30885533742936 ,0.0,21:40:53 PM,1574007053834
1.6113434 ,9.7096405 ,6.1655426,23.54252296,87.29689803 ,11.412000274658203,77.30885533742936 ,0.0,21:40:53 PM,1574007053837
4.031967 ,9.619522 ,11.260422,23.54252296,87.29689803 ,11.412000274658203,77.30885533742936 ,0.0,21:40:53 PM,1574007053840
3.095169 ,7.6664734 ,9.768433,23.54252296,87.29689803 ,11.412000274658203,77.30885533742936 ,0.0,21:40:53 PM,1574007053848
-0.78115845 ,6.8168488 ,12.156174,23.54252296,87.29689803 ,11.412000274658203,77.30885533742936 ,0.0,21:40:53 PM,1574007053850
-4.4030914 ,5.6576996 ,17.626266,23.54252296,87.29689803 ,11.412000274658203,77.30885533742936 ,0.0,21:40:53 PM,1574007053856
-4.5221863 ,1.2963562 ,12.989395,23.54252296,87.29689803 ,11.412000274658203,77.30885533742936 ,0.0,21:40:53 PM,1574007053860
-0.2920227 ,3.2244415 ,17.175064,23.54252296,87.29689803 ,11.412000274658203,77.30885533742936 ,0.0,21:40:53 PM,1574007053869
3.407959 ,5.183365 ,8.764282,23.54252296,87.29689803 ,11.412000274658203,77.30885533742936 ,0.0,21:40:53 PM,1574007053870
2.2546692 ,10.176315 ,2.4863129,23.54256785,87.29692813 ,20.484000205993652,77.30885533742936 ,0.0,21:40:53 PM,1574007053874
-3.0307007 ,14.916595 ,1.4725037,23.54256785,87.29692813 ,20.484000205993652,77.30885533742936 ,0.0,21:40:53 PM,1574007053879
-7.814514 ,14.226105 ,-5.8679504,23.54256785,87.29692813 ,20.484000205993652,77.30885533742936 ,0.0,21:40:53 PM,1574007053884
-5.849869 ,14.577133 ,-1.1061096,23.54256785,87.29692813 ,20.484000205993652,77.30885533742936 ,0.0,21:40:53 PM,1574007053889
1.9017944 ,11.375687 ,2.5004883,23.54256785,87.29692813 ,20.484000205993652,77.30885533742936 ,0.0,21:40:53 PM,1574007053893
7.9312897 ,5.27623 ,-0.80441284,23.54256785,87.29692813 ,20.484000205993652,77.30885533742936 ,0.0,21:40:53 PM,1574007053898
7.8359833 ,6.26445 ,12.159195,23.54256785,87.29692813 ,20.484000205993652,77.30885533742936 ,0.0,21:40:53 PM,1574007053903
2.1486053 ,5.2230835 ,0.5977936,23.54256785,87.29692813 ,20.484000205993652,77.30885533742936 ,0.0,21:40:53 PM,1574007053910
-4.476761 ,7.7702484 ,-11.448242,23.54256785,87.29692813 ,20.484000205993652,77.30885533742936 ,0.0,21:40:53 PM,1574007053914
-7.8948517 ,17.354889 ,-1.7015533,23.54256785,87.29692813 ,20.484000205993652,77.30885533742936 ,0.0,21:40:53 PM,1574007053919
-6.4832 ,12.652069 ,-18.787598,23.54256785,87.29692813 ,20.484000205993652,77.30885533742936 ,0.0,21:40:53 PM,1574007053923
0.894104 ,17.312347 ,-6.080368,23.54256785,87.29692813 ,20.484000205993652,77.30885533742936 ,0.0,21:40:53 PM,1574007053927
7.0134735 ,14.195175 ,-0.38809204,23.54256785,87.29692813 ,20.484000205993652,77.30885533742936 ,0.0,21:40:53 PM,1574007053938
5.9376373 ,7.7524567 ,-2.0658875,23.54256785,87.29692813 ,20.484000205993652,77.30885533742936 ,0.0,21:40:53 PM,1574007053942
1.6973419 ,6.0886383 ,12.184814,23.54256785,87.29692813 ,20.484000205993652,77.30885533742936 ,0.0,21:40:53 PM,1574007053948
-2.446579 ,2.31398 ,11.719589,23.54256785,87.29692813 ,20.484000205993652,77.30885533742936 ,0.0,21:40:53 PM,1574007053952
-5.015793 ,1.7892914 ,9.156372,23.54256785,87.29692813 ,20.484000205993652,77.30885533742936 ,0.0,21:40:53 PM,1574007053957
-4.2381134 ,6.587204 ,18.291412,23.54256785,87.29692813 ,20.484000205993652,77.30885533742936 ,0.0,21:40:53 PM,1574007053962
-0.087127686 ,5.7108307 ,8.642242,23.54256785,87.29692813 ,20.484000205993652,77.30885533742936 ,0.0,21:40:53 PM,1574007053971
4.4594116 ,7.5428467 ,10.530609,23.54256785,87.29692813 ,20.484000205993652,77.30885533742936 ,0.0,21:40:53 PM,1574007053973
2.7045746 ,7.2197723 ,11.757172,23.54256785,87.29692813 ,20.484000205993652,77.30885533742936 ,0.0,21:40:53 PM,1574007053975
-4.931656 ,3.8020782 ,10.197174,23.54256785,87.29692813 ,20.484000205993652,77.30885533742936 ,0.0,21:40:53 PM,1574007053980
-9.374893 ,3.4632263 ,17.142105,23.54256785,87.29692813 ,20.484000205993652,77.30885533742936 ,0.0,21:40:53 PM,1574007053986
-6.930313 ,1.5180054 ,10.459412,23.54256785,87.29692813 ,20.484000205993652,77.30885533742936 ,0.0,21:40:53 PM,1574007053992
-0.78323364 ,4.997162 ,7.7815247,23.54256785,87.29692813 ,20.484000205993652,77.30885533742936 ,0.0,21:40:53 PM,1574007053995
3.7974396 ,10.802612 ,3.331543,23.54256785,87.29692813 ,20.484000205993652,77.30885533742936 ,0.0,21:40:54 PM,1574007054001
2.716095 ,14.545853 ,-8.27858,23.54256785,87.29692813 ,20.484000205993652,77.30885533742936 ,0.0,21:40:54 PM,1574007054005
-2.1934967 ,17.635757 ,-8.002441,23.54256785,87.29692813 ,20.484000205993652,77.30885533742936 ,0.0,21:40:54 PM,1574007054009
-5.441223 ,14.771622 ,-6.0178986,23.54256785,87.29692813 ,20.484000205993652,77.30885533742936 ,0.0,21:40:54 PM,1574007054019
-3.3118286 ,8.955566 ,-2.411255,23.54256785,87.29692813 ,20.484000205993652,77.30885533742936 ,0.0,21:40:54 PM,1574007054021
1.9132538 ,6.3690796 ,6.594208,23.54256785,87.29692813 ,20.484000205993652,77.30885533742936 ,0.0,21:40:54 PM,1574007054025
4.5979767 ,3.7314453 ,3.5628815,23.54256785,87.29692813 ,20.484000205993652,77.30885533742936 ,0.0,21:40:54 PM,1574007054029
3.6608124 ,7.8386993 ,9.206894,23.54256785,87.29692813 ,20.484000205993652,77.30885533742936 ,0.0,21:40:54 PM,1574007054039
0.67097473 ,8.026169 ,0.44847107,23.54256785,87.29692813 ,20.484000205993652,77.30885533742936 ,0.0,21:40:54 PM,1574007054043
-2.1381989 ,9.133987 ,-7.66716,23.54256785,87.29692813 ,20.484000205993652,77.30885533742936 ,0.0,21:40:54 PM,1574007054045
-1.6133118 ,12.637085 ,-0.4478302,23.54256785,87.29692813 ,20.484000205993652,77.30885533742936 ,0.0,21:40:54 PM,1574007054048
1.4987793 ,9.216431 ,2.7182922,23.54256785,87.29692813 ,20.484000205993652,77.30885533742936 ,0.0,21:40:54 PM,1574007054053
4.4878235 ,5.8570404 ,8.6839905,23.54256785,87.29692813 ,20.484000205993652,77.30885533742936 ,0.0,21:40:54 PM,1574007054057
6.252487 ,5.1755066 ,18.444153,23.54256785,87.29692813 ,20.484000205993652,77.30885533742936 ,0.0,21:40:54 PM,1574007054068
5.09964 ,4.799362 ,10.672821,23.54256785,87.29692813 ,20.484000205993652,77.30885533742936 ,0.0,21:40:54 PM,1574007054072
0.34602356 ,4.9078217 ,6.87471,23.54256785,87.29692813 ,20.484000205993652,77.30885533742936 ,0.0,21:40:54 PM,1574007054076
-3.396759 ,8.929993 ,12.929977,23.54256785,87.29692813 ,20.484000205993652,77.30885533742936 ,0.0,21:40:54 PM,1574007054081
-3.9594574 ,7.4155426 ,1.4989014,23.54256785,87.29692813 ,20.484000205993652,77.30885533742936 ,0.0,21:40:54 PM,1574007054087
-2.238083 ,12.865585 ,8.329346,23.54256785,87.29692813 ,20.484000205993652,77.30885533742936 ,0.0,21:40:54 PM,1574007054091
-1.022583 ,10.920212 ,-0.8035431,23.54256785,87.29692813 ,20.484000205993652,77.30885533742936 ,0.0,21:40:54 PM,1574007054095
