x,y,z,latitude,longitude,speed,sound,light,time,timestamp
1.1832733 ,11.345169 ,0.5438385,23.55970161,87.29856675 ,27.503999519348145,76.64475618695465 ,30000.0,10:40:13 AM,1572671413408
-0.21868896 ,8.568939 ,-2.8325958,23.55970161,87.29856675 ,27.503999519348145,76.64475618695465 ,30000.0,10:40:13 AM,1572671413413
-2.8785095 ,7.3940277 ,6.196701,23.55970161,87.29856675 ,27.503999519348145,76.64475618695465 ,30000.0,10:40:13 AM,1572671413417
-2.3154602 ,3.4549866 ,11.386978,23.55970161,87.29856675 ,27.503999519348145,76.64475618695465 ,30000.0,10:40:13 AM,1572671413425
0.98498535 ,-0.12231445 ,12.278259,23.55970161,87.29856675 ,27.503999519348145,76.64475618695465 ,30000.0,10:40:13 AM,1572671413428
2.5926514 ,0.048553467 ,17.354218,23.55970161,87.29856675 ,27.503999519348145,76.64475618695465 ,30000.0,10:40:13 AM,1572671413435
0.33340454 ,1.3135834 ,14.209518,23.55970161,87.29856675 ,27.503999519348145,76.64475618695465 ,30000.0,10:40:13 AM,1572671413438
-2.967636 ,3.6287537 ,7.85672,23.55970161,87.29856675 ,27.503999519348145,76.64475618695465 ,30000.0,10:40:13 AM,1572671413442
-3.6026154 ,5.6295166 ,4.404892,23.55970161,87.29856675 ,27.503999519348145,76.64475618695465 ,30000.0,10:40:13 AM,1572671413449
-0.44291687 ,6.7854767 ,4.41626,23.55970161,87.29856675 ,27.503999519348145,76.64475618695465 ,30000.0,10:40:13 AM,1572671413452
3.2925262 ,6.427887 ,5.9574127,23.55970161,87.29856675 ,27.503999519348145,76.64475618695465 ,30000.0,10:40:13 AM,1572671413455
3.2390137 ,5.7750397 ,9.992813,23.55970161,87.29856675 ,27.503999519348145,76.64475618695465 ,30000.0,10:40:13 AM,1572671413460
-0.6008911 ,4.336746 ,10.173264,23.55970161,87.29856675 ,27.503999519348145,76.64475618695465 ,30000.0,10:40:13 AM,1572671413467
-2.8876953 ,3.7576294 ,8.21637,23.55970161,87.29856675 ,27.503999519348145,76.64475618695465 ,30000.0,10:40:13 AM,1572671413471
-1.4931335 ,4.6370544 ,9.184708,23.55970161,87.29856675 ,27.503999519348145,76.64475618695465 ,30000.0,10:40:13 AM,1572671413478
-0.64888 ,4.8444214 ,8.716843,23.55970161,87.29856675 ,27.503999519348145,76.64475618695465 ,30000.0,10:40:13 AM,1572671413480
-1.3483734 ,3.7890472 ,7.685074,23.55970161,87.29856675 ,27.503999519348145,76.64475618695465 ,30000.0,10:40:13 AM,1572671413484
-0.6407623 ,3.9695282 ,10.148193,23.55970161,87.29856675 ,27.503999519348145,76.64475618695465 ,30000.0,10:40:13 AM,1572671413491
0.49046326 ,4.700775 ,8.922699,23.55970161,87.29856675 ,27.503999519348145,76.64475618695465 ,30000.0,10:40:13 AM,1572671413495
-0.5084686 ,5.3645325 ,4.199707,23.55970161,87.29856675 ,27.503999519348145,76.64475618695465 ,30000.0,10:40:13 AM,1572671413500
0.11921692 ,7.2061005 ,9.093323,23.55970161,87.29856675 ,27.503999519348145,76.64475618695465 ,30000.0,10:40:13 AM,1572671413503
2.949356 ,5.904068 ,6.7461395,23.55970161,87.29856675 ,27.503999519348145,76.64475618695465 ,30000.0,10:40:13 AM,1572671413514
1.9857635 ,6.32428 ,3.920761,23.55970161,87.29856675 ,27.503999519348145,76.64475618695465 ,30000.0,10:40:13 AM,1572671413521
-3.839203 ,9.132919 ,13.511719,23.55970161,87.29856675 ,27.503999519348145,76.64475618695465 ,30000.0,10:40:13 AM,1572671413526
-4.467819 ,5.6347504 ,2.8864594,23.55970161,87.29856675 ,27.503999519348145,76.64475618695465 ,30000.0,10:40:13 AM,1572671413531
2.3256073 ,5.6069183 ,5.814499,23.55970161,87.29856675 ,27.503999519348145,76.64475618695465 ,30000.0,10:40:13 AM,1572671413535
6.2357025 ,4.5413513 ,11.80867,23.55970161,87.29856675 ,27.503999519348145,76.64475618695465 ,30000.0,10:40:13 AM,1572671413536
1.526947 ,1.6801758 ,10.394363,23.55970161,87.29856675 ,27.503999519348145,76.64475618695465 ,30000.0,10:40:13 AM,1572671413541
-5.288437 ,0.3727417 ,13.151596,23.55970161,87.29856675 ,27.503999519348145,76.64475618695465 ,30000.0,10:40:13 AM,1572671413547
-5.9149017 ,0.29161072 ,15.888824,23.55970161,87.29856675 ,27.503999519348145,76.64475618695465 ,30000.0,10:40:13 AM,1572671413550
-0.8527832 ,0.664093 ,11.6979065,23.55970161,87.29856675 ,27.503999519348145,76.64475618695465 ,30000.0,10:40:13 AM,1572671413555
2.4612885 ,3.3097534 ,12.263138,23.55970161,87.29856675 ,27.503999519348145,76.64475618695465 ,30000.0,10:40:13 AM,1572671413560
0.34892273 ,6.8575287 ,12.466324,23.55970161,87.29856675 ,27.503999519348145,76.64475618695465 ,30000.0,10:40:13 AM,1572671413565
-2.8160858 ,8.152176 ,1.2823639,23.55970161,87.29856675 ,27.503999519348145,76.64475618695465 ,30000.0,10:40:13 AM,1572671413570
-1.8164978 ,10.268021 ,-2.7870026,23.55970161,87.29856675 ,27.503999519348145,76.64475618695465 ,30000.0,10:40:13 AM,1572671413577
1.3038025 ,11.758209 ,0.37132263,23.55970161,87.29856675 ,27.503999519348145,76.64475618695465 ,30000.0,10:40:13 AM,1572671413580
1.5967865 ,9.818909 ,3.4464722,23.55970161,87.29856675 ,27.503999519348145,76.64475618695465 ,30000.0,10:40:13 AM,1572671413588
-0.39154053 ,3.6063538 ,2.8485413,23.55970161,87.29856675 ,27.503999519348145,76.64475618695465 ,30000.0,10:40:13 AM,1572671413592
-1.7514801 ,1.3928986 ,12.660828,23.55970161,87.29856675 ,27.503999519348145,76.64475618695465 ,30000.0,10:40:13 AM,1572671413595
-2.4001617 ,0.8909302 ,18.654541,23.55970161,87.29856675 ,27.503999519348145,76.64475618695465 ,30000.0,10:40:13 AM,1572671413601
-2.8136597 ,0.3540039 ,12.811737,23.55970161,87.29856675 ,27.503999519348145,76.64475618695465 ,30000.0,10:40:13 AM,1572671413605
-0.9525604 ,2.636261 ,6.6950073,23.55970161,87.29856675 ,27.503999519348145,76.64475618695465 ,30000.0,10:40:13 AM,1572671413610
2.0768585 ,8.533035 ,8.481216,23.55970161,87.29856675 ,27.503999519348145,76.64475618695465 ,30000.0,10:40:13 AM,1572671413616
3.3710632 ,8.333954 ,0.4979248,23.55970161,87.29856675 ,27.503999519348145,76.64475618695465 ,30000.0,10:40:13 AM,1572671413617
2.9061737 ,5.7593384 ,1.5492859,23.55970161,87.29856675 ,27.503999519348145,76.64475618695465 ,30000.0,10:40:13 AM,1572671413623
1.8065033 ,4.7947235 ,20.003784,23.55970161,87.29856675 ,27.503999519348145,76.64475618695465 ,30000.0,10:40:13 AM,1572671413628
0.10638428 ,-1.1854248 ,15.180542,23.55970161,87.29856675 ,27.503999519348145,76.64475618695465 ,30000.0,10:40:13 AM,1572671413634
-2.5697937 ,-1.3726501 ,15.060501,23.55970161,87.29856675 ,27.503999519348145,76.64475618695465 ,30000.0,10:40:13 AM,1572671413638
-3.2309418 ,2.195633 ,20.857117,23.55970161,87.29856675 ,27.503999519348145,76.64475618695465 ,30000.0,10:40:13 AM,1572671413643
-0.6982727 ,4.2680664 ,8.0103,23.55970161,87.29856675 ,27.503999519348145,76.64475618695465 ,30000.0,10:40:13 AM,1572671413648
1.1689148 ,7.019943 ,-0.73513794,23.55970161,87.29856675 ,27.503999519348145,76.64475618695465 ,30000.0,10:40:13 AM,1572671413658
-0.07115173 ,10.588013 ,6.964905,23.55970161,87.29856675 ,27.503999519348145,76.64475618695465 ,30000.0,10:40:13 AM,1572671413663
-1.4832916 ,10.275238 ,2.3595886,23.55970161,87.29856675 ,27.503999519348145,76.64475618695465 ,30000.0,10:40:13 AM,1572671413667
-0.29907227 ,9.559723 ,-4.534607,23.55970161,87.29856675 ,27.503999519348145,76.64475618695465 ,30000.0,10:40:13 AM,1572671413673
0.62750244 ,9.550446 ,2.1962128,23.55970161,87.29856675 ,27.503999519348145,76.64475618695465 ,30000.0,10:40:13 AM,1572671413677
0.87646484 ,8.379929 ,4.7814636,23.55970161,87.29856675 ,27.503999519348145,76.64475618695465 ,30000.0,10:40:13 AM,1572671413683
1.5871124 ,6.333557 ,4.513733,23.55970161,87.29856675 ,27.503999519348145,76.64475618695465 ,30000.0,10:40:13 AM,1572671413686
1.960907 ,4.2775726 ,6.0025787,23.55970161,87.29856675 ,27.503999519348145,76.64475618695465 ,30000.0,10:40:13 AM,1572671413694
-0.15274048 ,3.3400574 ,11.722076,23.55970161,87.29856675 ,27.503999519348145,76.64475618695465 ,30000.0,10:40:13 AM,1572671413696
-2.8921814 ,0.718338 ,10.765076,23.55970161,87.29856675 ,27.503999519348145,76.64475618695465 ,30000.0,10:40:13 AM,1572671413706
-1.7006378 ,0.88571167 ,13.082352,23.55970161,87.29856675 ,27.503999519348145,76.64475618695465 ,30000.0,10:40:13 AM,1572671413709
2.6644135 ,2.3960419 ,12.277786,23.55970161,87.29856675 ,27.503999519348145,76.64475618695465 ,30000.0,10:40:13 AM,1572671413711
2.774643 ,3.2188568 ,10.737122,23.55970161,87.29856675 ,27.503999519348145,76.64475618695465 ,30000.0,10:40:13 AM,1572671413715
-1.7668304 ,1.6234436 ,9.380615,23.55970161,87.29856675 ,27.503999519348145,76.64475618695465 ,30000.0,10:40:13 AM,1572671413720
-5.1539307 ,1.1916656 ,13.064743,23.55970161,87.29856675 ,27.503999519348145,76.64475618695465 ,30000.0,10:40:13 AM,1572671413727
-4.332718 ,2.8757477 ,17.378967,23.55970161,87.29856675 ,27.503999519348145,76.64475618695465 ,30000.0,10:40:13 AM,1572671413731
-1.4992523 ,4.3238983 ,10.825058,23.55970161,87.29856675 ,27.503999519348145,76.64475618695465 ,30000.0,10:40:13 AM,1572671413737
0.5831909 ,7.4769745 ,3.7834015,23.55970161,87.29856675 ,27.503999519348145,76.64475618695465 ,30000.0,10:40:13 AM,1572671413739
1.614914 ,11.705978 ,2.2061615,23.55970161,87.29856675 ,27.503999519348145,76.64475618695465 ,30000.0,10:40:13 AM,1572671413744
0.80296326 ,12.701233 ,-2.4523773,23.55970161,87.29856675 ,27.503999519348145,76.64475618695465 ,30000.0,10:40:13 AM,1572671413749
-1.3526459 ,10.46521 ,-3.855606,23.55970161,87.29856675 ,27.503999519348145,76.64475618695465 ,30000.0,10:40:13 AM,1572671413754
-2.8815308 ,7.2769012 ,4.648941,23.55970161,87.29856675 ,27.503999519348145,76.64475618695465 ,30000.0,10:40:13 AM,1572671413757
-2.0444183 ,3.8942566 ,11.037796,23.55970161,87.29856675 ,27.503999519348145,76.64475618695465 ,30000.0,10:40:13 AM,1572671413762
0.0783844 ,-1.2603607 ,6.9155426,23.55970161,87.29856675 ,27.503999519348145,76.64475618695465 ,30000.0,10:40:13 AM,1572671413767
1.5408936 ,-1.301651 ,18.58165,23.55970161,87.29856675 ,27.503999519348145,76.64475618695465 ,30000.0,10:40:13 AM,1572671413775
3.2249603 ,-2.0324554 ,20.500793,23.55970161,87.29856675 ,27.503999519348145,76.64475618695465 ,30000.0,10:40:13 AM,1572671413778
2.2751617 ,-2.8558655 ,11.844131,23.55970161,87.29856675 ,27.503999519348145,76.64475618695465 ,30000.0,10:40:13 AM,1572671413783
-1.4885712 ,3.131607 ,18.98114,23.55970161,87.29856675 ,27.503999519348145,76.64475618695465 ,30000.0,10:40:13 AM,1572671413789
-1.9455109 ,4.4362335 ,6.721344,23.55970161,87.29856675 ,27.503999519348145,76.64475618695465 ,30000.0,10:40:13 AM,1572671413799
2.2307281 ,6.9234924 ,2.367691,23.55970161,87.29856675 ,27.503999519348145,76.64475618695465 ,30000.0,10:40:13 AM,1572671413803
5.248108 ,7.085846 ,5.0858,23.55970161,87.29856675 ,27.503999519348145,75.46120852890168 ,30000.0,10:40:13 AM,1572671413808
1.7035217 ,7.3729095 ,11.995483,23.55970161,87.29856675 ,27.503999519348145,75.46120852890168 ,30000.0,10:40:13 AM,1572671413811
-3.1463013 ,4.8683014 ,7.7957764,23.55970161,87.29856675 ,27.503999519348145,75.46120852890168 ,30000.0,10:40:13 AM,1572671413816
-3.9080353 ,5.528412 ,10.549698,23.55970161,87.29856675 ,27.503999519348145,75.46120852890168 ,30000.0,10:40:13 AM,1572671413820
-1.7432098 ,7.060898 ,10.844879,23.55970161,87.29856675 ,27.503999519348145,75.46120852890168 ,30000.0,10:40:13 AM,1572671413824
1.3069763 ,8.555038 ,5.6449738,23.55970161,87.29856675 ,27.503999519348145,75.46120852890168 ,30000.0,10:40:13 AM,1572671413830
2.698471 ,9.358459 ,0.64894104,23.55970161,87.29856675 ,27.503999519348145,75.46120852890168 ,30000.0,10:40:13 AM,1572671413834
1.3590546 ,11.000626 ,2.250061,23.55970161,87.29856675 ,27.503999519348145,75.46120852890168 ,30000.0,10:40:13 AM,1572671413841
-0.7585602 ,9.32373 ,0.99772644,23.55970161,87.29856675 ,27.503999519348145,75.46120852890168 ,30000.0,10:40:13 AM,1572671413844
-1.9773407 ,4.8991394 ,0.7290497,23.55970161,87.29856675 ,27.503999519348145,75.46120852890168 ,30000.0,10:40:13 AM,1572671413850
-2.049469 ,2.2015839 ,10.368301,23.55970161,87.29856675 ,27.503999519348145,75.46120852890168 ,30000.0,10:40:13 AM,1572671413854
-1.6116486 ,-0.4382019 ,15.72493,23.55970161,87.29856675 ,27.503999519348145,75.46120852890168 ,30000.0,10:40:13 AM,1572671413863
-0.70269775 ,-2.844986 ,16.399734,23.55970161,87.29856675 ,27.503999519348145,75.46120852890168 ,30000.0,10:40:13 AM,1572671413865
1.0830688 ,-2.1495667 ,16.471252,23.55970161,87.29856675 ,27.503999519348145,75.46120852890168 ,30000.0,10:40:13 AM,1572671413869
2.448822 ,2.4451752 ,14.692261,23.55970161,87.29856675 ,27.503999519348145,75.46120852890168 ,30000.0,10:40:13 AM,1572671413876
1.0684662 ,6.373932 ,5.4091797,23.55970161,87.29856675 ,27.503999519348145,75.46120852890168 ,30000.0,10:40:13 AM,1572671413878
-3.3875122 ,9.632141 ,0.32289124,23.55970161,87.29856675 ,27.503999519348145,75.46120852890168 ,30000.0,10:40:13 AM,1572671413883
-4.7022552 ,11.560883 ,-2.0347137,23.55970161,87.29856675 ,27.503999519348145,75.46120852890168 ,30000.0,10:40:13 AM,1572671413888
-0.053359985 ,10.5923 ,-1.7841492,23.55970161,87.29856675 ,27.503999519348145,75.46120852890168 ,30000.0,10:40:13 AM,1572671413894
4.690979 ,7.854843 ,4.3758545,23.55970161,87.29856675 ,27.503999519348145,75.46120852890168 ,30000.0,10:40:13 AM,1572671413897
