x,y,z,latitude,longitude,speed,sound,light,time,timestamp
0.11026001 ,3.573883 ,19.631516,23.56785253,87.30177181 ,24.515999794006348,81.66075148432662 ,9358.0,10:42:51 AM,1572671571090
-4.6846924 ,4.6842194 ,9.586548,23.56785253,87.30177181 ,24.515999794006348,81.66075148432662 ,9358.0,10:42:51 AM,1572671571097
-5.467987 ,7.1197815 ,-3.5519562,23.56785253,87.30177181 ,24.515999794006348,81.66075148432662 ,9358.0,10:42:51 AM,1572671571100
-1.268631 ,11.30574 ,-4.66362,23.56785253,87.30177181 ,24.515999794006348,81.66075148432662 ,9358.0,10:42:51 AM,1572671571105
1.3677673 ,12.909561 ,2.4666443,23.56785253,87.30177181 ,24.515999794006348,81.66075148432662 ,9358.0,10:42:51 AM,1572671571115
-0.041519165 ,7.656616 ,-0.317276,23.56785253,87.30177181 ,24.515999794006348,81.66075148432662 ,9358.0,10:42:51 AM,1572671571119
-0.6218109 ,5.492508 ,13.755646,23.56785253,87.30177181 ,24.515999794006348,81.66075148432662 ,9358.0,10:42:51 AM,1572671571124
2.495514 ,3.3381958 ,20.550537,23.56785253,87.30177181 ,24.515999794006348,81.66075148432662 ,9358.0,10:42:51 AM,1572671571128
4.0066223 ,-0.38824463 ,11.086914,23.56785253,87.30177181 ,24.515999794006348,81.66075148432662 ,9358.0,10:42:51 AM,1572671571134
2.1190033 ,0.68182373 ,14.568222,23.56785253,87.30177181 ,24.515999794006348,81.66075148432662 ,9358.0,10:42:51 AM,1572671571139
-0.85217285 ,3.034027 ,19.656738,23.56785253,87.30177181 ,24.515999794006348,81.66075148432662 ,9358.0,10:42:51 AM,1572671571145
-2.335266 ,4.336258 ,10.111069,23.56785253,87.30177181 ,24.515999794006348,81.66075148432662 ,9358.0,10:42:51 AM,1572671571150
-2.652954 ,7.7162933 ,3.6257782,23.56785253,87.30177181 ,24.515999794006348,81.66075148432662 ,9358.0,10:42:51 AM,1572671571154
-1.8166809 ,10.386032 ,-1.1459503,23.56785253,87.30177181 ,24.515999794006348,81.66075148432662 ,9358.0,10:42:51 AM,1572671571159
0.2416687 ,9.429825 ,-4.4957733,23.56785253,87.30177181 ,24.515999794006348,81.66075148432662 ,9358.0,10:42:51 AM,1572671571165
2.255783 ,6.4940033 ,3.1835175,23.56785253,87.30177181 ,24.515999794006348,81.66075148432662 ,9358.0,10:42:51 AM,1572671571169
2.176651 ,2.5927124 ,15.3737335,23.56785253,87.30177181 ,24.515999794006348,81.66075148432662 ,9358.0,10:42:51 AM,1572671571174
-0.7858429 ,-0.94493103 ,20.834305,23.56785253,87.30177181 ,24.515999794006348,81.66075148432662 ,9358.0,10:42:51 AM,1572671571176
-3.9921722 ,-2.6682434 ,17.548859,23.56785253,87.30177181 ,24.515999794006348,81.66075148432662 ,9358.0,10:42:51 AM,1572671571181
-3.0451202 ,-1.1359558 ,14.763458,23.56785253,87.30177181 ,24.515999794006348,81.66075148432662 ,9358.0,10:42:51 AM,1572671571190
2.1685333 ,2.0987244 ,10.049637,23.56785253,87.30177181 ,24.515999794006348,81.66075148432662 ,9358.0,10:42:51 AM,1572671571192
4.7444916 ,4.9576874 ,4.920334,23.56785253,87.30177181 ,24.515999794006348,81.66075148432662 ,9358.0,10:42:51 AM,1572671571197
0.75938416 ,6.943405 ,6.924164,23.56785253,87.30177181 ,24.515999794006348,81.66075148432662 ,9358.0,10:42:51 AM,1572671571202
-3.3210297 ,6.4326324 ,4.132599,23.56785253,87.30177181 ,24.515999794006348,81.66075148432662 ,9358.0,10:42:51 AM,1572671571206
-1.09906 ,7.0978394 ,0.49209595,23.56785253,87.30177181 ,24.515999794006348,81.66075148432662 ,9358.0,10:42:51 AM,1572671571211
1.5575104 ,10.128983 ,5.0721893,23.56785253,87.30177181 ,24.515999794006348,81.66075148432662 ,9358.0,10:42:51 AM,1572671571216
-2.782547 ,9.6206665 ,6.275177,23.56785253,87.30177181 ,24.515999794006348,81.66075148432662 ,9358.0,10:42:51 AM,1572671571221
-5.6580353 ,12.733734 ,3.027008,23.56785253,87.30177181 ,24.515999794006348,81.66075148432662 ,9358.0,10:42:51 AM,1572671571226
-3.6307678 ,12.433273 ,-2.2520294,23.56785253,87.30177181 ,24.515999794006348,81.66075148432662 ,9358.0,10:42:51 AM,1572671571230
5.0163574 ,8.854904 ,-3.4519653,23.56785253,87.30177181 ,24.515999794006348,81.61482629777693 ,9358.0,10:42:51 AM,1572671571238
12.460693 ,3.8520966 ,3.7982635,23.56785253,87.30177181 ,24.515999794006348,81.61482629777693 ,9358.0,10:42:51 AM,1572671571243
8.550446 ,2.6984406 ,21.680847,23.56785253,87.30177181 ,24.515999794006348,81.61482629777693 ,9358.0,10:42:51 AM,1572671571249
-0.5372467 ,-1.4987335 ,18.133667,23.56785253,87.30177181 ,24.515999794006348,81.61482629777693 ,9358.0,10:42:51 AM,1572671571254
-8.955444 ,-3.1854858 ,20.618805,23.56785253,87.30177181 ,24.515999794006348,81.61482629777693 ,9358.0,10:42:51 AM,1572671571258
-8.57988 ,-2.7408905 ,17.445724,23.56785253,87.30177181 ,24.515999794006348,81.61482629777693 ,9358.0,10:42:51 AM,1572671571264
-0.42633057 ,-0.52526855 ,13.719711,23.56785253,87.30177181 ,24.515999794006348,81.61482629777693 ,9358.0,10:42:51 AM,1572671571268
5.9804077 ,1.2335815 ,11.513596,23.56785253,87.30177181 ,24.515999794006348,81.61482629777693 ,9358.0,10:42:51 AM,1572671571273
3.790039 ,1.5574646 ,10.7486725,23.56785253,87.30177181 ,24.515999794006348,81.61482629777693 ,9358.0,10:42:51 AM,1572671571278
-1.6381989 ,0.7129364 ,14.871216,23.56785253,87.30177181 ,24.515999794006348,81.61482629777693 ,9358.0,10:42:51 AM,1572671571283
-2.272705 ,-0.31507874 ,18.286346,23.56785253,87.30177181 ,24.515999794006348,81.61482629777693 ,8690.0,10:42:51 AM,1572671571288
1.6691284 ,-0.83921814 ,12.313461,23.56785253,87.30177181 ,24.515999794006348,81.61482629777693 ,8690.0,10:42:51 AM,1572671571294
4.062393 ,3.7300415 ,12.61644,23.56785253,87.30177181 ,24.515999794006348,81.61482629777693 ,8690.0,10:42:51 AM,1572671571299
0.9016876 ,7.825714 ,7.7513733,23.56785253,87.30177181 ,24.515999794006348,81.61482629777693 ,8690.0,10:42:51 AM,1572671571303
-4.4991913 ,9.028534 ,-1.8969727,23.56785253,87.30177181 ,24.515999794006348,81.61482629777693 ,8690.0,10:42:51 AM,1572671571308
-5.655258 ,10.061951 ,1.506012,23.56785253,87.30177181 ,24.515999794006348,81.61482629777693 ,8690.0,10:42:51 AM,1572671571313
0.074401855 ,7.645874 ,3.0419006,23.56785253,87.30177181 ,24.515999794006348,81.61482629777693 ,8690.0,10:42:51 AM,1572671571318
6.6200714 ,4.522644 ,5.6305237,23.56785253,87.30177181 ,24.515999794006348,81.61482629777693 ,8690.0,10:42:51 AM,1572671571322
6.8096466 ,4.3279114 ,14.041687,23.56785253,87.30177181 ,24.515999794006348,81.61482629777693 ,8690.0,10:42:51 AM,1572671571328
-0.083343506 ,4.7117615 ,13.458954,23.56785253,87.30177181 ,24.515999794006348,81.61482629777693 ,8690.0,10:42:51 AM,1572671571331
-8.183853 ,6.0154266 ,9.68689,23.56785253,87.30177181 ,24.515999794006348,81.61482629777693 ,8690.0,10:42:51 AM,1572671571336
-8.363113 ,9.775818 ,3.1097107,23.56785253,87.30177181 ,24.515999794006348,81.61482629777693 ,8690.0,10:42:51 AM,1572671571341
-0.91104126 ,10.105408 ,-5.6206665,23.56785253,87.30177181 ,24.515999794006348,81.61482629777693 ,8690.0,10:42:51 AM,1572671571346
6.3629913 ,9.683014 ,3.1920624,23.56785253,87.30177181 ,24.515999794006348,81.61482629777693 ,8690.0,10:42:51 AM,1572671571350
7.5881042 ,5.1015472 ,10.2968445,23.56785253,87.30177181 ,24.515999794006348,81.61482629777693 ,8690.0,10:42:51 AM,1572671571357
3.1481934 ,2.438446 ,20.477203,23.56785253,87.30177181 ,24.515999794006348,81.61482629777693 ,8690.0,10:42:51 AM,1572671571364
0.18104553 ,0.26119995 ,16.589005,23.56785253,87.30177181 ,24.515999794006348,81.61482629777693 ,8690.0,10:42:51 AM,1572671571369
-0.627655 ,1.9382935 ,6.2617035,23.56785253,87.30177181 ,24.515999794006348,81.61482629777693 ,8690.0,10:42:51 AM,1572671571375
-1.8055573 ,8.015625 ,3.5978394,23.56785253,87.30177181 ,24.515999794006348,81.61482629777693 ,8690.0,10:42:51 AM,1572671571377
-3.9358673 ,8.04718 ,-10.608063,23.56785253,87.30177181 ,24.515999794006348,81.61482629777693 ,8690.0,10:42:51 AM,1572671571384
-3.2328491 ,8.160934 ,-6.81369,23.56785253,87.30177181 ,24.515999794006348,81.61482629777693 ,8690.0,10:42:51 AM,1572671571389
2.8667145 ,8.936447 ,10.157974,23.56785253,87.30177181 ,24.515999794006348,81.61482629777693 ,8690.0,10:42:51 AM,1572671571395
7.0424194 ,7.0511475 ,5.8309326,23.56785253,87.30177181 ,24.515999794006348,81.61482629777693 ,8690.0,10:42:51 AM,1572671571401
2.9369354 ,8.677963 ,-5.7984924,23.56785253,87.30177181 ,24.515999794006348,81.61482629777693 ,8690.0,10:42:51 AM,1572671571407
-6.120102 ,10.446518 ,-3.499649,23.56785253,87.30177181 ,24.515999794006348,81.61482629777693 ,8690.0,10:42:51 AM,1572671571410
-9.52858 ,6.933975 ,1.9840546,23.56785253,87.30177181 ,24.515999794006348,81.61482629777693 ,8690.0,10:42:51 AM,1572671571413
-2.9933777 ,3.7345428 ,10.204437,23.56785253,87.30177181 ,24.515999794006348,81.61482629777693 ,8690.0,10:42:51 AM,1572671571417
4.8908234 ,0.9829407 ,19.238312,23.56785253,87.30177181 ,24.515999794006348,81.61482629777693 ,8690.0,10:42:51 AM,1572671571421
7.2329254 ,-1.3037109 ,19.88742,23.56785253,87.30177181 ,24.515999794006348,81.61482629777693 ,8690.0,10:42:51 AM,1572671571426
4.971634 ,-2.3167572 ,18.630463,23.56785253,87.30177181 ,24.515999794006348,81.61482629777693 ,8690.0,10:42:51 AM,1572671571431
0.18893433 ,-1.8395233 ,26.527893,23.56785253,87.30177181 ,24.515999794006348,81.61482629777693 ,8690.0,10:42:51 AM,1572671571437
-3.5620422 ,-1.668808 ,28.328308,23.56785253,87.30177181 ,24.515999794006348,81.61482629777693 ,8690.0,10:42:51 AM,1572671571441
-3.4695282 ,0.22343445 ,19.358383,23.56785253,87.30177181 ,24.515999794006348,81.61482629777693 ,8690.0,10:42:51 AM,1572671571446
-1.435318 ,4.856613 ,9.921463,23.56785253,87.30177181 ,24.515999794006348,81.61482629777693 ,8690.0,10:42:51 AM,1572671571450
-1.0183258 ,10.053955 ,4.129883,23.56785253,87.30177181 ,24.515999794006348,81.61482629777693 ,8690.0,10:42:51 AM,1572671571458
-1.8457642 ,11.411621 ,-3.2251587,23.56785253,87.30177181 ,24.515999794006348,81.61482629777693 ,8690.0,10:42:51 AM,1572671571462
-0.6338196 ,10.417191 ,-1.136734,23.56785253,87.30177181 ,24.515999794006348,81.61482629777693 ,8690.0,10:42:51 AM,1572671571467
2.4824524 ,8.6392975 ,8.859451,23.56785253,87.30177181 ,24.515999794006348,81.61482629777693 ,8690.0,10:42:51 AM,1572671571472
3.5310822 ,3.6040344 ,6.4559937,23.56785253,87.30177181 ,24.515999794006348,81.61482629777693 ,8690.0,10:42:51 AM,1572671571476
2.603775 ,1.5981445 ,7.51033,23.56785253,87.30177181 ,24.515999794006348,81.61482629777693 ,8690.0,10:42:51 AM,1572671571480
0.982666 ,2.589676 ,14.427353,23.56785253,87.30177181 ,24.515999794006348,81.61482629777693 ,8690.0,10:42:51 AM,1572671571486
-0.83709717 ,0.22981262 ,6.14917,23.56785253,87.30177181 ,24.515999794006348,81.61482629777693 ,8690.0,10:42:51 AM,1572671571489
-2.3365173 ,3.0939178 ,12.366638,23.56785253,87.30177181 ,24.515999794006348,81.61482629777693 ,5632.0,10:42:51 AM,1572671571494
-1.1238861 ,6.120529 ,11.259674,23.56785253,87.30177181 ,24.515999794006348,81.61482629777693 ,5632.0,10:42:51 AM,1572671571499
1.1460876 ,7.372818 ,-9.109909,23.56785253,87.30177181 ,24.515999794006348,81.61482629777693 ,5632.0,10:42:51 AM,1572671571504
-0.916275 ,13.455139 ,-3.623169,23.56785253,87.30177181 ,24.515999794006348,81.61482629777693 ,5632.0,10:42:51 AM,1572671571509
-4.652115 ,13.532791 ,5.8235016,23.56785253,87.30177181 ,24.515999794006348,81.61482629777693 ,5632.0,10:42:51 AM,1572671571519
-2.547882 ,12.333542 ,4.2990265,23.56785253,87.30177181 ,24.515999794006348,81.61482629777693 ,5632.0,10:42:51 AM,1572671571524
4.0448456 ,12.88382 ,3.2787933,23.56785253,87.30177181 ,24.515999794006348,81.61482629777693 ,5632.0,10:42:51 AM,1572671571528
6.6762543 ,11.26619 ,1.7395172,23.56785253,87.30177181 ,24.515999794006348,81.61482629777693 ,5632.0,10:42:51 AM,1572671571534
3.3261871 ,6.3082123 ,3.776825,23.56785253,87.30177181 ,24.515999794006348,81.61482629777693 ,5632.0,10:42:51 AM,1572671571539
1.3525238 ,2.4379425 ,13.980942,23.56785253,87.30177181 ,24.515999794006348,81.61482629777693 ,5632.0,10:42:51 AM,1572671571545
2.6811981 ,-0.5635071 ,22.216858,23.56785253,87.30177181 ,24.515999794006348,81.61482629777693 ,5632.0,10:42:51 AM,1572671571553
1.9154816 ,-3.1548157 ,21.531265,23.56785253,87.30177181 ,24.515999794006348,81.61482629777693 ,5632.0,10:42:51 AM,1572671571555
-1.8964233 ,-4.2975616 ,12.857574,23.56785253,87.30177181 ,24.515999794006348,81.61482629777693 ,5632.0,10:42:51 AM,1572671571557
-4.8118896 ,-2.9102936 ,10.843674,23.56785253,87.30177181 ,24.515999794006348,81.61482629777693 ,5632.0,10:42:51 AM,1572671571561
-4.2534027 ,-3.8454285 ,12.295898,23.56785253,87.30177181 ,24.515999794006348,81.61482629777693 ,5632.0,10:42:51 AM,1572671571568
-3.1420898 ,-5.34787 ,16.658142,23.56785253,87.30177181 ,24.515999794006348,81.61482629777693 ,5632.0,10:42:51 AM,1572671571571
-4.010376 ,-5.7760925 ,21.616257,23.56785253,87.30177181 ,24.515999794006348,81.61482629777693 ,5632.0,10:42:51 AM,1572671571576
-3.6095428 ,-6.534424 ,19.243698,23.56785253,87.30177181 ,24.515999794006348,81.61482629777693 ,5632.0,10:42:51 AM,1572671571582
1.7317963 ,-4.928314 ,16.497711,23.56785253,87.30177181 ,24.515999794006348,81.61482629777693 ,5632.0,10:42:51 AM,1572671571586
