x,y,z,latitude,longitude,speed,sound,light,time,timestamp
-0.060424805 ,2.4104156 ,-1.6542511,23.57039903,87.30249687 ,30.131999588012697,80.13110774432762 ,30000.0,10:43:29 AM,1572671609396
3.4710083 ,6.195511 ,13.715973,23.57039903,87.30249687 ,30.131999588012697,80.13110774432762 ,30000.0,10:43:29 AM,1572671609405
4.9207 ,5.2333374 ,19.542877,23.57039903,87.30249687 ,30.131999588012697,80.13110774432762 ,30000.0,10:43:29 AM,1572671609409
0.8259125 ,-1.197403 ,3.2334747,23.57039903,87.30249687 ,30.131999588012697,80.13110774432762 ,30000.0,10:43:29 AM,1572671609415
-1.9218292 ,0.7044525 ,13.453064,23.57039903,87.30249687 ,30.131999588012697,80.13110774432762 ,30000.0,10:43:29 AM,1572671609418
-0.060073853 ,3.5850677 ,17.999573,23.57039903,87.30249687 ,30.131999588012697,80.13110774432762 ,30000.0,10:43:29 AM,1572671609423
-1.4046478 ,1.6925659 ,1.3432465,23.57039903,87.30249687 ,30.131999588012697,80.13110774432762 ,30000.0,10:43:29 AM,1572671609428
-3.7554321 ,2.310852 ,2.611557,23.57039903,87.30249687 ,30.131999588012697,80.13110774432762 ,30000.0,10:43:29 AM,1572671609433
0.23416138 ,4.665909 ,13.307846,23.57039903,87.30249687 ,30.131999588012697,80.13110774432762 ,30000.0,10:43:29 AM,1572671609438
5.4496 ,4.065445 ,8.094437,23.57039903,87.30249687 ,30.131999588012697,80.13110774432762 ,30000.0,10:43:29 AM,1572671609443
2.8934631 ,4.7550507 ,5.6327972,23.57039903,87.30249687 ,30.131999588012697,80.13110774432762 ,30000.0,10:43:29 AM,1572671609447
-4.3626404 ,7.3314667 ,8.640244,23.57039903,87.30249687 ,30.131999588012697,80.13110774432762 ,30000.0,10:43:29 AM,1572671609452
-7.6354523 ,6.6840057 ,1.1569824,23.57039903,87.30249687 ,30.131999588012697,80.13110774432762 ,30000.0,10:43:29 AM,1572671609457
-4.0085297 ,6.6475067 ,2.1559296,23.57039903,87.30249687 ,30.131999588012697,80.13110774432762 ,30000.0,10:43:29 AM,1572671609461
2.533966 ,6.328232 ,9.029541,23.57039903,87.30249687 ,30.131999588012697,80.13110774432762 ,30000.0,10:43:29 AM,1572671609469
5.9823303 ,4.60112 ,7.359192,23.57039903,87.30249687 ,30.131999588012697,80.13110774432762 ,30000.0,10:43:29 AM,1572671609472
1.4669952 ,3.3621674 ,9.340408,23.57039903,87.30249687 ,30.131999588012697,80.13110774432762 ,30000.0,10:43:29 AM,1572671609478
-4.9353027 ,2.8553314 ,13.425461,23.57039903,87.30249687 ,30.131999588012697,80.13110774432762 ,30000.0,10:43:29 AM,1572671609480
-3.727829 ,2.283722 ,7.293442,23.57039903,87.30249687 ,30.131999588012697,80.13110774432762 ,30000.0,10:43:29 AM,1572671609486
1.1747742 ,4.3320007 ,4.4169006,23.57039903,87.30249687 ,30.131999588012697,80.13110774432762 ,30000.0,10:43:29 AM,1572671609491
0.5235138 ,5.517914 ,7.154663,23.57039903,87.30249687 ,30.131999588012697,80.13110774432762 ,30000.0,10:43:29 AM,1572671609496
-2.4079132 ,3.2999573 ,5.7452087,23.57039903,87.30249687 ,30.131999588012697,80.13110774432762 ,30000.0,10:43:29 AM,1572671609499
2.128662 ,-0.23490906 ,6.729126,23.57039903,87.30249687 ,30.131999588012697,80.13110774432762 ,30000.0,10:43:29 AM,1572671609505
6.678177 ,-3.2346191 ,21.344345,23.57039903,87.30249687 ,30.131999588012697,80.13110774432762 ,30000.0,10:43:29 AM,1572671609508
4.477844 ,-7.1517944 ,27.78952,23.57039903,87.30249687 ,30.131999588012697,80.13110774432762 ,30000.0,10:43:29 AM,1572671609515
1.4029694 ,-5.254196 ,28.999924,23.57039903,87.30249687 ,30.131999588012697,80.13110774432762 ,30000.0,10:43:29 AM,1572671609517
-0.24554443 ,-2.4928436 ,17.304932,23.57039903,87.30249687 ,30.131999588012697,80.13110774432762 ,30000.0,10:43:29 AM,1572671609524
-1.6235962 ,2.5404968 ,3.9100952,23.57039903,87.30249687 ,30.131999588012697,80.13110774432762 ,30000.0,10:43:29 AM,1572671609527
-3.543396 ,9.126144 ,1.9074707,23.57039903,87.30249687 ,30.131999588012697,80.13110774432762 ,30000.0,10:43:29 AM,1572671609539
-2.4815369 ,10.292511 ,-3.7456818,23.57039903,87.30249687 ,30.131999588012697,80.13110774432762 ,30000.0,10:43:29 AM,1572671609548
2.0901947 ,10.986038 ,-1.5049286,23.57039903,87.30249687 ,30.131999588012697,80.13110774432762 ,30000.0,10:43:29 AM,1572671609550
4.212311 ,8.555206 ,3.298233,23.57039903,87.30249687 ,30.131999588012697,80.13110774432762 ,30000.0,10:43:29 AM,1572671609553
1.0726013 ,4.9584656 ,8.887085,23.57039903,87.30249687 ,30.131999588012697,80.13110774432762 ,30000.0,10:43:29 AM,1572671609557
-1.4453125 ,2.2551422 ,12.2438965,23.57039903,87.30249687 ,30.131999588012697,80.13110774432762 ,30000.0,10:43:29 AM,1572671609563
-0.6112976 ,1.6013641 ,13.892471,23.57039903,87.30249687 ,30.131999588012697,80.13110774432762 ,30000.0,10:43:29 AM,1572671609567
1.1291962 ,2.6216125 ,12.139389,23.57039903,87.30249687 ,30.131999588012697,80.13110774432762 ,30000.0,10:43:29 AM,1572671609573
0.76927185 ,4.67807 ,9.628281,23.57039903,87.30249687 ,30.131999588012697,80.13110774432762 ,30000.0,10:43:29 AM,1572671609580
-0.23687744 ,6.8287354 ,7.6675262,23.57039903,87.30249687 ,30.131999588012697,80.13110774432762 ,30000.0,10:43:29 AM,1572671609582
-0.24378967 ,6.9455566 ,2.7807465,23.57039903,87.30249687 ,30.131999588012697,80.13110774432762 ,30000.0,10:43:29 AM,1572671609586
-0.03742981 ,6.785782 ,3.2439117,23.57039903,87.30249687 ,30.131999588012697,80.13110774432762 ,30000.0,10:43:29 AM,1572671609594
-0.7529602 ,5.540634 ,9.982147,23.57039903,87.30249687 ,30.131999588012697,80.13110774432762 ,30000.0,10:43:29 AM,1572671609597
-0.63952637 ,2.333603 ,9.927551,23.57039903,87.30249687 ,30.131999588012697,80.13110774432762 ,30000.0,10:43:29 AM,1572671609601
1.869873 ,1.6880035 ,9.761993,23.57039903,87.30249687 ,30.131999588012697,80.13110774432762 ,30000.0,10:43:29 AM,1572671609608
2.5828247 ,3.4886932 ,12.985992,23.57039903,87.30249687 ,30.131999588012697,80.13110774432762 ,30000.0,10:43:29 AM,1572671609611
-1.4855499 ,1.5510101 ,4.166748,23.57039903,87.30249687 ,30.131999588012697,80.13110774432762 ,30000.0,10:43:29 AM,1572671609617
-4.2734375 ,0.5888977 ,6.298233,23.57039903,87.30249687 ,30.131999588012697,80.13110774432762 ,30000.0,10:43:29 AM,1572671609620
0.47981262 ,-0.98831177 ,13.268494,23.57039903,87.30249687 ,30.131999588012697,80.13110774432762 ,30000.0,10:43:29 AM,1572671609628
5.570999 ,-2.4100647 ,16.862701,23.57039903,87.30249687 ,30.131999588012697,76.88913220347642 ,30000.0,10:43:29 AM,1572671609634
4.8387604 ,-2.923294 ,18.03975,23.57039903,87.30249687 ,30.131999588012697,76.88913220347642 ,30000.0,10:43:29 AM,1572671609635
0.47799683 ,0.64282227 ,19.65625,23.57039903,87.30249687 ,30.131999588012697,76.88913220347642 ,30000.0,10:43:29 AM,1572671609636
-2.9947205 ,2.1183167 ,5.7716827,23.57039903,87.30249687 ,30.131999588012697,76.88913220347642 ,30000.0,10:43:29 AM,1572671609641
-3.7098236 ,4.1138916 ,-0.3079071,23.57039903,87.30249687 ,30.131999588012697,76.88913220347642 ,30000.0,10:43:29 AM,1572671609645
0.060333252 ,6.5500183 ,7.705963,23.57039903,87.30249687 ,30.131999588012697,76.88913220347642 ,30000.0,10:43:29 AM,1572671609650
4.859665 ,4.853775 ,2.6464996,23.57039903,87.30249687 ,30.131999588012697,76.88913220347642 ,30000.0,10:43:29 AM,1572671609657
3.6202393 ,4.2079926 ,5.7900085,23.57039903,87.30249687 ,30.131999588012697,76.88913220347642 ,30000.0,10:43:29 AM,1572671609666
-0.8957825 ,2.2504425 ,11.903275,23.57039903,87.30249687 ,30.131999588012697,76.88913220347642 ,30000.0,10:43:29 AM,1572671609671
-0.7611389 ,2.8272858 ,13.812729,23.57039903,87.30249687 ,30.131999588012697,76.88913220347642 ,30000.0,10:43:29 AM,1572671609676
3.2446442 ,3.0736542 ,8.291962,23.57039903,87.30249687 ,30.131999588012697,76.88913220347642 ,30000.0,10:43:29 AM,1572671609683
2.3930664 ,5.43161 ,10.796524,23.57039903,87.30249687 ,30.131999588012697,76.88913220347642 ,30000.0,10:43:29 AM,1572671609686
-1.000824 ,6.328293 ,5.866287,23.57039903,87.30249687 ,30.131999588012697,76.88913220347642 ,30000.0,10:43:29 AM,1572671609690
-2.4522858 ,6.5292664 ,1.3837891,23.57039903,87.30249687 ,30.131999588012697,76.88913220347642 ,30000.0,10:43:29 AM,1572671609695
-0.75390625 ,7.178528 ,5.078064,23.57039903,87.30249687 ,30.131999588012697,76.88913220347642 ,30000.0,10:43:29 AM,1572671609699
1.8129578 ,5.627655 ,7.1549377,23.57039903,87.30249687 ,30.131999588012697,76.88913220347642 ,30000.0,10:43:29 AM,1572671609703
3.9362946 ,4.522171 ,7.684799,23.57039903,87.30249687 ,30.131999588012697,76.88913220347642 ,30000.0,10:43:29 AM,1572671609709
2.9216614 ,4.780838 ,11.949097,23.57039903,87.30249687 ,30.131999588012697,76.88913220347642 ,30000.0,10:43:29 AM,1572671609715
-0.89608765 ,3.3492432 ,9.546921,23.57039903,87.30249687 ,30.131999588012697,76.88913220347642 ,30000.0,10:43:29 AM,1572671609718
-1.2244873 ,2.7146454 ,8.200729,23.57039903,87.30249687 ,30.131999588012697,76.88913220347642 ,30000.0,10:43:29 AM,1572671609723
2.1546326 ,3.6334991 ,10.047852,23.57039903,87.30249687 ,30.131999588012697,76.88913220347642 ,30000.0,10:43:29 AM,1572671609728
1.5580597 ,3.5095978 ,9.083633,23.57039903,87.30249687 ,30.131999588012697,76.88913220347642 ,30000.0,10:43:29 AM,1572671609733
-3.3729858 ,1.7972412 ,7.750168,23.57039903,87.30249687 ,30.131999588012697,76.88913220347642 ,30000.0,10:43:29 AM,1572671609738
-3.5625458 ,0.2144165 ,8.828537,23.57039903,87.30249687 ,30.131999588012697,76.88913220347642 ,30000.0,10:43:29 AM,1572671609743
1.5901337 ,0.17651367 ,15.160751,23.57039903,87.30249687 ,30.131999588012697,76.88913220347642 ,30000.0,10:43:29 AM,1572671609748
3.7763672 ,-0.53645325 ,17.073975,23.57039903,87.30249687 ,30.131999588012697,76.88913220347642 ,30000.0,10:43:29 AM,1572671609753
0.46710205 ,-0.2053833 ,15.449112,23.57039903,87.30249687 ,30.131999588012697,76.88913220347642 ,30000.0,10:43:29 AM,1572671609759
-1.8549194 ,1.7911987 ,9.772232,23.57039903,87.30249687 ,30.131999588012697,76.88913220347642 ,30000.0,10:43:29 AM,1572671609764
-1.8810425 ,5.8296356 ,9.839264,23.57039903,87.30249687 ,30.131999588012697,76.88913220347642 ,30000.0,10:43:29 AM,1572671609768
-1.0775146 ,4.7940826 ,0.5150604,23.57039903,87.30249687 ,30.131999588012697,76.88913220347642 ,30000.0,10:43:29 AM,1572671609775
0.093048096 ,6.135391 ,3.8506775,23.57039903,87.30249687 ,30.131999588012697,76.88913220347642 ,30000.0,10:43:29 AM,1572671609778
0.7494812 ,6.5589447 ,11.854828,23.57039903,87.30249687 ,30.131999588012697,76.88913220347642 ,30000.0,10:43:29 AM,1572671609782
-1.5410767 ,2.7233887 ,5.4316406,23.57039903,87.30249687 ,30.131999588012697,76.88913220347642 ,30000.0,10:43:29 AM,1572671609789
-2.1490326 ,3.3992157 ,6.6737976,23.57039903,87.30249687 ,30.131999588012697,76.88913220347642 ,30000.0,10:43:29 AM,1572671609793
1.4001007 ,5.4537964 ,10.115173,23.57039903,87.30249687 ,30.131999588012697,76.88913220347642 ,30000.0,10:43:29 AM,1572671609805
2.8136902 ,6.9970245 ,7.1720123,23.57039903,87.30249687 ,30.131999588012697,76.88913220347642 ,30000.0,10:43:29 AM,1572671609807
-0.3598938 ,5.1436768 ,3.828476,23.57039903,87.30249687 ,30.131999588012697,76.88913220347642 ,30000.0,10:43:29 AM,1572671609814
-1.7689819 ,5.2879333 ,8.085678,23.57039903,87.30249687 ,30.131999588012697,76.88913220347642 ,30000.0,10:43:29 AM,1572671609818
-0.43746948 ,3.7894287 ,9.725128,23.57039903,87.30249687 ,30.131999588012697,76.88913220347642 ,30000.0,10:43:29 AM,1572671609822
-0.4504242 ,1.9290924 ,12.300034,23.57039903,87.30249687 ,30.131999588012697,76.88913220347642 ,30000.0,10:43:29 AM,1572671609830
1.8121796 ,0.4599762 ,14.289886,23.57039903,87.30249687 ,30.131999588012697,76.88913220347642 ,30000.0,10:43:29 AM,1572671609833
6.2825317 ,0.5079956 ,13.672699,23.57039903,87.30249687 ,30.131999588012697,76.88913220347642 ,30000.0,10:43:29 AM,1572671609835
6.352463 ,-0.6037445 ,10.360062,23.57039903,87.30249687 ,30.131999588012697,76.88913220347642 ,30000.0,10:43:29 AM,1572671609841
-0.5050812 ,-2.4834442 ,19.20845,23.57039903,87.30249687 ,30.131999588012697,76.88913220347642 ,30000.0,10:43:29 AM,1572671609844
-4.0895233 ,-1.1084137 ,22.381454,23.57039903,87.30249687 ,30.131999588012697,76.88913220347642 ,30000.0,10:43:29 AM,1572671609848
-2.8937378 ,1.4963684 ,11.864777,23.57039903,87.30249687 ,30.131999588012697,76.88913220347642 ,30000.0,10:43:29 AM,1572671609856
-1.8969269 ,4.477951 ,5.1844788,23.57039903,87.30249687 ,30.131999588012697,76.88913220347642 ,30000.0,10:43:29 AM,1572671609861
-1.3697662 ,7.595093 ,6.1884155,23.57039903,87.30249687 ,30.131999588012697,76.88913220347642 ,30000.0,10:43:29 AM,1572671609864
2.3260345 ,8.036453 ,2.8915863,23.57039903,87.30249687 ,30.131999588012697,76.88913220347642 ,30000.0,10:43:29 AM,1572671609870
5.497635 ,8.028305 ,5.6834564,23.57039903,87.30249687 ,30.131999588012697,76.88913220347642 ,30000.0,10:43:29 AM,1572671609874
3.2561188 ,7.179123 ,7.7620087,23.57039903,87.30249687 ,30.131999588012697,76.88913220347642 ,30000.0,10:43:29 AM,1572671609880
-2.3381958 ,5.8976746 ,7.4865723,23.57039903,87.30249687 ,30.131999588012697,76.88913220347642 ,30000.0,10:43:29 AM,1572671609883
-4.0791473 ,5.5494385 ,6.929306,23.57039903,87.30249687 ,30.131999588012697,76.88913220347642 ,30000.0,10:43:29 AM,1572671609888
