x,y,z,latitude,longitude,speed,sound,light,time,timestamp
-1.8798218 ,8.535278 ,1.7164764,23.5635858,87.29869639 ,33.983998489379886,78.95353067155787 ,30000.0,10:41:06 AM,1572671466629
-0.30699158 ,11.195099 ,-8.094254,23.5635858,87.29869639 ,33.983998489379886,78.95353067155787 ,30000.0,10:41:06 AM,1572671466634
0.26210022 ,14.052292 ,4.1795044,23.5635858,87.29869639 ,33.983998489379886,78.95353067155787 ,30000.0,10:41:06 AM,1572671466640
0.9551239 ,9.036774 ,-5.462494,23.5635858,87.29869639 ,33.983998489379886,78.95353067155787 ,30000.0,10:41:06 AM,1572671466644
1.6581421 ,7.6931 ,-4.1971283,23.5635858,87.29869639 ,33.983998489379886,78.95353067155787 ,30000.0,10:41:06 AM,1572671466655
-1.1539001 ,6.9318237 ,8.922958,23.5635858,87.29869639 ,33.983998489379886,78.95353067155787 ,30000.0,10:41:06 AM,1572671466658
-4.8862915 ,2.244934 ,1.8943634,23.5635858,87.29869639 ,33.983998489379886,78.95353067155787 ,30000.0,10:41:06 AM,1572671466664
-5.173401 ,5.00206 ,7.1640472,23.5635858,87.29869639 ,33.983998489379886,78.95353067155787 ,30000.0,10:41:06 AM,1572671466670
-2.861267 ,6.865219 ,7.1621094,23.5635858,87.29869639 ,33.983998489379886,78.95353067155787 ,30000.0,10:41:06 AM,1572671466678
-0.08293152 ,5.2005615 ,-2.2019958,23.5635858,87.29869639 ,33.983998489379886,78.95353067155787 ,30000.0,10:41:06 AM,1572671466680
2.8274078 ,6.228302 ,5.848694,23.5635858,87.29869639 ,33.983998489379886,78.95353067155787 ,30000.0,10:41:06 AM,1572671466683
3.3168488 ,3.9983215 ,12.312653,23.5635858,87.29869639 ,33.983998489379886,78.95353067155787 ,30000.0,10:41:06 AM,1572671466688
1.2587433 ,-1.3139343 ,8.016632,23.5635858,87.29869639 ,33.983998489379886,78.95353067155787 ,30000.0,10:41:06 AM,1572671466694
-0.30096436 ,-3.8016968 ,18.984924,23.5635858,87.29869639 ,33.983998489379886,78.95353067155787 ,30000.0,10:41:06 AM,1572671466701
0.37512207 ,-6.6679993 ,24.98462,23.5635858,87.29869639 ,33.983998489379886,78.95353067155787 ,30000.0,10:41:06 AM,1572671466704
0.84173584 ,-5.393448 ,29.422485,23.5635858,87.29869639 ,33.983998489379886,78.95353067155787 ,30000.0,10:41:06 AM,1572671466707
1.5307312 ,-1.4002686 ,25.174316,23.5635858,87.29869639 ,33.983998489379886,78.95353067155787 ,30000.0,10:41:06 AM,1572671466714
1.8097076 ,2.5973663 ,9.092407,23.5635858,87.29869639 ,33.983998489379886,78.95353067155787 ,30000.0,10:41:06 AM,1572671466717
1.0588989 ,10.694778 ,-0.5826111,23.5635858,87.29869639 ,33.983998489379886,78.95353067155787 ,30000.0,10:41:06 AM,1572671466725
-0.91851807 ,16.475204 ,-3.5717468,23.5635858,87.29869639 ,33.983998489379886,78.95353067155787 ,30000.0,10:41:06 AM,1572671466727
-1.9844208 ,14.555832 ,-11.221863,23.5635858,87.29869639 ,33.983998489379886,78.95353067155787 ,30000.0,10:41:06 AM,1572671466735
-0.8992462 ,11.6336975 ,0.5281067,23.5635858,87.29869639 ,33.983998489379886,78.95353067155787 ,30000.0,10:41:06 AM,1572671466736
0.32157898 ,5.9694366 ,14.771652,23.5635858,87.29869639 ,33.983998489379886,78.95353067155787 ,30000.0,10:41:06 AM,1572671466739
0.95625305 ,0.2868805 ,15.389404,23.5635858,87.29869639 ,33.983998489379886,78.95353067155787 ,30000.0,10:41:06 AM,1572671466746
1.2941742 ,-0.34490967 ,21.320236,23.5635858,87.29869639 ,33.983998489379886,78.95353067155787 ,30000.0,10:41:06 AM,1572671466751
1.0542603 ,0.6546936 ,17.481598,23.5635858,87.29869639 ,33.983998489379886,78.95353067155787 ,30000.0,10:41:06 AM,1572671466756
-1.0530853 ,3.890503 ,7.424759,23.5635858,87.29869639 ,33.983998489379886,78.95353067155787 ,30000.0,10:41:06 AM,1572671466761
-3.7893372 ,8.926422 ,8.440933,23.5635858,87.29869639 ,33.983998489379886,78.95353067155787 ,30000.0,10:41:06 AM,1572671466764
-2.9640808 ,10.058456 ,-2.3066254,23.5635858,87.29869639 ,33.983998489379886,78.95353067155787 ,30000.0,10:41:06 AM,1572671466771
0.39988708 ,12.558136 ,-5.622711,23.5635858,87.29869639 ,33.983998489379886,78.95353067155787 ,30000.0,10:41:06 AM,1572671466774
1.673645 ,13.517548 ,6.425949,23.5635858,87.29869639 ,33.983998489379886,78.95353067155787 ,30000.0,10:41:06 AM,1572671466780
1.7724304 ,7.1970673 ,0.22833252,23.5635858,87.29869639 ,33.983998489379886,78.95353067155787 ,30000.0,10:41:06 AM,1572671466789
2.925827 ,6.215439 ,2.4243011,23.5635858,87.29869639 ,33.983998489379886,78.95353067155787 ,30000.0,10:41:06 AM,1572671466793
0.26985168 ,5.0834656 ,14.051941,23.5635858,87.29869639 ,33.983998489379886,78.95353067155787 ,30000.0,10:41:06 AM,1572671466800
-3.400711 ,0.004119873 ,7.871292,23.5635858,87.29869639 ,33.983998489379886,78.95353067155787 ,30000.0,10:41:06 AM,1572671466803
-1.9697113 ,-0.62280273 ,12.463409,23.5635858,87.29869639 ,33.983998489379886,78.95353067155787 ,30000.0,10:41:06 AM,1572671466809
3.3852844 ,-0.08288574 ,17.850388,23.5635858,87.29869639 ,33.983998489379886,78.95353067155787 ,30000.0,10:41:06 AM,1572671466814
3.945938 ,-2.4234924 ,10.4179535,23.5635858,87.29869639 ,33.983998489379886,78.95353067155787 ,30000.0,10:41:06 AM,1572671466818
0.22810364 ,-2.4340057 ,13.937927,23.5635858,87.29869639 ,33.983998489379886,78.95353067155787 ,30000.0,10:41:06 AM,1572671466823
-3.3547516 ,-2.5038605 ,19.235474,23.5635858,87.29869639 ,33.983998489379886,78.95353067155787 ,30000.0,10:41:06 AM,1572671466826
-4.450897 ,-0.3262024 ,15.156647,23.5635858,87.29869639 ,33.983998489379886,78.95353067155787 ,30000.0,10:41:06 AM,1572671466834
-2.7821655 ,4.4655 ,9.386047,23.5635858,87.29869639 ,33.983998489379886,78.95353067155787 ,30000.0,10:41:06 AM,1572671466837
0.19082642 ,7.8371735 ,3.5493774,23.5635858,87.29869639 ,33.983998489379886,78.95353067155787 ,30000.0,10:41:06 AM,1572671466842
3.7993927 ,10.869186 ,2.9953156,23.5635858,87.29869639 ,33.983998489379886,78.95353067155787 ,30000.0,10:41:06 AM,1572671466847
7.065048 ,12.014832 ,0.8741455,23.5635858,87.29869639 ,33.983998489379886,78.95353067155787 ,30000.0,10:41:06 AM,1572671466850
5.865967 ,11.250626 ,0.3777771,23.5635858,87.29869639 ,33.983998489379886,78.95353067155787 ,30000.0,10:41:06 AM,1572671466856
0.2494049 ,10.478043 ,7.196396,23.5635858,87.29869639 ,33.983998489379886,78.95353067155787 ,30000.0,10:41:06 AM,1572671466861
-4.738205 ,7.0630646 ,5.913986,23.5635858,87.29869639 ,33.983998489379886,78.95353067155787 ,30000.0,10:41:06 AM,1572671466866
-4.8285675 ,5.364029 ,5.3159485,23.5635858,87.29869639 ,33.983998489379886,78.95353067155787 ,30000.0,10:41:06 AM,1572671466870
-1.6195221 ,5.3031464 ,14.504135,23.5635858,87.29869639 ,33.983998489379886,78.95353067155787 ,30000.0,10:41:06 AM,1572671466876
1.5220337 ,2.3672028 ,13.564926,23.5635858,87.29869639 ,33.983998489379886,78.95353067155787 ,30000.0,10:41:06 AM,1572671466880
3.5205688 ,1.6812286 ,14.364899,23.5635858,87.29869639 ,33.983998489379886,78.95353067155787 ,30000.0,10:41:06 AM,1572671466885
2.7368011 ,2.3619995 ,17.168808,23.5635858,87.29869639 ,33.983998489379886,78.95353067155787 ,30000.0,10:41:06 AM,1572671466889
-0.7805481 ,2.7240143 ,8.475876,23.5635858,87.29869639 ,33.983998489379886,78.95353067155787 ,30000.0,10:41:06 AM,1572671466897
-3.4783936 ,6.8112183 ,4.2730865,23.5635858,87.29869639 ,33.983998489379886,78.95353067155787 ,30000.0,10:41:06 AM,1572671466899
-3.068344 ,10.217209 ,0.85801697,23.5635858,87.29869639 ,33.983998489379886,78.95353067155787 ,30000.0,10:41:06 AM,1572671466903
-1.3165588 ,8.981674 ,-5.9099426,23.5635858,87.29869639 ,33.983998489379886,78.95353067155787 ,30000.0,10:41:06 AM,1572671466910
0.56321716 ,7.987198 ,2.3546906,23.5635858,87.29869639 ,33.983998489379886,78.95353067155787 ,30000.0,10:41:06 AM,1572671466916
2.500534 ,5.2743835 ,11.905975,23.5635858,87.29869639 ,33.983998489379886,78.95353067155787 ,30000.0,10:41:06 AM,1572671466918
2.4650116 ,0.2055664 ,6.41066,23.5635858,87.29869639 ,33.983998489379886,78.95353067155787 ,30000.0,10:41:06 AM,1572671466927
-1.1937866 ,1.0301971 ,13.433945,23.5635858,87.29869639 ,33.983998489379886,78.95353067155787 ,30000.0,10:41:06 AM,1572671466934
-3.971344 ,0.88505554 ,15.7608185,23.5635858,87.29869639 ,33.983998489379886,78.95353067155787 ,30000.0,10:41:06 AM,1572671466936
-1.4768677 ,0.6024933 ,8.664337,23.5635858,87.29869639 ,33.983998489379886,78.95353067155787 ,30000.0,10:41:06 AM,1572671466940
2.9076233 ,4.7444305 ,13.821167,23.5635858,87.29869639 ,33.983998489379886,78.95353067155787 ,30000.0,10:41:06 AM,1572671466945
2.4329834 ,3.681305 ,7.8530884,23.5635858,87.29869639 ,33.983998489379886,78.95353067155787 ,30000.0,10:41:06 AM,1572671466950
0.30682373 ,1.175766 ,2.5239105,23.5635858,87.29869639 ,33.983998489379886,78.95353067155787 ,30000.0,10:41:06 AM,1572671466955
1.0814209 ,4.0377655 ,18.764542,23.5635858,87.29869639 ,33.983998489379886,78.95353067155787 ,30000.0,10:41:06 AM,1572671466959
2.27359 ,3.874298 ,12.03302,23.5635858,87.29869639 ,33.983998489379886,78.95353067155787 ,30000.0,10:41:06 AM,1572671466963
0.20783997 ,4.441284 ,1.428772,23.5635858,87.29869639 ,33.983998489379886,78.95353067155787 ,30000.0,10:41:06 AM,1572671466972
-1.3658295 ,7.2513885 ,8.416061,23.5635858,87.29869639 ,33.983998489379886,78.95353067155787 ,30000.0,10:41:06 AM,1572671466974
2.5611725 ,5.8377075 ,4.220337,23.5635858,87.29869639 ,33.983998489379886,78.95353067155787 ,30000.0,10:41:06 AM,1572671466978
6.2094727 ,5.8923035 ,6.994812,23.5635858,87.29869639 ,33.983998489379886,78.95353067155787 ,30000.0,10:41:06 AM,1572671466982
1.8188019 ,4.8809967 ,12.859634,23.5635858,87.29869639 ,33.983998489379886,78.95353067155787 ,30000.0,10:41:06 AM,1572671466987
-5.551605 ,3.1723175 ,7.6492004,23.5635858,87.29869639 ,33.983998489379886,78.95353067155787 ,30000.0,10:41:06 AM,1572671466992
-6.5234222 ,5.744034 ,10.765564,23.5635858,87.29869639 ,33.983998489379886,78.95353067155787 ,30000.0,10:41:06 AM,1572671466997
-0.7354889 ,6.065567 ,5.454895,23.5635858,87.29869639 ,33.983998489379886,78.95353067155787 ,30000.0,10:41:07 AM,1572671467002
4.1773224 ,7.4292755 ,5.2940674,23.5635858,87.29869639 ,33.983998489379886,78.95353067155787 ,30000.0,10:41:07 AM,1572671467006
3.877304 ,7.9841156 ,13.230728,23.5635858,87.29869639 ,33.983998489379886,78.95353067155787 ,30000.0,10:41:07 AM,1572671467012
1.6157684 ,3.9933472 ,6.104004,23.5635858,87.29869639 ,33.983998489379886,78.95353067155787 ,30000.0,10:41:07 AM,1572671467016
0.7879486 ,4.5455475 ,11.8914795,23.5635858,87.29869639 ,33.983998489379886,78.95353067155787 ,30000.0,10:41:07 AM,1572671467021
0.4641266 ,3.1622314 ,13.351166,23.5635858,87.29869639 ,33.983998489379886,78.95353067155787 ,30000.0,10:41:07 AM,1572671467026
-0.78063965 ,2.195694 ,6.0082855,23.5635858,87.29869639 ,33.983998489379886,78.95353067155787 ,30000.0,10:41:07 AM,1572671467030
-1.7621613 ,6.3439026 ,9.161819,23.5635858,87.29869639 ,33.983998489379886,78.95353067155787 ,30000.0,10:41:07 AM,1572671467035
-2.8844147 ,8.244446 ,1.8202667,23.5635858,87.29869639 ,33.983998489379886,78.95353067155787 ,30000.0,10:41:07 AM,1572671467041
-4.1969147 ,9.65654 ,-7.1999664,23.5635858,87.29869639 ,33.983998489379886,78.95353067155787 ,30000.0,10:41:07 AM,1572671467045
-2.617096 ,11.193756 ,-2.6696625,23.5636725,87.29869721 ,35.17200164794922,78.95353067155787 ,30000.0,10:41:07 AM,1572671467050
1.6194458 ,9.75972 ,1.84729,23.5636725,87.29869721 ,35.17200164794922,82.05163509813032 ,30000.0,10:41:07 AM,1572671467059
4.86792 ,4.8262787 ,-2.9295197,23.5636725,87.29869721 ,35.17200164794922,82.05163509813032 ,30000.0,10:41:07 AM,1572671467064
3.4905396 ,4.0484467 ,12.90213,23.5636725,87.29869721 ,35.17200164794922,82.05163509813032 ,30000.0,10:41:07 AM,1572671467069
0.09414673 ,2.3253937 ,16.940765,23.5636725,87.29869721 ,35.17200164794922,82.05163509813032 ,30000.0,10:41:07 AM,1572671467074
-3.0491486 ,-0.34143066 ,6.8867035,23.5636725,87.29869721 ,35.17200164794922,82.05163509813032 ,30000.0,10:41:07 AM,1572671467079
-3.756897 ,2.4312897 ,16.331192,23.5636725,87.29869721 ,35.17200164794922,82.05163509813032 ,30000.0,10:41:07 AM,1572671467084
0.32836914 ,0.45568848 ,10.480377,23.5636725,87.29869721 ,35.17200164794922,82.05163509813032 ,30000.0,10:41:07 AM,1572671467088
5.124176 ,-1.7865906 ,10.5993805,23.5636725,87.29869721 ,35.17200164794922,82.05163509813032 ,30000.0,10:41:07 AM,1572671467094
5.482712 ,-0.14863586 ,23.564072,23.5636725,87.29869721 ,35.17200164794922,82.05163509813032 ,30000.0,10:41:07 AM,1572671467098
0.8258972 ,-0.033584595 ,19.067657,23.5636725,87.29869721 ,35.17200164794922,82.05163509813032 ,30000.0,10:41:07 AM,1572671467102
-1.9464264 ,2.8720703 ,8.987701,23.5636725,87.29869721 ,35.17200164794922,82.05163509813032 ,30000.0,10:41:07 AM,1572671467109
-0.08607483 ,7.072525 ,6.8726654,23.5636725,87.29869721 ,35.17200164794922,82.05163509813032 ,30000.0,10:41:07 AM,1572671467112
2.2415009 ,8.950134 ,1.0502014,23.5636725,87.29869721 ,35.17200164794922,82.05163509813032 ,30000.0,10:41:07 AM,1572671467117
1.4852753 ,10.450058 ,1.6744232,23.5636725,87.29869721 ,35.17200164794922,82.05163509813032 ,30000.0,10:41:07 AM,1572671467123
