x,y,z,latitude,longitude,speed,sound,light,time,timestamp
0.2993927 ,4.554657 ,8.546295,23.57351015,87.30265292 ,0.0,66.11238153125082 ,8868.0,10:44:54 AM,1572671694457
0.17126465 ,4.4505615 ,8.626709,23.57351015,87.30265292 ,0.0,66.11238153125082 ,8868.0,10:44:54 AM,1572671694463
0.17002869 ,4.4187317 ,8.69043,23.57351015,87.30265292 ,0.0,66.11238153125082 ,8868.0,10:44:54 AM,1572671694468
0.24649048 ,4.3967133 ,8.739761,23.57351015,87.30265292 ,0.0,66.11238153125082 ,8868.0,10:44:54 AM,1572671694472
0.27064514 ,4.407425 ,8.750565,23.57351015,87.30265292 ,0.0,66.11238153125082 ,8868.0,10:44:54 AM,1572671694478
0.24801636 ,4.4430237 ,8.709961,23.57351015,87.30265292 ,0.0,66.11238153125082 ,8868.0,10:44:54 AM,1572671694484
0.24937439 ,4.5298157 ,8.619904,23.57351015,87.30265292 ,0.0,66.11238153125082 ,8868.0,10:44:54 AM,1572671694487
0.28715515 ,4.6153107 ,8.523209,23.57351015,87.30265292 ,0.0,66.11238153125082 ,8868.0,10:44:54 AM,1572671694493
0.31825256 ,4.6838226 ,8.540665,23.57351015,87.30265292 ,0.0,66.11238153125082 ,8868.0,10:44:54 AM,1572671694499
0.31956482 ,4.7148285 ,8.575775,23.57351015,87.30265292 ,0.0,66.11238153125082 ,8868.0,10:44:54 AM,1572671694506
0.32522583 ,4.7353516 ,8.592072,23.57351015,87.30265292 ,0.0,66.11238153125082 ,8868.0,10:44:54 AM,1572671694509
0.34765625 ,4.787857 ,8.615372,23.57351015,87.30265292 ,0.0,66.11238153125082 ,8868.0,10:44:54 AM,1572671694510
0.344635 ,4.8069305 ,8.564209,23.57351015,87.30265292 ,0.0,66.11238153125082 ,8868.0,10:44:54 AM,1572671694515
0.32473755 ,4.7994843 ,8.545395,23.57351015,87.30265292 ,0.0,66.11238153125082 ,8868.0,10:44:54 AM,1572671694520
0.3707428 ,4.790283 ,8.547745,23.57351015,87.30265292 ,0.0,66.11238153125082 ,8868.0,10:44:54 AM,1572671694527
0.37887573 ,4.763748 ,8.472702,23.57351015,87.30265292 ,0.0,66.11238153125082 ,8868.0,10:44:54 AM,1572671694532
0.24864197 ,4.7162323 ,8.535385,23.57351015,87.30265292 ,0.0,66.11238153125082 ,8868.0,10:44:54 AM,1572671694534
0.10902405 ,4.658081 ,8.72905,23.57351015,87.30265292 ,0.0,66.11238153125082 ,8868.0,10:44:54 AM,1572671694538
0.14523315 ,4.5290375 ,8.766037,23.57351015,87.30265292 ,0.0,66.11238153125082 ,8868.0,10:44:54 AM,1572671694544
0.3088684 ,4.4488983 ,8.760025,23.57351015,87.30265292 ,0.0,66.11238153125082 ,8868.0,10:44:54 AM,1572671694551
0.3320923 ,4.461441 ,8.814301,23.57351015,87.30265292 ,0.0,66.11238153125082 ,8868.0,10:44:54 AM,1572671694552
0.21600342 ,4.464676 ,8.828751,23.57351015,87.30265292 ,0.0,66.11238153125082 ,8868.0,10:44:54 AM,1572671694557
0.018829346 ,4.4618835 ,8.79744,23.57351015,87.30265292 ,0.0,66.11238153125082 ,8868.0,10:44:54 AM,1572671694568
0.021606445 ,4.534363 ,8.699432,23.57351015,87.30265292 ,0.0,69.50504034149633 ,8868.0,10:44:54 AM,1572671694572
0.15246582 ,4.7087097 ,8.456024,23.57351015,87.30265292 ,0.0,69.50504034149633 ,8868.0,10:44:54 AM,1572671694577
0.14743042 ,4.820175 ,8.32869,23.57351015,87.30265292 ,0.0,69.50504034149633 ,8772.0,10:44:54 AM,1572671694581
0.044189453 ,4.8736267 ,8.471329,23.57351015,87.30265292 ,0.0,69.50504034149633 ,8772.0,10:44:54 AM,1572671694586
0.1934967 ,4.762039 ,8.360168,23.57351015,87.30265292 ,0.0,69.50504034149633 ,8772.0,10:44:54 AM,1572671694591
0.5550842 ,4.7543488 ,8.182587,23.57351015,87.30265292 ,0.0,69.50504034149633 ,8772.0,10:44:54 AM,1572671694596
0.53466797 ,4.714752 ,8.347275,23.57351015,87.30265292 ,0.0,69.50504034149633 ,8772.0,10:44:54 AM,1572671694601
0.17744446 ,4.47406 ,8.37645,23.57351015,87.30265292 ,0.0,69.50504034149633 ,8772.0,10:44:54 AM,1572671694606
0.1492157 ,4.234833 ,8.611984,23.57351015,87.30265292 ,0.0,69.50504034149633 ,8772.0,10:44:54 AM,1572671694611
0.44831848 ,4.0971375 ,9.052826,23.57351015,87.30265292 ,0.0,69.50504034149633 ,8772.0,10:44:54 AM,1572671694616
0.42185974 ,3.9902039 ,9.267029,23.57351015,87.30265292 ,0.0,69.50504034149633 ,8772.0,10:44:54 AM,1572671694620
0.032989502 ,3.9696655 ,9.358246,23.57351015,87.30265292 ,0.0,69.50504034149633 ,8772.0,10:44:54 AM,1572671694627
0.027023315 ,4.1415253 ,9.2213745,23.57351015,87.30265292 ,0.0,69.50504034149633 ,8772.0,10:44:54 AM,1572671694630
0.5780029 ,4.4830475 ,8.784378,23.57351015,87.30265292 ,0.0,69.50504034149633 ,8772.0,10:44:54 AM,1572671694635
0.9447937 ,4.8298187 ,8.314011,23.57351015,87.30265292 ,0.0,69.50504034149633 ,8772.0,10:44:54 AM,1572671694641
0.7654724 ,4.995331 ,7.873398,23.57351015,87.30265292 ,0.0,69.50504034149633 ,8772.0,10:44:54 AM,1572671694646
0.484375 ,4.943817 ,7.739395,23.57351015,87.30265292 ,0.0,69.50504034149633 ,8772.0,10:44:54 AM,1572671694652
0.4378357 ,4.6739044 ,8.101242,23.57351015,87.30265292 ,0.0,69.50504034149633 ,8772.0,10:44:54 AM,1572671694656
0.50823975 ,4.2635193 ,8.742874,23.57351015,87.30265292 ,0.0,69.50504034149633 ,8772.0,10:44:54 AM,1572671694661
0.55104065 ,3.8765717 ,9.166519,23.57351015,87.30265292 ,0.0,69.50504034149633 ,8772.0,10:44:54 AM,1572671694668
0.5223236 ,3.7268524 ,9.261398,23.57351015,87.30265292 ,0.0,69.50504034149633 ,8772.0,10:44:54 AM,1572671694669
0.58743286 ,3.7677765 ,9.067825,23.57351015,87.30265292 ,0.0,69.50504034149633 ,8772.0,10:44:54 AM,1572671694672
0.7911682 ,3.92836 ,8.860611,23.57351015,87.30265292 ,0.0,69.50504034149633 ,8772.0,10:44:54 AM,1572671694678
1.0346527 ,4.195343 ,8.743362,23.57351015,87.30265292 ,0.0,69.50504034149633 ,8772.0,10:44:54 AM,1572671694682
0.9975128 ,4.4206543 ,8.505371,23.57351015,87.30265292 ,0.0,69.50504034149633 ,8772.0,10:44:54 AM,1572671694687
0.7919464 ,4.620224 ,8.237793,23.57351015,87.30265292 ,0.0,69.50504034149633 ,8772.0,10:44:54 AM,1572671694692
0.6598816 ,4.7239227 ,8.107193,23.57351015,87.30265292 ,0.0,69.50504034149633 ,8772.0,10:44:54 AM,1572671694702
0.64837646 ,4.7382812 ,8.147095,23.57351015,87.30265292 ,0.0,69.50504034149633 ,8772.0,10:44:54 AM,1572671694707
0.6522522 ,4.63533 ,8.369705,23.57351015,87.30265292 ,0.0,69.50504034149633 ,8772.0,10:44:54 AM,1572671694712
0.7115936 ,4.4599915 ,8.632523,23.57351015,87.30265292 ,0.0,69.50504034149633 ,8772.0,10:44:54 AM,1572671694716
0.8934479 ,4.305649 ,8.795273,23.57351015,87.30265292 ,0.0,69.50504034149633 ,8772.0,10:44:54 AM,1572671694721
0.9993286 ,4.2234955 ,8.924622,23.57351015,87.30265292 ,0.0,69.50504034149633 ,8772.0,10:44:54 AM,1572671694729
1.0122681 ,4.175766 ,8.975784,23.57351015,87.30265292 ,0.0,69.50504034149633 ,8772.0,10:44:54 AM,1572671694731
0.99220276 ,4.1990356 ,8.839447,23.57351015,87.30265292 ,0.0,69.50504034149633 ,8772.0,10:44:54 AM,1572671694736
0.9920349 ,4.2710114 ,8.655228,23.57351015,87.30265292 ,0.0,69.50504034149633 ,8772.0,10:44:54 AM,1572671694740
0.93089294 ,4.344879 ,8.4423065,23.57351015,87.30265292 ,0.0,69.50504034149633 ,8772.0,10:44:54 AM,1572671694746
0.8292999 ,4.3889008 ,8.329773,23.57351015,87.30265292 ,0.0,69.50504034149633 ,8772.0,10:44:54 AM,1572671694750
0.6976166 ,4.3420105 ,8.400299,23.57351015,87.30265292 ,0.0,69.50504034149633 ,8772.0,10:44:54 AM,1572671694755
0.64289856 ,4.246292 ,8.575897,23.57351015,87.30265292 ,0.0,69.50504034149633 ,8772.0,10:44:54 AM,1572671694759
0.74635315 ,4.193268 ,8.7202,23.57351015,87.30265292 ,0.0,69.50504034149633 ,8772.0,10:44:54 AM,1572671694766
0.91722107 ,4.1886444 ,8.770309,23.57351015,87.30265292 ,0.0,69.50504034149633 ,8772.0,10:44:54 AM,1572671694769
0.9728699 ,4.2253113 ,8.660553,23.57351015,87.30265292 ,0.0,69.50504034149633 ,8772.0,10:44:54 AM,1572671694775
0.9503479 ,4.296524 ,8.567551,23.57351015,87.30265292 ,0.0,69.50504034149633 ,8772.0,10:44:54 AM,1572671694782
0.9738922 ,4.3691254 ,8.49205,23.57351015,87.30265292 ,0.0,69.50504034149633 ,8037.0,10:44:54 AM,1572671694786
1.0118256 ,4.4199677 ,8.4583435,23.57351015,87.30265292 ,0.0,69.50504034149633 ,8037.0,10:44:54 AM,1572671694790
0.99490356 ,4.3990936 ,8.40918,23.57351015,87.30265292 ,0.0,69.50504034149633 ,8037.0,10:44:54 AM,1572671694799
0.88264465 ,4.3318787 ,8.53392,23.57351015,87.30265292 ,0.0,69.50504034149633 ,8037.0,10:44:54 AM,1572671694801
0.7971344 ,4.229828 ,8.639648,23.57351015,87.30265292 ,0.0,69.50504034149633 ,8037.0,10:44:54 AM,1572671694804
0.77241516 ,4.157547 ,8.8311,23.57351015,87.30265292 ,0.0,69.50504034149633 ,8037.0,10:44:54 AM,1572671694808
0.85850525 ,4.1552734 ,8.95018,23.57351015,87.30265292 ,0.0,69.50504034149633 ,8037.0,10:44:54 AM,1572671694816
0.99620056 ,4.261307 ,8.826004,23.57351015,87.30265292 ,0.0,69.50504034149633 ,8037.0,10:44:54 AM,1572671694819
1.0282288 ,4.4130554 ,8.555695,23.57351015,87.30265292 ,0.0,69.50504034149633 ,8037.0,10:44:54 AM,1572671694821
0.94747925 ,4.546417 ,8.433029,23.57351015,87.30265292 ,0.0,69.50504034149633 ,8037.0,10:44:54 AM,1572671694832
0.95188904 ,4.606598 ,8.280441,23.57351015,87.30265292 ,0.0,69.50504034149633 ,8037.0,10:44:54 AM,1572671694836
0.99453735 ,4.6186523 ,8.281998,23.57351015,87.30265292 ,0.0,69.50504034149633 ,8037.0,10:44:54 AM,1572671694841
0.96925354 ,4.5570984 ,8.399643,23.57351015,87.30265292 ,0.0,69.50504034149633 ,8037.0,10:44:54 AM,1572671694849
0.83106995 ,4.409363 ,8.417343,23.57351015,87.30265292 ,0.0,69.50504034149633 ,8037.0,10:44:54 AM,1572671694850
0.72647095 ,4.277466 ,8.582809,23.57351015,87.30265292 ,0.0,69.50504034149633 ,8037.0,10:44:54 AM,1572671694854
0.6988678 ,4.1382294 ,8.775024,23.57351015,87.30265292 ,0.0,69.50504034149633 ,8037.0,10:44:54 AM,1572671694860
0.71984863 ,4.0754547 ,8.896957,23.57351015,87.30265292 ,0.0,69.50504034149633 ,8037.0,10:44:54 AM,1572671694865
0.7021179 ,4.110565 ,8.878052,23.57351015,87.30265292 ,0.0,69.50504034149633 ,8037.0,10:44:54 AM,1572671694870
0.58052063 ,4.205765 ,8.710114,23.57351015,87.30265292 ,0.0,69.50504034149633 ,8037.0,10:44:54 AM,1572671694875
0.44555664 ,4.3125763 ,8.509125,23.57351015,87.30265292 ,0.0,69.50504034149633 ,8037.0,10:44:54 AM,1572671694880
0.40341187 ,4.421417 ,8.402023,23.57351015,87.30265292 ,0.0,69.50504034149633 ,8037.0,10:44:54 AM,1572671694884
0.3857422 ,4.479431 ,8.37886,23.57351015,87.30265292 ,0.0,69.50504034149633 ,8037.0,10:44:54 AM,1572671694888
0.2767334 ,4.450485 ,8.393143,23.57351015,87.30265292 ,0.0,69.50504034149633 ,8037.0,10:44:54 AM,1572671694896
0.15704346 ,4.3790283 ,8.469406,23.57351015,87.30265292 ,0.0,69.50504034149633 ,8037.0,10:44:54 AM,1572671694898
0.09144592 ,4.273407 ,8.557205,23.57351015,87.30265292 ,0.0,69.50504034149633 ,8037.0,10:44:54 AM,1572671694902
0.12207031 ,4.1759796 ,8.664627,23.57351015,87.30265292 ,0.0,69.50504034149633 ,8037.0,10:44:54 AM,1572671694907
0.17922974 ,4.1132507 ,8.787003,23.57351015,87.30265292 ,0.0,69.50504034149633 ,8037.0,10:44:54 AM,1572671694913
0.23939514 ,4.099457 ,8.791306,23.57351015,87.30265292 ,0.0,69.50504034149633 ,8037.0,10:44:54 AM,1572671694917
0.245224 ,4.161255 ,8.722122,23.57351015,87.30265292 ,0.0,69.50504034149633 ,8037.0,10:44:54 AM,1572671694922
0.18659973 ,4.251831 ,8.607681,23.57351015,87.30265292 ,0.0,69.50504034149633 ,8037.0,10:44:54 AM,1572671694927
0.15837097 ,4.3875732 ,8.474701,23.57351015,87.30265292 ,0.0,69.50504034149633 ,8037.0,10:44:54 AM,1572671694933
0.11550903 ,4.450775 ,8.434387,23.57351015,87.30265292 ,0.0,69.50504034149633 ,8037.0,10:44:54 AM,1572671694936
0.051208496 ,4.4679565 ,8.446228,23.57351015,87.30265292 ,0.0,69.50504034149633 ,8037.0,10:44:54 AM,1572671694941
0.0211792 ,4.423706 ,8.500671,23.57351015,87.30265292 ,0.0,69.50504034149633 ,8037.0,10:44:54 AM,1572671694946
