x,y,z,latitude,longitude,speed,sound,light,time,timestamp
-5.0053864 ,-0.53526306 ,12.453201,23.57114104,87.30251055 ,28.403999519348144,74.71530883879878 ,27512.0,10:43:41 AM,1572671621835
-1.6356659 ,2.224228 ,12.785049,23.57114104,87.30251055 ,28.403999519348144,74.71530883879878 ,27512.0,10:43:41 AM,1572671621839
3.0002747 ,3.7261505 ,8.428619,23.57114104,87.30251055 ,28.403999519348144,74.71530883879878 ,27512.0,10:43:41 AM,1572671621843
2.4871979 ,5.031723 ,6.5663147,23.57114104,87.30251055 ,28.403999519348144,74.71530883879878 ,27512.0,10:43:41 AM,1572671621851
1.5247955 ,6.0739746 ,4.9937897,23.57114104,87.30251055 ,28.403999519348144,74.71530883879878 ,27512.0,10:43:41 AM,1572671621855
2.731247 ,7.4980774 ,4.449539,23.57114104,87.30251055 ,28.403999519348144,74.71530883879878 ,27512.0,10:43:41 AM,1572671621857
1.9144897 ,6.135483 ,2.83786,23.57114104,87.30251055 ,28.403999519348144,74.71530883879878 ,25688.0,10:43:41 AM,1572671621863
-1.8423767 ,4.373749 ,8.605011,23.57114104,87.30251055 ,28.403999519348144,74.71530883879878 ,25688.0,10:43:41 AM,1572671621867
-3.070816 ,1.1052856 ,7.606781,23.57114104,87.30251055 ,28.403999519348144,74.71530883879878 ,25688.0,10:43:41 AM,1572671621874
-1.6533966 ,0.15315247 ,11.71846,23.57114104,87.30251055 ,28.403999519348144,74.71530883879878 ,25688.0,10:43:41 AM,1572671621876
-0.45109558 ,-0.19819641 ,16.553299,23.57114104,87.30251055 ,28.403999519348144,74.71530883879878 ,25688.0,10:43:41 AM,1572671621881
-0.017868042 ,-0.27955627 ,13.55925,23.57114104,87.30251055 ,28.403999519348144,74.71530883879878 ,25688.0,10:43:41 AM,1572671621886
-0.45851135 ,2.5284882 ,11.356293,23.57114104,87.30251055 ,28.403999519348144,74.71530883879878 ,25688.0,10:43:41 AM,1572671621891
-1.9570312 ,3.8795776 ,4.133957,23.57114104,87.30251055 ,28.403999519348144,74.71530883879878 ,25688.0,10:43:41 AM,1572671621894
-3.251007 ,5.3732452 ,5.522003,23.57114104,87.30251055 ,28.403999519348144,74.71530883879878 ,25688.0,10:43:41 AM,1572671621900
-0.58187866 ,2.6306 ,7.3016663,23.57114104,87.30251055 ,28.403999519348144,74.71530883879878 ,25688.0,10:43:41 AM,1572671621905
4.0332336 ,0.10108948 ,11.31192,23.57114104,87.30251055 ,28.403999519348144,74.71530883879878 ,25688.0,10:43:41 AM,1572671621911
4.889969 ,-1.5708618 ,17.184158,23.57114104,87.30251055 ,28.403999519348144,74.71530883879878 ,25688.0,10:43:41 AM,1572671621915
0.14207458 ,-2.8784637 ,18.212585,23.57114104,87.30251055 ,28.403999519348144,74.71530883879878 ,25688.0,10:43:41 AM,1572671621921
-3.9230347 ,-2.820755 ,15.293518,23.57114104,87.30251055 ,28.403999519348144,74.71530883879878 ,25688.0,10:43:41 AM,1572671621926
-1.6180573 ,1.340683 ,14.540421,23.57114104,87.30251055 ,28.403999519348144,74.71530883879878 ,25688.0,10:43:41 AM,1572671621929
2.5190277 ,2.9674988 ,2.2532501,23.57114104,87.30251055 ,28.403999519348144,74.71530883879878 ,25688.0,10:43:41 AM,1572671621935
1.4364319 ,7.2111053 ,6.3943176,23.57114104,87.30251055 ,28.403999519348144,74.71530883879878 ,25688.0,10:43:41 AM,1572671621947
-0.22195435 ,6.566391 ,8.397003,23.57114104,87.30251055 ,28.403999519348144,74.71530883879878 ,25688.0,10:43:41 AM,1572671621951
2.360611 ,5.781769 ,2.8355255,23.57114104,87.30251055 ,28.403999519348144,74.71530883879878 ,25688.0,10:43:41 AM,1572671621956
3.1671143 ,6.2534485 ,8.51445,23.57114104,87.30251055 ,28.403999519348144,74.71530883879878 ,25688.0,10:43:41 AM,1572671621961
-0.049484253 ,2.7385406 ,8.40065,23.57114104,87.30251055 ,28.403999519348144,74.71530883879878 ,25688.0,10:43:41 AM,1572671621966
-1.7426453 ,0.9436035 ,11.400543,23.57114104,87.30251055 ,28.403999519348144,74.71530883879878 ,25688.0,10:43:41 AM,1572671621970
1.1785736 ,-0.15161133 ,11.86821,23.57114104,87.30251055 ,28.403999519348144,74.71530883879878 ,25688.0,10:43:41 AM,1572671621975
3.0260925 ,-0.36387634 ,12.854721,23.57114104,87.30251055 ,28.403999519348144,74.71530883879878 ,25688.0,10:43:41 AM,1572671621977
-0.3615265 ,-1.3771667 ,15.161194,23.57114104,87.30251055 ,28.403999519348144,74.71530883879878 ,25688.0,10:43:41 AM,1572671621982
-3.3312378 ,-1.7282715 ,14.500473,23.57114104,87.30251055 ,28.403999519348144,74.71530883879878 ,25688.0,10:43:41 AM,1572671621986
-1.1044464 ,1.2358398 ,10.377747,23.57114104,87.30251055 ,28.403999519348144,74.71530883879878 ,25688.0,10:43:41 AM,1572671621991
1.0201416 ,5.630142 ,7.4599457,23.57114104,87.30251055 ,28.403999519348144,74.71530883879878 ,25688.0,10:43:41 AM,1572671621998
-0.87054443 ,7.118637 ,3.0440216,23.57114104,87.30251055 ,28.403999519348144,74.71530883879878 ,25688.0,10:43:42 AM,1572671622003
-1.9293976 ,7.7610626 ,4.4421844,23.57114104,87.30251055 ,28.403999519348144,74.71530883879878 ,25688.0,10:43:42 AM,1572671622007
1.6335907 ,7.5219574 ,4.804901,23.57114104,87.30251055 ,28.403999519348144,74.71530883879878 ,25688.0,10:43:42 AM,1572671622011
3.6401825 ,5.753113 ,2.7422943,23.57114104,87.30251055 ,28.403999519348144,74.71530883879878 ,25688.0,10:43:42 AM,1572671622016
0.26434326 ,4.5126953 ,10.140762,23.57114104,87.30251055 ,28.403999519348144,74.71530883879878 ,25688.0,10:43:42 AM,1572671622021
-1.7508698 ,0.8925171 ,8.72876,23.57114104,87.30251055 ,28.403999519348144,74.71530883879878 ,25688.0,10:43:42 AM,1572671622024
1.330246 ,0.012527466 ,7.4421387,23.57114104,87.30251055 ,28.403999519348144,74.71530883879878 ,25688.0,10:43:42 AM,1572671622029
3.3658752 ,0.46917725 ,13.074493,23.57114104,87.30251055 ,28.403999519348144,74.71530883879878 ,25688.0,10:43:42 AM,1572671622034
-0.23609924 ,-0.21821594 ,14.068222,23.57114104,87.30251055 ,28.403999519348144,74.71530883879878 ,25688.0,10:43:42 AM,1572671622040
-3.483368 ,-1.6570587 ,8.726761,23.57114104,87.30251055 ,28.403999519348144,74.71530883879878 ,25688.0,10:43:42 AM,1572671622045
-0.89982605 ,-0.09182739 ,15.133499,23.57114104,87.30251055 ,28.403999519348144,74.71530883879878 ,25688.0,10:43:42 AM,1572671622050
3.8607025 ,-2.2047882 ,12.73587,23.57114104,87.30251055 ,28.403999519348144,74.71530883879878 ,25688.0,10:43:42 AM,1572671622053
3.5394287 ,-0.3279724 ,21.204132,23.57114104,87.30251055 ,28.403999519348144,74.71530883879878 ,25688.0,10:43:42 AM,1572671622061
-0.098480225 ,-0.7545471 ,16.876633,23.57114104,87.30251055 ,28.403999519348144,74.71530883879878 ,25688.0,10:43:42 AM,1572671622063
-2.715973 ,2.4743958 ,9.859589,23.57119271,87.30251829 ,20.77199993133545,74.71530883879878 ,21832.0,10:43:42 AM,1572671622069
-2.1686707 ,4.7982025 ,4.6950836,23.57119271,87.30251829 ,20.77199993133545,74.71530883879878 ,21832.0,10:43:42 AM,1572671622076
-0.42530823 ,6.8849487 ,8.604813,23.57119271,87.30251829 ,20.77199993133545,74.71530883879878 ,21832.0,10:43:42 AM,1572671622081
2.13208 ,6.557602 ,7.1943207,23.57119271,87.30251829 ,20.77199993133545,74.71530883879878 ,21832.0,10:43:42 AM,1572671622087
3.7728882 ,7.33165 ,4.429184,23.57119271,87.30251829 ,20.77199993133545,74.71530883879878 ,21832.0,10:43:42 AM,1572671622091
1.5691528 ,6.1667786 ,-0.77697754,23.57119271,87.30251829 ,20.77199993133545,74.71530883879878 ,21832.0,10:43:42 AM,1572671622095
-2.4940948 ,7.4991302 ,4.8678284,23.57119271,87.30251829 ,20.77199993133545,74.71530883879878 ,21832.0,10:43:42 AM,1572671622101
-4.063431 ,5.355942 ,2.932663,23.57119271,87.30251829 ,20.77199993133545,74.71530883879878 ,21832.0,10:43:42 AM,1572671622105
-2.2912903 ,3.6282501 ,1.9595947,23.57119271,87.30251829 ,20.77199993133545,68.9219489888322 ,21832.0,10:43:42 AM,1572671622110
0.2347107 ,3.031372 ,7.7100983,23.57119271,87.30251829 ,20.77199993133545,68.9219489888322 ,21832.0,10:43:42 AM,1572671622115
1.7432861 ,1.1461334 ,10.820923,23.57119271,87.30251829 ,20.77199993133545,68.9219489888322 ,21832.0,10:43:42 AM,1572671622120
2.2011414 ,-0.2927704 ,13.687683,23.57119271,87.30251829 ,20.77199993133545,68.9219489888322 ,21832.0,10:43:42 AM,1572671622124
1.8536835 ,-1.0209045 ,15.470383,23.57119271,87.30251829 ,20.77199993133545,68.9219489888322 ,21832.0,10:43:42 AM,1572671622129
0.6430664 ,-1.1989288 ,14.192337,23.57119271,87.30251829 ,20.77199993133545,68.9219489888322 ,21832.0,10:43:42 AM,1572671622134
-0.67256165 ,-0.09811401 ,15.929031,23.57119271,87.30251829 ,20.77199993133545,68.9219489888322 ,21832.0,10:43:42 AM,1572671622176
-0.029632568 ,-0.82173157 ,12.371048,23.57119271,87.30251829 ,20.77199993133545,68.9219489888322 ,21832.0,10:43:42 AM,1572671622178
2.3748474 ,0.39733887 ,12.327179,23.57119271,87.30251829 ,20.77199993133545,68.9219489888322 ,21832.0,10:43:42 AM,1572671622179
2.5794373 ,1.0598755 ,13.354034,23.57119271,87.30251829 ,20.77199993133545,68.9219489888322 ,21832.0,10:43:42 AM,1572671622181
-1.419754 ,1.1794891 ,13.024414,23.57119271,87.30251829 ,20.77199993133545,68.9219489888322 ,21832.0,10:43:42 AM,1572671622182
-3.590393 ,1.3574219 ,10.280197,23.57119271,87.30251829 ,20.77199993133545,68.9219489888322 ,21832.0,10:43:42 AM,1572671622183
-0.120224 ,3.947937 ,8.466049,23.57119271,87.30251829 ,20.77199993133545,68.9219489888322 ,21832.0,10:43:42 AM,1572671622184
3.1585388 ,4.167557 ,1.48909,23.57119271,87.30251829 ,20.77199993133545,68.9219489888322 ,21832.0,10:43:42 AM,1572671622185
0.05029297 ,4.401016 ,9.4142,23.57119271,87.30251829 ,20.77199993133545,68.9219489888322 ,21832.0,10:43:42 AM,1572671622186
-3.0960083 ,0.6260071 ,11.653488,23.57119271,87.30251829 ,20.77199993133545,68.9219489888322 ,21832.0,10:43:42 AM,1572671622187
-1.5838013 ,0.66145325 ,13.034103,23.57119271,87.30251829 ,20.77199993133545,68.9219489888322 ,21832.0,10:43:42 AM,1572671622188
0.60980225 ,2.885086 ,12.428665,23.57119271,87.30251829 ,20.77199993133545,68.9219489888322 ,21832.0,10:43:42 AM,1572671622192
-0.40686035 ,4.626343 ,7.9453583,23.57119271,87.30251829 ,20.77199993133545,68.9219489888322 ,21832.0,10:43:42 AM,1572671622197
0.9040985 ,5.516266 ,2.432022,23.57119271,87.30251829 ,20.77199993133545,68.9219489888322 ,21832.0,10:43:42 AM,1572671622202
5.159546 ,8.699646 ,4.7218933,23.57119271,87.30251829 ,20.77199993133545,68.9219489888322 ,21832.0,10:43:42 AM,1572671622211
3.954773 ,7.2535095 ,0.8778839,23.57119271,87.30251829 ,20.77199993133545,68.9219489888322 ,21832.0,10:43:42 AM,1572671622216
-2.5375366 ,5.668915 ,5.6080933,23.57119271,87.30251829 ,20.77199993133545,68.9219489888322 ,21832.0,10:43:42 AM,1572671622221
-3.8162231 ,2.480896 ,10.346359,23.57119271,87.30251829 ,20.77199993133545,68.9219489888322 ,21832.0,10:43:42 AM,1572671622226
2.8914185 ,0.9665375 ,8.291672,23.57119271,87.30251829 ,20.77199993133545,68.9219489888322 ,21832.0,10:43:42 AM,1572671622230
6.7684937 ,2.4414062 ,13.529068,23.57119271,87.30251829 ,20.77199993133545,68.9219489888322 ,21832.0,10:43:42 AM,1572671622238
1.4062042 ,0.6835327 ,12.587143,23.57119271,87.30251829 ,20.77199993133545,68.9219489888322 ,21832.0,10:43:42 AM,1572671622241
-5.342407 ,0.10496521 ,12.676971,23.57119271,87.30251829 ,20.77199993133545,68.9219489888322 ,21832.0,10:43:42 AM,1572671622246
-4.309738 ,0.68562317 ,11.882385,23.57119271,87.30251829 ,20.77199993133545,68.9219489888322 ,21832.0,10:43:42 AM,1572671622250
1.3202057 ,1.1174774 ,10.595978,23.57119271,87.30251829 ,20.77199993133545,68.9219489888322 ,21832.0,10:43:42 AM,1572671622258
3.51799 ,0.17765808 ,12.109192,23.57119271,87.30251829 ,20.77199993133545,68.9219489888322 ,21832.0,10:43:42 AM,1572671622262
1.7401276 ,-0.3109131 ,17.956558,23.57119271,87.30251829 ,20.77199993133545,68.9219489888322 ,18973.0,10:43:42 AM,1572671622267
1.2530212 ,-0.9146271 ,12.26149,23.57119271,87.30251829 ,20.77199993133545,68.9219489888322 ,18973.0,10:43:42 AM,1572671622270
1.2369232 ,1.072876 ,9.514053,23.57119271,87.30251829 ,20.77199993133545,68.9219489888322 ,18973.0,10:43:42 AM,1572671622276
-1.0460968 ,2.078415 ,9.078781,23.57119271,87.30251829 ,20.77199993133545,68.9219489888322 ,18973.0,10:43:42 AM,1572671622278
-2.6730194 ,2.4539032 ,9.131302,23.57119271,87.30251829 ,20.77199993133545,68.9219489888322 ,18973.0,10:43:42 AM,1572671622284
-0.11065674 ,2.979248 ,7.879654,23.57119271,87.30251829 ,20.77199993133545,68.9219489888322 ,18973.0,10:43:42 AM,1572671622289
2.9474182 ,3.1322937 ,5.5713806,23.57119271,87.30251829 ,20.77199993133545,68.9219489888322 ,18973.0,10:43:42 AM,1572671622294
1.6083221 ,4.136139 ,8.592224,23.57119271,87.30251829 ,20.77199993133545,68.9219489888322 ,18973.0,10:43:42 AM,1572671622299
-1.5843201 ,4.7317657 ,10.712936,23.57119271,87.30251829 ,20.77199993133545,68.9219489888322 ,18973.0,10:43:42 AM,1572671622302
-2.1142273 ,4.2933197 ,3.829361,23.57119271,87.30251829 ,20.77199993133545,68.9219489888322 ,18973.0,10:43:42 AM,1572671622309
-0.27592468 ,5.611908 ,7.2819977,23.57119271,87.30251829 ,20.77199993133545,68.9219489888322 ,18973.0,10:43:42 AM,1572671622315
1.0998077 ,3.4952087 ,10.355499,23.57119271,87.30251829 ,20.77199993133545,68.9219489888322 ,18973.0,10:43:42 AM,1572671622317
1.2911224 ,2.3905792 ,14.117081,23.57119271,87.30251829 ,20.77199993133545,68.9219489888322 ,18973.0,10:43:42 AM,1572671622323
