x,y,z,latitude,longitude,speed,sound,light,time,timestamp
0.36727905 ,3.6103058 ,12.767471,23.56033866,87.29866371 ,17.603999519348147,80.8261610555854 ,30000.0,10:40:24 AM,1572671424348
-1.4063568 ,5.0127563 ,8.456604,23.56033866,87.29866371 ,17.603999519348147,76.54738648626333 ,30000.0,10:40:24 AM,1572671424353
-2.1635437 ,6.337082 ,6.432083,23.56033866,87.29866371 ,17.603999519348147,76.54738648626333 ,30000.0,10:40:24 AM,1572671424357
-0.3970337 ,6.699112 ,5.69252,23.56033866,87.29866371 ,17.603999519348147,76.54738648626333 ,30000.0,10:40:24 AM,1572671424363
1.7240143 ,6.025406 ,7.1652985,23.56033866,87.29866371 ,17.603999519348147,76.54738648626333 ,30000.0,10:40:24 AM,1572671424367
1.4285583 ,6.9776306 ,9.716461,23.56033866,87.29866371 ,17.603999519348147,76.54738648626333 ,30000.0,10:40:24 AM,1572671424372
-1.1729889 ,7.086426 ,4.98114,23.56033866,87.29866371 ,17.603999519348147,76.54738648626333 ,30000.0,10:40:24 AM,1572671424378
-3.018341 ,7.2216034 ,4.2319183,23.56033866,87.29866371 ,17.603999519348147,76.54738648626333 ,30000.0,10:40:24 AM,1572671424388
-1.5485382 ,5.9591064 ,3.74469,23.56033866,87.29866371 ,17.603999519348147,76.54738648626333 ,30000.0,10:40:24 AM,1572671424391
0.50605774 ,4.497986 ,9.285019,23.56033866,87.29866371 ,17.603999519348147,76.54738648626333 ,30000.0,10:40:24 AM,1572671424398
1.4732971 ,2.9716644 ,13.081009,23.56033866,87.29866371 ,17.603999519348147,76.54738648626333 ,30000.0,10:40:24 AM,1572671424402
0.49900818 ,3.6132812 ,12.350449,23.56033866,87.29866371 ,17.603999519348147,76.54738648626333 ,30000.0,10:40:24 AM,1572671424408
-1.766159 ,4.578644 ,7.923691,23.56033866,87.29866371 ,17.603999519348147,76.54738648626333 ,30000.0,10:40:24 AM,1572671424411
-2.3651733 ,6.322571 ,8.281754,23.56033866,87.29866371 ,17.603999519348147,76.54738648626333 ,30000.0,10:40:24 AM,1572671424417
-0.5479889 ,5.9954834 ,3.9509583,23.56033866,87.29866371 ,17.603999519348147,76.54738648626333 ,30000.0,10:40:24 AM,1572671424422
1.0640411 ,6.4946747 ,5.309616,23.56033866,87.29866371 ,17.603999519348147,76.54738648626333 ,30000.0,10:40:24 AM,1572671424426
1.5260468 ,6.6248016 ,6.2407684,23.56033866,87.29866371 ,17.603999519348147,76.54738648626333 ,30000.0,10:40:24 AM,1572671424433
-0.28559875 ,5.913925 ,6.514206,23.56033866,87.29866371 ,17.603999519348147,76.54738648626333 ,30000.0,10:40:24 AM,1572671424436
-1.6201782 ,4.5850677 ,9.2947235,23.56033866,87.29866371 ,17.603999519348147,76.54738648626333 ,30000.0,10:40:24 AM,1572671424439
0.14485168 ,3.5536652 ,11.317627,23.56033866,87.29866371 ,17.603999519348147,76.54738648626333 ,30000.0,10:40:24 AM,1572671424448
1.1448059 ,2.9576416 ,11.137955,23.56033866,87.29866371 ,17.603999519348147,76.54738648626333 ,30000.0,10:40:24 AM,1572671424450
-0.3466339 ,3.6513367 ,12.665421,23.56033866,87.29866371 ,17.603999519348147,76.54738648626333 ,30000.0,10:40:24 AM,1572671424458
-0.80226135 ,4.6203003 ,10.445541,23.56033866,87.29866371 ,17.603999519348147,76.54738648626333 ,30000.0,10:40:24 AM,1572671424461
0.012054443 ,5.2590027 ,7.0155487,23.56033866,87.29866371 ,17.603999519348147,76.54738648626333 ,30000.0,10:40:24 AM,1572671424465
0.17565918 ,6.174759 ,7.7384186,23.56033866,87.29866371 ,17.603999519348147,76.54738648626333 ,30000.0,10:40:24 AM,1572671424471
-0.47686768 ,5.408432 ,6.4339905,23.56033866,87.29866371 ,17.603999519348147,76.54738648626333 ,30000.0,10:40:24 AM,1572671424474
-1.0381927 ,4.5126038 ,7.5270844,23.56033866,87.29866371 ,17.603999519348147,76.54738648626333 ,30000.0,10:40:24 AM,1572671424480
0.66537476 ,4.017044 ,8.990982,23.56033866,87.29866371 ,17.603999519348147,76.54738648626333 ,30000.0,10:40:24 AM,1572671424483
2.130066 ,4.034149 ,10.390976,23.56033866,87.29866371 ,17.603999519348147,76.54738648626333 ,30000.0,10:40:24 AM,1572671424490
0.5595856 ,3.6593933 ,10.157272,23.56033866,87.29866371 ,17.603999519348147,76.54738648626333 ,30000.0,10:40:24 AM,1572671424493
-0.47865295 ,4.7302246 ,9.364044,23.56033866,87.29866371 ,17.603999519348147,76.54738648626333 ,30000.0,10:40:24 AM,1572671424499
0.45185852 ,6.3096924 ,8.605759,23.56033866,87.29866371 ,17.603999519348147,76.54738648626333 ,30000.0,10:40:24 AM,1572671424502
0.7675476 ,7.8766785 ,6.038742,23.56033866,87.29866371 ,17.603999519348147,76.54738648626333 ,30000.0,10:40:24 AM,1572671424508
0.105911255 ,9.043137 ,3.018921,23.56033866,87.29866371 ,17.603999519348147,76.54738648626333 ,30000.0,10:40:24 AM,1572671424511
-0.78045654 ,9.794418 ,3.0880127,23.56033866,87.29866371 ,17.603999519348147,76.54738648626333 ,30000.0,10:40:24 AM,1572671424524
-0.013458252 ,9.153641 ,1.2744141,23.56033866,87.29866371 ,17.603999519348147,76.54738648626333 ,30000.0,10:40:24 AM,1572671424527
1.533081 ,8.072769 ,4.8860474,23.56033866,87.29866371 ,17.603999519348147,76.54738648626333 ,30000.0,10:40:24 AM,1572671424532
0.79693604 ,5.275696 ,8.553986,23.56033866,87.29866371 ,17.603999519348147,76.54738648626333 ,30000.0,10:40:24 AM,1572671424539
-0.9106293 ,3.5178528 ,8.506821,23.56033866,87.29866371 ,17.603999519348147,76.54738648626333 ,30000.0,10:40:24 AM,1572671424543
-1.2852783 ,3.05896 ,10.015305,23.56033866,87.29866371 ,17.603999519348147,76.54738648626333 ,30000.0,10:40:24 AM,1572671424548
-0.13366699 ,2.5614777 ,10.673721,23.56033866,87.29866371 ,17.603999519348147,76.54738648626333 ,30000.0,10:40:24 AM,1572671424554
0.8486023 ,2.9983978 ,12.369324,23.56033866,87.29866371 ,17.603999519348147,76.54738648626333 ,30000.0,10:40:24 AM,1572671424555
0.17951965 ,3.2249756 ,12.019516,23.56033866,87.29866371 ,17.603999519348147,76.54738648626333 ,30000.0,10:40:24 AM,1572671424561
-1.4106445 ,4.3039856 ,10.769714,23.56033866,87.29866371 ,17.603999519348147,76.54738648626333 ,30000.0,10:40:24 AM,1572671424566
-1.8994598 ,5.5661926 ,8.439194,23.56033866,87.29866371 ,17.603999519348147,76.54738648626333 ,30000.0,10:40:24 AM,1572671424569
-0.56643677 ,6.2309265 ,7.092148,23.56033866,87.29866371 ,17.603999519348147,76.54738648626333 ,30000.0,10:40:24 AM,1572671424577
1.8428802 ,6.622986 ,6.4270325,23.56033866,87.29866371 ,17.603999519348147,76.54738648626333 ,30000.0,10:40:24 AM,1572671424578
2.181549 ,7.460556 ,7.95372,23.56033866,87.29866371 ,17.603999519348147,76.54738648626333 ,30000.0,10:40:24 AM,1572671424586
-1.0414734 ,6.9142 ,7.335449,23.56033866,87.29866371 ,17.603999519348147,76.54738648626333 ,30000.0,10:40:24 AM,1572671424588
-3.530014 ,5.421646 ,3.727356,23.56033866,87.29866371 ,17.603999519348147,76.54738648626333 ,30000.0,10:40:24 AM,1572671424595
-2.4047241 ,4.8722687 ,5.812546,23.56033866,87.29866371 ,17.603999519348147,76.54738648626333 ,30000.0,10:40:24 AM,1572671424598
0.3251953 ,3.9594269 ,10.760559,23.56033866,87.29866371 ,17.603999519348147,76.54738648626333 ,30000.0,10:40:24 AM,1572671424606
0.9949951 ,2.9206848 ,12.405075,23.56033866,87.29866371 ,17.603999519348147,76.54738648626333 ,30000.0,10:40:24 AM,1572671424608
-1.323761 ,3.3438873 ,11.417297,23.56033866,87.29866371 ,17.603999519348147,76.54738648626333 ,30000.0,10:40:24 AM,1572671424613
-2.684616 ,6.0429535 ,8.467194,23.56033866,87.29866371 ,17.603999519348147,76.54738648626333 ,30000.0,10:40:24 AM,1572671424618
-1.2175751 ,8.277344 ,1.4039764,23.56033866,87.29866371 ,17.603999519348147,76.54738648626333 ,30000.0,10:40:24 AM,1572671424623
0.1712799 ,9.81337 ,1.5157166,23.56033866,87.29866371 ,17.603999519348147,76.54738648626333 ,30000.0,10:40:24 AM,1572671424628
2.1101685 ,8.672241 ,1.9022369,23.56033866,87.29866371 ,17.603999519348147,76.54738648626333 ,30000.0,10:40:24 AM,1572671424631
3.5317383 ,7.7291107 ,4.7298584,23.56033866,87.29866371 ,17.603999519348147,76.54738648626333 ,30000.0,10:40:24 AM,1572671424638
0.95010376 ,5.159622 ,6.231262,23.56033866,87.29866371 ,17.603999519348147,76.54738648626333 ,30000.0,10:40:24 AM,1572671424641
-2.544815 ,3.4858856 ,10.518021,23.56033866,87.29866371 ,17.603999519348147,76.54738648626333 ,30000.0,10:40:24 AM,1572671424648
-1.7845917 ,0.9002075 ,10.501877,23.56033866,87.29866371 ,17.603999519348147,76.54738648626333 ,30000.0,10:40:24 AM,1572671424651
0.14752197 ,0.85206604 ,16.416748,23.56033866,87.29866371 ,17.603999519348147,76.54738648626333 ,30000.0,10:40:24 AM,1572671424662
0.66638184 ,0.122406006 ,15.740936,23.56033866,87.29866371 ,17.603999519348147,76.54738648626333 ,30000.0,10:40:24 AM,1572671424666
-0.5823822 ,2.3524933 ,13.938248,23.56033866,87.29866371 ,17.603999519348147,76.54738648626333 ,30000.0,10:40:24 AM,1572671424673
-1.6915131 ,4.8548584 ,8.6961975,23.56033866,87.29866371 ,17.603999519348147,76.54738648626333 ,30000.0,10:40:24 AM,1572671424677
-1.204895 ,7.389023 ,4.270096,23.56033866,87.29866371 ,17.603999519348147,76.54738648626333 ,30000.0,10:40:24 AM,1572671424685
-0.19641113 ,8.1636505 ,4.1793213,23.56033866,87.29866371 ,17.603999519348147,76.54738648626333 ,30000.0,10:40:24 AM,1572671424688
1.2958374 ,7.648041 ,4.736923,23.56033866,87.29866371 ,17.603999519348147,76.54738648626333 ,30000.0,10:40:24 AM,1572671424691
3.6614075 ,6.8441772 ,4.078781,23.56033866,87.29866371 ,17.603999519348147,76.54738648626333 ,30000.0,10:40:24 AM,1572671424695
2.5483246 ,6.7485657 ,8.640869,23.56033866,87.29866371 ,17.603999519348147,76.54738648626333 ,30000.0,10:40:24 AM,1572671424701
-1.5474548 ,4.6587677 ,8.8966675,23.56033866,87.29866371 ,17.603999519348147,76.54738648626333 ,30000.0,10:40:24 AM,1572671424705
-3.1562347 ,3.6448517 ,10.472382,23.56033866,87.29866371 ,17.603999519348147,76.54738648626333 ,30000.0,10:40:24 AM,1572671424709
-1.4201202 ,3.9230042 ,12.10051,23.56033866,87.29866371 ,17.603999519348147,76.54738648626333 ,30000.0,10:40:24 AM,1572671424715
0.34230042 ,4.912445 ,8.514038,23.56033866,87.29866371 ,17.603999519348147,76.54738648626333 ,30000.0,10:40:24 AM,1572671424719
0.31340027 ,6.4384003 ,5.9981384,23.56033866,87.29866371 ,17.603999519348147,76.54738648626333 ,30000.0,10:40:24 AM,1572671424722
-0.2189331 ,7.572403 ,4.962372,23.56033866,87.29866371 ,17.603999519348147,76.54738648626333 ,30000.0,10:40:24 AM,1572671424727
0.47200012 ,8.264832 ,2.8802338,23.56033866,87.29866371 ,17.603999519348147,76.54738648626333 ,30000.0,10:40:24 AM,1572671424734
0.7623291 ,8.706543 ,4.774658,23.56033866,87.29866371 ,17.603999519348147,76.54738648626333 ,30000.0,10:40:24 AM,1572671424736
-0.41888428 ,7.604889 ,4.574112,23.56033866,87.29866371 ,17.603999519348147,76.54738648626333 ,30000.0,10:40:24 AM,1572671424743
-0.20150757 ,5.7243195 ,3.9348907,23.56033866,87.29866371 ,17.603999519348147,76.54738648626333 ,30000.0,10:40:24 AM,1572671424748
1.6211395 ,3.9585571 ,9.910873,23.56033866,87.29866371 ,17.603999519348147,76.54738648626333 ,30000.0,10:40:24 AM,1572671424754
1.3252411 ,1.9311218 ,16.68106,23.56033866,87.29866371 ,17.603999519348147,76.54738648626333 ,30000.0,10:40:24 AM,1572671424757
-1.5353241 ,0.036117554 ,17.293076,23.56033866,87.29866371 ,17.603999519348147,76.54738648626333 ,30000.0,10:40:24 AM,1572671424763
-3.583023 ,0.15731812 ,14.819061,23.56033866,87.29866371 ,17.603999519348147,76.54738648626333 ,30000.0,10:40:24 AM,1572671424769
-2.467453 ,3.3995056 ,11.82814,23.56033866,87.29866371 ,17.603999519348147,76.54738648626333 ,30000.0,10:40:24 AM,1572671424771
0.11289978 ,6.611313 ,6.2033234,23.56033866,87.29866371 ,17.603999519348147,76.54738648626333 ,30000.0,10:40:24 AM,1572671424779
1.7255402 ,8.509659 ,1.9785614,23.56033866,87.29866371 ,17.603999519348147,76.54738648626333 ,30000.0,10:40:24 AM,1572671424788
1.7819061 ,10.782822 ,1.5673676,23.56033866,87.29866371 ,17.603999519348147,76.54738648626333 ,30000.0,10:40:24 AM,1572671424790
-0.51693726 ,11.607269 ,-0.4792633,23.56033866,87.29866371 ,17.603999519348147,76.54738648626333 ,30000.0,10:40:24 AM,1572671424792
-4.523178 ,8.628571 ,1.2033997,23.56033866,87.29866371 ,17.603999519348147,76.54738648626333 ,30000.0,10:40:24 AM,1572671424804
-4.5504303 ,4.8995667 ,7.625351,23.56033866,87.29866371 ,17.603999519348147,76.54738648626333 ,30000.0,10:40:24 AM,1572671424806
-0.24842834 ,1.7085724 ,14.093597,23.56033866,87.29866371 ,17.603999519348147,76.54738648626333 ,30000.0,10:40:24 AM,1572671424809
2.9912567 ,-0.06515503 ,16.264267,23.56033866,87.29866371 ,17.603999519348147,76.54738648626333 ,30000.0,10:40:24 AM,1572671424817
0.9789276 ,0.914505 ,16.622513,23.56033866,87.29866371 ,17.603999519348147,76.54738648626333 ,30000.0,10:40:24 AM,1572671424820
-3.1685333 ,2.7746887 ,12.111649,23.56033866,87.29866371 ,17.603999519348147,76.54738648626333 ,30000.0,10:40:24 AM,1572671424824
-2.8823242 ,5.1866913 ,5.0132446,23.56033866,87.29866371 ,17.603999519348147,76.54738648626333 ,30000.0,10:40:24 AM,1572671424831
1.0057983 ,7.7580566 ,1.1148682,23.56033866,87.29866371 ,17.603999519348147,76.54738648626333 ,30000.0,10:40:24 AM,1572671424834
2.7960815 ,8.769791 ,2.414322,23.56033866,87.29866371 ,17.603999519348147,76.03328931906252 ,30000.0,10:40:24 AM,1572671424838
1.5554657 ,8.156494 ,4.1247864,23.56033866,87.29866371 ,17.603999519348147,76.03328931906252 ,30000.0,10:40:24 AM,1572671424841
