x,y,z,latitude,longitude,speed,sound,light,time,timestamp
-4.564392 ,7.639572 ,-0.54803467,23.57077974,87.30250265 ,23.36399917602539,80.41703206555425 ,30000.0,10:43:36 AM,1572671616365
-4.5422363 ,9.188339 ,5.0550995,23.57077974,87.30250265 ,23.36399917602539,80.41703206555425 ,30000.0,10:43:36 AM,1572671616368
0.15306091 ,6.9326477 ,5.8208313,23.57077974,87.30250265 ,23.36399917602539,80.41703206555425 ,30000.0,10:43:36 AM,1572671616370
3.4837952 ,5.8332367 ,3.7360992,23.57077974,87.30250265 ,23.36399917602539,80.41703206555425 ,30000.0,10:43:36 AM,1572671616376
2.0149994 ,7.1940765 ,7.3625946,23.57077974,87.30250265 ,23.36399917602539,80.41703206555425 ,30000.0,10:43:36 AM,1572671616381
-3.5717468 ,7.66098 ,7.675934,23.57077974,87.30250265 ,23.36399917602539,80.41703206555425 ,30000.0,10:43:36 AM,1572671616385
-6.297714 ,7.078018 ,3.8098755,23.57077974,87.30250265 ,23.36399917602539,80.41703206555425 ,30000.0,10:43:36 AM,1572671616390
-1.1758118 ,7.182022 ,7.122406,23.57077974,87.30250265 ,23.36399917602539,80.41703206555425 ,30000.0,10:43:36 AM,1572671616395
7.13443 ,7.516571 ,8.5065155,23.57077974,87.30250265 ,23.36399917602539,80.41703206555425 ,30000.0,10:43:36 AM,1572671616401
6.606903 ,7.5780487 ,7.9368286,23.57077974,87.30250265 ,23.36399917602539,80.41703206555425 ,30000.0,10:43:36 AM,1572671616406
-3.5514374 ,4.78154 ,3.6630554,23.57077974,87.30250265 ,23.36399917602539,80.41703206555425 ,30000.0,10:43:36 AM,1572671616409
-10.429169 ,4.3038483 ,8.523697,23.57077974,87.30250265 ,23.36399917602539,80.41703206555425 ,30000.0,10:43:36 AM,1572671616416
-5.8808136 ,3.3027344 ,13.602951,23.57077974,87.30250265 ,23.36399917602539,80.41703206555425 ,30000.0,10:43:36 AM,1572671616424
3.5669403 ,0.5446472 ,9.010498,23.57077974,87.30250265 ,23.36399917602539,80.41703206555425 ,30000.0,10:43:36 AM,1572671616427
8.08432 ,2.0455933 ,13.406036,23.57077974,87.30250265 ,23.36399917602539,80.41703206555425 ,30000.0,10:43:36 AM,1572671616429
4.059433 ,1.9342194 ,12.992401,23.57077974,87.30250265 ,23.36399917602539,80.41703206555425 ,30000.0,10:43:36 AM,1572671616434
-2.984909 ,1.1882324 ,8.131485,23.57077974,87.30250265 ,23.36399917602539,80.41703206555425 ,30000.0,10:43:36 AM,1572671616438
-5.9375763 ,2.8969727 ,17.175552,23.57077974,87.30250265 ,23.36399917602539,80.41703206555425 ,30000.0,10:43:36 AM,1572671616445
-2.6490784 ,1.192749 ,13.371582,23.57077974,87.30250265 ,23.36399917602539,80.41703206555425 ,30000.0,10:43:36 AM,1572671616448
2.866211 ,3.128128 ,6.5053406,23.57077974,87.30250265 ,23.36399917602539,80.41703206555425 ,30000.0,10:43:36 AM,1572671616454
4.0039673 ,8.759903 ,10.701187,23.57077974,87.30250265 ,23.36399917602539,80.41703206555425 ,30000.0,10:43:36 AM,1572671616457
-1.4739075 ,7.445404 ,-1.6356049,23.57077974,87.30250265 ,23.36399917602539,80.41703206555425 ,30000.0,10:43:36 AM,1572671616468
-5.166031 ,10.045807 ,2.0983276,23.57077974,87.30250265 ,23.36399917602539,80.41703206555425 ,30000.0,10:43:36 AM,1572671616471
-1.0050659 ,7.4858246 ,6.6733856,23.57077974,87.30250265 ,23.36399917602539,80.41703206555425 ,30000.0,10:43:36 AM,1572671616478
5.804718 ,5.0506287 ,5.1775055,23.57077974,87.30250265 ,23.36399917602539,80.41703206555425 ,30000.0,10:43:36 AM,1572671616482
7.0547028 ,6.8766327 ,12.468872,23.57077974,87.30250265 ,23.36399917602539,80.41703206555425 ,30000.0,10:43:36 AM,1572671616488
1.2683411 ,7.398651 ,10.628128,23.57077974,87.30250265 ,23.36399917602539,80.41703206555425 ,30000.0,10:43:36 AM,1572671616492
-4.796509 ,6.151352 ,2.3560486,23.57077974,87.30250265 ,23.36399917602539,80.41703206555425 ,30000.0,10:43:36 AM,1572671616495
-4.806595 ,7.308075 ,10.074463,23.57077974,87.30250265 ,23.36399917602539,80.41703206555425 ,30000.0,10:43:36 AM,1572671616501
0.2131195 ,5.930008 ,9.4096985,23.57077974,87.30250265 ,23.36399917602539,80.41703206555425 ,30000.0,10:43:36 AM,1572671616506
3.7447357 ,5.324951 ,5.9931335,23.57077974,87.30250265 ,23.36399917602539,80.41703206555425 ,30000.0,10:43:36 AM,1572671616510
1.8921509 ,6.5639496 ,8.857101,23.57077974,87.30250265 ,23.36399917602539,80.41703206555425 ,30000.0,10:43:36 AM,1572671616516
-2.8755035 ,6.712021 ,6.5098724,23.57077974,87.30250265 ,23.36399917602539,80.41703206555425 ,30000.0,10:43:36 AM,1572671616519
-4.132599 ,5.9789734 ,5.856125,23.57077974,87.30250265 ,23.36399917602539,80.41703206555425 ,30000.0,10:43:36 AM,1572671616526
0.5203552 ,4.2517242 ,7.614456,23.57077974,87.30250265 ,23.36399917602539,80.41703206555425 ,30000.0,10:43:36 AM,1572671616529
6.057953 ,4.816101 ,11.91153,23.57077974,87.30250265 ,23.36399917602539,80.41703206555425 ,30000.0,10:43:36 AM,1572671616536
4.517578 ,5.6918793 ,13.311768,23.57077974,87.30250265 ,23.36399917602539,80.41703206555425 ,30000.0,10:43:36 AM,1572671616540
-3.1211853 ,4.6406097 ,4.9898987,23.57077974,87.30250265 ,23.36399917602539,80.41703206555425 ,30000.0,10:43:36 AM,1572671616545
-7.508362 ,6.4722595 ,6.3618927,23.57077974,87.30250265 ,23.36399917602539,80.41703206555425 ,30000.0,10:43:36 AM,1572671616549
-3.6717072 ,7.741165 ,8.932358,23.57077974,87.30250265 ,23.36399917602539,80.41703206555425 ,30000.0,10:43:36 AM,1572671616555
2.5732117 ,6.4787903 ,2.1306458,23.57077974,87.30250265 ,23.36399917602539,80.41703206555425 ,30000.0,10:43:36 AM,1572671616559
3.970398 ,7.3086395 ,4.321274,23.57077974,87.30250265 ,23.36399917602539,80.41703206555425 ,30000.0,10:43:36 AM,1572671616565
0.10572815 ,7.518341 ,7.446823,23.57077974,87.30250265 ,23.36399917602539,80.41703206555425 ,30000.0,10:43:36 AM,1572671616568
-3.9395142 ,5.8913116 ,5.4739075,23.57077974,87.30250265 ,23.36399917602539,80.41703206555425 ,30000.0,10:43:36 AM,1572671616576
-3.994156 ,3.42836 ,11.857941,23.57077974,87.30250265 ,23.36399917602539,80.41703206555425 ,30000.0,10:43:36 AM,1572671616578
0.96432495 ,0.9017029 ,13.409668,23.57077974,87.30250265 ,23.36399917602539,80.41703206555425 ,30000.0,10:43:36 AM,1572671616582
5.398987 ,2.4832153 ,14.273361,23.57077974,87.30250265 ,23.36399917602539,80.41703206555425 ,30000.0,10:43:36 AM,1572671616590
0.983078 ,4.205963 ,12.6727295,23.57077974,87.30250265 ,23.36399917602539,80.41703206555425 ,30000.0,10:43:36 AM,1572671616593
-7.0930786 ,3.4644623 ,2.1949005,23.57077974,87.30250265 ,23.36399917602539,80.41703206555425 ,30000.0,10:43:36 AM,1572671616604
-7.1163025 ,7.4385986 ,9.711304,23.57077974,87.30250265 ,23.36399917602539,80.41703206555425 ,30000.0,10:43:36 AM,1572671616607
0.8041992 ,5.2806396 ,5.7839813,23.57077974,87.30250265 ,23.36399917602539,80.41703206555425 ,30000.0,10:43:36 AM,1572671616615
5.544098 ,3.1213684 ,3.9996338,23.57077974,87.30250265 ,23.36399917602539,80.41703206555425 ,30000.0,10:43:36 AM,1572671616618
3.9142761 ,4.5036774 ,16.23967,23.57077974,87.30250265 ,23.36399917602539,80.41703206555425 ,30000.0,10:43:36 AM,1572671616621
-0.75805664 ,3.388626 ,13.344925,23.57077974,87.30250265 ,23.36399917602539,80.41703206555425 ,30000.0,10:43:36 AM,1572671616629
-4.2746735 ,4.2098694 ,7.703079,23.57077974,87.30250265 ,23.36399917602539,80.41703206555425 ,30000.0,10:43:36 AM,1572671616632
-3.9839783 ,6.4164734 ,10.009644,23.57077974,87.30250265 ,23.36399917602539,80.41703206555425 ,30000.0,10:43:36 AM,1572671616635
0.36335754 ,8.003418 ,3.6483917,23.57077974,87.30250265 ,23.36399917602539,80.41703206555425 ,30000.0,10:43:36 AM,1572671616641
3.188034 ,9.446014 ,-0.9630432,23.57077974,87.30250265 ,23.36399917602539,80.41703206555425 ,30000.0,10:43:36 AM,1572671616645
1.2156372 ,8.118515 ,1.4280701,23.57077974,87.30250265 ,23.36399917602539,80.41703206555425 ,30000.0,10:43:36 AM,1572671616650
0.0756073 ,5.9611816 ,6.836609,23.57077974,87.30250265 ,23.36399917602539,80.41703206555425 ,30000.0,10:43:36 AM,1572671616656
1.7771759 ,5.057373 ,15.051514,23.57077974,87.30250265 ,23.36399917602539,80.41703206555425 ,30000.0,10:43:36 AM,1572671616661
2.203949 ,2.1156769 ,9.845444,23.57077974,87.30250265 ,23.36399917602539,80.41703206555425 ,30000.0,10:43:36 AM,1572671616664
0.22984314 ,4.4528503 ,10.440491,23.57077974,87.30250265 ,23.36399917602539,80.41703206555425 ,30000.0,10:43:36 AM,1572671616671
-2.105957 ,7.329941 ,9.54393,23.57077974,87.30250265 ,23.36399917602539,80.41703206555425 ,30000.0,10:43:36 AM,1572671616673
-4.026184 ,7.682831 ,1.6528473,23.57077974,87.30250265 ,23.36399917602539,80.41703206555425 ,30000.0,10:43:36 AM,1572671616678
-3.3910828 ,7.8130035 ,6.027954,23.57077974,87.30250265 ,23.36399917602539,80.41703206555425 ,30000.0,10:43:36 AM,1572671616683
1.5889893 ,5.8286743 ,8.861511,23.57077974,87.30250265 ,23.36399917602539,80.41703206555425 ,30000.0,10:43:36 AM,1572671616689
6.141632 ,4.258911 ,8.122162,23.57077974,87.30250265 ,23.36399917602539,80.41703206555425 ,30000.0,10:43:36 AM,1572671616695
3.6429443 ,3.621338 ,12.205688,23.57077974,87.30250265 ,23.36399917602539,80.41703206555425 ,30000.0,10:43:36 AM,1572671616696
-2.473587 ,1.9118195 ,9.390305,23.57077974,87.30250265 ,23.36399917602539,80.41703206555425 ,30000.0,10:43:36 AM,1572671616702
-4.4152985 ,3.3060608 ,13.901901,23.57077974,87.30250265 ,23.36399917602539,80.41703206555425 ,30000.0,10:43:36 AM,1572671616706
0.37075806 ,3.5628662 ,13.227814,23.57077974,87.30250265 ,23.36399917602539,80.41703206555425 ,30000.0,10:43:36 AM,1572671616711
4.835129 ,4.6989746 ,5.209564,23.57077974,87.30250265 ,23.36399917602539,80.41703206555425 ,30000.0,10:43:36 AM,1572671616716
3.4078827 ,8.753937 ,4.3273315,23.57077974,87.30250265 ,23.36399917602539,80.41703206555425 ,30000.0,10:43:36 AM,1572671616719
-4.0234833 ,9.022293 ,3.0001984,23.57077974,87.30250265 ,23.36399917602539,80.41703206555425 ,30000.0,10:43:36 AM,1572671616725
-6.9838257 ,6.609543 ,-2.9509735,23.57077974,87.30250265 ,23.36399917602539,80.41703206555425 ,30000.0,10:43:36 AM,1572671616737
-1.5664978 ,7.1385803 ,11.349594,23.57077974,87.30250265 ,23.36399917602539,80.41703206555425 ,30000.0,10:43:36 AM,1572671616740
4.843292 ,6.364212 ,12.238983,23.57077974,87.30250265 ,23.36399917602539,80.41703206555425 ,30000.0,10:43:36 AM,1572671616747
2.7629852 ,6.978882 ,4.3525085,23.57077974,87.30250265 ,23.36399917602539,80.41703206555425 ,30000.0,10:43:36 AM,1572671616750
-3.8272552 ,9.470261 ,1.5096893,23.57077974,87.30250265 ,23.36399917602539,80.41703206555425 ,30000.0,10:43:36 AM,1572671616756
-4.588745 ,9.182434 ,1.7541504,23.57077974,87.30250265 ,23.36399917602539,80.41703206555425 ,30000.0,10:43:36 AM,1572671616760
1.943222 ,7.777115 ,8.606705,23.57077974,87.30250265 ,23.36399917602539,80.41703206555425 ,30000.0,10:43:36 AM,1572671616765
5.761917 ,3.5201416 ,10.854355,23.57077974,87.30250265 ,23.36399917602539,80.41703206555425 ,30000.0,10:43:36 AM,1572671616770
1.7235565 ,1.5565796 ,13.244141,23.57077974,87.30250265 ,23.36399917602539,80.41703206555425 ,30000.0,10:43:36 AM,1572671616774
-3.4229736 ,1.4675598 ,11.818741,23.57077974,87.30250265 ,23.36399917602539,80.41703206555425 ,30000.0,10:43:36 AM,1572671616778
-4.133316 ,1.7550049 ,9.207657,23.57077974,87.30250265 ,23.36399917602539,80.41703206555425 ,30000.0,10:43:36 AM,1572671616784
-0.5314331 ,2.7565308 ,12.457397,23.57077974,87.30250265 ,23.36399917602539,80.41703206555425 ,30000.0,10:43:36 AM,1572671616788
2.1901855 ,2.1114807 ,14.468674,23.57077974,87.30250265 ,23.36399917602539,80.41703206555425 ,30000.0,10:43:36 AM,1572671616794
1.6861267 ,1.0219421 ,6.5130005,23.57077974,87.30250265 ,23.36399917602539,80.41703206555425 ,30000.0,10:43:36 AM,1572671616797
-0.40907288 ,4.600464 ,8.297852,23.57077974,87.30250265 ,23.36399917602539,80.41703206555425 ,30000.0,10:43:36 AM,1572671616803
-1.9039001 ,6.5901947 ,5.681595,23.57077974,87.30250265 ,23.36399917602539,80.41703206555425 ,30000.0,10:43:36 AM,1572671616808
-2.2210236 ,6.7803802 ,0.87301636,23.57077974,87.30250265 ,23.36399917602539,80.41703206555425 ,30000.0,10:43:36 AM,1572671616811
0.037750244 ,7.016037 ,7.542267,23.57077974,87.30250265 ,23.36399917602539,80.41703206555425 ,30000.0,10:43:36 AM,1572671616818
4.095642 ,6.611267 ,10.114563,23.57077974,87.30250265 ,23.36399917602539,80.41703206555425 ,30000.0,10:43:36 AM,1572671616821
5.5343323 ,7.185608 ,4.929016,23.57077974,87.30250265 ,23.36399917602539,80.41703206555425 ,30000.0,10:43:36 AM,1572671616827
1.355896 ,7.8057556 ,3.9548645,23.57077974,87.30250265 ,23.36399917602539,82.07439261342836 ,30000.0,10:43:36 AM,1572671616831
-3.0729218 ,6.861725 ,6.8970184,23.57077974,87.30250265 ,23.36399917602539,82.07439261342836 ,30000.0,10:43:36 AM,1572671616836
-2.7612762 ,5.8715363 ,13.964462,23.57077974,87.30250265 ,23.36399917602539,82.07439261342836 ,30000.0,10:43:36 AM,1572671616840
0.30345154 ,2.8958282 ,12.097244,23.57077974,87.30250265 ,23.36399917602539,82.07439261342836 ,30000.0,10:43:36 AM,1572671616846
2.171051 ,2.737793 ,8.395828,23.57077974,87.30250265 ,23.36399917602539,82.07439261342836 ,30000.0,10:43:36 AM,1572671616850
