x,y,z,latitude,longitude,speed,sound,light,time,timestamp
1.5355072 ,16.910934 ,-9.585556,23.55512931,87.29852826 ,29.77200164794922,81.11552084683765 ,30000.0,10:39:15 AM,1572671355704
7.374771 ,16.104431 ,-17.28798,23.55512931,87.29852826 ,29.77200164794922,81.11552084683765 ,30000.0,10:39:15 AM,1572671355707
4.7765045 ,8.9001465 ,-2.424942,23.55512931,87.29852826 ,29.77200164794922,81.11552084683765 ,30000.0,10:39:15 AM,1572671355716
2.411209 ,0.22369385 ,8.839783,23.55512931,87.29852826 ,29.77200164794922,81.11552084683765 ,30000.0,10:39:15 AM,1572671355717
2.2507324 ,-5.088974 ,18.095108,23.55512931,87.29852826 ,29.77200164794922,81.11552084683765 ,30000.0,10:39:15 AM,1572671355721
-1.0084686 ,-9.638184 ,21.15007,23.55512931,87.29852826 ,29.77200164794922,81.11552084683765 ,30000.0,10:39:15 AM,1572671355727
-6.361191 ,-10.545105 ,24.547989,23.55512931,87.29852826 ,29.77200164794922,81.11552084683765 ,30000.0,10:39:15 AM,1572671355731
-8.64032 ,-7.2649536 ,33.81682,23.55512931,87.29852826 ,29.77200164794922,81.11552084683765 ,30000.0,10:39:15 AM,1572671355736
-2.9571686 ,-7.236023 ,21.073654,23.55512931,87.29852826 ,29.77200164794922,81.11552084683765 ,30000.0,10:39:15 AM,1572671355741
4.680374 ,-1.8009491 ,14.707886,23.55512931,87.29852826 ,29.77200164794922,81.11552084683765 ,30000.0,10:39:15 AM,1572671355747
5.813431 ,5.3950195 ,19.394775,23.55512931,87.29852826 ,29.77200164794922,81.11552084683765 ,30000.0,10:39:15 AM,1572671355751
1.3590851 ,5.7364655 ,9.554031,23.55512931,87.29852826 ,29.77200164794922,81.11552084683765 ,30000.0,10:39:15 AM,1572671355756
-0.37557983 ,9.414764 ,6.9832,23.55512931,87.29852826 ,29.77200164794922,81.11552084683765 ,30000.0,10:39:15 AM,1572671355760
1.0611725 ,13.134491 ,-0.8464508,23.55512931,87.29852826 ,29.77200164794922,81.11552084683765 ,30000.0,10:39:15 AM,1572671355765
-2.1979828 ,16.717651 ,-11.236313,23.55512931,87.29852826 ,29.77200164794922,81.11552084683765 ,30000.0,10:39:15 AM,1572671355770
-8.028641 ,20.144684 ,-14.374313,23.55512931,87.29852826 ,29.77200164794922,81.11552084683765 ,30000.0,10:39:15 AM,1572671355775
-8.554459 ,16.349747 ,-16.860046,23.55512931,87.29852826 ,29.77200164794922,81.11552084683765 ,30000.0,10:39:15 AM,1572671355780
-1.3886719 ,8.502197 ,-2.7261505,23.55512931,87.29852826 ,29.77200164794922,81.11552084683765 ,30000.0,10:39:15 AM,1572671355785
6.69162 ,2.7016144 ,27.056458,23.55512931,87.29852826 ,29.77200164794922,81.11552084683765 ,30000.0,10:39:15 AM,1572671355788
10.869598 ,-8.444061 ,18.150024,23.55512931,87.29852826 ,29.77200164794922,81.11552084683765 ,30000.0,10:39:15 AM,1572671355797
8.303787 ,-13.605484 ,23.216873,23.55512931,87.29852826 ,29.77200164794922,81.11552084683765 ,30000.0,10:39:15 AM,1572671355804
4.6625824 ,-9.613602 ,32.77928,23.55512931,87.29852826 ,29.77200164794922,81.11552084683765 ,30000.0,10:39:15 AM,1572671355809
-3.8840637 ,-1.0854034 ,36.92755,23.55512931,87.29852826 ,29.77200164794922,81.11552084683765 ,30000.0,10:39:15 AM,1572671355816
-9.215591 ,-1.3299103 ,0.2612152,23.55512931,87.29852826 ,29.77200164794922,81.11552084683765 ,30000.0,10:39:15 AM,1572671355818
-10.022751 ,10.9216 ,-16.114853,23.55512931,87.29852826 ,29.77200164794922,81.11552084683765 ,30000.0,10:39:15 AM,1572671355822
-6.4980927 ,22.928299 ,-9.899979,23.55512931,87.29852826 ,29.77200164794922,81.11552084683765 ,30000.0,10:39:15 AM,1572671355827
2.5535736 ,21.821442 ,-20.380615,23.55512931,87.29852826 ,29.77200164794922,81.11552084683765 ,30000.0,10:39:15 AM,1572671355833
12.98645 ,15.41304 ,-11.5278015,23.55512931,87.29852826 ,29.77200164794922,81.11552084683765 ,30000.0,10:39:15 AM,1572671355837
16.138916 ,7.598816 ,10.224976,23.55512931,87.29852826 ,29.77200164794922,81.11552084683765 ,30000.0,10:39:15 AM,1572671355842
6.744293 ,3.1674347 ,22.65709,23.55512931,87.29852826 ,29.77200164794922,81.11552084683765 ,30000.0,10:39:15 AM,1572671355848
-8.327835 ,-2.2938995 ,12.784271,23.55512931,87.29852826 ,29.77200164794922,81.11552084683765 ,30000.0,10:39:15 AM,1572671355851
-17.380264 ,-3.7509003 ,11.305283,23.55512931,87.29852826 ,29.77200164794922,81.11552084683765 ,30000.0,10:39:15 AM,1572671355855
-11.495224 ,-2.0330658 ,18.238007,23.55512931,87.29852826 ,29.77200164794922,81.11552084683765 ,30000.0,10:39:15 AM,1572671355860
2.3202972 ,-3.8558655 ,15.520889,23.55512931,87.29852826 ,29.77200164794922,81.11552084683765 ,30000.0,10:39:15 AM,1572671355866
9.642731 ,-1.2048645 ,24.392624,23.55512931,87.29852826 ,29.77200164794922,81.11552084683765 ,30000.0,10:39:15 AM,1572671355870
5.3277283 ,0.8517761 ,22.845291,23.55512931,87.29852826 ,29.77200164794922,81.11552084683765 ,30000.0,10:39:15 AM,1572671355876
-3.3258667 ,1.7671356 ,4.0281525,23.55512931,87.29852826 ,29.77200164794922,81.11552084683765 ,30000.0,10:39:15 AM,1572671355883
-6.6425323 ,8.000412 ,5.54924,23.55512931,87.29852826 ,29.77200164794922,81.11552084683765 ,30000.0,10:39:15 AM,1572671355885
-1.5151215 ,10.451996 ,0.59825134,23.55512931,87.29852826 ,29.77200164794922,81.11552084683765 ,30000.0,10:39:15 AM,1572671355889
5.158905 ,11.531998 ,-3.1336517,23.55512931,87.29852826 ,29.77200164794922,81.11552084683765 ,30000.0,10:39:15 AM,1572671355896
6.52359 ,12.456345 ,9.177673,23.55512931,87.29852826 ,29.77200164794922,81.11552084683765 ,30000.0,10:39:15 AM,1572671355900
3.0671997 ,7.852188 ,3.6023102,23.55512931,87.29852826 ,29.77200164794922,81.11552084683765 ,30000.0,10:39:15 AM,1572671355904
-0.8019409 ,6.808655 ,2.1468353,23.55512931,87.29852826 ,29.77200164794922,81.11552084683765 ,30000.0,10:39:15 AM,1572671355909
-2.2413483 ,7.229126 ,13.456497,23.55512931,87.29852826 ,29.77200164794922,81.11552084683765 ,30000.0,10:39:15 AM,1572671355916
-0.7797394 ,5.293808 ,3.6871033,23.55512931,87.29852826 ,29.77200164794922,81.11552084683765 ,30000.0,10:39:15 AM,1572671355918
-1.1628265 ,8.30304 ,0.25979614,23.55512931,87.29852826 ,29.77200164794922,81.11552084683765 ,30000.0,10:39:15 AM,1572671355923
-4.7706604 ,11.288605 ,7.9715576,23.55512931,87.29852826 ,29.77200164794922,81.11552084683765 ,30000.0,10:39:15 AM,1572671355928
-4.46521 ,6.742325 ,-4.644577,23.55512931,87.29852826 ,29.77200164794922,81.11552084683765 ,30000.0,10:39:15 AM,1572671355938
2.9352722 ,4.9731293 ,2.3620758,23.55512931,87.29852826 ,29.77200164794922,81.11552084683765 ,30000.0,10:39:15 AM,1572671355942
7.946213 ,3.6589203 ,25.126526,23.55512931,87.29852826 ,29.77200164794922,81.11552084683765 ,30000.0,10:39:15 AM,1572671355949
4.9087067 ,-5.9078674 ,20.994461,23.55512931,87.29852826 ,29.77200164794922,81.11552084683765 ,30000.0,10:39:15 AM,1572671355952
-0.7207489 ,-6.548889 ,26.076813,23.55512931,87.29852826 ,29.77200164794922,81.11552084683765 ,30000.0,10:39:15 AM,1572671355956
-5.231247 ,0.11923218 ,29.006195,23.55512931,87.29852826 ,29.77200164794922,81.11552084683765 ,30000.0,10:39:15 AM,1572671355961
-6.7457886 ,2.2482452 ,7.971985,23.55512931,87.29852826 ,29.77200164794922,81.11552084683765 ,30000.0,10:39:15 AM,1572671355966
-4.3638306 ,8.000549 ,-10.940994,23.55512931,87.29852826 ,29.77200164794922,81.11552084683765 ,30000.0,10:39:15 AM,1572671355971
-1.9863892 ,14.010468 ,-0.15390015,23.55512931,87.29852826 ,29.77200164794922,81.11552084683765 ,30000.0,10:39:15 AM,1572671355975
4.12648 ,6.3813324 ,-5.047882,23.55512931,87.29852826 ,29.77200164794922,81.11552084683765 ,30000.0,10:39:15 AM,1572671355985
7.713272 ,1.3839722 ,16.43161,23.55512931,87.29852826 ,29.77200164794922,81.11552084683765 ,30000.0,10:39:15 AM,1572671355986
4.6870117 ,-1.4176788 ,27.95198,23.55512931,87.29852826 ,29.77200164794922,81.11552084683765 ,30000.0,10:39:15 AM,1572671355990
-2.1394806 ,-1.18396 ,19.774933,23.55512931,87.29852826 ,29.77200164794922,81.11552084683765 ,30000.0,10:39:15 AM,1572671355995
-8.610825 ,3.7922058 ,8.607742,23.55512931,87.29852826 ,29.77200164794922,81.11552084683765 ,30000.0,10:39:16 AM,1572671356000
-6.712677 ,10.350891 ,-1.3464508,23.55512931,87.29852826 ,29.77200164794922,81.11552084683765 ,30000.0,10:39:16 AM,1572671356004
2.0962067 ,15.478622 ,0.6607971,23.55512931,87.29852826 ,29.77200164794922,81.11552084683765 ,30000.0,10:39:16 AM,1572671356009
9.233566 ,9.075623 ,-5.4373016,23.55512931,87.29852826 ,29.77200164794922,81.11552084683765 ,30000.0,10:39:16 AM,1572671356019
8.083618 ,3.2629242 ,7.704483,23.55512931,87.29852826 ,29.77200164794922,81.11552084683765 ,30000.0,10:39:16 AM,1572671356021
2.1774597 ,2.892807 ,25.84375,23.55512931,87.29852826 ,29.77200164794922,81.11552084683765 ,30000.0,10:39:16 AM,1572671356023
-2.721817 ,4.398529 ,16.588272,23.55512931,87.29852826 ,29.77200164794922,81.11552084683765 ,30000.0,10:39:16 AM,1572671356028
-5.1575775 ,6.5163116 ,-7.3472443,23.55512931,87.29852826 ,29.77200164794922,81.11552084683765 ,30000.0,10:39:16 AM,1572671356034
-5.849411 ,18.830032 ,-2.2592316,23.55512931,87.29852826 ,29.77200164794922,81.11552084683765 ,30000.0,10:39:16 AM,1572671356038
-5.110779 ,21.273315 ,-18.177216,23.55512931,87.29852826 ,29.77200164794922,81.11552084683765 ,30000.0,10:39:16 AM,1572671356043
-1.0523682 ,15.790604 ,-21.622055,23.55512931,87.29852826 ,29.77200164794922,81.11552084683765 ,30000.0,10:39:16 AM,1572671356050
6.5725555 ,11.599335 ,12.564377,23.55512931,87.29852826 ,29.77200164794922,81.11552084683765 ,30000.0,10:39:16 AM,1572671356052
10.068253 ,0.37217712 ,13.74234,23.55512931,87.29852826 ,29.77200164794922,81.11552084683765 ,30000.0,10:39:16 AM,1572671356058
3.4790802 ,-1.0746918 ,20.570389,23.55512931,87.29852826 ,29.77200164794922,81.11552084683765 ,30000.0,10:39:16 AM,1572671356062
-5.7362213 ,-6.0049896 ,18.44844,23.55522042,87.29853088 ,31.319999313354494,81.11552084683765 ,30000.0,10:39:16 AM,1572671356072
-9.842804 ,-7.796097 ,15.445053,23.55522042,87.29853088 ,31.319999313354494,81.11552084683765 ,30000.0,10:39:16 AM,1572671356076
-3.9768066 ,-1.326767 ,23.485168,23.55522042,87.29853088 ,31.319999313354494,81.11552084683765 ,30000.0,10:39:16 AM,1572671356083
1.7971039 ,-0.1608429 ,10.758804,23.55522042,87.29853088 ,31.319999313354494,81.11552084683765 ,30000.0,10:39:16 AM,1572671356086
-0.57380676 ,2.4383087 ,7.1998596,23.55522042,87.29853088 ,31.319999313354494,81.11552084683765 ,30000.0,10:39:16 AM,1572671356090
-5.7345123 ,2.7783203 ,16.955887,23.55522042,87.29853088 ,31.319999313354494,81.11552084683765 ,30000.0,10:39:16 AM,1572671356097
-2.9071503 ,-0.015625 ,14.121292,23.55522042,87.29853088 ,31.319999313354494,81.11552084683765 ,30000.0,10:39:16 AM,1572671356106
3.4309998 ,1.8017883 ,12.810822,23.55522042,87.29853088 ,31.319999313354494,81.11552084683765 ,30000.0,10:39:16 AM,1572671356109
2.90271 ,8.39212 ,13.907623,23.55522042,87.29853088 ,31.319999313354494,81.11552084683765 ,30000.0,10:39:16 AM,1572671356111
-1.8903351 ,11.701202 ,-4.213684,23.55522042,87.29853088 ,31.319999313354494,81.11552084683765 ,30000.0,10:39:16 AM,1572671356121
-5.6250153 ,16.140411 ,-7.023712,23.55522042,87.29853088 ,31.319999313354494,81.11552084683765 ,30000.0,10:39:16 AM,1572671356124
-1.3073273 ,15.284836 ,-2.6189423,23.55522042,87.29853088 ,31.319999313354494,81.11552084683765 ,30000.0,10:39:16 AM,1572671356126
7.922806 ,7.31575 ,0.5323639,23.55522042,87.29853088 ,31.319999313354494,81.11552084683765 ,30000.0,10:39:16 AM,1572671356130
10.850891 ,1.3559723 ,19.712418,23.55522042,87.29853088 ,31.319999313354494,81.11552084683765 ,30000.0,10:39:16 AM,1572671356138
5.578369 ,-3.2049408 ,24.74913,23.55522042,87.29853088 ,31.319999313354494,81.11552084683765 ,30000.0,10:39:16 AM,1572671356141
-3.3080292 ,-3.276062 ,19.674759,23.55522042,87.29853088 ,31.319999313354494,81.11552084683765 ,30000.0,10:39:16 AM,1572671356149
-9.474411 ,3.3002625 ,18.063385,23.55522042,87.29853088 ,31.319999313354494,81.11552084683765 ,30000.0,10:39:16 AM,1572671356151
-8.037949 ,7.5167236 ,-2.333786,23.55522042,87.29853088 ,31.319999313354494,81.11552084683765 ,30000.0,10:39:16 AM,1572671356157
0.47383118 ,13.076981 ,-7.4371033,23.55522042,87.29853088 ,31.319999313354494,81.11552084683765 ,30000.0,10:39:16 AM,1572671356160
7.947357 ,12.716721 ,9.3849945,23.55522042,87.29853088 ,31.319999313354494,81.11552084683765 ,30000.0,10:39:16 AM,1572671356164
10.040863 ,2.4796448 ,8.631882,23.55522042,87.29853088 ,31.319999313354494,81.11552084683765 ,30000.0,10:39:16 AM,1572671356169
5.1376953 ,1.2998047 ,22.12436,23.55522042,87.29853088 ,31.319999313354494,81.11552084683765 ,30000.0,10:39:16 AM,1572671356173
-2.308838 ,3.769043 ,27.354355,23.55522042,87.29853088 ,31.319999313354494,81.11552084683765 ,30000.0,10:39:16 AM,1572671356177
-7.577118 ,0.6567383 ,-1.6372833,23.55522042,87.29853088 ,31.319999313354494,82.32480049652867 ,30000.0,10:39:16 AM,1572671356186
-7.747223 ,9.846878 ,-5.0377045,23.55522042,87.29853088 ,31.319999313354494,82.32480049652867 ,30000.0,10:39:16 AM,1572671356188
-2.1201324 ,16.267746 ,-0.0078125,23.55522042,87.29853088 ,31.319999313354494,82.32480049652867 ,30000.0,10:39:16 AM,1572671356191
