x,y,z,latitude,longitude,speed,sound,light,time,timestamp
0.58384705 ,6.8841553 ,7.039688,23.54319043,87.29735228 ,0.0,64.96790130172543 ,1.0,21:41:13 PM,1574007073242
0.624527 ,6.9272156 ,6.8362885,23.54319043,87.29735228 ,0.0,64.96790130172543 ,1.0,21:41:13 PM,1574007073246
0.5694885 ,6.838684 ,6.75972,23.54319043,87.29735228 ,0.0,64.96790130172543 ,1.0,21:41:13 PM,1574007073251
0.28234863 ,6.793228 ,6.9176483,23.54319043,87.29735228 ,0.0,64.96790130172543 ,1.0,21:41:13 PM,1574007073257
0.093322754 ,6.817154 ,6.9918213,23.54319002,87.29735276 ,0.0,64.96790130172543 ,1.0,21:41:13 PM,1574007073261
0.18902588 ,6.896118 ,6.9798584,23.54319002,87.29735276 ,0.0,64.96790130172543 ,1.0,21:41:13 PM,1574007073265
0.62931824 ,6.8027954 ,6.953537,23.54319002,87.29735276 ,0.0,64.96790130172543 ,1.0,21:41:13 PM,1574007073272
0.92362976 ,6.652054 ,7.1521454,23.54319002,87.29735276 ,0.0,64.96790130172543 ,1.0,21:41:13 PM,1574007073276
0.74417114 ,6.558731 ,7.25264,23.54319002,87.29735276 ,0.0,64.96790130172543 ,1.0,21:41:13 PM,1574007073280
0.2536316 ,6.6759796 ,7.0947266,23.54319002,87.29735276 ,0.0,64.96790130172543 ,1.0,21:41:13 PM,1574007073285
0.035888672 ,6.86261 ,7.075577,23.54319002,87.29735276 ,0.0,64.96790130172543 ,1.0,21:41:13 PM,1574007073290
0.31825256 ,6.7381897 ,7.080368,23.54319002,87.29735276 ,0.0,64.96790130172543 ,1.0,21:41:13 PM,1574007073295
0.72262573 ,6.652054 ,7.204788,23.54319002,87.29735276 ,0.0,64.96790130172543 ,1.0,21:41:13 PM,1574007073300
0.8949127 ,6.611374 ,7.0157623,23.54319002,87.29735276 ,0.0,64.96790130172543 ,1.0,21:41:13 PM,1574007073306
0.6699829 ,6.8362885 ,7.0947266,23.54319002,87.29735276 ,0.0,64.96790130172543 ,1.0,21:41:13 PM,1574007073310
0.23449707 ,6.9104767 ,6.7381897,23.54319002,87.29735276 ,0.0,64.96790130172543 ,1.0,21:41:13 PM,1574007073315
0.107681274 ,7.0181427 ,6.580261,23.54319002,87.29735276 ,0.0,64.96790130172543 ,1.0,21:41:13 PM,1574007073322
0.31585693 ,7.022934 ,6.6592255,23.54319002,87.29735276 ,0.0,64.96790130172543 ,1.0,21:41:13 PM,1574007073324
0.69869995 ,6.924835 ,6.7621155,23.54319002,87.29735276 ,0.0,64.96790130172543 ,1.0,21:41:13 PM,1574007073330
0.9020996 ,6.8650055 ,6.9559326,23.54319002,87.29735276 ,0.0,64.96790130172543 ,1.0,21:41:13 PM,1574007073334
0.8279114 ,6.900894 ,6.9176483,23.54319002,87.29735276 ,0.0,64.96790130172543 ,1.0,21:41:13 PM,1574007073340
0.46420288 ,6.9152527 ,6.805191,23.54319002,87.29735276 ,0.0,64.96790130172543 ,1.0,21:41:13 PM,1574007073345
0.2871399 ,6.8602295 ,6.972687,23.54319002,87.29735276 ,0.0,64.96790130172543 ,1.0,21:41:13 PM,1574007073350
0.46420288 ,6.850647 ,7.286148,23.54319002,87.29735276 ,0.0,64.96790130172543 ,1.0,21:41:13 PM,1574007073356
0.6269226 ,6.6376953 ,7.027725,23.54319002,87.29735276 ,0.0,64.96790130172543 ,1.0,21:41:13 PM,1574007073359
0.6699829 ,6.6999054 ,6.960724,23.54319002,87.29735276 ,0.0,64.96790130172543 ,1.0,21:41:13 PM,1574007073364
0.624527 ,6.7836456 ,7.372284,23.54319002,87.29735276 ,0.0,64.96790130172543 ,1.0,21:41:13 PM,1574007073369
0.5647125 ,6.6137695 ,7.307678,23.54319002,87.29735276 ,0.0,64.96790130172543 ,1.0,21:41:13 PM,1574007073374
0.7298126 ,6.75972 ,6.972687,23.54319002,87.29735276 ,0.0,64.96790130172543 ,1.0,21:41:13 PM,1574007073380
0.7896271 ,7.183258 ,6.8123627,23.54319002,87.29735276 ,0.0,64.96790130172543 ,1.0,21:41:13 PM,1574007073384
0.6149597 ,6.9511566 ,6.386444,23.54319002,87.29735276 ,0.0,64.96790130172543 ,1.0,21:41:13 PM,1574007073390
0.5383911 ,6.6783752 ,7.381851,23.54319002,87.29735276 ,0.0,64.96790130172543 ,1.0,21:41:13 PM,1574007073396
0.5144501 ,6.6879425 ,7.635498,23.54319002,87.29735276 ,0.0,64.96790130172543 ,1.0,21:41:13 PM,1574007073399
0.5694885 ,6.776474 ,6.7286224,23.54319002,87.29735276 ,0.0,64.96790130172543 ,1.0,21:41:13 PM,1574007073406
0.7010956 ,7.0133667 ,6.798004,23.54319002,87.29735276 ,0.0,64.96790130172543 ,1.0,21:41:13 PM,1574007073409
0.6508484 ,6.6807556 ,7.030121,23.54319002,87.29735276 ,0.0,64.96790130172543 ,1.0,21:41:13 PM,1574007073413
0.6388855 ,6.5946198 ,7.566101,23.54319002,87.29735276 ,0.0,64.96790130172543 ,1.0,21:41:13 PM,1574007073418
0.7346039 ,6.6592255 ,7.381851,23.54319002,87.29735276 ,0.0,64.96790130172543 ,1.0,21:41:13 PM,1574007073424
0.7537384 ,6.69751 ,6.8434753,23.54319002,87.29735276 ,0.0,64.96790130172543 ,1.0,21:41:13 PM,1574007073429
0.7680969 ,6.817154 ,7.1162567,23.54319002,87.29735276 ,0.0,64.96790130172543 ,1.0,21:41:13 PM,1574007073433
0.64367676 ,6.6472626 ,7.1856537,23.54319002,87.29735276 ,0.0,64.96790130172543 ,1.0,21:41:13 PM,1574007073439
0.6197357 ,6.666397 ,7.2885437,23.54319002,87.29735276 ,0.0,64.96790130172543 ,1.0,21:41:13 PM,1574007073443
0.727417 ,6.747757 ,7.1114655,23.54319002,87.29735276 ,0.0,64.96790130172543 ,1.0,21:41:13 PM,1574007073448
0.7346039 ,6.726227 ,6.9104767,23.54319002,87.29735276 ,0.0,64.96790130172543 ,1.0,21:41:13 PM,1574007073455
0.7776642 ,6.788437 ,7.154541,23.54319002,87.29735276 ,0.0,64.96790130172543 ,1.0,21:41:13 PM,1574007073458
0.7728882 ,6.8434753 ,6.929611,23.54319002,87.29735276 ,0.0,64.96790130172543 ,1.0,21:41:13 PM,1574007073462
0.79441833 ,7.0899353 ,6.5611267,23.54319002,87.29735276 ,0.0,64.96790130172543 ,1.0,21:41:13 PM,1574007073468
0.74894714 ,7.1401825 ,6.419937,23.54319002,87.29735276 ,0.0,64.96790130172543 ,1.0,21:41:13 PM,1574007073474
0.7417755 ,7.075577 ,6.6472626,23.54319002,87.29735276 ,0.0,64.96790130172543 ,1.0,21:41:13 PM,1574007073478
0.7992096 ,7.0085754 ,6.7740784,23.54319002,87.29735276 ,0.0,64.96790130172543 ,1.0,21:41:13 PM,1574007073482
0.8661957 ,6.970291 ,6.7788696,23.54319002,87.29735276 ,0.0,64.96790130172543 ,1.0,21:41:13 PM,1574007073489
0.8494568 ,6.9391785 ,6.891327,23.54319002,87.29735276 ,0.0,64.96790130172543 ,1.0,21:41:13 PM,1574007073492
0.78723145 ,6.8362885 ,6.9750824,23.54319002,87.29735276 ,0.0,64.96790130172543 ,1.0,21:41:13 PM,1574007073497
0.8231354 ,6.8530426 ,7.178467,23.54319002,87.29735276 ,0.0,69.27898061733163 ,1.0,21:41:13 PM,1574007073503
0.90448 ,6.793228 ,7.0492554,23.54319002,87.29735276 ,0.0,69.27898061733163 ,1.0,21:41:13 PM,1574007073508
0.9762726 ,6.826721 ,6.9583282,23.54319002,87.29735276 ,0.0,69.27898061733163 ,1.0,21:41:13 PM,1574007073513
0.8901367 ,6.757324 ,7.0875397,23.54319002,87.29735276 ,0.0,69.27898061733163 ,1.0,21:41:13 PM,1574007073517
0.7728882 ,6.7214355 ,7.2095795,23.54319002,87.29735276 ,0.0,69.27898061733163 ,1.0,21:41:13 PM,1574007073523
0.7537384 ,6.7716827 ,7.2502594,23.54319002,87.29735276 ,0.0,69.27898061733163 ,1.0,21:41:13 PM,1574007073527
0.8111725 ,6.8434753 ,6.9655,23.54319002,87.29735276 ,0.0,69.27898061733163 ,1.0,21:41:13 PM,1574007073532
0.88534546 ,6.9224396 ,6.850647,23.54319002,87.29735276 ,0.0,69.27898061733163 ,1.0,21:41:13 PM,1574007073539
0.8566284 ,6.932007 ,6.8123627,23.54319002,87.29735276 ,0.0,69.27898061733163 ,1.0,21:41:13 PM,1574007073542
0.83270264 ,6.908081 ,6.8937225,23.54319002,87.29735276 ,0.0,69.27898061733163 ,1.0,21:41:13 PM,1574007073547
0.8494568 ,6.9798584 ,6.8841553,23.54319002,87.29735276 ,0.0,69.27898061733163 ,1.0,21:41:13 PM,1574007073552
0.8685913 ,6.9798584 ,6.7693024,23.54319002,87.29735276 ,0.0,69.27898061733163 ,1.0,21:41:13 PM,1574007073557
0.8901367 ,6.9846497 ,6.8195496,23.54319002,87.29735276 ,0.0,69.27898061733163 ,1.0,21:41:13 PM,1574007073562
0.8877411 ,6.977478 ,6.850647,23.54319002,87.29735276 ,0.0,69.27898061733163 ,1.0,21:41:13 PM,1574007073566
0.8542328 ,7.010971 ,6.8195496,23.54319002,87.29735276 ,0.0,69.27898061733163 ,1.0,21:41:13 PM,1574007073572
0.8614197 ,7.034897 ,6.7836456,23.54319002,87.29735276 ,0.0,69.27898061733163 ,1.0,21:41:13 PM,1574007073576
0.8925171 ,6.9631195 ,6.805191,23.54319002,87.29735276 ,0.0,69.27898061733163 ,1.0,21:41:13 PM,1574007073581
0.91166687 ,6.90329 ,7.034897,23.54319002,87.29735276 ,0.0,69.27898061733163 ,1.0,21:41:13 PM,1574007073586
0.92123413 ,6.8650055 ,7.073181,23.54319002,87.29735276 ,0.0,69.27898061733163 ,1.0,21:41:13 PM,1574007073592
0.8901367 ,6.8650055 ,7.056427,23.54319002,87.29735276 ,0.0,69.27898061733163 ,1.0,21:41:13 PM,1574007073596
0.8757782 ,6.90329 ,7.039688,23.54319002,87.29735276 ,0.0,69.27898061733163 ,1.0,21:41:13 PM,1574007073601
0.8949127 ,6.9272156 ,6.960724,23.54319002,87.29735276 ,0.0,69.27898061733163 ,1.0,21:41:13 PM,1574007073607
0.9068756 ,6.9631195 ,6.941574,23.54319002,87.29735276 ,0.0,69.27898061733163 ,1.0,21:41:13 PM,1574007073611
0.8422699 ,6.941574 ,6.8721924,23.54319002,87.29735276 ,0.0,69.27898061733163 ,1.0,21:41:13 PM,1574007073616
0.80877686 ,6.924835 ,6.9104767,23.54319002,87.29735276 ,0.0,69.27898061733163 ,1.0,21:41:13 PM,1574007073622
0.7776642 ,6.9176483 ,6.9846497,23.54319002,87.29735276 ,0.0,69.27898061733163 ,1.0,21:41:13 PM,1574007073626
0.75613403 ,6.9583282 ,6.879364,23.54319002,87.29735276 ,0.0,69.27898061733163 ,1.0,21:41:13 PM,1574007073630
0.75852966 ,6.982254 ,6.7740784,23.54319002,87.29735276 ,0.0,69.27898061733163 ,1.0,21:41:13 PM,1574007073635
0.8039856 ,6.994217 ,6.752548,23.54319002,87.29735276 ,0.0,69.27898061733163 ,1.0,21:41:13 PM,1574007073641
0.7920227 ,6.9104767 ,6.8530426,23.54319002,87.29735276 ,0.0,69.27898061733163 ,1.0,21:41:13 PM,1574007073646
0.77526855 ,6.9104767 ,7.10907,23.54319002,87.29735276 ,0.0,69.27898061733163 ,1.0,21:41:13 PM,1574007073650
0.8518524 ,7.00618 ,7.245468,23.54319002,87.29735276 ,0.0,69.27898061733163 ,1.0,21:41:13 PM,1574007073656
0.9140625 ,6.7286224 ,6.4701996,23.54319002,87.29735276 ,0.0,69.27898061733163 ,1.0,21:41:13 PM,1574007073661
0.9140625 ,6.6759796 ,6.8841553,23.54319002,87.29735276 ,0.0,69.27898061733163 ,1.0,21:41:13 PM,1574007073665
0.6508484 ,6.735794 ,7.544571,23.54319002,87.29735276 ,0.0,69.27898061733163 ,1.0,21:41:13 PM,1574007073673
0.38046265 ,6.5970154 ,7.286148,23.54319002,87.29735276 ,0.0,69.27898061733163 ,1.0,21:41:13 PM,1574007073675
0.5862427 ,6.7333984 ,6.982254,23.54319002,87.29735276 ,0.0,69.27898061733163 ,1.0,21:41:13 PM,1574007073680
0.8949127 ,6.570694 ,6.845871,23.54319002,87.29735276 ,0.0,69.27898061733163 ,1.0,21:41:13 PM,1574007073685
0.90448 ,6.6089783 ,7.453644,23.54319002,87.29735276 ,0.0,69.27898061733163 ,1.0,21:41:13 PM,1574007073690
0.6077728 ,6.541977 ,7.338791,23.54319002,87.29735276 ,0.0,69.27898061733163 ,1.0,21:41:13 PM,1574007073695
0.34695435 ,6.6831512 ,6.9678955,23.54319002,87.29735276 ,0.0,69.27898061733163 ,1.0,21:41:13 PM,1574007073699
0.3900299 ,6.7214355 ,6.948761,23.54319002,87.29735276 ,0.0,69.27898061733163 ,1.0,21:41:13 PM,1574007073705
0.6125641 ,6.71904 ,7.0827484,23.54319002,87.29735276 ,0.0,69.27898061733163 ,1.0,21:41:13 PM,1574007073710
0.75613403 ,6.75972 ,6.8817596,23.54319002,87.29735276 ,0.0,69.27898061733163 ,1.0,21:41:13 PM,1574007073714
0.64367676 ,6.742981 ,6.551544,23.54319002,87.29735276 ,0.0,69.27898061733163 ,1.0,21:41:13 PM,1574007073723
0.46420288 ,6.8817596 ,7.2215424,23.54319002,87.29735276 ,0.0,69.27898061733163 ,1.0,21:41:13 PM,1574007073725
0.35891724 ,6.747757 ,7.3172455,23.54319002,87.29735276 ,0.0,69.27898061733163 ,1.0,21:41:13 PM,1574007073729
