x,y,z,latitude,longitude,speed,sound,light,time,timestamp
0.5144501 ,0.5240326 ,6.8147583,23.54946421,87.29976061 ,28.980000686645507,82.78012218560251 ,0.0,21:01:47 PM,1574004707489
-0.8685913 ,5.6781616 ,32.87021,23.54946421,87.29976061 ,28.980000686645507,82.78012218560251 ,0.0,21:01:47 PM,1574004707493
-2.285141 ,4.8263245 ,24.478577,23.54946421,87.29976061 ,28.980000686645507,82.78012218560251 ,0.0,21:01:47 PM,1574004707498
-2.7876434 ,1.976471 ,6.735794,23.54946421,87.29976061 ,28.980000686645507,82.78012218560251 ,0.0,21:01:47 PM,1574004707506
-0.66041565 ,4.1850433 ,9.209976,23.54946421,87.29976061 ,28.980000686645507,82.78012218560251 ,0.0,21:01:47 PM,1574004707508
1.0624084 ,-1.8185425 ,12.2608185,23.54946421,87.29976061 ,28.980000686645507,82.78012218560251 ,0.0,21:01:47 PM,1574004707513
1.3184509 ,-0.43788147 ,8.5208435,23.54946421,87.29976061 ,28.980000686645507,82.78012218560251 ,0.0,21:01:47 PM,1574004707517
2.9575348 ,-1.0839539 ,-1.2538452,23.54946421,87.29976061 ,28.980000686645507,82.78012218560251 ,0.0,21:01:47 PM,1574004707524
2.3856506 ,0.49531555 ,-3.7112732,23.54946421,87.29976061 ,28.980000686645507,82.78012218560251 ,0.0,21:01:47 PM,1574004707529
2.703888 ,-1.2131653 ,5.058426,23.54946421,87.29976061 ,28.980000686645507,82.78012218560251 ,0.0,21:01:47 PM,1574004707533
0.76091003 ,5.1349945 ,17.54657,23.54946421,87.29976061 ,28.980000686645507,82.78012218560251 ,0.0,21:01:47 PM,1574004707539
-0.69392395 ,-4.153946 ,1.2012024,23.54946421,87.29976061 ,28.980000686645507,82.78012218560251 ,0.0,21:01:47 PM,1574004707543
0.095718384 ,3.3714905 ,15.806992,23.54946421,87.29976061 ,28.980000686645507,82.78012218560251 ,0.0,21:01:47 PM,1574004707547
-0.8279114 ,-3.596405 ,13.993225,23.54946421,87.29976061 ,28.980000686645507,82.78012218560251 ,0.0,21:01:47 PM,1574004707552
-2.8881378 ,-0.75613403 ,22.571503,23.54946421,87.29976061 ,28.980000686645507,82.78012218560251 ,0.0,21:01:47 PM,1574004707558
-2.5842438 ,-0.22732544 ,16.867004,23.54946421,87.29976061 ,28.980000686645507,82.78012218560251 ,0.0,21:01:47 PM,1574004707563
-1.3208313 ,-0.34695435 ,12.591034,23.54946421,87.29976061 ,28.980000686645507,82.78012218560251 ,0.0,21:01:47 PM,1574004707567
0.825531 ,-2.3042908 ,8.874985,23.54946421,87.29976061 ,28.980000686645507,82.78012218560251 ,0.0,21:01:47 PM,1574004707574
3.4002075 ,-0.2632141 ,17.426926,23.54946421,87.29976061 ,28.980000686645507,82.78012218560251 ,0.0,21:01:47 PM,1574004707578
1.7563324 ,3.213562 ,21.272202,23.54946421,87.29976061 ,28.980000686645507,82.78012218560251 ,0.0,21:01:47 PM,1574004707583
-0.33499146 ,-1.3830566 ,6.8889313,23.54946421,87.29976061 ,28.980000686645507,82.78012218560251 ,0.0,21:01:47 PM,1574004707590
-1.146164 ,5.893524 ,10.741379,23.54946421,87.29976061 ,28.980000686645507,82.78012218560251 ,0.0,21:01:47 PM,1574004707592
-0.78245544 ,-1.8017883 ,2.165512,23.54946421,87.29976061 ,28.980000686645507,82.78012218560251 ,0.0,21:01:47 PM,1574004707597
0.04067993 ,5.5345917 ,15.28775,23.54946421,87.29976061 ,28.980000686645507,82.78012218560251 ,0.0,21:01:47 PM,1574004707602
0.7154541 ,-0.119644165 ,3.6083832,23.54946421,87.29976061 ,28.980000686645507,82.78012218560251 ,0.0,21:01:47 PM,1574004707608
1.2012024 ,6.9128723 ,7.515854,23.54946421,87.29976061 ,28.980000686645507,82.78012218560251 ,0.0,21:01:47 PM,1574004707612
2.8498535 ,1.4069824 ,0.0047912598,23.54946421,87.29976061 ,28.980000686645507,82.78012218560251 ,0.0,21:01:47 PM,1574004707616
4.421936 ,5.7355957 ,9.793823,23.54946421,87.29976061 ,28.980000686645507,82.78012218560251 ,0.0,21:01:47 PM,1574004707622
2.177475 ,2.4215393 ,7.281357,23.54946421,87.29976061 ,28.980000686645507,82.78012218560251 ,0.0,21:01:47 PM,1574004707627
-0.119644165 ,1.7778625 ,7.3651123,23.54946421,87.29976061 ,28.980000686645507,82.78012218560251 ,0.0,21:01:47 PM,1574004707631
-1.4739838 ,4.158722 ,13.612762,23.54946421,87.29976061 ,28.980000686645507,82.78012218560251 ,0.0,21:01:47 PM,1574004707639
-0.7130585 ,-5.1230316 ,4.4195404,23.54946421,87.29976061 ,28.980000686645507,82.78012218560251 ,0.0,21:01:47 PM,1574004707641
0.9140625 ,2.3090668 ,16.316666,23.54946421,87.29976061 ,28.980000686645507,82.78012218560251 ,0.0,21:01:47 PM,1574004707646
0.8805542 ,-1.3304138 ,10.080963,23.54946421,87.29976061 ,28.980000686645507,82.78012218560251 ,0.0,21:01:47 PM,1574004707650
-0.9379883 ,3.8022003 ,19.243088,23.54946421,87.29976061 ,28.980000686645507,82.78012218560251 ,0.0,21:01:47 PM,1574004707657
2.0913239 ,-1.4644012 ,4.4315033,23.54946421,87.29976061 ,28.980000686645507,82.78012218560251 ,0.0,21:01:47 PM,1574004707661
5.4508514 ,6.049057 ,15.687347,23.54946421,87.29976061 ,28.980000686645507,82.78012218560251 ,0.0,21:01:47 PM,1574004707665
2.177475 ,3.0747833 ,6.8362885,23.54946421,87.29976061 ,28.980000686645507,82.78012218560251 ,0.0,21:01:47 PM,1574004707674
-2.4023895 ,2.519638 ,5.309677,23.54946421,87.29976061 ,28.980000686645507,82.78012218560251 ,0.0,21:01:47 PM,1574004707676
-2.5698853 ,4.9459686 ,6.7405853,23.54946421,87.29976061 ,28.980000686645507,82.78012218560251 ,0.0,21:01:47 PM,1574004707680
2.2037964 ,-2.2348938 ,2.778061,23.54946421,87.29976061 ,28.980000686645507,82.78012218560251 ,0.0,21:01:47 PM,1574004707685
4.965103 ,3.1489563 ,10.394424,23.54946421,87.29976061 ,28.980000686645507,82.78012218560251 ,0.0,21:01:47 PM,1574004707691
2.9623108 ,-1.4572296 ,1.1413727,23.54946421,87.29976061 ,28.980000686645507,82.78012218560251 ,0.0,21:01:47 PM,1574004707695
-0.093322754 ,5.77388 ,13.031311,23.54946421,87.29976061 ,28.980000686645507,82.78012218560251 ,0.0,21:01:47 PM,1574004707699
-0.33259583 ,-0.5694885 ,4.965103,23.54946421,87.29976061 ,28.980000686645507,82.78012218560251 ,0.0,21:01:47 PM,1574004707706
1.076767 ,3.775879 ,17.010574,23.54946421,87.29976061 ,28.980000686645507,82.78012218560251 ,0.0,21:01:47 PM,1574004707710
0.32063293 ,-1.4021912 ,9.982849,23.54946421,87.29976061 ,28.980000686645507,82.78012218560251 ,0.0,21:01:47 PM,1574004707714
0.01914978 ,0.33738708 ,17.312073,23.54946421,87.29976061 ,28.980000686645507,82.78012218560251 ,0.0,21:01:47 PM,1574004707722
-1.7252197 ,3.7854462 ,18.257233,23.54946421,87.29976061 ,28.980000686645507,82.78012218560251 ,0.0,21:01:47 PM,1574004707725
-1.9716797 ,-2.4646149 ,5.005783,23.54946421,87.29976061 ,28.980000686645507,82.78012218560251 ,0.0,21:01:47 PM,1574004707729
0.15074158 ,4.3908234 ,13.734802,23.54946421,87.29976061 ,28.980000686645507,82.78012218560251 ,0.0,21:01:47 PM,1574004707734
2.486145 ,-1.0983124 ,8.717056,23.54946421,87.29976061 ,28.980000686645507,82.78012218560251 ,0.0,21:01:47 PM,1574004707740
2.8091736 ,4.5966187 ,15.71846,23.54946421,87.29976061 ,28.980000686645507,82.78012218560251 ,0.0,21:01:47 PM,1574004707744
2.0937195 ,0.7680969 ,1.7898254,23.54946421,87.29976061 ,28.980000686645507,82.78012218560251 ,0.0,21:01:47 PM,1574004707749
0.45463562 ,4.6301117 ,5.15654,23.54946421,87.29976061 ,28.980000686645507,82.78012218560251 ,0.0,21:01:47 PM,1574004707756
-0.83987427 ,1.2322998 ,4.532013,23.54946421,87.29976061 ,28.980000686645507,80.47118247612225 ,0.0,21:01:47 PM,1574004707760
-0.5670929 ,5.4317017 ,15.67778,23.54946421,87.29976061 ,28.980000686645507,80.47118247612225 ,0.0,21:01:47 PM,1574004707764
-0.114852905 ,5.132599 ,12.2608185,23.54946421,87.29976061 ,28.980000686645507,80.47118247612225 ,0.0,21:01:47 PM,1574004707772
2.6129608 ,0.50727844 ,5.6398773,23.54946421,87.29976061 ,28.980000686645507,80.47118247612225 ,0.0,21:01:47 PM,1574004707775
6.1782684 ,7.7072754 ,18.652054,23.54946421,87.29976061 ,28.980000686645507,80.47118247612225 ,0.0,21:01:47 PM,1574004707779
6.3625183 ,3.7734833 ,10.593033,23.54946421,87.29976061 ,28.980000686645507,80.47118247612225 ,0.0,21:01:47 PM,1574004707784
3.8452606 ,7.204788 ,8.941986,23.54946421,87.29976061 ,28.980000686645507,80.47118247612225 ,0.0,21:01:47 PM,1574004707790
1.174881 ,3.7782745 ,0.7728882,23.54946421,87.29976061 ,28.980000686645507,80.47118247612225 ,0.0,21:01:47 PM,1574004707794
-0.5312042 ,6.2883453 ,8.480164,23.54946421,87.29976061 ,28.980000686645507,80.47118247612225 ,0.0,21:01:47 PM,1574004707799
0.19381714 ,3.041275 ,5.580063,23.54946421,87.29976061 ,28.980000686645507,80.47118247612225 ,0.0,21:01:47 PM,1574004707806
1.7156525 ,3.9385834 ,13.722839,23.54946421,87.29976061 ,28.980000686645507,80.47118247612225 ,0.0,21:01:47 PM,1574004707809
1.9118652 ,4.697113 ,17.470001,23.54946421,87.29976061 ,28.980000686645507,80.47118247612225 ,0.0,21:01:47 PM,1574004707823
3.0388794 ,-0.62213135 ,12.835098,23.54946421,87.29976061 ,28.980000686645507,80.47118247612225 ,0.0,21:01:47 PM,1574004707825
3.9194489 ,4.3358 ,22.267609,23.54946421,87.29976061 ,28.980000686645507,80.47118247612225 ,0.0,21:01:47 PM,1574004707827
5.1421814 ,6.0107727 ,14.962326,23.54946421,87.29976061 ,28.980000686645507,80.47118247612225 ,0.0,21:01:47 PM,1574004707829
2.6392822 ,4.0462646 ,3.2733765,23.54946421,87.29976061 ,28.980000686645507,80.47118247612225 ,0.0,21:01:47 PM,1574004707833
-1.3997955 ,7.0085754 ,-5.5824585,23.54946421,87.29976061 ,28.980000686645507,80.47118247612225 ,0.0,21:01:47 PM,1574004707839
-1.6749725 ,9.135803 ,6.742981,23.54946421,87.29976061 ,28.980000686645507,80.47118247612225 ,0.0,21:01:47 PM,1574004707844
-4.096512 ,9.588043 ,1.3328094,23.54946421,87.29976061 ,28.980000686645507,80.47118247612225 ,0.0,21:01:47 PM,1574004707848
-3.6131592 ,8.671585 ,0.9690857,23.54946421,87.29976061 ,28.980000686645507,80.47118247612225 ,0.0,21:01:47 PM,1574004707856
0.57188416 ,7.7934265 ,6.340973,23.54946421,87.29976061 ,28.980000686645507,80.47118247612225 ,0.0,21:01:47 PM,1574004707859
4.8047943 ,3.0675964 ,7.800598,23.54946421,87.29976061 ,28.980000686645507,80.47118247612225 ,0.0,21:01:47 PM,1574004707863
5.6638184 ,3.3834534 ,7.7431793,23.54946421,87.29976061 ,28.980000686645507,80.47118247612225 ,0.0,21:01:47 PM,1574004707868
2.617752 ,4.589432 ,14.586655,23.54946421,87.29976061 ,28.980000686645507,80.47118247612225 ,0.0,21:01:47 PM,1574004707874
-0.59103394 ,2.5938263 ,16.118057,23.54946421,87.29976061 ,28.980000686645507,80.47118247612225 ,0.0,21:01:47 PM,1574004707878
1.4069824 ,0.9499512 ,9.219543,23.54946421,87.29976061 ,28.980000686645507,80.47118247612225 ,0.0,21:01:47 PM,1574004707882
4.0366974 ,5.1517487 ,16.168304,23.54946421,87.29976061 ,28.980000686645507,80.47118247612225 ,0.0,21:01:47 PM,1574004707889
3.632309 ,2.531601 ,11.069199,23.54946421,87.29976061 ,28.980000686645507,80.47118247612225 ,0.0,21:01:47 PM,1574004707893
0.38285828 ,3.1704865 ,14.995819,23.54946421,87.29976061 ,28.980000686645507,80.47118247612225 ,0.0,21:01:47 PM,1574004707897
-3.225525 ,1.9214325 ,16.10849,23.54946421,87.29976061 ,28.980000686645507,80.47118247612225 ,0.0,21:01:47 PM,1574004707906
-2.8259277 ,-3.3116608 ,15.242279,23.54946421,87.29976061 ,28.980000686645507,80.47118247612225 ,0.0,21:01:47 PM,1574004707908
1.0624084 ,0.5096741 ,20.951553,23.54946421,87.29976061 ,28.980000686645507,80.47118247612225 ,0.0,21:01:47 PM,1574004707912
2.4765778 ,2.9551392 ,14.139191,23.54946421,87.29976061 ,28.980000686645507,80.47118247612225 ,0.0,21:01:47 PM,1574004707917
1.6941223 ,2.1296082 ,6.7046967,23.54946421,87.29976061 ,28.980000686645507,80.47118247612225 ,0.0,21:01:47 PM,1574004707923
3.144165 ,0.38285828 ,9.047256,23.54946421,87.29976061 ,28.980000686645507,80.47118247612225 ,0.0,21:01:47 PM,1574004707928
4.496109 ,1.5912323 ,16.699509,23.54946421,87.29976061 ,28.980000686645507,80.47118247612225 ,0.0,21:01:47 PM,1574004707932
3.000595 ,4.484146 ,6.209381,23.54946421,87.29976061 ,28.980000686645507,80.47118247612225 ,0.0,21:01:47 PM,1574004707939
0.35414124 ,8.918045 ,-6.455841,23.54946421,87.29976061 ,28.980000686645507,80.47118247612225 ,0.0,21:01:47 PM,1574004707942
0.18902588 ,7.10907 ,-8.195419,23.54946421,87.29976061 ,28.980000686645507,80.47118247612225 ,0.0,21:01:47 PM,1574004707947
2.354538 ,8.006378 ,3.8476562,23.54946421,87.29976061 ,28.980000686645507,80.47118247612225 ,0.0,21:01:47 PM,1574004707952
3.6155548 ,7.8843536 ,4.2831573,23.54946421,87.29976061 ,28.980000686645507,80.47118247612225 ,0.0,21:01:47 PM,1574004707960
2.6727905 ,15.101105 ,5.1996,23.54946421,87.29976061 ,28.980000686645507,80.47118247612225 ,0.0,21:01:47 PM,1574004707963
0.5120697 ,8.575882 ,-6.9056854,23.54946421,87.29976061 ,28.980000686645507,80.47118247612225 ,0.0,21:01:47 PM,1574004707967
2.2277222 ,7.2382812 ,8.583054,23.54946421,87.29976061 ,28.980000686645507,80.47118247612225 ,0.0,21:01:47 PM,1574004707973
2.8881378 ,7.0085754 ,20.781662,23.54946421,87.29976061 ,28.980000686645507,80.47118247612225 ,0.0,21:01:47 PM,1574004707976
