x,y,z,latitude,longitude,speed,sound,light,time,timestamp
1.4476624 ,3.0508423 ,17.273788,23.55058001,87.29785156 ,24.084000205993654,81.7724043185546 ,0.0,21:01:13 PM,1574004673461
-0.49771118 ,1.9238281 ,9.705292,23.55058001,87.29785156 ,24.084000205993654,81.7724043185546 ,0.0,21:01:13 PM,1574004673465
-0.32781982 ,6.795624 ,10.707886,23.55058001,87.29785156 ,24.084000205993654,81.7724043185546 ,0.0,21:01:13 PM,1574004673474
0.026321411 ,5.1637115 ,3.517456,23.55058001,87.29785156 ,24.084000205993654,81.7724043185546 ,0.0,21:01:13 PM,1574004673478
1.1892395 ,6.9176483 ,5.8672028,23.55058001,87.29785156 ,24.084000205993654,81.7724043185546 ,0.0,21:01:13 PM,1574004673481
1.1222382 ,5.927017 ,7.3531494,23.55058001,87.29785156 ,24.084000205993654,81.7724043185546 ,0.0,21:01:13 PM,1574004673485
0.17706299 ,6.764511 ,4.5726776,23.55058001,87.29785156 ,24.084000205993654,81.7724043185546 ,0.0,21:01:13 PM,1574004673492
-0.67237854 ,6.455841 ,6.3194427,23.55058001,87.29785156 ,24.084000205993654,81.7724043185546 ,0.0,21:01:13 PM,1574004673495
-1.6438751 ,4.76651 ,5.5322113,23.55058001,87.29785156 ,24.084000205993654,81.7724043185546 ,0.0,21:01:13 PM,1574004673500
0.17468262 ,3.7495575 ,4.0079803,23.55058001,87.29785156 ,24.084000205993654,81.7724043185546 ,0.0,21:01:13 PM,1574004673506
3.4097748 ,7.1234283 ,13.952545,23.55058001,87.29785156 ,24.084000205993654,81.7724043185546 ,0.0,21:01:13 PM,1574004673510
3.3356018 ,5.682953 ,10.899307,23.55058001,87.29785156 ,24.084000205993654,81.7724043185546 ,0.0,21:01:13 PM,1574004673515
-0.33021545 ,4.6779633 ,1.0456696,23.55058001,87.29785156 ,24.084000205993654,81.7724043185546 ,0.0,21:01:13 PM,1574004673523
-1.8161469 ,7.8867493 ,12.526428,23.55058001,87.29785156 ,24.084000205993654,81.7724043185546 ,0.0,21:01:13 PM,1574004673525
-2.6249237 ,1.0695953 ,8.140381,23.55058001,87.29785156 ,24.084000205993654,81.7724043185546 ,0.0,21:01:13 PM,1574004673529
-1.0241241 ,5.32164 ,6.5611267,23.55058001,87.29785156 ,24.084000205993654,81.7724043185546 ,0.0,21:01:13 PM,1574004673535
1.9190369 ,4.9531403 ,4.204193,23.55058001,87.29785156 ,24.084000205993654,81.7724043185546 ,0.0,21:01:13 PM,1574004673541
3.2518463 ,4.266403 ,0.7776642,23.55058001,87.29785156 ,24.084000205993654,81.7724043185546 ,0.0,21:01:13 PM,1574004673545
2.5818634 ,2.1032867 ,11.028519,23.55058001,87.29785156 ,24.084000205993654,81.7724043185546 ,0.0,21:01:13 PM,1574004673549
0.24645996 ,4.6947174 ,14.270798,23.55058001,87.29785156 ,24.084000205993654,81.7724043185546 ,0.0,21:01:13 PM,1574004673557
-1.3088684 ,2.3497467 ,7.628311,23.55058001,87.29785156 ,24.084000205993654,81.7724043185546 ,0.0,21:01:13 PM,1574004673559
0.34457397 ,1.799408 ,14.060226,23.55058001,87.29785156 ,24.084000205993654,81.7724043185546 ,0.0,21:01:13 PM,1574004673564
1.7491608 ,1.9118652 ,16.955536,23.55058001,87.29785156 ,24.084000205993654,81.7724043185546 ,0.0,21:01:13 PM,1574004673572
0.033493042 ,7.2311096 ,13.880768,23.55058001,87.29785156 ,24.084000205993654,81.7724043185546 ,0.0,21:01:13 PM,1574004673574
-0.41874695 ,7.709671 ,6.242874,23.55058001,87.29785156 ,24.084000205993654,81.7724043185546 ,0.0,21:01:13 PM,1574004673578
3.5413818 ,5.481964 ,-6.1878357,23.55058001,87.29785156 ,24.084000205993654,81.7724043185546 ,0.0,21:01:13 PM,1574004673583
6.723831 ,4.060623 ,-0.7776642,23.55058001,87.29785156 ,24.084000205993654,81.7724043185546 ,0.0,21:01:13 PM,1574004673589
5.1541443 ,5.0321045 ,17.434113,23.55058001,87.29785156 ,24.084000205993654,81.7724043185546 ,0.0,21:01:13 PM,1574004673594
0.81355286 ,6.5371857 ,9.676575,23.55058001,87.29785156 ,24.084000205993654,81.7724043185546 ,0.0,21:01:13 PM,1574004673598
-3.9888306 ,3.3930206 ,3.139389,23.55058001,87.29785156 ,24.084000205993654,81.7724043185546 ,0.0,21:01:13 PM,1574004673605
-1.9597168 ,4.1491547 ,19.3723,23.55058001,87.29785156 ,24.084000205993654,81.7724043185546 ,0.0,21:01:13 PM,1574004673609
0.06939697 ,4.1228333 ,22.02594,23.55058001,87.29785156 ,24.084000205993654,81.7724043185546 ,0.0,21:01:13 PM,1574004673613
-0.41874695 ,2.423935 ,18.159134,23.55058001,87.29785156 ,24.084000205993654,81.7724043185546 ,0.0,21:01:13 PM,1574004673618
0.13160706 ,6.4941254 ,9.427719,23.55058001,87.29785156 ,24.084000205993654,81.7724043185546 ,0.0,21:01:13 PM,1574004673624
3.9792633 ,5.2881317 ,1.6127625,23.55058001,87.29785156 ,24.084000205993654,81.7724043185546 ,0.0,21:01:13 PM,1574004673628
2.9240265 ,10.432709 ,6.8027954,23.55058001,87.29785156 ,24.084000205993654,81.7724043185546 ,0.0,21:01:13 PM,1574004673633
-0.114852905 ,-3.0795593 ,0.43788147,23.55058001,87.29785156 ,24.084000205993654,81.7724043185546 ,0.0,21:01:13 PM,1574004673638
-0.7920227 ,8.535202 ,23.684158,23.55058001,87.29785156 ,24.084000205993654,81.7724043185546 ,0.0,21:01:13 PM,1574004673643
-1.701294 ,1.0073853 ,10.695923,23.55058001,87.29785156 ,24.084000205993654,81.7724043185546 ,0.0,21:01:13 PM,1574004673647
-0.8877411 ,0.8518524 ,5.264206,23.55058001,87.29785156 ,24.084000205993654,81.7724043185546 ,0.0,21:01:13 PM,1574004673656
1.483551 ,11.696121 ,26.54837,23.55058001,87.29785156 ,24.084000205993654,81.7724043185546 ,0.0,21:01:13 PM,1574004673658
1.5720825 ,-0.3014984 ,2.1942139,23.55058001,87.29785156 ,24.084000205993654,81.7724043185546 ,0.0,21:01:13 PM,1574004673663
6.3098755 ,9.260223 ,8.889343,23.55058001,87.29785156 ,24.084000205993654,81.7724043185546 ,0.0,21:01:13 PM,1574004673668
5.596817 ,10.0785675 ,0.6963043,23.55058001,87.29785156 ,24.084000205993654,81.7724043185546 ,0.0,21:01:13 PM,1574004673674
-0.7800598 ,8.657227 ,-7.3986053,23.55058001,87.29785156 ,24.084000205993654,81.7724043185546 ,0.0,21:01:13 PM,1574004673677
-5.7068787 ,8.1427765 ,9.891922,23.55058001,87.29785156 ,24.084000205993654,81.72370635943292 ,0.0,21:01:13 PM,1574004673682
-6.2237244 ,6.398407 ,12.078964,23.55058001,87.29785156 ,24.084000205993654,81.72370635943292 ,0.0,21:01:13 PM,1574004673690
0.035888672 ,9.396622 ,-0.74894714,23.55058001,87.29785156 ,24.084000205993654,81.72370635943292 ,0.0,21:01:13 PM,1574004673692
7.4033966 ,9.729218 ,-9.382263,23.55058001,87.29785156 ,24.084000205993654,81.72370635943292 ,0.0,21:01:13 PM,1574004673697
6.4582214 ,6.580261 ,-5.2259216,23.55058001,87.29785156 ,24.084000205993654,81.72370635943292 ,0.0,21:01:13 PM,1574004673702
-0.41156006 ,3.1345978 ,13.031311,23.55058001,87.29785156 ,24.084000205993654,81.72370635943292 ,0.0,21:01:13 PM,1574004673708
-4.5918274 ,6.30748 ,18.235703,23.55058001,87.29785156 ,24.084000205993654,81.72370635943292 ,0.0,21:01:13 PM,1574004673712
1.0576324 ,1.3615112 ,1.5433655,23.55058001,87.29785156 ,24.084000205993654,81.72370635943292 ,0.0,21:01:13 PM,1574004673716
8.492126 ,5.694916 ,7.5302124,23.55058001,87.29785156 ,24.084000205993654,81.72370635943292 ,0.0,21:01:13 PM,1574004673723
5.0608215 ,1.8113708 ,14.701508,23.55058001,87.29785156 ,24.084000205993654,81.72370635943292 ,0.0,21:01:13 PM,1574004673728
-4.445862 ,-1.2466583 ,14.127228,23.55058001,87.29785156 ,24.084000205993654,81.72370635943292 ,0.0,21:01:13 PM,1574004673732
-7.278961 ,3.1202393 ,25.732422,23.55058001,87.29785156 ,24.084000205993654,81.72370635943292 ,0.0,21:01:13 PM,1574004673740
-3.6466675 ,1.586441 ,12.179474,23.55058001,87.29785156 ,24.084000205993654,81.72370635943292 ,0.0,21:01:13 PM,1574004673742
4.6588287 ,2.0362854 ,10.052246,23.55058001,87.29785156 ,24.084000205993654,81.72370635943292 ,0.0,21:01:13 PM,1574004673746
7.0372925 ,3.5988007 ,19.23111,23.55058001,87.29785156 ,24.084000205993654,81.72370635943292 ,0.0,21:01:13 PM,1574004673751
2.4789581 ,-0.447464 ,10.0785675,23.55058001,87.29785156 ,24.084000205993654,81.72370635943292 ,0.0,21:01:13 PM,1574004673758
-0.92362976 ,2.7302094 ,16.670792,23.55058001,87.29785156 ,24.084000205993654,81.72370635943292 ,0.0,21:01:13 PM,1574004673762
-1.9788666 ,6.4917297 ,9.296112,23.55058001,87.29785156 ,24.084000205993654,81.72370635943292 ,0.0,21:01:13 PM,1574004673766
-1.9046936 ,2.165512 ,-7.463211,23.55058001,87.29785156 ,24.084000205993654,81.72370635943292 ,0.0,21:01:13 PM,1574004673773
-0.279953 ,7.2622223 ,5.9557343,23.55058001,87.29785156 ,24.084000205993654,81.72370635943292 ,0.0,21:01:13 PM,1574004673777
0.102890015 ,8.956329 ,5.3479614,23.55058001,87.29785156 ,24.084000205993654,81.72370635943292 ,0.0,21:01:13 PM,1574004673781
1.7826538 ,12.138794 ,-4.256836,23.55058001,87.29785156 ,24.084000205993654,81.72370635943292 ,0.0,21:01:13 PM,1574004673786
5.5082703 ,18.34578 ,-3.9912262,23.55058001,87.29785156 ,24.084000205993654,81.72370635943292 ,0.0,21:01:13 PM,1574004673792
7.176071 ,13.751556 ,-9.911072,23.55058001,87.29785156 ,24.084000205993654,81.72370635943292 ,0.0,21:01:13 PM,1574004673796
3.952942 ,12.933212 ,-2.1391907,23.55058001,87.29785156 ,24.084000205993654,81.72370635943292 ,0.0,21:01:13 PM,1574004673800
-0.098098755 ,1.7539368 ,2.0817566,23.55058001,87.29785156 ,24.084000205993654,81.72370635943292 ,0.0,21:01:13 PM,1574004673807
0.8542328 ,8.111664 ,23.021347,23.55058001,87.29785156 ,24.084000205993654,81.72370635943292 ,0.0,21:01:13 PM,1574004673811
1.414154 ,10.516449 ,11.346771,23.55058001,87.29785156 ,24.084000205993654,81.72370635943292 ,0.0,21:01:13 PM,1574004673816
0.6628113 ,-1.3280182 ,-12.047867,23.55058001,87.29785156 ,24.084000205993654,81.72370635943292 ,0.0,21:01:13 PM,1574004673823
0.6915283 ,5.7188416 ,21.394226,23.55058001,87.29785156 ,24.084000205993654,81.72370635943292 ,0.0,21:01:13 PM,1574004673826
-3.5389862 ,1.6486511 ,36.38527,23.55058001,87.29785156 ,24.084000205993654,81.72370635943292 ,0.0,21:01:13 PM,1574004673830
-6.520447 ,0.8566284 ,18.888947,23.55058001,87.29785156 ,24.084000205993654,81.72370635943292 ,0.0,21:01:13 PM,1574004673835
-1.7371826 ,3.1345978 ,12.016754,23.55058001,87.29785156 ,24.084000205993654,81.72370635943292 ,0.0,21:01:13 PM,1574004673841
0.8494568 ,5.572891 ,8.882156,23.55058001,87.29785156 ,24.084000205993654,81.72370635943292 ,0.0,21:01:13 PM,1574004673846
-1.0791626 ,-6.4582214 ,2.1631165,23.55058001,87.29785156 ,24.084000205993654,81.72370635943292 ,0.0,21:01:13 PM,1574004673850
-1.557724 ,-1.7730865 ,19.118652,23.55058001,87.29785156 ,24.084000205993654,81.72370635943292 ,0.0,21:01:13 PM,1574004673856
-0.63648987 ,1.1270142 ,9.614365,23.55058001,87.29785156 ,24.084000205993654,81.72370635943292 ,0.0,21:01:13 PM,1574004673860
1.3304138 ,-4.852646 ,-2.8259277,23.55058001,87.29785156 ,24.084000205993654,81.72370635943292 ,0.0,21:01:13 PM,1574004673864
2.268402 ,4.106079 ,28.878983,23.55058001,87.29785156 ,24.084000205993654,81.72370635943292 ,0.0,21:01:13 PM,1574004673873
2.7900238 ,-8.994614 ,13.421341,23.55058001,87.29785156 ,24.084000205993654,81.72370635943292 ,0.0,21:01:13 PM,1574004673875
6.3792725 ,0.21774292 ,25.9693,23.55058001,87.29785156 ,24.084000205993654,81.72370635943292 ,0.0,21:01:13 PM,1574004673880
9.5234375 ,9.767502 ,27.048462,23.55058001,87.29785156 ,24.084000205993654,81.72370635943292 ,0.0,21:01:13 PM,1574004673885
3.282959 ,3.4552307 ,-5.7092743,23.55058001,87.29785156 ,24.084000205993654,81.72370635943292 ,0.0,21:01:13 PM,1574004673891
-1.6414795 ,15.031708 ,0.54556274,23.55058001,87.29785156 ,24.084000205993654,81.72370635943292 ,0.0,21:01:13 PM,1574004673895
-1.146164 ,8.377274 ,1.1772614,23.55058001,87.29785156 ,24.084000205993654,81.72370635943292 ,0.0,21:01:13 PM,1574004673899
-0.39959717 ,4.7736816 ,-1.0193481,23.55058001,87.29785156 ,24.084000205993654,81.72370635943292 ,0.0,21:01:13 PM,1574004673906
2.0769653 ,10.27478 ,8.303101,23.55058001,87.29785156 ,24.084000205993654,81.72370635943292 ,0.0,21:01:13 PM,1574004673909
-0.29670715 ,11.531006 ,1.4069824,23.55058001,87.29785156 ,24.084000205993654,81.72370635943292 ,0.0,21:01:13 PM,1574004673914
-1.8544312 ,7.7240295 ,-5.1517487,23.55058001,87.29785156 ,24.084000205993654,81.72370635943292 ,0.0,21:01:13 PM,1574004673919
2.0889282 ,10.217346 ,12.729813,23.55058001,87.29785156 ,24.084000205993654,81.72370635943292 ,0.0,21:01:13 PM,1574004673925
3.591629 ,2.897705 ,12.926025,23.55058001,87.29785156 ,24.084000205993654,81.72370635943292 ,0.0,21:01:13 PM,1574004673929
2.5746765 ,3.9888306 ,6.489334,23.55058001,87.29785156 ,24.084000205993654,81.72370635943292 ,0.0,21:01:13 PM,1574004673934
0.3062744 ,12.071793 ,6.570694,23.55058001,87.29785156 ,24.084000205993654,81.72370635943292 ,6.0,21:01:13 PM,1574004673940
-0.69392395 ,5.625519 ,-1.0480499,23.55058001,87.29785156 ,24.084000205993654,81.72370635943292 ,6.0,21:01:13 PM,1574004673944
1.8448639 ,0.41874695 ,15.433701,23.55058001,87.29785156 ,24.084000205993654,81.72370635943292 ,6.0,21:01:13 PM,1574004673948
