x,y,z,latitude,longitude,speed,sound,light,time,timestamp
2.0761414 ,11.546005 ,4.3914948,23.54259257,87.29699263 ,28.87200164794922,85.41663540666654 ,0.0,21:39:37 PM,1574006977870
4.731888 ,10.697662 ,1.6392517,23.54259257,87.29699263 ,28.87200164794922,85.41663540666654 ,0.0,21:39:37 PM,1574006977874
8.592667 ,12.994904 ,11.565933,23.54259257,87.29699263 ,28.87200164794922,85.41663540666654 ,0.0,21:39:37 PM,1574006977879
5.5766296 ,6.9201202 ,2.86026,23.54259257,87.29699263 ,28.87200164794922,85.41663540666654 ,0.0,21:39:37 PM,1574006977888
-2.896103 ,7.699814 ,10.036011,23.54259257,87.29699263 ,28.87200164794922,85.41663540666654 ,0.0,21:39:37 PM,1574006977896
-6.4219513 ,1.6942749 ,-3.1556702,23.54259257,87.29699263 ,28.87200164794922,85.41663540666654 ,0.0,21:39:37 PM,1574006977901
-1.5193176 ,10.932663 ,8.299332,23.54259257,87.29699263 ,28.87200164794922,85.41663540666654 ,0.0,21:39:37 PM,1574006977905
3.5114746 ,13.668762 ,6.17749,23.54259257,87.29699263 ,28.87200164794922,85.41663540666654 ,0.0,21:39:37 PM,1574006977909
4.483734 ,13.2660675 ,-1.2230682,23.54259257,87.29699263 ,28.87200164794922,85.41663540666654 ,0.0,21:39:37 PM,1574006977922
5.2971344 ,12.519485 ,-1.5226593,23.54259257,87.29699263 ,28.87200164794922,85.41663540666654 ,0.0,21:39:37 PM,1574006977924
3.0009613 ,12.168045 ,7.0401764,23.54259257,87.29699263 ,28.87200164794922,85.41663540666654 ,0.0,21:39:37 PM,1574006977926
-6.006714 ,5.630966 ,0.032699585,23.54259257,87.29699263 ,28.87200164794922,85.41663540666654 ,0.0,21:39:37 PM,1574006977928
-13.198776 ,3.289688 ,5.2062225,23.54259257,87.29699263 ,28.87200164794922,85.41663540666654 ,0.0,21:39:37 PM,1574006977939
-9.241699 ,4.156479 ,10.940765,23.54259257,87.29699263 ,28.87200164794922,85.41663540666654 ,0.0,21:39:37 PM,1574006977941
3.783432 ,4.008026 ,10.653992,23.54253511,87.29695337 ,27.503999519348145,85.41663540666654 ,0.0,21:39:37 PM,1574006977947
13.724228 ,5.2214203 ,13.47641,23.54253511,87.29695337 ,27.503999519348145,85.41663540666654 ,0.0,21:39:37 PM,1574006977949
12.153702 ,2.587082 ,8.040726,23.54253511,87.29695337 ,27.503999519348145,85.41663540666654 ,0.0,21:39:37 PM,1574006977956
1.4267426 ,3.5540466 ,7.2362366,23.54253511,87.29695337 ,27.503999519348145,85.41663540666654 ,0.0,21:39:37 PM,1574006977957
-10.766739 ,5.613785 ,5.786682,23.54253511,87.29695337 ,27.503999519348145,85.41663540666654 ,0.0,21:39:37 PM,1574006977961
-15.901688 ,5.752487 ,2.3070831,23.54253511,87.29695337 ,27.503999519348145,85.41663540666654 ,0.0,21:39:37 PM,1574006977967
-6.7574005 ,6.5395203 ,7.7826385,23.54253511,87.29695337 ,27.503999519348145,85.41663540666654 ,0.0,21:39:37 PM,1574006977970
11.192627 ,8.271561 ,15.485046,23.54253511,87.29695337 ,27.503999519348145,85.41663540666654 ,0.0,21:39:37 PM,1574006977975
20.22998 ,5.613098 ,9.778381,23.54253511,87.29695337 ,27.503999519348145,85.41663540666654 ,0.0,21:39:37 PM,1574006977981
10.518967 ,4.7758484 ,13.264725,23.54253511,87.29695337 ,27.503999519348145,85.41663540666654 ,0.0,21:39:37 PM,1574006977988
-7.5659637 ,0.5183563 ,10.541321,23.54253511,87.29695337 ,27.503999519348145,85.41663540666654 ,0.0,21:39:37 PM,1574006977989
-16.55571 ,3.0774536 ,20.458084,23.54253511,87.29695337 ,27.503999519348145,85.41663540666654 ,0.0,21:39:37 PM,1574006977994
-11.643173 ,-0.004043579 ,9.249817,23.54253511,87.29695337 ,27.503999519348145,85.41663540666654 ,0.0,21:39:38 PM,1574006978005
2.3660126 ,7.5134125 ,16.584442,23.54253511,87.29695337 ,27.503999519348145,85.41663540666654 ,0.0,21:39:38 PM,1574006978007
12.896423 ,10.810165 ,9.923447,23.54253511,87.29695337 ,27.503999519348145,85.41663540666654 ,0.0,21:39:38 PM,1574006978008
12.421204 ,15.519165 ,9.358765,23.54253511,87.29695337 ,27.503999519348145,85.41663540666654 ,0.0,21:39:38 PM,1574006978013
0.06452942 ,11.255524 ,-2.3815613,23.54253511,87.29695337 ,27.503999519348145,85.41663540666654 ,0.0,21:39:38 PM,1574006978019
-10.525818 ,10.081528 ,2.401352,23.54253511,87.29695337 ,27.503999519348145,85.41663540666654 ,0.0,21:39:38 PM,1574006978028
-9.175049 ,10.374298 ,4.2567444,23.54253511,87.29695337 ,27.503999519348145,85.41663540666654 ,0.0,21:39:38 PM,1574006978034
-0.2750244 ,8.066528 ,-4.152771,23.54253511,87.29695337 ,27.503999519348145,86.48372558796511 ,0.0,21:39:38 PM,1574006978037
4.8451843 ,10.257614 ,-5.6614685,23.54253511,87.29695337 ,27.503999519348145,86.48372558796511 ,0.0,21:39:38 PM,1574006978042
4.1660004 ,11.834625 ,2.6793823,23.54253511,87.29695337 ,27.503999519348145,86.48372558796511 ,0.0,21:39:38 PM,1574006978048
2.1459808 ,9.404785 ,1.4539337,23.54253511,87.29695337 ,27.503999519348145,86.48372558796511 ,0.0,21:39:38 PM,1574006978053
-0.13250732 ,3.8814392 ,-3.3620758,23.54253511,87.29695337 ,27.503999519348145,86.48372558796511 ,0.0,21:39:38 PM,1574006978057
-2.9360046 ,6.007599 ,11.609467,23.54253511,87.29695337 ,27.503999519348145,86.48372558796511 ,0.0,21:39:38 PM,1574006978062
-2.9826202 ,4.011322 ,8.950729,23.54253511,87.29695337 ,27.503999519348145,86.48372558796511 ,0.0,21:39:38 PM,1574006978067
2.1888123 ,5.892853 ,12.670303,23.54253511,87.29695337 ,27.503999519348145,86.48372558796511 ,0.0,21:39:38 PM,1574006978071
7.5275574 ,4.031662 ,8.978241,23.54253511,87.29695337 ,27.503999519348145,86.48372558796511 ,0.0,21:39:38 PM,1574006978076
6.520859 ,1.4774933 ,12.17955,23.54253511,87.29695337 ,27.503999519348145,86.48372558796511 ,0.0,21:39:38 PM,1574006978081
-0.8374176 ,-2.3904114 ,16.249374,23.54253511,87.29695337 ,27.503999519348145,86.48372558796511 ,0.0,21:39:38 PM,1574006978087
-8.017029 ,-4.9326324 ,15.274536,23.54253511,87.29695337 ,27.503999519348145,86.48372558796511 ,0.0,21:39:38 PM,1574006978090
-8.432022 ,-3.2588806 ,14.154144,23.54253511,87.29695337 ,27.503999519348145,86.48372558796511 ,0.0,21:39:38 PM,1574006978095
-0.7525482 ,1.0717468 ,13.04071,23.54253511,87.29695337 ,27.503999519348145,86.48372558796511 ,0.0,21:39:38 PM,1574006978102
8.912613 ,3.9984589 ,7.411209,23.54253511,87.29695337 ,27.503999519348145,86.48372558796511 ,0.0,21:39:38 PM,1574006978105
11.569214 ,8.783783 ,7.6977844,23.54253511,87.29695337 ,27.503999519348145,86.48372558796511 ,0.0,21:39:38 PM,1574006978110
3.9389954 ,10.270493 ,2.8524475,23.54253511,87.29695337 ,27.503999519348145,86.48372558796511 ,0.0,21:39:38 PM,1574006978115
-6.5981293 ,13.6024475 ,5.5960693,23.54253511,87.29695337 ,27.503999519348145,86.48372558796511 ,0.0,21:39:38 PM,1574006978120
-9.532776 ,10.410889 ,-1.9542694,23.54253511,87.29695337 ,27.503999519348145,86.48372558796511 ,0.0,21:39:38 PM,1574006978125
-1.0372162 ,11.105652 ,5.6860504,23.54253511,87.29695337 ,27.503999519348145,86.48372558796511 ,0.0,21:39:38 PM,1574006978129
9.819595 ,6.5112457 ,2.4064178,23.54253511,87.29695337 ,27.503999519348145,86.48372558796511 ,0.0,21:39:38 PM,1574006978137
11.139786 ,7.893692 ,11.051147,23.54253511,87.29695337 ,27.503999519348145,86.48372558796511 ,0.0,21:39:38 PM,1574006978140
-0.17398071 ,2.4727783 ,0.97673035,23.54253511,87.29695337 ,27.503999519348145,86.48372558796511 ,0.0,21:39:38 PM,1574006978144
-11.51033 ,5.5631256 ,9.8207245,23.54253511,87.29695337 ,27.503999519348145,86.48372558796511 ,0.0,21:39:38 PM,1574006978149
-11.397644 ,3.037735 ,5.066223,23.54253511,87.29695337 ,27.503999519348145,86.48372558796511 ,0.0,21:39:38 PM,1574006978159
-0.89711 ,4.230194 ,7.6734314,23.54253511,87.29695337 ,27.503999519348145,86.48372558796511 ,0.0,21:39:38 PM,1574006978163
8.7482605 ,6.6817017 ,6.9098663,23.54253511,87.29695337 ,27.503999519348145,86.48372558796511 ,0.0,21:39:38 PM,1574006978170
9.338303 ,9.988235 ,4.9464417,23.54253511,87.29695337 ,27.503999519348145,86.48372558796511 ,0.0,21:39:38 PM,1574006978173
1.6653748 ,11.216049 ,-1.1066437,23.54253511,87.29695337 ,27.503999519348145,86.48372558796511 ,0.0,21:39:38 PM,1574006978178
-5.99617 ,10.746246 ,4.3942566,23.54253511,87.29695337 ,27.503999519348145,86.48372558796511 ,0.0,21:39:38 PM,1574006978183
-7.5755615 ,9.174408 ,11.345978,23.54253511,87.29695337 ,27.503999519348145,86.48372558796511 ,0.0,21:39:38 PM,1574006978190
-1.1968689 ,6.3884125 ,15.464966,23.54253511,87.29695337 ,27.503999519348145,86.48372558796511 ,0.0,21:39:38 PM,1574006978193
7.8149567 ,8.356277 ,18.02835,23.54253511,87.29695337 ,27.503999519348145,86.48372558796511 ,0.0,21:39:38 PM,1574006978196
10.1740265 ,8.735474 ,12.143753,23.54253511,87.29695337 ,27.503999519348145,86.48372558796511 ,0.0,21:39:38 PM,1574006978203
3.6027985 ,9.162552 ,11.962799,23.54253511,87.29695337 ,27.503999519348145,86.48372558796511 ,0.0,21:39:38 PM,1574006978206
-4.259506 ,2.5079956 ,3.1614227,23.54253511,87.29695337 ,27.503999519348145,86.48372558796511 ,0.0,21:39:38 PM,1574006978210
-6.301422 ,0.58695984 ,7.895096,23.54253511,87.29695337 ,27.503999519348145,86.48372558796511 ,0.0,21:39:38 PM,1574006978215
-5.586136 ,2.5274963 ,8.839752,23.54253511,87.29695337 ,27.503999519348145,86.48372558796511 ,0.0,21:39:38 PM,1574006978221
-4.4653015 ,7.269104 ,1.6105042,23.54253511,87.29695337 ,27.503999519348145,86.48372558796511 ,0.0,21:39:38 PM,1574006978225
0.6673126 ,14.932648 ,5.8928833,23.54253511,87.29695337 ,27.503999519348145,86.48372558796511 ,0.0,21:39:38 PM,1574006978230
9.170441 ,13.466049 ,3.873886,23.54253511,87.29695337 ,27.503999519348145,86.48372558796511 ,0.0,21:39:38 PM,1574006978238
13.911728 ,10.836014 ,9.86528,23.54253511,87.29695337 ,27.503999519348145,86.48372558796511 ,0.0,21:39:38 PM,1574006978240
7.7863464 ,6.5377655 ,5.858551,23.54253511,87.29695337 ,27.503999519348145,86.48372558796511 ,0.0,21:39:38 PM,1574006978245
-6.4879 ,6.4362946 ,7.5974884,23.54253511,87.29695337 ,27.503999519348145,86.48372558796511 ,0.0,21:39:38 PM,1574006978250
-14.362015 ,5.2661285 ,9.872986,23.54253511,87.29695337 ,27.503999519348145,86.48372558796511 ,0.0,21:39:38 PM,1574006978256
-6.2211456 ,2.7525635 ,14.536545,23.54253511,87.29695337 ,27.503999519348145,86.48372558796511 ,0.0,21:39:38 PM,1574006978259
8.869675 ,0.0064086914 ,13.257248,23.54253511,87.29695337 ,27.503999519348145,86.48372558796511 ,0.0,21:39:38 PM,1574006978264
13.643631 ,1.071518 ,20.697678,23.54253511,87.29695337 ,27.503999519348145,86.48372558796511 ,0.0,21:39:38 PM,1574006978271
3.8368683 ,-0.02406311 ,10.926514,23.54253511,87.29695337 ,27.503999519348145,86.48372558796511 ,0.0,21:39:38 PM,1574006978274
-9.029663 ,3.5541992 ,7.88533,23.54253511,87.29695337 ,27.503999519348145,86.48372558796511 ,0.0,21:39:38 PM,1574006978279
-11.251129 ,6.613449 ,-2.4988098,23.54253511,87.29695337 ,27.503999519348145,86.48372558796511 ,0.0,21:39:38 PM,1574006978284
-0.97435 ,11.973267 ,-0.38414,23.54253511,87.29695337 ,27.503999519348145,86.48372558796511 ,0.0,21:39:38 PM,1574006978295
9.332291 ,14.473328 ,-2.408371,23.54253511,87.29695337 ,27.503999519348145,86.48372558796511 ,0.0,21:39:38 PM,1574006978299
11.133591 ,12.998108 ,-4.9822235,23.54253511,87.29695337 ,27.503999519348145,86.48372558796511 ,0.0,21:39:38 PM,1574006978308
4.887497 ,13.770309 ,3.983368,23.54253511,87.29695337 ,27.503999519348145,86.48372558796511 ,0.0,21:39:38 PM,1574006978311
-3.6927948 ,5.4500275 ,-0.7914276,23.54253511,87.29695337 ,27.503999519348145,86.48372558796511 ,0.0,21:39:38 PM,1574006978314
-7.755127 ,4.9097595 ,10.309265,23.54253511,87.29695337 ,27.503999519348145,86.48372558796511 ,0.0,21:39:38 PM,1574006978316
-5.5889587 ,4.6322937 ,10.0660095,23.54253511,87.29695337 ,27.503999519348145,86.48372558796511 ,0.0,21:39:38 PM,1574006978321
0.690979 ,10.172714 ,10.392197,23.54253511,87.29695337 ,27.503999519348145,86.48372558796511 ,0.0,21:39:38 PM,1574006978329
7.43869 ,12.638351 ,8.005844,23.54253511,87.29695337 ,27.503999519348145,86.48372558796511 ,0.0,21:39:38 PM,1574006978330
12.983124 ,12.802597 ,8.610245,23.54253511,87.29695337 ,27.503999519348145,86.48372558796511 ,0.0,21:39:38 PM,1574006978338
13.7573395 ,10.471878 ,12.937744,23.54253511,87.29695337 ,27.503999519348145,86.48372558796511 ,0.0,21:39:38 PM,1574006978341
3.613083 ,6.825882 ,13.085541,23.54253511,87.29695337 ,27.503999519348145,86.48372558796511 ,0.0,21:39:38 PM,1574006978344
-13.143219 ,1.716156 ,7.7756805,23.54253511,87.29695337 ,27.503999519348145,86.48372558796511 ,0.0,21:39:38 PM,1574006978349
-21.64235 ,0.12922668 ,12.707336,23.54253511,87.29695337 ,27.503999519348145,86.48372558796511 ,0.0,21:39:38 PM,1574006978355
-15.202576 ,-2.1770935 ,17.49794,23.54253511,87.29695337 ,27.503999519348145,86.48372558796511 ,0.0,21:39:38 PM,1574006978359
2.1557617 ,-3.227707 ,17.76152,23.54253511,87.29695337 ,27.503999519348145,86.48372558796511 ,0.0,21:39:38 PM,1574006978363
