x,y,z,latitude,longitude,speed,sound,light,time,timestamp
-2.3241577 ,11.152023 ,7.344513,23.54301648,87.29726515 ,16.019999313354493,75.00462472190837 ,0.0,21:39:26 PM,1574006966432
-2.9186096 ,8.6818695 ,1.7297821,23.54301648,87.29726515 ,16.019999313354493,75.00462472190837 ,0.0,21:39:26 PM,1574006966434
-0.9216461 ,8.172028 ,4.689209,23.54301648,87.29726515 ,16.019999313354493,75.00462472190837 ,0.0,21:39:26 PM,1574006966438
2.5782013 ,7.0654144 ,7.1156464,23.54301648,87.29726515 ,16.019999313354493,75.00462472190837 ,0.0,21:39:26 PM,1574006966444
5.446869 ,6.0341034 ,4.9065094,23.54301648,87.29726515 ,16.019999313354493,75.00462472190837 ,0.0,21:39:26 PM,1574006966453
4.2936096 ,8.37146 ,1.74469,23.54301648,87.29726515 ,16.019999313354493,75.00462472190837 ,0.0,21:39:26 PM,1574006966457
-1.7583771 ,10.425659 ,-0.37034607,23.54301648,87.29726515 ,16.019999313354493,75.00462472190837 ,0.0,21:39:26 PM,1574006966465
-5.968872 ,8.577225 ,-8.766632,23.54301648,87.29726515 ,16.019999313354493,75.00462472190837 ,0.0,21:39:26 PM,1574006966467
-2.6544342 ,12.032532 ,0.25183105,23.54301648,87.29726515 ,16.019999313354493,75.00462472190837 ,0.0,21:39:26 PM,1574006966472
3.5221252 ,10.581528 ,2.0968933,23.54301648,87.29726515 ,16.019999313354493,75.00462472190837 ,0.0,21:39:26 PM,1574006966480
5.85849 ,9.6579895 ,5.5376587,23.54301648,87.29726515 ,16.019999313354493,75.00462472190837 ,0.0,21:39:26 PM,1574006966483
5.33873 ,8.302078 ,6.7077026,23.54301648,87.29726515 ,16.019999313354493,75.00462472190837 ,0.0,21:39:26 PM,1574006966487
2.8007202 ,8.299683 ,12.344574,23.54301648,87.29726515 ,16.019999313354493,75.00462472190837 ,0.0,21:39:26 PM,1574006966492
-2.5095978 ,4.650467 ,11.598434,23.54301648,87.29726515 ,16.019999313354493,75.00462472190837 ,0.0,21:39:26 PM,1574006966499
-5.862198 ,2.730423 ,11.988068,23.54301648,87.29726515 ,16.019999313354493,75.00462472190837 ,0.0,21:39:26 PM,1574006966502
-3.1257172 ,1.6802673 ,13.013733,23.54301648,87.29726515 ,16.019999313354493,75.00462472190837 ,0.0,21:39:26 PM,1574006966507
3.2813263 ,1.0301514 ,11.389206,23.54301648,87.29726515 ,16.019999313354493,75.00462472190837 ,0.0,21:39:26 PM,1574006966517
7.308853 ,3.3113556 ,8.881439,23.54301648,87.29726515 ,16.019999313354493,75.00462472190837 ,0.0,21:39:26 PM,1574006966519
3.95784 ,8.596405 ,8.171173,23.54301648,87.29726515 ,16.019999313354493,75.00462472190837 ,0.0,21:39:26 PM,1574006966533
-4.087082 ,11.056213 ,0.33651733,23.54301648,87.29726515 ,16.019999313354493,75.00462472190837 ,0.0,21:39:26 PM,1574006966535
-6.936386 ,13.162903 ,-3.8335724,23.54301648,87.29726515 ,16.019999313354493,75.00462472190837 ,0.0,21:39:26 PM,1574006966537
-1.7484894 ,14.050491 ,-1.0414734,23.54301648,87.29726515 ,16.019999313354493,75.00462472190837 ,0.0,21:39:26 PM,1574006966538
4.1466827 ,12.066315 ,3.7797241,23.54301648,87.29726515 ,16.019999313354493,75.00462472190837 ,0.0,21:39:26 PM,1574006966540
5.7253723 ,8.17804 ,5.2063904,23.54301648,87.29726515 ,16.019999313354493,75.5318901979563 ,0.0,21:39:26 PM,1574006966550
5.026581 ,9.309433 ,13.74086,23.54301648,87.29726515 ,16.019999313354493,75.5318901979563 ,0.0,21:39:26 PM,1574006966554
2.2820587 ,4.8035736 ,2.4307556,23.54301648,87.29726515 ,16.019999313354493,75.5318901979563 ,0.0,21:39:26 PM,1574006966555
-2.3496094 ,8.301331 ,7.284912,23.54301648,87.29726515 ,16.019999313354493,75.5318901979563 ,0.0,21:39:26 PM,1574006966557
-4.979309 ,7.461136 ,3.4862366,23.54301648,87.29726515 ,16.019999313354493,75.5318901979563 ,0.0,21:39:26 PM,1574006966564
-1.9653168 ,8.792816 ,1.9975891,23.54301648,87.29726515 ,16.019999313354493,75.5318901979563 ,0.0,21:39:26 PM,1574006966568
2.6555786 ,9.561447 ,2.1782684,23.54301648,87.29726515 ,16.019999313354493,75.5318901979563 ,0.0,21:39:26 PM,1574006966572
2.6248474 ,10.389328 ,8.57756,23.54301648,87.29726515 ,16.019999313354493,75.5318901979563 ,0.0,21:39:26 PM,1574006966577
-0.9135895 ,5.6231995 ,5.187439,23.54301648,87.29726515 ,16.019999313354493,75.5318901979563 ,0.0,21:39:26 PM,1574006966587
-1.532196 ,8.303375 ,10.721802,23.54301648,87.29726515 ,16.019999313354493,75.5318901979563 ,0.0,21:39:26 PM,1574006966591
-0.5155029 ,6.9618225 ,4.9587097,23.54301648,87.29726515 ,16.019999313354493,75.5318901979563 ,0.0,21:39:26 PM,1574006966599
0.25689697 ,8.16748 ,9.390427,23.54301648,87.29726515 ,16.019999313354493,75.5318901979563 ,0.0,21:39:26 PM,1574006966602
2.6074219 ,5.7797394 ,6.007675,23.54301648,87.29726515 ,16.019999313354493,75.5318901979563 ,0.0,21:39:26 PM,1574006966606
5.94841 ,7.9192505 ,12.55365,23.54301648,87.29726515 ,16.019999313354493,75.5318901979563 ,0.0,21:39:26 PM,1574006966612
4.324524 ,5.991791 ,8.387314,23.54301648,87.29726515 ,16.019999313354493,75.5318901979563 ,0.0,21:39:26 PM,1574006966616
-1.5976105 ,5.743973 ,4.4488983,23.54301648,87.29726515 ,16.019999313354493,75.5318901979563 ,0.0,21:39:26 PM,1574006966620
-5.1381073 ,7.2689514 ,5.1809387,23.54301648,87.29726515 ,16.019999313354493,75.5318901979563 ,0.0,21:39:26 PM,1574006966625
-2.9242706 ,7.911865 ,2.5298615,23.54301648,87.29726515 ,16.019999313354493,75.5318901979563 ,0.0,21:39:26 PM,1574006966631
1.4502563 ,10.348953 ,3.110489,23.54301648,87.29726515 ,16.019999313354493,75.5318901979563 ,0.0,21:39:26 PM,1574006966635
3.7705536 ,12.10611 ,2.410492,23.54301648,87.29726515 ,16.019999313354493,75.5318901979563 ,0.0,21:39:26 PM,1574006966639
3.4446106 ,11.270752 ,-1.3461761,23.54301648,87.29726515 ,16.019999313354493,75.5318901979563 ,0.0,21:39:26 PM,1574006966648
1.446167 ,10.439224 ,-0.5533447,23.54301648,87.29726515 ,16.019999313354493,75.5318901979563 ,0.0,21:39:26 PM,1574006966649
-0.6806488 ,8.410645 ,1.1846924,23.54301648,87.29726515 ,16.019999313354493,75.5318901979563 ,0.0,21:39:26 PM,1574006966654
-1.697403 ,7.478546 ,3.1436157,23.54301648,87.29726515 ,16.019999313354493,75.5318901979563 ,0.0,21:39:26 PM,1574006966658
-1.2262878 ,8.083893 ,1.7335358,23.54301648,87.29726515 ,16.019999313354493,75.5318901979563 ,0.0,21:39:26 PM,1574006966665
0.44247437 ,11.082886 ,3.2581482,23.54301648,87.29726515 ,16.019999313354493,75.5318901979563 ,0.0,21:39:26 PM,1574006966669
1.7957001 ,9.662231 ,-0.8641052,23.54301648,87.29726515 ,16.019999313354493,75.5318901979563 ,0.0,21:39:26 PM,1574006966673
2.6970825 ,10.007782 ,3.6592865,23.54301648,87.29726515 ,16.019999313354493,75.5318901979563 ,0.0,21:39:26 PM,1574006966677
2.8661652 ,7.4101105 ,6.584442,23.54301648,87.29726515 ,16.019999313354493,75.5318901979563 ,0.0,21:39:26 PM,1574006966683
1.3279724 ,6.1785736 ,13.836807,23.54301648,87.29726515 ,16.019999313354493,75.5318901979563 ,0.0,21:39:26 PM,1574006966687
-0.44493103 ,2.5850677 ,11.130768,23.54301648,87.29726515 ,16.019999313354493,75.5318901979563 ,0.0,21:39:26 PM,1574006966692
-0.12120056 ,5.267166 ,16.488998,23.54301648,87.29726515 ,16.019999313354493,75.5318901979563 ,0.0,21:39:26 PM,1574006966699
0.60284424 ,3.6928558 ,11.127213,23.54301648,87.29726515 ,16.019999313354493,75.5318901979563 ,0.0,21:39:26 PM,1574006966703
1.1059265 ,5.0983276 ,6.8147583,23.54301648,87.29726515 ,16.019999313354493,75.5318901979563 ,0.0,21:39:26 PM,1574006966707
1.5585022 ,8.1154175 ,7.0848846,23.54301648,87.29726515 ,16.019999313354493,75.5318901979563 ,0.0,21:39:26 PM,1574006966719
1.1723328 ,7.9371643 ,2.466919,23.54301648,87.29726515 ,16.019999313354493,75.5318901979563 ,0.0,21:39:26 PM,1574006966724
0.10940552 ,7.9463196 ,-0.49456787,23.54301648,87.29726515 ,16.019999313354493,75.5318901979563 ,0.0,21:39:26 PM,1574006966727
-0.4047699 ,10.917099 ,5.3127747,23.54301648,87.29726515 ,16.019999313354493,75.5318901979563 ,0.0,21:39:26 PM,1574006966734
-1.480423 ,10.337143 ,4.4220734,23.54301648,87.29726515 ,16.019999313354493,75.5318901979563 ,0.0,21:39:26 PM,1574006966736
-1.7475433 ,8.645325 ,-0.32170105,23.54301648,87.29726515 ,16.019999313354493,75.5318901979563 ,0.0,21:39:26 PM,1574006966742
0.30926514 ,10.12735 ,2.4642944,23.54301648,87.29726515 ,16.019999313354493,75.5318901979563 ,0.0,21:39:26 PM,1574006966749
2.8819427 ,9.125168 ,3.4471436,23.54301648,87.29726515 ,16.019999313354493,75.5318901979563 ,0.0,21:39:26 PM,1574006966751
3.4963531 ,8.193893 ,5.3865814,23.54301648,87.29726515 ,16.019999313354493,75.5318901979563 ,0.0,21:39:26 PM,1574006966757
2.5800629 ,7.8898163 ,4.2878265,23.54301648,87.29726515 ,16.019999313354493,75.5318901979563 ,0.0,21:39:26 PM,1574006966761
1.2533569 ,9.112747 ,5.3610535,23.54301648,87.29726515 ,16.019999313354493,75.5318901979563 ,0.0,21:39:26 PM,1574006966767
0.20391846 ,9.677246 ,1.1747284,23.54301648,87.29726515 ,16.019999313354493,75.5318901979563 ,0.0,21:39:26 PM,1574006966770
0.1567688 ,11.668732 ,1.1679382,23.54301648,87.29726515 ,16.019999313354493,75.5318901979563 ,0.0,21:39:26 PM,1574006966775
0.16317749 ,11.274841 ,1.0717468,23.54301648,87.29726515 ,16.019999313354493,75.5318901979563 ,0.0,21:39:26 PM,1574006966779
0.010696411 ,9.4500885 ,2.7209473,23.54301648,87.29726515 ,16.019999313354493,75.5318901979563 ,0.0,21:39:26 PM,1574006966785
0.52075195 ,8.649765 ,8.663925,23.54301648,87.29726515 ,16.019999313354493,75.5318901979563 ,0.0,21:39:26 PM,1574006966789
0.13090515 ,5.4700165 ,9.897949,23.54301648,87.29726515 ,16.019999313354493,75.5318901979563 ,0.0,21:39:26 PM,1574006966794
-0.34803772 ,3.5306396 ,12.487717,23.54301648,87.29726515 ,16.019999313354493,75.5318901979563 ,0.0,21:39:26 PM,1574006966800
1.5656433 ,3.9938965 ,13.629868,23.54301648,87.29726515 ,16.019999313354493,75.5318901979563 ,0.0,21:39:26 PM,1574006966804
3.0994568 ,4.634262 ,10.139481,23.54301648,87.29726515 ,16.019999313354493,75.5318901979563 ,0.0,21:39:26 PM,1574006966808
1.0992126 ,6.9860535 ,6.863098,23.54301648,87.29726515 ,16.019999313354493,75.5318901979563 ,0.0,21:39:26 PM,1574006966813
-1.9844513 ,10.179443 ,4.5703125,23.54301648,87.29726515 ,16.019999313354493,75.5318901979563 ,0.0,21:39:26 PM,1574006966818
-2.9102173 ,10.464081 ,2.394333,23.54301648,87.29726515 ,16.019999313354493,75.5318901979563 ,0.0,21:39:26 PM,1574006966822
-1.0411987 ,9.414658 ,0.30630493,23.54301648,87.29726515 ,16.019999313354493,75.5318901979563 ,0.0,21:39:26 PM,1574006966827
1.5722351 ,8.490112 ,1.4008636,23.54301648,87.29726515 ,16.019999313354493,75.5318901979563 ,0.0,21:39:26 PM,1574006966834
2.543747 ,7.9570007 ,2.0671844,23.54301648,87.29726515 ,16.019999313354493,75.5318901979563 ,0.0,21:39:26 PM,1574006966837
1.4319458 ,8.458084 ,0.63383484,23.54301648,87.29726515 ,16.019999313354493,75.5318901979563 ,0.0,21:39:26 PM,1574006966846
-0.32885742 ,10.739319 ,-2.6373444,23.54301648,87.29726515 ,16.019999313354493,75.5318901979563 ,0.0,21:39:26 PM,1574006966851
-1.7799835 ,12.23671 ,-2.561081,23.54301648,87.29726515 ,16.019999313354493,75.5318901979563 ,0.0,21:39:26 PM,1574006966856
-1.3563232 ,11.824829 ,-7.5332184,23.54301648,87.29726515 ,16.019999313354493,75.5318901979563 ,0.0,21:39:26 PM,1574006966861
1.796402 ,13.069656 ,-2.8897552,23.54301648,87.29726515 ,16.019999313354493,75.5318901979563 ,0.0,21:39:26 PM,1574006966868
4.4563293 ,11.395096 ,3.8599854,23.54301648,87.29726515 ,16.019999313354493,75.5318901979563 ,0.0,21:39:26 PM,1574006966871
4.3606873 ,8.020325 ,8.184158,23.54301648,87.29726515 ,16.019999313354493,75.5318901979563 ,0.0,21:39:26 PM,1574006966874
2.0533752 ,6.946045 ,10.784576,23.54301648,87.29726515 ,16.019999313354493,75.5318901979563 ,0.0,21:39:26 PM,1574006966879
-2.21109 ,6.5636597 ,11.754532,23.54297724,87.29724643 ,18.1439998626709,75.5318901979563 ,0.0,21:39:26 PM,1574006966885
-5.472168 ,4.402054 ,9.012207,23.54297724,87.29724643 ,18.1439998626709,75.5318901979563 ,0.0,21:39:26 PM,1574006966888
-3.175827 ,5.1173553 ,14.6862335,23.54297724,87.29724643 ,18.1439998626709,75.5318901979563 ,0.0,21:39:26 PM,1574006966894
2.065689 ,4.1121216 ,14.077133,23.54297724,87.29724643 ,18.1439998626709,75.5318901979563 ,0.0,21:39:26 PM,1574006966899
5.1644897 ,3.4633636 ,9.697388,23.54297724,87.29724643 ,18.1439998626709,75.5318901979563 ,0.0,21:39:26 PM,1574006966904
4.5346375 ,6.7316284 ,10.876831,23.54297724,87.29724643 ,18.1439998626709,75.5318901979563 ,0.0,21:39:26 PM,1574006966908
-0.046340942 ,6.382477 ,5.519989,23.54297724,87.29724643 ,18.1439998626709,75.5318901979563 ,0.0,21:39:26 PM,1574006966914
-4.355377 ,6.787796 ,3.603653,23.54297724,87.29724643 ,18.1439998626709,75.5318901979563 ,0.0,21:39:26 PM,1574006966919
-3.7698212 ,8.847275 ,5.7128754,23.54297724,87.29724643 ,18.1439998626709,75.5318901979563 ,0.0,21:39:26 PM,1574006966925
