x,y,z,latitude,longitude,speed,sound,light,time,timestamp
1.9969788 ,7.4768677 ,5.3141174,23.55125593,87.29672067 ,7.343999862670898,84.39775717020069 ,5.0,21:21:48 PM,1574005908081
0.67910767 ,5.9727936 ,5.5532684,23.55125593,87.29672067 ,7.343999862670898,84.39775717020069 ,5.0,21:21:48 PM,1574005908085
-0.37478638 ,7.276413 ,10.25,23.55125593,87.29672067 ,7.343999862670898,84.39775717020069 ,5.0,21:21:48 PM,1574005908090
-2.6260376 ,4.295105 ,7.9706573,23.55125593,87.29672067 ,7.343999862670898,84.39775717020069 ,5.0,21:21:48 PM,1574005908099
-1.4015503 ,5.1046753 ,9.34848,23.55125593,87.29672067 ,7.343999862670898,84.39775717020069 ,5.0,21:21:48 PM,1574005908100
3.859375 ,5.7865143 ,7.684082,23.55125593,87.29672067 ,7.343999862670898,84.39775717020069 ,5.0,21:21:48 PM,1574005908104
5.2652283 ,6.998993 ,8.462509,23.55125593,87.29672067 ,7.343999862670898,84.39775717020069 ,5.0,21:21:48 PM,1574005908109
1.8296051 ,5.716858 ,6.5759735,23.55125593,87.29672067 ,7.343999862670898,84.39775717020069 ,5.0,21:21:48 PM,1574005908114
-0.17344666 ,6.8999176 ,7.4288635,23.55125593,87.29672067 ,7.343999862670898,84.39775717020069 ,5.0,21:21:48 PM,1574005908120
-0.33192444 ,8.744522 ,11.367996,23.55125593,87.29672067 ,7.343999862670898,84.39775717020069 ,5.0,21:21:48 PM,1574005908124
-1.2485657 ,4.6692963 ,3.5703888,23.55125593,87.29672067 ,7.343999862670898,84.39775717020069 ,5.0,21:21:48 PM,1574005908129
-0.31484985 ,8.954742 ,10.212677,23.55125593,87.29672067 ,7.343999862670898,84.39775717020069 ,5.0,21:21:48 PM,1574005908133
3.1268768 ,6.8937683 ,5.423416,23.55125593,87.29672067 ,7.343999862670898,84.39775717020069 ,5.0,21:21:48 PM,1574005908137
4.0271454 ,7.114029 ,6.1976166,23.55125593,87.29672067 ,7.343999862670898,84.39775717020069 ,5.0,21:21:48 PM,1574005908142
2.5220032 ,8.074722 ,3.4186707,23.55125593,87.29672067 ,7.343999862670898,84.39775717020069 ,6.0,21:21:48 PM,1574005908152
0.55358887 ,10.97879 ,3.4336853,23.55125593,87.29672067 ,7.343999862670898,84.39775717020069 ,6.0,21:21:48 PM,1574005908158
-1.8200073 ,11.267273 ,2.9614105,23.55125593,87.29672067 ,7.343999862670898,84.39775717020069 ,6.0,21:21:48 PM,1574005908165
-1.7197876 ,7.8817444 ,-3.1174011,23.55125593,87.29672067 ,7.343999862670898,84.39775717020069 ,6.0,21:21:48 PM,1574005908168
2.3524475 ,10.516098 ,7.838669,23.55125593,87.29672067 ,7.343999862670898,84.39775717020069 ,6.0,21:21:48 PM,1574005908175
4.7652893 ,7.353958 ,5.067688,23.55125593,87.29672067 ,7.343999862670898,84.39775717020069 ,6.0,21:21:48 PM,1574005908176
2.1219025 ,5.9598236 ,6.2266235,23.55125593,87.29672067 ,7.343999862670898,84.39775717020069 ,6.0,21:21:48 PM,1574005908183
-1.0430298 ,7.317108 ,7.9948883,23.55125593,87.29672067 ,7.343999862670898,84.39775717020069 ,6.0,21:21:48 PM,1574005908186
-1.6843262 ,6.9332733 ,6.28479,23.55125593,87.29672067 ,7.343999862670898,84.39775717020069 ,6.0,21:21:48 PM,1574005908191
-1.0074463 ,6.430084 ,6.070587,23.55125593,87.29672067 ,7.343999862670898,84.39775717020069 ,6.0,21:21:48 PM,1574005908198
1.1192017 ,5.7768555 ,5.3342896,23.55125593,87.29672067 ,7.343999862670898,84.39775717020069 ,6.0,21:21:48 PM,1574005908201
4.093033 ,6.7294464 ,9.596298,23.55125593,87.29672067 ,7.343999862670898,84.39775717020069 ,6.0,21:21:48 PM,1574005908206
4.0341034 ,5.173767 ,6.7154846,23.55125593,87.29672067 ,7.343999862670898,84.39775717020069 ,6.0,21:21:48 PM,1574005908215
0.5479584 ,5.8354187 ,7.420822,23.55125593,87.29672067 ,7.343999862670898,84.39775717020069 ,6.0,21:21:48 PM,1574005908216
-1.9444275 ,8.032745 ,9.103714,23.55125593,87.29672067 ,7.343999862670898,84.39775717020069 ,6.0,21:21:48 PM,1574005908220
-0.9604187 ,7.1430054 ,5.180435,23.55125593,87.29672067 ,7.343999862670898,84.39775717020069 ,6.0,21:21:48 PM,1574005908224
1.5544891 ,8.5507965 ,4.9434357,23.55125593,87.29672067 ,7.343999862670898,84.39775717020069 ,6.0,21:21:48 PM,1574005908231
3.2471313 ,8.553925 ,3.4342346,23.55125593,87.29672067 ,7.343999862670898,84.39775717020069 ,6.0,21:21:48 PM,1574005908234
2.6354828 ,9.381332 ,6.5335083,23.55125593,87.29672067 ,7.343999862670898,84.39775717020069 ,6.0,21:21:48 PM,1574005908239
0.8575897 ,7.292938 ,3.9420319,23.55125593,87.29672067 ,7.343999862670898,84.39775717020069 ,6.0,21:21:48 PM,1574005908248
0.18966675 ,8.032303 ,6.008713,23.55125593,87.29672067 ,7.343999862670898,84.39775717020069 ,6.0,21:21:48 PM,1574005908250
0.5254364 ,9.611633 ,9.766144,23.55125593,87.29672067 ,7.343999862670898,84.39775717020069 ,6.0,21:21:48 PM,1574005908253
0.43476868 ,6.287842 ,0.3042755,23.55125593,87.29672067 ,7.343999862670898,84.39775717020069 ,6.0,21:21:48 PM,1574005908258
0.30734253 ,9.08934 ,6.35347,23.55125593,87.29672067 ,7.343999862670898,84.39775717020069 ,6.0,21:21:48 PM,1574005908264
1.019989 ,7.2134094 ,7.9980927,23.55125593,87.29672067 ,7.343999862670898,80.36866486032471 ,6.0,21:21:48 PM,1574005908268
1.1750641 ,4.924362 ,9.240738,23.55125593,87.29672067 ,7.343999862670898,80.36866486032471 ,6.0,21:21:48 PM,1574005908273
0.8299408 ,4.977051 ,9.080566,23.55125593,87.29672067 ,7.343999862670898,80.36866486032471 ,6.0,21:21:48 PM,1574005908278
-0.3947754 ,7.259033 ,10.260056,23.55125593,87.29672067 ,7.343999862670898,80.36866486032471 ,6.0,21:21:48 PM,1574005908287
-1.9021759 ,6.646988 ,8.490906,23.55125593,87.29672067 ,7.343999862670898,80.36866486032471 ,6.0,21:21:48 PM,1574005908291
-1.0176392 ,6.3700104 ,1.4903107,23.55125593,87.29672067 ,7.343999862670898,80.36866486032471 ,6.0,21:21:48 PM,1574005908300
1.2186279 ,9.840469 ,4.5873413,23.55125593,87.29672067 ,7.343999862670898,80.36866486032471 ,6.0,21:21:48 PM,1574005908302
1.2762756 ,9.292191 ,3.4715729,23.55125593,87.29672067 ,7.343999862670898,80.36866486032471 ,6.0,21:21:48 PM,1574005908306
0.18191528 ,6.6100006 ,1.5832367,23.55125593,87.29672067 ,7.343999862670898,80.36866486032471 ,6.0,21:21:48 PM,1574005908311
0.30085754 ,8.9566345 ,6.879593,23.55125593,87.29672067 ,7.343999862670898,80.36866486032471 ,6.0,21:21:48 PM,1574005908319
0.22950745 ,8.078964 ,6.9062653,23.55125593,87.29672067 ,7.343999862670898,80.36866486032471 ,6.0,21:21:48 PM,1574005908321
-0.24365234 ,6.2465363 ,4.296463,23.55125593,87.29672067 ,7.343999862670898,80.36866486032471 ,6.0,21:21:48 PM,1574005908326
0.95573425 ,7.557068 ,5.9815674,23.55125593,87.29672067 ,7.343999862670898,80.36866486032471 ,6.0,21:21:48 PM,1574005908333
2.4492035 ,7.646942 ,6.4153137,23.55125593,87.29672067 ,7.343999862670898,80.36866486032471 ,6.0,21:21:48 PM,1574005908335
1.6709747 ,7.214432 ,4.6993866,23.55125593,87.29672067 ,7.343999862670898,80.36866486032471 ,6.0,21:21:48 PM,1574005908339
0.19346619 ,7.807312 ,3.107666,23.55125593,87.29672067 ,7.343999862670898,80.36866486032471 ,6.0,21:21:48 PM,1574005908343
-0.47779846 ,9.6008 ,7.9468536,23.55125593,87.29672067 ,7.343999862670898,80.36866486032471 ,6.0,21:21:48 PM,1574005908349
-0.82954407 ,7.228241 ,5.1358643,23.55125593,87.29672067 ,7.343999862670898,80.36866486032471 ,5.0,21:21:48 PM,1574005908353
-0.7600403 ,7.0859833 ,4.447006,23.55125593,87.29672067 ,7.343999862670898,80.36866486032471 ,5.0,21:21:48 PM,1574005908358
0.49812317 ,8.224869 ,8.378647,23.55125593,87.29672067 ,7.343999862670898,80.36866486032471 ,5.0,21:21:48 PM,1574005908365
2.3383026 ,6.006485 ,8.2018585,23.55125593,87.29672067 ,7.343999862670898,80.36866486032471 ,5.0,21:21:48 PM,1574005908368
3.1926422 ,6.102585 ,9.256561,23.55125593,87.29672067 ,7.343999862670898,80.36866486032471 ,5.0,21:21:48 PM,1574005908373
0.9909973 ,7.302887 ,11.349686,23.55125593,87.29672067 ,7.343999862670898,80.36866486032471 ,5.0,21:21:48 PM,1574005908377
-3.0159302 ,5.4198 ,8.835144,23.55125593,87.29672067 ,7.343999862670898,80.36866486032471 ,5.0,21:21:48 PM,1574005908384
-3.9543152 ,6.0403595 ,7.0800934,23.55125593,87.29672067 ,7.343999862670898,80.36866486032471 ,5.0,21:21:48 PM,1574005908387
-0.6379547 ,6.6727295 ,9.520554,23.55125593,87.29672067 ,7.343999862670898,80.36866486032471 ,5.0,21:21:48 PM,1574005908391
2.377655 ,6.165756 ,10.06279,23.55125593,87.29672067 ,7.343999862670898,80.36866486032471 ,5.0,21:21:48 PM,1574005908398
3.209488 ,4.2552643 ,4.3131104,23.55125593,87.29672067 ,7.343999862670898,80.36866486032471 ,5.0,21:21:48 PM,1574005908401
1.5144196 ,10.647217 ,9.48027,23.55125593,87.29672067 ,7.343999862670898,80.36866486032471 ,5.0,21:21:48 PM,1574005908406
-2.1753845 ,9.519836 ,5.1874084,23.55125593,87.29672067 ,7.343999862670898,80.36866486032471 ,5.0,21:21:48 PM,1574005908418
-2.2073822 ,7.653656 ,-2.6569366,23.55125593,87.29672067 ,7.343999862670898,80.36866486032471 ,5.0,21:21:48 PM,1574005908421
1.0899963 ,11.792679 ,5.64859,23.55125593,87.29672067 ,7.343999862670898,80.36866486032471 ,5.0,21:21:48 PM,1574005908426
1.906784 ,7.976822 ,2.6280823,23.55125593,87.29672067 ,7.343999862670898,80.36866486032471 ,5.0,21:21:48 PM,1574005908434
-0.36665344 ,6.5920563 ,5.6271667,23.55125593,87.29672067 ,7.343999862670898,80.36866486032471 ,5.0,21:21:48 PM,1574005908435
-1.5804138 ,7.628067 ,5.990494,23.55125593,87.29672067 ,7.343999862670898,80.36866486032471 ,5.0,21:21:48 PM,1574005908441
-1.5135193 ,7.130478 ,6.574951,23.55125593,87.29672067 ,7.343999862670898,80.36866486032471 ,5.0,21:21:48 PM,1574005908444
-0.51148987 ,6.8826904 ,6.5331726,23.55125593,87.29672067 ,7.343999862670898,80.36866486032471 ,5.0,21:21:48 PM,1574005908449
2.2558594 ,7.8246765 ,2.249298,23.55125593,87.29672067 ,7.343999862670898,80.36866486032471 ,5.0,21:21:48 PM,1574005908453
3.6706848 ,9.743454 ,4.539917,23.55125593,87.29672067 ,7.343999862670898,80.36866486032471 ,5.0,21:21:48 PM,1574005908458
1.352829 ,8.122269 ,3.5361023,23.55125593,87.29672067 ,7.343999862670898,80.36866486032471 ,5.0,21:21:48 PM,1574005908465
-1.0345459 ,5.8233643 ,4.9230194,23.55125593,87.29672067 ,7.343999862670898,80.36866486032471 ,5.0,21:21:48 PM,1574005908468
-1.5507355 ,6.8918457 ,14.111877,23.55125593,87.29672067 ,7.343999862670898,80.36866486032471 ,5.0,21:21:48 PM,1574005908473
-1.9198303 ,3.6996307 ,9.3003235,23.55125593,87.29672067 ,7.343999862670898,80.36866486032471 ,5.0,21:21:48 PM,1574005908478
-1.67453 ,5.593582 ,8.489548,23.55125593,87.29672067 ,7.343999862670898,80.36866486032471 ,5.0,21:21:48 PM,1574005908483
-0.09185791 ,8.269989 ,6.5347595,23.55125593,87.29672067 ,7.343999862670898,80.36866486032471 ,5.0,21:21:48 PM,1574005908487
1.1566162 ,8.338394 ,1.9349213,23.55125593,87.29672067 ,7.343999862670898,80.36866486032471 ,5.0,21:21:48 PM,1574005908492
1.5507965 ,10.0168915 ,2.917282,23.55125593,87.29672067 ,7.343999862670898,80.36866486032471 ,5.0,21:21:48 PM,1574005908502
1.0293732 ,10.962936 ,2.557541,23.55125593,87.29672067 ,7.343999862670898,80.36866486032471 ,5.0,21:21:48 PM,1574005908504
-0.5511322 ,9.771713 ,5.7421875,23.55125593,87.29672067 ,7.343999862670898,80.36866486032471 ,5.0,21:21:48 PM,1574005908506
-0.6594238 ,7.4564056 ,6.615341,23.55125593,87.29672067 ,7.343999862670898,80.36866486032471 ,5.0,21:21:48 PM,1574005908512
1.908081 ,5.6364136 ,7.7412567,23.55125593,87.29672067 ,7.343999862670898,80.36866486032471 ,5.0,21:21:48 PM,1574005908518
3.1875763 ,7.1849976 ,13.888977,23.55125593,87.29672067 ,7.343999862670898,80.36866486032471 ,5.0,21:21:48 PM,1574005908523
0.7693329 ,3.723877 ,6.0394897,23.55125593,87.29672067 ,7.343999862670898,80.36866486032471 ,5.0,21:21:48 PM,1574005908527
-1.7760162 ,6.6884155 ,9.489929,23.55125593,87.29672067 ,7.343999862670898,80.36866486032471 ,5.0,21:21:48 PM,1574005908534
-1.4986572 ,7.014908 ,12.967041,23.55125593,87.29672067 ,7.343999862670898,80.36866486032471 ,5.0,21:21:48 PM,1574005908536
0.66337585 ,2.9996796 ,3.58255,23.55125593,87.29672067 ,7.343999862670898,80.36866486032471 ,5.0,21:21:48 PM,1574005908541
1.8396301 ,7.5321198 ,9.833984,23.55125593,87.29672067 ,7.343999862670898,80.36866486032471 ,5.0,21:21:48 PM,1574005908553
0.0037078857 ,6.757675 ,5.4783783,23.55125593,87.29672067 ,7.343999862670898,80.36866486032471 ,5.0,21:21:48 PM,1574005908555
-1.8828583 ,6.5597534 ,3.6302338,23.55125593,87.29672067 ,7.343999862670898,80.36866486032471 ,5.0,21:21:48 PM,1574005908559
-0.5228424 ,9.936371 ,3.6823883,23.55125593,87.29672067 ,7.343999862670898,80.36866486032471 ,5.0,21:21:48 PM,1574005908566
1.3100891 ,12.022293 ,2.6684113,23.55125593,87.29672067 ,7.343999862670898,80.36866486032471 ,5.0,21:21:48 PM,1574005908569
1.1728363 ,11.272736 ,2.5988007,23.55125593,87.29672067 ,7.343999862670898,80.36866486032471 ,5.0,21:21:48 PM,1574005908573
