x,y,z,latitude,longitude,speed,sound,light,time,timestamp
-2.2036896 ,2.1887512 ,2.7027893,23.54989639,87.29900965 ,25.23600082397461,80.87024920496113 ,1.0,21:22:28 PM,1574005948370
-4.3094177 ,1.7150726 ,15.0091095,23.54989639,87.29900965 ,25.23600082397461,80.87024920496113 ,1.0,21:22:28 PM,1574005948377
-6.0393677 ,0.14797974 ,5.7070007,23.54989639,87.29900965 ,25.23600082397461,80.87024920496113 ,1.0,21:22:28 PM,1574005948384
-3.8046722 ,7.472107 ,-5.6515503,23.54989639,87.29900965 ,25.23600082397461,80.87024920496113 ,1.0,21:22:28 PM,1574005948389
0.83154297 ,17.078354 ,-8.465164,23.54989639,87.29900965 ,25.23600082397461,80.87024920496113 ,1.0,21:22:28 PM,1574005948394
5.000458 ,19.502228 ,-19.38272,23.54989639,87.29900965 ,25.23600082397461,80.87024920496113 ,1.0,21:22:28 PM,1574005948399
8.570236 ,19.542648 ,-10.946487,23.54989639,87.29900965 ,25.23600082397461,80.87024920496113 ,1.0,21:22:28 PM,1574005948403
8.99469 ,14.991165 ,11.868759,23.54989639,87.29900965 ,25.23600082397461,80.87024920496113 ,1.0,21:22:28 PM,1574005948413
3.8549652 ,4.731613 ,14.833771,23.54989639,87.29900965 ,25.23600082397461,80.87024920496113 ,1.0,21:22:28 PM,1574005948415
-2.9597778 ,-0.73017883 ,18.082153,23.54989639,87.29900965 ,25.23600082397461,80.87024920496113 ,1.0,21:22:28 PM,1574005948418
-6.7588654 ,-4.016678 ,26.84523,23.54989639,87.29900965 ,25.23600082397461,80.87024920496113 ,1.0,21:22:28 PM,1574005948423
-6.7586365 ,-10.605148 ,22.923752,23.54989639,87.29900965 ,25.23600082397461,80.87024920496113 ,1.0,21:22:28 PM,1574005948430
-2.0722046 ,-8.881287 ,22.923248,23.54989639,87.29900965 ,25.23600082397461,80.87024920496113 ,1.0,21:22:28 PM,1574005948434
3.0429077 ,-2.2587738 ,5.39447,23.54989639,87.29900965 ,25.23600082397461,80.87024920496113 ,1.0,21:22:28 PM,1574005948437
1.2014313 ,11.125427 ,-10.004639,23.54989639,87.29900965 ,25.23600082397461,80.87024920496113 ,1.0,21:22:28 PM,1574005948447
-2.9762878 ,19.601257 ,-12.718201,23.54989639,87.29900965 ,25.23600082397461,80.87024920496113 ,1.0,21:22:28 PM,1574005948449
1.6573792 ,18.506683 ,-2.9200897,23.54989639,87.29900965 ,25.23600082397461,80.87024920496113 ,1.0,21:22:28 PM,1574005948451
10.692474 ,11.564316 ,5.6737976,23.54989639,87.29900965 ,25.23600082397461,80.87024920496113 ,1.0,21:22:28 PM,1574005948456
5.231125 ,4.119156 ,16.43753,23.54989639,87.29900965 ,25.23600082397461,80.87024920496113 ,1.0,21:22:28 PM,1574005948461
-10.690765 ,-3.664734 ,25.714111,23.54989639,87.29900965 ,25.23600082397461,80.87024920496113 ,1.0,21:22:28 PM,1574005948466
-14.799622 ,-5.887726 ,34.557587,23.54989639,87.29900965 ,25.23600082397461,80.87024920496113 ,1.0,21:22:28 PM,1574005948470
-0.07369995 ,-1.6688538 ,27.927292,23.54989639,87.29900965 ,25.23600082397461,80.87024920496113 ,1.0,21:22:28 PM,1574005948479
13.922745 ,8.735291 ,8.093933,23.54989639,87.29900965 ,25.23600082397461,80.87024920496113 ,1.0,21:22:28 PM,1574005948481
11.354507 ,15.1866455 ,-9.492172,23.54989639,87.29900965 ,25.23600082397461,80.87024920496113 ,1.0,21:22:28 PM,1574005948484
-1.685379 ,17.519684 ,-8.170654,23.54989639,87.29900965 ,25.23600082397461,80.87024920496113 ,1.0,21:22:28 PM,1574005948489
-8.773361 ,8.359268 ,-3.7106628,23.54989639,87.29900965 ,25.23600082397461,80.87024920496113 ,1.0,21:22:28 PM,1574005948497
-7.81839 ,2.2498627 ,2.2367706,23.54989639,87.29900965 ,25.23600082397461,80.87024920496113 ,1.0,21:22:28 PM,1574005948499
-6.0090637 ,3.6617584 ,11.233643,23.54989639,87.29900965 ,25.23600082397461,80.87024920496113 ,1.0,21:22:28 PM,1574005948505
-3.3202972 ,4.7305756 ,1.8715973,23.54989639,87.29900965 ,25.23600082397461,80.87024920496113 ,1.0,21:22:28 PM,1574005948514
3.9199982 ,13.72229 ,6.104492,23.54989639,87.29900965 ,25.23600082397461,80.87024920496113 ,1.0,21:22:28 PM,1574005948518
11.536896 ,13.467331 ,-2.6539307,23.54989639,87.29900965 ,25.23600082397461,80.87024920496113 ,1.0,21:22:28 PM,1574005948523
11.0455475 ,15.134644 ,2.3163147,23.54989639,87.29900965 ,25.23600082397461,80.87024920496113 ,1.0,21:22:28 PM,1574005948528
0.6912842 ,8.777191 ,11.0638275,23.54989639,87.29900965 ,25.23600082397461,80.87024920496113 ,1.0,21:22:28 PM,1574005948533
-6.9718018 ,0.3493042 ,15.263397,23.54989639,87.29900965 ,25.23600082397461,80.87024920496113 ,1.0,21:22:28 PM,1574005948537
-4.272461 ,-2.7318726 ,25.688934,23.54989639,87.29900965 ,25.23600082397461,80.87024920496113 ,1.0,21:22:28 PM,1574005948546
2.4833832 ,-2.5908356 ,29.969955,23.54989639,87.29900965 ,25.23600082397461,80.87024920496113 ,1.0,21:22:28 PM,1574005948547
3.9392853 ,0.15367126 ,19.496948,23.54989639,87.29900965 ,25.23600082397461,80.87024920496113 ,1.0,21:22:28 PM,1574005948551
0.65704346 ,3.8136444 ,5.5032806,23.54989639,87.29900965 ,25.23600082397461,80.87024920496113 ,1.0,21:22:28 PM,1574005948556
-1.420929 ,5.359619 ,1.8214264,23.54989639,87.29900965 ,25.23600082397461,80.87024920496113 ,3.0,21:22:28 PM,1574005948562
-1.2680359 ,3.0858154 ,2.6858978,23.54989639,87.29900965 ,25.23600082397461,80.87024920496113 ,3.0,21:22:28 PM,1574005948566
-1.9761658 ,1.2258453 ,-2.8709412,23.54989639,87.29900965 ,25.23600082397461,80.87024920496113 ,3.0,21:22:28 PM,1574005948571
-3.9051666 ,6.2940063 ,-3.9620209,23.54989639,87.29900965 ,25.23600082397461,80.87024920496113 ,3.0,21:22:28 PM,1574005948581
-3.5476685 ,11.965149 ,-4.4680023,23.54989639,87.29900965 ,25.23600082397461,80.87024920496113 ,3.0,21:22:28 PM,1574005948584
1.9244537 ,15.276413 ,-9.228363,23.54989639,87.29900965 ,25.23600082397461,80.87024920496113 ,3.0,21:22:28 PM,1574005948587
8.998764 ,17.286026 ,-7.561264,23.54989639,87.29900965 ,25.23600082397461,80.87024920496113 ,3.0,21:22:28 PM,1574005948592
9.139328 ,16.891388 ,0.35940552,23.54989639,87.29900965 ,25.23600082397461,80.87024920496113 ,3.0,21:22:28 PM,1574005948599
0.6405945 ,11.578659 ,8.335632,23.54989639,87.29900965 ,25.23600082397461,80.87024920496113 ,3.0,21:22:28 PM,1574005948601
-5.7744904 ,5.9559326 ,19.05809,23.54989639,87.29900965 ,25.23600082397461,80.87024920496113 ,3.0,21:22:28 PM,1574005948606
-3.4577942 ,2.4440002 ,24.754913,23.54989639,87.29900965 ,25.23600082397461,79.7331633849199 ,3.0,21:22:28 PM,1574005948616
2.4144287 ,1.0910339 ,18.767471,23.54989639,87.29900965 ,25.23600082397461,79.7331633849199 ,3.0,21:22:28 PM,1574005948618
4.336609 ,0.9236908 ,10.418793,23.54989639,87.29900965 ,25.23600082397461,79.7331633849199 ,3.0,21:22:28 PM,1574005948620
2.3011932 ,2.7064514 ,8.590347,23.54989639,87.29900965 ,25.23600082397461,79.7331633849199 ,3.0,21:22:28 PM,1574005948625
-0.5184479 ,3.9213867 ,3.413269,23.54989639,87.29900965 ,25.23600082397461,79.7331633849199 ,3.0,21:22:28 PM,1574005948631
-5.9274445 ,4.9004974 ,-1.6984558,23.54989639,87.29900965 ,25.23600082397461,79.7331633849199 ,3.0,21:22:28 PM,1574005948635
-11.930969 ,6.4339447 ,0.5485687,23.54989639,87.29900965 ,25.23600082397461,79.7331633849199 ,3.0,21:22:28 PM,1574005948639
-9.62645 ,4.844757 ,-2.7678986,23.54989639,87.29900965 ,25.23600082397461,79.7331633849199 ,3.0,21:22:28 PM,1574005948650
0.80148315 ,7.591812 ,3.9182281,23.54989639,87.29900965 ,25.23600082397461,79.7331633849199 ,3.0,21:22:28 PM,1574005948654
7.217636 ,8.251755 ,3.6810608,23.54989639,87.29900965 ,25.23600082397461,79.7331633849199 ,3.0,21:22:28 PM,1574005948658
4.1523743 ,11.972626 ,6.2283783,23.54989639,87.29900965 ,25.23600082397461,79.7331633849199 ,3.0,21:22:28 PM,1574005948664
0.13423157 ,12.488144 ,1.2791595,23.54989639,87.29900965 ,25.23600082397461,79.7331633849199 ,3.0,21:22:28 PM,1574005948669
2.833603 ,12.980118 ,8.449341,23.54989639,87.29900965 ,25.23600082397461,79.7331633849199 ,3.0,21:22:28 PM,1574005948673
6.9357605 ,8.437225 ,12.253601,23.54989639,87.29900965 ,25.23600082397461,79.7331633849199 ,3.0,21:22:28 PM,1574005948680
6.111679 ,3.2617493 ,10.518845,23.54989639,87.29900965 ,25.23600082397461,79.7331633849199 ,3.0,21:22:28 PM,1574005948682
-0.19223022 ,0.6979065 ,16.029282,23.54989639,87.29900965 ,25.23600082397461,79.7331633849199 ,3.0,21:22:28 PM,1574005948687
-8.1800995 ,-1.376297 ,13.787369,23.54989639,87.29900965 ,25.23600082397461,79.7331633849199 ,3.0,21:22:28 PM,1574005948691
-11.330475 ,0.8984375 ,5.981735,23.54989639,87.29900965 ,25.23600082397461,79.7331633849199 ,3.0,21:22:28 PM,1574005948699
-8.422424 ,8.058838 ,-3.1844177,23.54989639,87.29900965 ,25.23600082397461,79.7331633849199 ,3.0,21:22:28 PM,1574005948703
-2.5097656 ,15.712616 ,-5.8648376,23.54989639,87.29900965 ,25.23600082397461,79.7331633849199 ,3.0,21:22:28 PM,1574005948707
6.7803497 ,18.084808 ,-1.4784851,23.54989639,87.29900965 ,25.23600082397461,79.7331633849199 ,3.0,21:22:28 PM,1574005948715
15.179474 ,12.84697 ,-0.6427002,23.54989639,87.29900965 ,25.23600082397461,79.7331633849199 ,3.0,21:22:28 PM,1574005948718
11.347397 ,7.786255 ,13.793152,23.54989639,87.29900965 ,25.23600082397461,79.7331633849199 ,3.0,21:22:28 PM,1574005948720
-3.9230194 ,-0.8556671 ,26.403748,23.54989639,87.29900965 ,25.23600082397461,79.7331633849199 ,3.0,21:22:28 PM,1574005948725
-14.849106 ,-9.909897 ,26.993088,23.54989639,87.29900965 ,25.23600082397461,79.7331633849199 ,3.0,21:22:28 PM,1574005948731
-10.746231 ,-7.9091034 ,32.189697,23.54989639,87.29900965 ,25.23600082397461,79.7331633849199 ,3.0,21:22:28 PM,1574005948736
2.6419983 ,-0.4219818 ,18.881638,23.54989639,87.29900965 ,25.23600082397461,79.7331633849199 ,3.0,21:22:28 PM,1574005948740
10.878937 ,9.38475 ,0.20851135,23.54989639,87.29900965 ,25.23600082397461,79.7331633849199 ,3.0,21:22:28 PM,1574005948748
7.772049 ,19.844696 ,-4.1401978,23.54989639,87.29900965 ,25.23600082397461,79.7331633849199 ,3.0,21:22:28 PM,1574005948750
0.102264404 ,15.371719 ,-12.871674,23.54989639,87.29900965 ,25.23600082397461,79.7331633849199 ,3.0,21:22:28 PM,1574005948755
-4.1091003 ,12.645309 ,3.9452667,23.54989639,87.29900965 ,25.23600082397461,79.7331633849199 ,3.0,21:22:28 PM,1574005948761
-5.3700714 ,3.3804474 ,12.863678,23.54989639,87.29900965 ,25.23600082397461,79.7331633849199 ,9.0,21:22:28 PM,1574005948768
-7.682022 ,-2.8377075 ,16.654938,23.54989639,87.29900965 ,25.23600082397461,79.7331633849199 ,9.0,21:22:28 PM,1574005948770
-4.707245 ,-0.6665039 ,20.64064,23.54989639,87.29900965 ,25.23600082397461,79.7331633849199 ,9.0,21:22:28 PM,1574005948783
6.895706 ,5.0694427 ,10.3849945,23.54989639,87.29900965 ,25.23600082397461,79.7331633849199 ,9.0,21:22:28 PM,1574005948785
12.416031 ,13.352417 ,0.80462646,23.54989639,87.29900965 ,25.23600082397461,79.7331633849199 ,9.0,21:22:28 PM,1574005948788
4.7195587 ,14.880569 ,-2.5059204,23.54989639,87.29900965 ,25.23600082397461,79.7331633849199 ,9.0,21:22:28 PM,1574005948793
-4.6672516 ,11.556335 ,2.109726,23.54989639,87.29900965 ,25.23600082397461,79.7331633849199 ,9.0,21:22:28 PM,1574005948801
-5.955139 ,5.1206665 ,10.113388,23.54989639,87.29900965 ,25.23600082397461,79.7331633849199 ,9.0,21:22:28 PM,1574005948803
-2.8024445 ,-0.4610901 ,14.78775,23.54989639,87.29900965 ,25.23600082397461,79.7331633849199 ,9.0,21:22:28 PM,1574005948807
0.29423523 ,-1.0543365 ,18.93608,23.54989639,87.29900965 ,25.23600082397461,79.7331633849199 ,9.0,21:22:28 PM,1574005948815
2.4550629 ,3.1580048 ,9.846741,23.54989639,87.29900965 ,25.23600082397461,79.7331633849199 ,9.0,21:22:28 PM,1574005948817
1.5966644 ,11.860443 ,-8.553696,23.54989639,87.29900965 ,25.23600082397461,79.7331633849199 ,9.0,21:22:28 PM,1574005948821
-0.60787964 ,20.161072 ,-16.688446,23.54989639,87.29900965 ,25.23600082397461,79.7331633849199 ,9.0,21:22:28 PM,1574005948825
-1.0416565 ,22.58496 ,-19.240814,23.54989639,87.29900965 ,25.23600082397461,79.7331633849199 ,9.0,21:22:28 PM,1574005948831
1.1849976 ,16.777832 ,-14.894684,23.54989639,87.29900965 ,25.23600082397461,79.7331633849199 ,9.0,21:22:28 PM,1574005948835
3.5072174 ,10.079254 ,3.6316376,23.54989639,87.29900965 ,25.23600082397461,79.7331633849199 ,9.0,21:22:28 PM,1574005948840
2.7384186 ,3.4276276 ,14.729462,23.54989639,87.29900965 ,25.23600082397461,79.7331633849199 ,9.0,21:22:28 PM,1574005948847
-0.8528137 ,-1.0250244 ,16.035736,23.54989639,87.29900965 ,25.23600082397461,79.7331633849199 ,9.0,21:22:28 PM,1574005948850
-3.7350616 ,1.365921 ,18.32901,23.54989639,87.29900965 ,25.23600082397461,79.7331633849199 ,9.0,21:22:28 PM,1574005948854
-3.459381 ,3.9658813 ,15.922104,23.54989639,87.29900965 ,25.23600082397461,79.7331633849199 ,9.0,21:22:28 PM,1574005948859
-0.007980347 ,6.029022 ,11.857254,23.54989639,87.29900965 ,25.23600082397461,79.7331633849199 ,9.0,21:22:28 PM,1574005948864
