x,y,z,latitude,longitude,speed,sound,light,time,timestamp
1.495 ,12.47 ,2.648,23.561771666666665,87.29885666666665 ,31.09148712158203,84.97551706499515 ,9005.0,10:34:03 AM,1572671043860
2.32 ,6.117 ,-5.652,23.561771666666665,87.29885666666665 ,31.09148712158203,84.97551706499515 ,9005.0,10:34:03 AM,1572671043867
1.61 ,3.45 ,-5.947,23.561771666666665,87.29885666666665 ,31.09148712158203,84.97551706499515 ,9005.0,10:34:03 AM,1572671043868
0.067 ,8.423 ,-1.309,23.561771666666665,87.29885666666665 ,31.09148712158203,84.97551706499515 ,9005.0,10:34:03 AM,1572671043869
-0.271 ,15.346 ,10.471,23.561771666666665,87.29885666666665 ,31.09148712158203,84.97551706499515 ,9005.0,10:34:03 AM,1572671043870
-3.43 ,15.513 ,12.644,23.561771666666665,87.29885666666665 ,31.09148712158203,84.97551706499515 ,9005.0,10:34:03 AM,1572671043875
-3.107 ,10.553 ,4.307,23.561771666666665,87.29885666666665 ,31.09148712158203,84.97551706499515 ,9005.0,10:34:03 AM,1572671043875
-1.63 ,5.394 ,-0.3,23.561771666666665,87.29885666666665 ,31.09148712158203,84.97551706499515 ,9005.0,10:34:03 AM,1572671043879
-1.901 ,5.837 ,-2.057,23.561771666666665,87.29885666666665 ,31.09148712158203,84.97551706499515 ,9005.0,10:34:03 AM,1572671043879
1.003 ,13.198 ,2.926,23.561771666666665,87.29885666666665 ,31.09148712158203,84.97551706499515 ,9005.0,10:34:03 AM,1572671043885
0.749 ,17.034 ,8.192,23.561771666666665,87.29885666666665 ,31.09148712158203,84.97551706499515 ,9005.0,10:34:03 AM,1572671043886
0.414 ,12.516 ,6.476,23.561771666666665,87.29885666666665 ,31.09148712158203,84.97551706499515 ,9005.0,10:34:03 AM,1572671043890
-0.836 ,3.75 ,-1.338,23.561771666666665,87.29885666666665 ,31.09148712158203,84.97551706499515 ,9005.0,10:34:03 AM,1572671043890
-1.286 ,-1.437 ,1.839,23.561771666666665,87.29885666666665 ,31.09148712158203,84.97551706499515 ,9005.0,10:34:03 AM,1572671043894
-2.683 ,0.633 ,8.302,23.561771666666665,87.29885666666665 ,31.09148712158203,84.97551706499515 ,9005.0,10:34:03 AM,1572671043895
-2.704 ,6.512 ,16.887,23.561771666666665,87.29885666666665 ,31.09148712158203,84.97551706499515 ,9005.0,10:34:03 AM,1572671043900
-2.55 ,8.948 ,22.749,23.561771666666665,87.29885666666665 ,31.09148712158203,84.97551706499515 ,9005.0,10:34:03 AM,1572671043901
-3.284 ,5.349 ,13.444,23.561771666666665,87.29885666666665 ,31.09148712158203,84.97551706499515 ,9005.0,10:34:03 AM,1572671043905
-1.535 ,1.399 ,3.674,23.561771666666665,87.29885666666665 ,31.09148712158203,84.97551706499515 ,9005.0,10:34:03 AM,1572671043905
-1.924 ,0.01 ,0.98,23.561771666666665,87.29885666666665 ,31.09148712158203,84.97551706499515 ,9005.0,10:34:03 AM,1572671043910
-1.603 ,5.13 ,1.397,23.561771666666665,87.29885666666665 ,31.09148712158203,84.97551706499515 ,9005.0,10:34:03 AM,1572671043910
-0.654 ,12.591 ,7.197,23.561771666666665,87.29885666666665 ,31.09148712158203,84.97551706499515 ,9005.0,10:34:03 AM,1572671043917
-1.45 ,13.883 ,10.357,23.561771666666665,87.29885666666665 ,31.09148712158203,84.97551706499515 ,9005.0,10:34:03 AM,1572671043917
-1.222 ,10.138 ,3.689,23.561771666666665,87.29885666666665 ,31.09148712158203,84.97551706499515 ,9005.0,10:34:03 AM,1572671043919
-0.336 ,5.582 ,0.43,23.561771666666665,87.29885666666665 ,31.09148712158203,84.97551706499515 ,9005.0,10:34:03 AM,1572671043920
-0.824 ,4.947 ,1.549,23.561771666666665,87.29885666666665 ,31.09148712158203,84.97551706499515 ,9005.0,10:34:03 AM,1572671043924
0.609 ,9.276 ,6.166,23.561771666666665,87.29885666666665 ,31.09148712158203,84.97551706499515 ,9005.0,10:34:03 AM,1572671043925
0.0 ,12.988 ,10.252,23.561771666666665,87.29885666666665 ,31.09148712158203,84.97551706499515 ,9005.0,10:34:03 AM,1572671043930
-0.846 ,11.582 ,10.82,23.561771666666665,87.29885666666665 ,31.09148712158203,84.97551706499515 ,9005.0,10:34:03 AM,1572671043930
-1.426 ,7.838 ,4.137,23.561771666666665,87.29885666666665 ,31.09148712158203,84.97551706499515 ,9005.0,10:34:03 AM,1572671043935
-1.807 ,6.058 ,5.434,23.561771666666665,87.29885666666665 ,31.09148712158203,84.97551706499515 ,9005.0,10:34:03 AM,1572671043936
-2.707 ,7.581 ,6.628,23.561771666666665,87.29885666666665 ,31.09148712158203,84.97551706499515 ,9005.0,10:34:03 AM,1572671043940
-1.108 ,12.372 ,10.926,23.561771666666665,87.29885666666665 ,31.09148712158203,84.97551706499515 ,9005.0,10:34:03 AM,1572671043940
-1.141 ,13.142 ,15.516,23.561771666666665,87.29885666666665 ,31.09148712158203,84.97551706499515 ,9005.0,10:34:03 AM,1572671043946
-0.733 ,9.221 ,10.375,23.561771666666665,87.29885666666665 ,31.09148712158203,84.97551706499515 ,9005.0,10:34:03 AM,1572671043947
0.374 ,4.223 ,2.866,23.561771666666665,87.29885666666665 ,31.09148712158203,84.97551706499515 ,9005.0,10:34:03 AM,1572671043952
0.422 ,0.845 ,2.659,23.561771666666665,87.29885666666665 ,31.09148712158203,84.97551706499515 ,9005.0,10:34:03 AM,1572671043953
-0.102 ,3.544 ,4.298,23.561771666666665,87.29885666666665 ,31.09148712158203,84.97551706499515 ,9005.0,10:34:03 AM,1572671043955
-0.571 ,9.407 ,11.995,23.561771666666665,87.29885666666665 ,31.09148712158203,84.97551706499515 ,9005.0,10:34:03 AM,1572671043955
-2.398 ,11.895 ,16.97,23.561771666666665,87.29885666666665 ,31.09148712158203,84.97551706499515 ,9005.0,10:34:03 AM,1572671043959
-3.853 ,9.277 ,10.39,23.561771666666665,87.29885666666665 ,31.09148712158203,84.97551706499515 ,9005.0,10:34:03 AM,1572671043960
-2.959 ,4.825 ,5.264,23.561771666666665,87.29885666666665 ,31.09148712158203,84.97551706499515 ,9005.0,10:34:03 AM,1572671043969
-3.285 ,2.055 ,4.086,23.561771666666665,87.29885666666665 ,31.09148712158203,84.97551706499515 ,9005.0,10:34:03 AM,1572671043969
-0.759 ,6.557 ,5.55,23.561771666666665,87.29885666666665 ,31.09148712158203,84.97551706499515 ,9005.0,10:34:03 AM,1572671043970
2.009 ,12.409 ,12.399,23.561771666666665,87.29885666666665 ,31.09148712158203,84.97551706499515 ,9005.0,10:34:03 AM,1572671043970
2.861 ,12.931 ,12.199,23.561771666666665,87.29885666666665 ,31.09148712158203,84.97551706499515 ,9005.0,10:34:03 AM,1572671043976
3.673 ,8.13 ,3.595,23.561771666666665,87.29885666666665 ,31.09148712158203,84.97551706499515 ,9005.0,10:34:03 AM,1572671043977
3.409 ,3.757 ,-2.117,23.561771666666665,87.29885666666665 ,31.09148712158203,84.97551706499515 ,9005.0,10:34:03 AM,1572671043979
1.239 ,5.344 ,-4.659,23.561771666666665,87.29885666666665 ,31.09148712158203,84.97551706499515 ,9005.0,10:34:03 AM,1572671043980
-0.773 ,12.053 ,-2.803,23.561771666666665,87.29885666666665 ,31.09148712158203,84.97551706499515 ,9005.0,10:34:03 AM,1572671043986
-2.787 ,17.138 ,4.574,23.561771666666665,87.29885666666665 ,31.09148712158203,84.97551706499515 ,9005.0,10:34:03 AM,1572671043987
-5.961 ,15.875 ,1.536,23.561771666666665,87.29885666666665 ,31.09148712158203,84.97551706499515 ,9005.0,10:34:03 AM,1572671043989
-4.471 ,11.069 ,-1.102,23.561771666666665,87.29885666666665 ,31.09148712158203,84.97551706499515 ,9005.0,10:34:03 AM,1572671043990
-5.165 ,6.04 ,-1.524,23.561771666666665,87.29885666666665 ,31.09148712158203,84.31928067906492 ,8874.0,10:34:03 AM,1572671043994
-2.198 ,7.227 ,3.177,23.561771666666665,87.29885666666665 ,31.09148712158203,84.31928067906492 ,8874.0,10:34:03 AM,1572671043995
1.214 ,12.263 ,12.437,23.561771666666665,87.29885666666665 ,31.09148712158203,84.31928067906492 ,8874.0,10:34:04 AM,1572671044000
2.483 ,13.496 ,18.506,23.561771666666665,87.29885666666665 ,31.09148712158203,84.31928067906492 ,8874.0,10:34:04 AM,1572671044000
2.966 ,8.861 ,13.435,23.561771666666665,87.29885666666665 ,31.09148712158203,84.31928067906492 ,8874.0,10:34:04 AM,1572671044005
3.222 ,2.73 ,5.829,23.561771666666665,87.29885666666665 ,31.09148712158203,84.31928067906492 ,8874.0,10:34:04 AM,1572671044005
1.074 ,0.786 ,2.611,23.561771666666665,87.29885666666665 ,31.09148712158203,84.31928067906492 ,8874.0,10:34:04 AM,1572671044009
-0.616 ,4.977 ,5.54,23.561771666666665,87.29885666666665 ,31.09148712158203,84.31928067906492 ,8874.0,10:34:04 AM,1572671044010
-1.547 ,10.755 ,15.245,23.561771666666665,87.29885666666665 ,31.09148712158203,84.31928067906492 ,8874.0,10:34:04 AM,1572671044017
-3.815 ,11.526 ,17.263,23.561771666666665,87.29885666666665 ,31.09148712158203,84.31928067906492 ,8874.0,10:34:04 AM,1572671044017
-3.787 ,7.562 ,9.77,23.561771666666665,87.29885666666665 ,31.09148712158203,84.31928067906492 ,8874.0,10:34:04 AM,1572671044020
-1.307 ,1.763 ,5.877,23.561771666666665,87.29885666666665 ,31.09148712158203,84.31928067906492 ,8874.0,10:34:04 AM,1572671044021
-2.762 ,0.881 ,2.141,23.561771666666665,87.29885666666665 ,31.09148712158203,84.31928067906492 ,8874.0,10:34:04 AM,1572671044024
-0.592 ,7.483 ,5.598,23.561771666666665,87.29885666666665 ,31.09148712158203,84.31928067906492 ,8874.0,10:34:04 AM,1572671044025
0.224 ,13.549 ,10.939,23.561771666666665,87.29885666666665 ,31.09148712158203,84.31928067906492 ,8874.0,10:34:04 AM,1572671044030
-1.854 ,13.521 ,4.608,23.561771666666665,87.29885666666665 ,31.09148712158203,84.31928067906492 ,8874.0,10:34:04 AM,1572671044030
-1.661 ,9.188 ,-5.088,23.561771666666665,87.29885666666665 ,31.09148712158203,84.31928067906492 ,8874.0,10:34:04 AM,1572671044037
-3.677 ,5.153 ,-9.661,23.561771666666665,87.29885666666665 ,31.09148712158203,84.31928067906492 ,8874.0,10:34:04 AM,1572671044038
-4.87 ,6.907 ,-6.879,23.561771666666665,87.29885666666665 ,31.09148712158203,84.31928067906492 ,8874.0,10:34:04 AM,1572671044040
-3.36 ,12.359 ,3.626,23.561771666666665,87.29885666666665 ,31.09148712158203,84.31928067906492 ,8874.0,10:34:04 AM,1572671044040
-3.216 ,15.225 ,13.437,23.561771666666665,87.29885666666665 ,31.09148712158203,84.31928067906492 ,8874.0,10:34:04 AM,1572671044046
-0.636 ,12.597 ,10.823,23.561771666666665,87.29885666666665 ,31.09148712158203,84.31928067906492 ,8874.0,10:34:04 AM,1572671044047
2.15 ,7.495 ,6.567,23.561771666666665,87.29885666666665 ,31.09148712158203,84.31928067906492 ,8874.0,10:34:04 AM,1572671044051
4.329 ,4.835 ,6.026,23.561771666666665,87.29885666666665 ,31.09148712158203,84.31928067906492 ,8874.0,10:34:04 AM,1572671044052
3.896 ,7.764 ,1.562,23.561771666666665,87.29885666666665 ,31.09148712158203,84.31928067906492 ,8874.0,10:34:04 AM,1572671044056
4.203 ,11.911 ,6.176,23.561771666666665,87.29885666666665 ,31.09148712158203,84.31928067906492 ,8874.0,10:34:04 AM,1572671044056
0.209 ,10.917 ,6.12,23.561771666666665,87.29885666666665 ,31.09148712158203,84.31928067906492 ,8874.0,10:34:04 AM,1572671044059
-3.272 ,6.908 ,-0.916,23.561771666666665,87.29885666666665 ,31.09148712158203,84.31928067906492 ,8874.0,10:34:04 AM,1572671044060
-4.541 ,2.935 ,-1.105,23.561771666666665,87.29885666666665 ,31.09148712158203,84.31928067906492 ,8874.0,10:34:04 AM,1572671044067
-6.64 ,1.975 ,2.278,23.561771666666665,87.29885666666665 ,31.09148712158203,84.31928067906492 ,8874.0,10:34:04 AM,1572671044068
-5.953 ,6.36 ,8.887,23.561771666666665,87.29885666666665 ,31.09148712158203,84.31928067906492 ,8874.0,10:34:04 AM,1572671044069
-3.671 ,10.281 ,16.763,23.561771666666665,87.29885666666665 ,31.09148712158203,84.31928067906492 ,8874.0,10:34:04 AM,1572671044069
-3.068 ,8.265 ,14.362,23.561771666666665,87.29885666666665 ,31.09148712158203,84.31928067906492 ,8874.0,10:34:04 AM,1572671044075
0.412 ,3.931 ,5.699,23.561771666666665,87.29885666666665 ,31.09148712158203,84.31928067906492 ,8874.0,10:34:04 AM,1572671044075
1.57 ,1.37 ,1.235,23.561771666666665,87.29885666666665 ,31.09148712158203,84.31928067906492 ,8874.0,10:34:04 AM,1572671044078
1.628 ,4.762 ,1.381,23.561771666666665,87.29885666666665 ,31.09148712158203,84.31928067906492 ,8874.0,10:34:04 AM,1572671044079
3.109 ,12.743 ,8.096,23.561771666666665,87.29885666666665 ,31.09148712158203,84.31928067906492 ,8874.0,10:34:04 AM,1572671044085
1.581 ,16.328 ,13.189,23.561771666666665,87.29885666666665 ,31.09148712158203,84.31928067906492 ,8874.0,10:34:04 AM,1572671044086
-0.081 ,11.615 ,7.797,23.561771666666665,87.29885666666665 ,31.09148712158203,84.31928067906492 ,8874.0,10:34:04 AM,1572671044090
0.017 ,3.338 ,0.754,23.561771666666665,87.29885666666665 ,31.09148712158203,84.31928067906492 ,8874.0,10:34:04 AM,1572671044090
-1.655 ,-1.182 ,0.639,23.561771666666665,87.29885666666665 ,31.09148712158203,84.31928067906492 ,8874.0,10:34:04 AM,1572671044094
-1.997 ,2.913 ,5.838,23.561771666666665,87.29885666666665 ,31.09148712158203,84.31928067906492 ,8874.0,10:34:04 AM,1572671044094
-1.977 ,10.374 ,15.628,23.561771666666665,87.29885666666665 ,31.09148712158203,84.31928067906492 ,8874.0,10:34:04 AM,1572671044100
-2.634 ,12.682 ,19.067,23.561771666666665,87.29885666666665 ,31.09148712158203,84.31928067906492 ,8874.0,10:34:04 AM,1572671044100
-3.036 ,9.119 ,8.247,23.561771666666665,87.29885666666665 ,31.09148712158203,84.31928067906492 ,8874.0,10:34:04 AM,1572671044104
-1.244 ,3.636 ,0.968,23.561771666666665,87.29885666666665 ,31.09148712158203,84.31928067906492 ,8874.0,10:34:04 AM,1572671044104
-2.455 ,3.714 ,-2.346,23.561771666666665,87.29885666666665 ,31.09148712158203,84.31928067906492 ,8874.0,10:34:04 AM,1572671044109
