x,y,z,latitude,longitude,speed,sound,light,time,timestamp
-1.639 ,8.095 ,3.76,23.561771666666665,87.29885666666665 ,31.09148712158203,84.31928067906492 ,8878.0,10:34:04 AM,1572671044359
0.208 ,1.152 ,-2.984,23.561771666666665,87.29885666666665 ,31.09148712158203,84.31928067906492 ,8878.0,10:34:04 AM,1572671044367
-0.322 ,1.648 ,-5.281,23.561771666666665,87.29885666666665 ,31.09148712158203,84.31928067906492 ,8878.0,10:34:04 AM,1572671044368
1.078 ,11.324 ,2.064,23.561771666666665,87.29885666666665 ,31.09148712158203,84.31928067906492 ,8878.0,10:34:04 AM,1572671044368
0.233 ,17.928 ,12.831,23.561771666666665,87.29885666666665 ,31.09148712158203,84.31928067906492 ,8878.0,10:34:04 AM,1572671044369
-1.281 ,15.487 ,10.715,23.561771666666665,87.29885666666665 ,31.09148712158203,84.31928067906492 ,8878.0,10:34:04 AM,1572671044374
-1.426 ,7.441 ,4.509,23.561771666666665,87.29885666666665 ,31.09148712158203,84.31928067906492 ,8878.0,10:34:04 AM,1572671044375
-0.374 ,-0.08 ,1.519,23.561771666666665,87.29885666666665 ,31.09148712158203,84.31928067906492 ,8878.0,10:34:04 AM,1572671044379
-0.033 ,2.693 ,3.225,23.561771666666665,87.29885666666665 ,31.09148712158203,84.31928067906492 ,8878.0,10:34:04 AM,1572671044379
2.228 ,10.509 ,13.249,23.561771666666665,87.29885666666665 ,31.09148712158203,84.31928067906492 ,8878.0,10:34:04 AM,1572671044384
2.04 ,13.041 ,16.986,23.561771666666665,87.29885666666665 ,31.09148712158203,84.31928067906492 ,8878.0,10:34:04 AM,1572671044384
0.567 ,8.814 ,8.157,23.561771666666665,87.29885666666665 ,31.09148712158203,84.31928067906492 ,8878.0,10:34:04 AM,1572671044390
-0.39 ,2.506 ,0.981,23.561771666666665,87.29885666666665 ,31.09148712158203,84.31928067906492 ,8878.0,10:34:04 AM,1572671044390
-2.888 ,0.481 ,1.693,23.561771666666665,87.29885666666665 ,31.09148712158203,84.31928067906492 ,8948.0,10:34:04 AM,1572671044393
-5.152 ,6.265 ,6.126,23.561771666666665,87.29885666666665 ,31.09148712158203,84.31928067906492 ,8948.0,10:34:04 AM,1572671044394
-3.532 ,13.474 ,19.53,23.561771666666665,87.29885666666665 ,31.09148712158203,84.31928067906492 ,8948.0,10:34:04 AM,1572671044398
-3.941 ,14.083 ,19.664,23.561771666666665,87.29885666666665 ,31.09148712158203,84.31928067906492 ,8948.0,10:34:04 AM,1572671044399
-1.438 ,7.826 ,7.92,23.561771666666665,87.29885666666665 ,31.09148712158203,84.31928067906492 ,8948.0,10:34:04 AM,1572671044403
2.042 ,0.764 ,2.425,23.561771666666665,87.29885666666665 ,31.09148712158203,84.31928067906492 ,8948.0,10:34:04 AM,1572671044404
2.001 ,-0.147 ,-1.957,23.561771666666665,87.29885666666665 ,31.09148712158203,84.31928067906492 ,8948.0,10:34:04 AM,1572671044408
3.839 ,7.348 ,4.052,23.561771666666665,87.29885666666665 ,31.09148712158203,84.31928067906492 ,8948.0,10:34:04 AM,1572671044409
2.361 ,13.728 ,12.431,23.561771666666665,87.29885666666665 ,31.09148712158203,84.31928067906492 ,8948.0,10:34:04 AM,1572671044417
-0.263 ,14.463 ,10.921,23.561771666666665,87.29885666666665 ,31.09148712158203,84.31928067906492 ,8948.0,10:34:04 AM,1572671044417
-1.749 ,9.092 ,3.018,23.561771666666665,87.29885666666665 ,31.09148712158203,84.31928067906492 ,8948.0,10:34:04 AM,1572671044418
-2.267 ,2.934 ,0.954,23.561771666666665,87.29885666666665 ,31.09148712158203,84.31928067906492 ,8948.0,10:34:04 AM,1572671044418
-3.464 ,4.104 ,-1.488,23.561771666666665,87.29885666666665 ,31.09148712158203,84.31928067906492 ,8948.0,10:34:04 AM,1572671044424
-0.665 ,11.259 ,7.766,23.561771666666665,87.29885666666665 ,31.09148712158203,84.31928067906492 ,8948.0,10:34:04 AM,1572671044425
-1.226 ,16.107 ,13.392,23.561771666666665,87.29885666666665 ,31.09148712158203,84.31928067906492 ,8948.0,10:34:04 AM,1572671044428
-0.236 ,13.763 ,7.074,23.561771666666665,87.29885666666665 ,31.09148712158203,84.31928067906492 ,8948.0,10:34:04 AM,1572671044429
0.342 ,7.071 ,-3.095,23.561771666666665,87.29885666666665 ,31.09148712158203,84.31928067906492 ,8948.0,10:34:04 AM,1572671044434
-1.794 ,2.484 ,-6.781,23.561771666666665,87.29885666666665 ,31.09148712158203,84.31928067906492 ,8948.0,10:34:04 AM,1572671044435
-2.349 ,6.348 ,-5.218,23.561771666666665,87.29885666666665 ,31.09148712158203,84.31928067906492 ,8948.0,10:34:04 AM,1572671044440
-3.093 ,13.243 ,3.972,23.561771666666665,87.29885666666665 ,31.09148712158203,84.31928067906492 ,8948.0,10:34:04 AM,1572671044440
-3.43 ,15.872 ,12.024,23.561771666666665,87.29885666666665 ,31.09148712158203,84.31928067906492 ,8948.0,10:34:04 AM,1572671044442
-3.628 ,12.34 ,5.096,23.561771666666665,87.29885666666665 ,31.09148712158203,84.31928067906492 ,8948.0,10:34:04 AM,1572671044443
0.194 ,6.232 ,5.82,23.561771666666665,87.29885666666665 ,31.09148712158203,84.31928067906492 ,8948.0,10:34:04 AM,1572671044449
0.113 ,3.709 ,1.755,23.561771666666665,87.29885666666665 ,31.09148712158203,84.31928067906492 ,8948.0,10:34:04 AM,1572671044450
2.622 ,7.656 ,2.824,23.561771666666665,87.29885666666665 ,31.09148712158203,84.31928067906492 ,8948.0,10:34:04 AM,1572671044453
2.764 ,11.758 ,10.135,23.561771666666665,87.29885666666665 ,31.09148712158203,84.31928067906492 ,8948.0,10:34:04 AM,1572671044453
0.439 ,10.405 ,9.106,23.561771666666665,87.29885666666665 ,31.09148712158203,84.31928067906492 ,8948.0,10:34:04 AM,1572671044458
-1.763 ,5.699 ,4.473,23.561771666666665,87.29885666666665 ,31.09148712158203,84.31928067906492 ,8948.0,10:34:04 AM,1572671044458
-3.604 ,1.963 ,5.782,23.561771666666665,87.29885666666665 ,31.09148712158203,84.31928067906492 ,8948.0,10:34:04 AM,1572671044467
-5.202 ,3.723 ,9.073,23.561771666666665,87.29885666666665 ,31.09148712158203,84.31928067906492 ,8948.0,10:34:04 AM,1572671044468
-4.914 ,8.622 ,14.524,23.561771666666665,87.29885666666665 ,31.09148712158203,84.31928067906492 ,8948.0,10:34:04 AM,1572671044468
-2.579 ,11.316 ,22.756,23.561771666666665,87.29885666666665 ,31.09148712158203,84.31928067906492 ,8948.0,10:34:04 AM,1572671044469
-2.143 ,8.375 ,14.591,23.561771666666665,87.29885666666665 ,31.09148712158203,84.31928067906492 ,8948.0,10:34:04 AM,1572671044473
1.54 ,3.899 ,5.11,23.561771666666665,87.29885666666665 ,31.09148712158203,84.31928067906492 ,8948.0,10:34:04 AM,1572671044474
1.071 ,1.244 ,-0.932,23.561771666666665,87.29885666666665 ,31.09148712158203,84.81451999347884 ,8948.0,10:34:04 AM,1572671044478
0.122 ,5.679 ,-2.744,23.561771666666665,87.29885666666665 ,31.09148712158203,84.81451999347884 ,8948.0,10:34:04 AM,1572671044479
-0.089 ,14.481 ,5.963,23.561771666666665,87.29885666666665 ,31.09148712158203,84.81451999347884 ,8948.0,10:34:04 AM,1572671044488
-3.063 ,17.274 ,10.009,23.561771666666665,87.29885666666665 ,31.09148712158203,84.81451999347884 ,8948.0,10:34:04 AM,1572671044489
-4.946 ,12.798 ,3.657,23.561771666666665,87.29885666666665 ,31.09148712158203,84.81451999347884 ,8948.0,10:34:04 AM,1572671044490
-4.12 ,4.72 ,-0.628,23.561771666666665,87.29885666666665 ,31.09148712158203,84.81451999347884 ,8948.0,10:34:04 AM,1572671044490
-4.68 ,1.035 ,-1.834,23.561771666666665,87.29885666666665 ,31.09148712158203,84.81451999347884 ,8948.0,10:34:04 AM,1572671044494
-1.429 ,5.387 ,5.045,23.561771666666665,87.29885666666665 ,31.09148712158203,84.81451999347884 ,8948.0,10:34:04 AM,1572671044494
1.693 ,12.456 ,16.584,23.561771666666665,87.29885666666665 ,31.09148712158203,84.81451999347884 ,8948.0,10:34:04 AM,1572671044501
1.779 ,13.032 ,14.952,23.561771666666665,87.29885666666665 ,31.09148712158203,84.81451999347884 ,8948.0,10:34:04 AM,1572671044502
3.887 ,8.814 ,6.318,23.561771666666665,87.29885666666665 ,31.09148712158203,84.81451999347884 ,8948.0,10:34:04 AM,1572671044503
3.195 ,4.009 ,0.13,23.561771666666665,87.29885666666665 ,31.09148712158203,84.81451999347884 ,8948.0,10:34:04 AM,1572671044504
1.518 ,3.537 ,-4.805,23.561771666666665,87.29885666666665 ,31.09148712158203,84.81451999347884 ,8948.0,10:34:04 AM,1572671044508
0.822 ,9.92 ,0.111,23.561771666666665,87.29885666666665 ,31.09148712158203,84.81451999347884 ,8948.0,10:34:04 AM,1572671044508
-1.563 ,14.997 ,10.338,23.561771666666665,87.29885666666665 ,31.09148712158203,84.81451999347884 ,8948.0,10:34:04 AM,1572671044517
-2.596 ,14.263 ,11.843,23.561771666666665,87.29885666666665 ,31.09148712158203,84.81451999347884 ,8948.0,10:34:04 AM,1572671044517
-3.501 ,6.994 ,5.872,23.561771666666665,87.29885666666665 ,31.09148712158203,84.81451999347884 ,8948.0,10:34:04 AM,1572671044518
-2.613 ,-0.9 ,6.725,23.561771666666665,87.29885666666665 ,31.09148712158203,84.81451999347884 ,8948.0,10:34:04 AM,1572671044519
-2.136 ,-0.86 ,6.748,23.561771666666665,87.29885666666665 ,31.09148712158203,84.81451999347884 ,8948.0,10:34:04 AM,1572671044522
-0.02 ,5.922 ,13.652,23.561771666666665,87.29885666666665 ,31.09148712158203,84.81451999347884 ,8948.0,10:34:04 AM,1572671044523
0.157 ,10.921 ,17.743,23.561771666666665,87.29885666666665 ,31.09148712158203,84.81451999347884 ,8948.0,10:34:04 AM,1572671044528
-0.69 ,10.076 ,6.905,23.561771666666665,87.29885666666665 ,31.09148712158203,84.81451999347884 ,8948.0,10:34:04 AM,1572671044529
-0.732 ,5.338 ,-1.542,23.561771666666665,87.29885666666665 ,31.09148712158203,84.81451999347884 ,8948.0,10:34:04 AM,1572671044534
-1.964 ,2.692 ,-5.376,23.561771666666665,87.29885666666665 ,31.09148712158203,84.81451999347884 ,8948.0,10:34:04 AM,1572671044535
-2.918 ,7.879 ,-3.789,23.561771666666665,87.29885666666665 ,31.09148712158203,84.81451999347884 ,8948.0,10:34:04 AM,1572671044543
-1.011 ,14.609 ,10.557,23.561771666666665,87.29885666666665 ,31.09148712158203,84.81451999347884 ,8948.0,10:34:04 AM,1572671044544
-1.566 ,15.933 ,14.51,23.561771666666665,87.29885666666665 ,31.09148712158203,84.81451999347884 ,8948.0,10:34:04 AM,1572671044545
-0.093 ,9.992 ,9.474,23.561771666666665,87.29885666666665 ,31.09148712158203,84.81451999347884 ,8948.0,10:34:04 AM,1572671044546
2.03 ,1.81 ,5.478,23.561771666666665,87.29885666666665 ,31.09148712158203,84.81451999347884 ,8948.0,10:34:04 AM,1572671044551
1.525 ,-0.377 ,1.822,23.561771666666665,87.29885666666665 ,31.09148712158203,84.81451999347884 ,8948.0,10:34:04 AM,1572671044552
2.699 ,6.487 ,4.569,23.561771666666665,87.29885666666665 ,31.09148712158203,84.81451999347884 ,8948.0,10:34:04 AM,1572671044553
1.608 ,14.316 ,12.953,23.561771666666665,87.29885666666665 ,31.09148712158203,84.81451999347884 ,8948.0,10:34:04 AM,1572671044554
-0.773 ,16.512 ,10.011,23.561771666666665,87.29885666666665 ,31.09148712158203,84.81451999347884 ,8948.0,10:34:04 AM,1572671044558
-1.704 ,12.147 ,1.725,23.561771666666665,87.29885666666665 ,31.09148712158203,84.81451999347884 ,8948.0,10:34:04 AM,1572671044559
-2.141 ,4.819 ,-1.84,23.561771666666665,87.29885666666665 ,31.09148712158203,84.81451999347884 ,8948.0,10:34:04 AM,1572671044568
-3.249 ,3.47 ,-4.418,23.561771666666665,87.29885666666665 ,31.09148712158203,84.81451999347884 ,8948.0,10:34:04 AM,1572671044569
-0.708 ,9.159 ,7.092,23.561771666666665,87.29885666666665 ,31.09148712158203,84.81451999347884 ,8948.0,10:34:04 AM,1572671044570
-1.758 ,13.261 ,18.123,23.561771666666665,87.29885666666665 ,31.09148712158203,84.81451999347884 ,8948.0,10:34:04 AM,1572671044570
-0.818 ,10.896 ,18.025,23.561771666666665,87.29885666666665 ,31.09148712158203,84.81451999347884 ,8948.0,10:34:04 AM,1572671044576
-0.709 ,3.403 ,10.322,23.561771666666665,87.29885666666665 ,31.09148712158203,84.81451999347884 ,8948.0,10:34:04 AM,1572671044577
-0.366 ,-2.102 ,6.452,23.561771666666665,87.29885666666665 ,31.09148712158203,84.81451999347884 ,8948.0,10:34:04 AM,1572671044577
-0.873 ,1.381 ,2.435,23.561771666666665,87.29885666666665 ,31.09148712158203,84.81451999347884 ,8948.0,10:34:04 AM,1572671044578
0.409 ,10.467 ,10.817,23.561771666666665,87.29885666666665 ,31.09148712158203,84.81451999347884 ,8948.0,10:34:04 AM,1572671044583
-1.688 ,15.378 ,11.148,23.561771666666665,87.29885666666665 ,31.09148712158203,84.81451999347884 ,8948.0,10:34:04 AM,1572671044584
-1.15 ,13.293 ,0.95,23.561771666666665,87.29885666666665 ,31.09148712158203,84.81451999347884 ,8948.0,10:34:04 AM,1572671044588
-0.94 ,7.289 ,-6.835,23.561771666666665,87.29885666666665 ,31.09148712158203,84.81451999347884 ,8948.0,10:34:04 AM,1572671044589
-2.739 ,5.394 ,-10.957,23.561771666666665,87.29885666666665 ,31.09148712158203,84.81451999347884 ,8948.0,10:34:04 AM,1572671044593
-2.297 ,10.868 ,-6.776,23.561771666666665,87.29885666666665 ,31.09148712158203,84.81451999347884 ,8948.0,10:34:04 AM,1572671044593
-1.292 ,17.253 ,6.833,23.561771666666665,87.29885666666665 ,31.09148712158203,84.81451999347884 ,9070.0,10:34:04 AM,1572671044599
-1.824 ,17.813 ,8.674,23.561771666666665,87.29885666666665 ,31.09148712158203,84.81451999347884 ,9070.0,10:34:04 AM,1572671044600
-0.867 ,11.401 ,0.177,23.561771666666665,87.29885666666665 ,31.09148712158203,84.81451999347884 ,9070.0,10:34:04 AM,1572671044603
0.741 ,3.635 ,-3.266,23.561771666666665,87.29885666666665 ,31.09148712158203,84.81451999347884 ,9070.0,10:34:04 AM,1572671044603
0.877 ,2.814 ,-4.55,23.561771666666665,87.29885666666665 ,31.09148712158203,84.81451999347884 ,9070.0,10:34:04 AM,1572671044607
