x,y,z,latitude,longitude,speed,sound,light,time,timestamp
0.409 ,14.034 ,4.186,23.567024999999997,87.29887 ,38.77402381896973,85.76437814991365 ,6321.0,10:33:10 AM,1572670990530
0.315 ,9.146 ,9.099,23.567024999999997,87.29887 ,38.77402381896973,85.76437814991365 ,6321.0,10:33:10 AM,1572670990530
-2.323 ,3.217 ,6.331,23.567024999999997,87.29887 ,38.77402381896973,85.76437814991365 ,6321.0,10:33:10 AM,1572670990536
0.218 ,2.985 ,10.838,23.567024999999997,87.29887 ,38.77402381896973,85.76437814991365 ,6321.0,10:33:10 AM,1572670990536
-0.57 ,5.154 ,16.915,23.567024999999997,87.29887 ,38.77402381896973,85.76437814991365 ,6321.0,10:33:10 AM,1572670990542
0.95 ,5.929 ,19.176,23.567024999999997,87.29887 ,38.77402381896973,85.76437814991365 ,6321.0,10:33:10 AM,1572670990543
1.788 ,3.81 ,15.32,23.567024999999997,87.29887 ,38.77402381896973,85.76437814991365 ,6321.0,10:33:10 AM,1572670990545
0.0 ,2.258 ,5.644,23.567024999999997,87.29887 ,38.77402381896973,85.76437814991365 ,6321.0,10:33:10 AM,1572670990545
0.688 ,3.802 ,4.988,23.567024999999997,87.29887 ,38.77402381896973,85.76437814991365 ,6321.0,10:33:10 AM,1572670990549
-2.722 ,6.047 ,4.471,23.567024999999997,87.29887 ,38.77402381896973,85.76437814991365 ,6321.0,10:33:10 AM,1572670990550
-3.995 ,7.121 ,6.114,23.567024999999997,87.29887 ,38.77402381896973,85.76437814991365 ,6321.0,10:33:10 AM,1572670990557
-5.052 ,7.357 ,8.934,23.567024999999997,87.29887 ,38.77402381896973,85.76437814991365 ,6321.0,10:33:10 AM,1572670990557
-6.308 ,9.622 ,4.809,23.567024999999997,87.29887 ,38.77402381896973,85.76437814991365 ,6321.0,10:33:10 AM,1572670990559
-2.21 ,10.264 ,8.794,23.567024999999997,87.29887 ,38.77402381896973,85.76437814991365 ,6321.0,10:33:10 AM,1572670990560
-2.328 ,7.902 ,4.623,23.567024999999997,87.29887 ,38.77402381896973,85.76437814991365 ,6321.0,10:33:10 AM,1572670990565
1.72 ,6.019 ,0.711,23.567024999999997,87.29887 ,38.77402381896973,85.76437814991365 ,6321.0,10:33:10 AM,1572670990565
3.862 ,6.171 ,-5.231,23.567024999999997,87.29887 ,38.77402381896973,85.76437814991365 ,6321.0,10:33:10 AM,1572670990570
4.489 ,10.334 ,-7.994,23.567024999999997,87.29887 ,38.77402381896973,85.76437814991365 ,6321.0,10:33:10 AM,1572670990570
3.506 ,13.995 ,-2.536,23.567024999999997,87.29887 ,38.77402381896973,85.76437814991365 ,6321.0,10:33:10 AM,1572670990576
1.46 ,15.337 ,-2.344,23.567024999999997,87.29887 ,38.77402381896973,85.76437814991365 ,6321.0,10:33:10 AM,1572670990576
-0.763 ,13.168 ,-0.834,23.567024999999997,87.29887 ,38.77402381896973,85.76437814991365 ,6321.0,10:33:10 AM,1572670990580
-4.661 ,10.558 ,-0.32,23.567024999999997,87.29887 ,38.77402381896973,85.76437814991365 ,6321.0,10:33:10 AM,1572670990581
-2.267 ,10.564 ,5.756,23.567024999999997,87.29887 ,38.77402381896973,85.76437814991365 ,6321.0,10:33:10 AM,1572670990584
-3.05 ,10.351 ,14.685,23.567024999999997,87.29887 ,38.77402381896973,85.76437814991365 ,6321.0,10:33:10 AM,1572670990585
-2.306 ,7.704 ,15.571,23.567024999999997,87.29887 ,38.77402381896973,85.76437814991365 ,6321.0,10:33:10 AM,1572670990590
2.06 ,5.083 ,14.053,23.567024999999997,87.29887 ,38.77402381896973,85.76437814991365 ,6321.0,10:33:10 AM,1572670990591
1.766 ,3.488 ,8.422,23.567024999999997,87.29887 ,38.77402381896973,85.76437814991365 ,7595.0,10:33:10 AM,1572670990594
3.006 ,4.851 ,6.718,23.567024999999997,87.29887 ,38.77402381896973,85.76437814991365 ,7595.0,10:33:10 AM,1572670990596
0.535 ,5.752 ,8.832,23.567024999999997,87.29887 ,38.77402381896973,85.76437814991365 ,7595.0,10:33:10 AM,1572670990599
-2.214 ,6.736 ,5.757,23.567024999999997,87.29887 ,38.77402381896973,85.76437814991365 ,7595.0,10:33:10 AM,1572670990600
-2.85 ,7.234 ,8.498,23.567024999999997,87.29887 ,38.77402381896973,85.76437814991365 ,7595.0,10:33:10 AM,1572670990606
-5.876 ,8.079 ,6.572,23.567024999999997,87.29887 ,38.77402381896973,85.76437814991365 ,7595.0,10:33:10 AM,1572670990607
-3.894 ,9.186 ,13.67,23.567024999999997,87.29887 ,38.77402381896973,85.76437814991365 ,7595.0,10:33:10 AM,1572670990609
-4.113 ,8.436 ,14.254,23.567024999999997,87.29887 ,38.77402381896973,85.76437814991365 ,7595.0,10:33:10 AM,1572670990609
0.11 ,8.151 ,11.783,23.567024999999997,87.29887 ,38.77402381896973,85.76437814991365 ,7595.0,10:33:10 AM,1572670990614
2.653 ,6.256 ,9.195,23.567024999999997,87.29887 ,38.77402381896973,85.76437814991365 ,7595.0,10:33:10 AM,1572670990614
3.961 ,6.691 ,0.853,23.567024999999997,87.29887 ,38.77402381896973,85.76437814991365 ,7595.0,10:33:10 AM,1572670990619
5.259 ,8.029 ,0.708,23.567024999999997,87.29887 ,38.77402381896973,85.76437814991365 ,7595.0,10:33:10 AM,1572670990619
1.473 ,9.618 ,-2.003,23.567024999999997,87.29887 ,38.77402381896973,85.76437814991365 ,7595.0,10:33:10 AM,1572670990625
0.852 ,11.769 ,-0.46,23.567024999999997,87.29887 ,38.77402381896973,85.76437814991365 ,7595.0,10:33:10 AM,1572670990625
-3.029 ,11.872 ,-1.006,23.567024999999997,87.29887 ,38.77402381896973,85.76437814991365 ,7595.0,10:33:10 AM,1572670990629
-4.87 ,14.074 ,-2.142,23.567024999999997,87.29887 ,38.77402381896973,85.76437814991365 ,7595.0,10:33:10 AM,1572670990629
-3.798 ,15.427 ,5.811,23.567024999999997,87.29887 ,38.77402381896973,85.76437814991365 ,7595.0,10:33:10 AM,1572670990635
-4.481 ,13.272 ,4.533,23.567024999999997,87.29887 ,38.77402381896973,85.76437814991365 ,7595.0,10:33:10 AM,1572670990636
-0.338 ,9.316 ,4.139,23.567024999999997,87.29887 ,38.77402381896973,85.76437814991365 ,7595.0,10:33:10 AM,1572670990640
0.625 ,4.675 ,0.279,23.567024999999997,87.29887 ,38.77402381896973,85.76437814991365 ,7595.0,10:33:10 AM,1572670990641
3.165 ,4.851 ,5.455,23.567024999999997,87.29887 ,38.77402381896973,85.76437814991365 ,7595.0,10:33:10 AM,1572670990645
2.066 ,7.022 ,11.556,23.567024999999997,87.29887 ,38.77402381896973,85.76437814991365 ,7595.0,10:33:10 AM,1572670990645
1.208 ,7.497 ,13.964,23.567024999999997,87.29887 ,38.77402381896973,85.76437814991365 ,7595.0,10:33:10 AM,1572670990650
-0.325 ,4.231 ,16.648,23.567024999999997,87.29887 ,38.77402381896973,85.76437814991365 ,7595.0,10:33:10 AM,1572670990650
-3.356 ,2.231 ,11.496,23.567024999999997,87.29887 ,38.77402381896973,85.76437814991365 ,7595.0,10:33:10 AM,1572670990658
-2.688 ,3.555 ,15.067,23.567024999999997,87.29887 ,38.77402381896973,85.76437814991365 ,7595.0,10:33:10 AM,1572670990659
-4.308 ,3.912 ,20.75,23.567024999999997,87.29887 ,38.77402381896973,85.76437814991365 ,7595.0,10:33:10 AM,1572670990659
-2.544 ,3.381 ,21.151,23.567024999999997,87.29887 ,38.77402381896973,85.76437814991365 ,7595.0,10:33:10 AM,1572670990660
-0.464 ,2.079 ,18.014,23.567024999999997,87.29887 ,38.77402381896973,85.76437814991365 ,7595.0,10:33:10 AM,1572670990666
0.263 ,3.219 ,6.716,23.567024999999997,87.29887 ,38.77402381896973,85.76437814991365 ,7595.0,10:33:10 AM,1572670990667
2.369 ,6.439 ,4.235,23.567024999999997,87.29887 ,38.77402381896973,85.76437814991365 ,7595.0,10:33:10 AM,1572670990669
0.926 ,7.063 ,2.297,23.567024999999997,87.29887 ,38.77402381896973,85.76437814991365 ,7595.0,10:33:10 AM,1572670990670
1.333 ,9.83 ,-0.452,23.567024999999997,87.29887 ,38.77402381896973,85.76437814991365 ,7595.0,10:33:10 AM,1572670990675
-2.896 ,12.921 ,-4.271,23.567024999999997,87.29887 ,38.77402381896973,85.76437814991365 ,7595.0,10:33:10 AM,1572670990675
-2.62 ,14.903 ,-5.681,23.567024999999997,87.29887 ,38.77402381896973,85.76437814991365 ,7595.0,10:33:10 AM,1572670990679
-3.522 ,14.801 ,-6.034,23.567024999999997,87.29887 ,38.77402381896973,85.76437814991365 ,7595.0,10:33:10 AM,1572670990679
-4.57 ,12.744 ,-5.931,23.567024999999997,87.29887 ,38.77402381896973,85.76437814991365 ,7595.0,10:33:10 AM,1572670990684
-1.721 ,10.622 ,-3.218,23.567024999999997,87.29887 ,38.77402381896973,85.76437814991365 ,7595.0,10:33:10 AM,1572670990684
-0.619 ,9.829 ,-2.009,23.567024999999997,87.29887 ,38.77402381896973,85.76437814991365 ,7595.0,10:33:10 AM,1572670990691
2.733 ,10.947 ,-1.849,23.567024999999997,87.29887 ,38.77402381896973,85.76437814991365 ,7595.0,10:33:10 AM,1572670990691
3.777 ,11.19 ,2.62,23.567024999999997,87.29887 ,38.77402381896973,85.76437814991365 ,7595.0,10:33:10 AM,1572670990695
3.802 ,10.759 ,2.936,23.567024999999997,87.29887 ,38.77402381896973,85.76437814991365 ,7595.0,10:33:10 AM,1572670990695
5.223 ,11.757 ,6.764,23.567024999999997,87.29887 ,38.77402381896973,85.76437814991365 ,7595.0,10:33:10 AM,1572670990699
0.583 ,12.167 ,1.9,23.567024999999997,87.29887 ,38.77402381896973,85.76437814991365 ,7595.0,10:33:10 AM,1572670990699
2.32 ,11.071 ,5.766,23.567024999999997,87.29887 ,38.77402381896973,85.76437814991365 ,7595.0,10:33:10 AM,1572670990706
-2.252 ,6.62 ,7.494,23.567024999999997,87.29887 ,38.77402381896973,85.76437814991365 ,7595.0,10:33:10 AM,1572670990707
-3.333 ,4.215 ,9.071,23.567024999999997,87.29887 ,38.77402381896973,85.76437814991365 ,7595.0,10:33:10 AM,1572670990710
-2.22 ,4.647 ,14.717,23.567024999999997,87.29887 ,38.77402381896973,85.76437814991365 ,7595.0,10:33:10 AM,1572670990710
-3.278 ,3.785 ,16.256,23.567024999999997,87.29887 ,38.77402381896973,85.76437814991365 ,7595.0,10:33:10 AM,1572670990714
-1.816 ,3.493 ,16.92,23.567024999999997,87.29887 ,38.77402381896973,86.41999538539893 ,7595.0,10:33:10 AM,1572670990714
-3.277 ,1.608 ,14.892,23.567024999999997,87.29887 ,38.77402381896973,86.41999538539893 ,7595.0,10:33:10 AM,1572670990719
-2.457 ,1.355 ,15.332,23.567024999999997,87.29887 ,38.77402381896973,86.41999538539893 ,7595.0,10:33:10 AM,1572670990720
-3.447 ,4.957 ,15.534,23.567024999999997,87.29887 ,38.77402381896973,86.41999538539893 ,7595.0,10:33:10 AM,1572670990724
-4.746 ,8.442 ,9.179,23.567024999999997,87.29887 ,38.77402381896973,86.41999538539893 ,7595.0,10:33:10 AM,1572670990725
-2.906 ,9.963 ,9.986,23.567024999999997,87.29887 ,38.77402381896973,86.41999538539893 ,7595.0,10:33:10 AM,1572670990729
-3.641 ,8.227 ,3.756,23.567024999999997,87.29887 ,38.77402381896973,86.41999538539893 ,7595.0,10:33:10 AM,1572670990729
0.458 ,7.773 ,1.054,23.567024999999997,87.29887 ,38.77402381896973,86.41999538539893 ,7595.0,10:33:10 AM,1572670990734
1.113 ,7.901 ,0.664,23.567024999999997,87.29887 ,38.77402381896973,86.41999538539893 ,7595.0,10:33:10 AM,1572670990734
3.707 ,9.411 ,0.123,23.567024999999997,87.29887 ,38.77402381896973,86.41999538539893 ,7595.0,10:33:10 AM,1572670990740
3.595 ,9.555 ,0.25,23.567024999999997,87.29887 ,38.77402381896973,86.41999538539893 ,7595.0,10:33:10 AM,1572670990740
1.173 ,8.605 ,-2.584,23.567024999999997,87.29887 ,38.77402381896973,86.41999538539893 ,7595.0,10:33:10 AM,1572670990744
0.851 ,8.537 ,0.619,23.567024999999997,87.29887 ,38.77402381896973,86.41999538539893 ,7595.0,10:33:10 AM,1572670990744
-4.374 ,10.952 ,-0.434,23.567024999999997,87.29887 ,38.77402381896973,86.41999538539893 ,7595.0,10:33:10 AM,1572670990749
-3.133 ,15.998 ,3.747,23.567024999999997,87.29887 ,38.77402381896973,86.41999538539893 ,7595.0,10:33:10 AM,1572670990749
-4.681 ,16.24 ,7.521,23.567024999999997,87.29887 ,38.77402381896973,86.41999538539893 ,7595.0,10:33:10 AM,1572670990757
-4.795 ,10.883 ,2.985,23.567024999999997,87.29887 ,38.77402381896973,86.41999538539893 ,7595.0,10:33:10 AM,1572670990757
0.184 ,4.586 ,1.23,23.567024999999997,87.29887 ,38.77402381896973,86.41999538539893 ,7595.0,10:33:10 AM,1572670990759
-0.166 ,2.072 ,-0.901,23.567024999999997,87.29887 ,38.77402381896973,86.41999538539893 ,7595.0,10:33:10 AM,1572670990759
5.158 ,6.287 ,12.197,23.567024999999997,87.29887 ,38.77402381896973,86.41999538539893 ,7595.0,10:33:10 AM,1572670990765
2.096 ,8.935 ,16.514,23.567024999999997,87.29887 ,38.77402381896973,86.41999538539893 ,7595.0,10:33:10 AM,1572670990765
3.075 ,6.896 ,18.657,23.567024999999997,87.29887 ,38.77402381896973,86.41999538539893 ,7595.0,10:33:10 AM,1572670990769
0.832 ,1.741 ,14.773,23.567024999999997,87.29887 ,38.77402381896973,86.41999538539893 ,7595.0,10:33:10 AM,1572670990770
-3.938 ,-0.429 ,8.151,23.567024999999997,87.29887 ,38.77402381896973,86.41999538539893 ,7595.0,10:33:10 AM,1572670990775
-4.444 ,3.167 ,12.968,23.567024999999997,87.29887 ,38.77402381896973,86.41999538539893 ,7595.0,10:33:10 AM,1572670990775
