x,y,z,latitude,longitude,speed,sound,light,time,timestamp
-1.967 ,9.34 ,5.098,23.573466666666665,87.30269333333332 ,0.0,82.04720885425834 ,5766.0,10:30:47 AM,1572670847721
-0.761 ,9.81 ,6.515,23.573466666666665,87.30269333333332 ,0.0,82.04720885425834 ,5766.0,10:30:47 AM,1572670847726
0.449 ,7.611 ,6.699,23.573466666666665,87.30269333333332 ,0.0,82.04720885425834 ,5766.0,10:30:47 AM,1572670847728
0.743 ,5.166 ,5.311,23.573466666666665,87.30269333333332 ,0.0,82.04720885425834 ,5766.0,10:30:47 AM,1572670847732
1.999 ,5.17 ,3.463,23.573466666666665,87.30269333333332 ,0.0,82.04720885425834 ,5766.0,10:30:47 AM,1572670847732
1.714 ,6.284 ,3.882,23.573466666666665,87.30269333333332 ,0.0,82.04720885425834 ,5766.0,10:30:47 AM,1572670847736
-0.477 ,8.779 ,6.225,23.573466666666665,87.30269333333332 ,0.0,82.04720885425834 ,5766.0,10:30:47 AM,1572670847736
-1.22 ,11.769 ,11.258,23.573466666666665,87.30269333333332 ,0.0,82.04720885425834 ,5766.0,10:30:47 AM,1572670847742
-1.494 ,11.113 ,12.918,23.573466666666665,87.30269333333332 ,0.0,82.04720885425834 ,5766.0,10:30:47 AM,1572670847743
-0.953 ,7.02 ,6.816,23.573466666666665,87.30269333333332 ,0.0,82.04720885425834 ,5766.0,10:30:47 AM,1572670847748
0.03 ,4.177 ,1.585,23.573466666666665,87.30269333333332 ,0.0,82.04720885425834 ,5766.0,10:30:47 AM,1572670847749
0.218 ,4.842 ,2.256,23.573466666666665,87.30269333333332 ,0.0,82.04720885425834 ,5766.0,10:30:47 AM,1572670847751
-0.278 ,7.179 ,5.173,23.573466666666665,87.30269333333332 ,0.0,82.04720885425834 ,5766.0,10:30:47 AM,1572670847751
-1.225 ,8.154 ,9.461,23.573466666666665,87.30269333333332 ,0.0,82.04720885425834 ,5766.0,10:30:47 AM,1572670847758
-2.865 ,8.298 ,7.731,23.573466666666665,87.30269333333332 ,0.0,82.04720885425834 ,5766.0,10:30:47 AM,1572670847758
-2.227 ,8.192 ,6.737,23.573466666666665,87.30269333333332 ,0.0,82.04720885425834 ,5766.0,10:30:47 AM,1572670847760
-0.752 ,7.295 ,8.278,23.573466666666665,87.30269333333332 ,0.0,82.04720885425834 ,5766.0,10:30:47 AM,1572670847761
-0.247 ,5.591 ,7.835,23.573466666666665,87.30269333333332 ,0.0,82.04720885425834 ,5766.0,10:30:47 AM,1572670847766
0.905 ,5.478 ,5.821,23.573466666666665,87.30269333333332 ,0.0,82.04720885425834 ,5766.0,10:30:47 AM,1572670847767
1.367 ,6.428 ,3.321,23.573466666666665,87.30269333333332 ,0.0,82.04720885425834 ,5766.0,10:30:47 AM,1572670847770
1.327 ,7.327 ,5.034,23.573466666666665,87.30269333333332 ,0.0,82.04720885425834 ,5766.0,10:30:47 AM,1572670847771
0.79 ,8.588 ,9.123,23.573466666666665,87.30269333333332 ,0.0,82.04720885425834 ,5766.0,10:30:47 AM,1572670847775
0.094 ,9.853 ,11.325,23.573466666666665,87.30269333333332 ,0.0,82.04720885425834 ,5766.0,10:30:47 AM,1572670847776
0.673 ,9.341 ,9.114,23.573466666666665,87.30269333333332 ,0.0,82.04720885425834 ,5766.0,10:30:47 AM,1572670847781
1.136 ,5.513 ,5.234,23.573466666666665,87.30269333333332 ,0.0,82.04720885425834 ,5766.0,10:30:47 AM,1572670847782
0.391 ,3.281 ,3.764,23.573466666666665,87.30269333333332 ,0.0,82.04720885425834 ,5766.0,10:30:47 AM,1572670847786
-0.684 ,5.862 ,4.802,23.573466666666665,87.30269333333332 ,0.0,82.04720885425834 ,5766.0,10:30:47 AM,1572670847786
-1.272 ,9.086 ,7.228,23.573466666666665,87.30269333333332 ,0.0,82.04720885425834 ,5766.0,10:30:47 AM,1572670847790
-2.063 ,8.633 ,8.296,23.573466666666665,87.30269333333332 ,0.0,82.04720885425834 ,5766.0,10:30:47 AM,1572670847790
-1.842 ,6.416 ,7.87,23.573466666666665,87.30269333333332 ,0.0,82.04720885425834 ,5760.0,10:30:47 AM,1572670847799
-1.506 ,5.972 ,7.411,23.573466666666665,87.30269333333332 ,0.0,82.04720885425834 ,5760.0,10:30:47 AM,1572670847800
-0.574 ,7.863 ,8.053,23.573466666666665,87.30269333333332 ,0.0,82.04720885425834 ,5760.0,10:30:47 AM,1572670847801
0.547 ,7.574 ,10.102,23.573466666666665,87.30269333333332 ,0.0,82.04720885425834 ,5760.0,10:30:47 AM,1572670847802
0.274 ,5.254 ,8.619,23.573466666666665,87.30269333333332 ,0.0,82.04720885425834 ,5760.0,10:30:47 AM,1572670847807
0.515 ,5.009 ,6.41,23.573466666666665,87.30269333333332 ,0.0,82.04720885425834 ,5760.0,10:30:47 AM,1572670847807
1.201 ,7.225 ,5.353,23.573466666666665,87.30269333333332 ,0.0,82.04720885425834 ,5760.0,10:30:47 AM,1572670847814
1.926 ,9.404 ,7.375,23.573466666666665,87.30269333333332 ,0.0,82.04720885425834 ,5760.0,10:30:47 AM,1572670847815
1.993 ,9.186 ,9.411,23.573466666666665,87.30269333333332 ,0.0,82.04720885425834 ,5760.0,10:30:47 AM,1572670847815
1.105 ,8.233 ,6.985,23.573466666666665,87.30269333333332 ,0.0,82.04720885425834 ,5760.0,10:30:47 AM,1572670847816
0.531 ,8.292 ,5.556,23.573466666666665,87.30269333333332 ,0.0,82.04720885425834 ,5760.0,10:30:47 AM,1572670847820
0.057 ,7.638 ,7.569,23.573466666666665,87.30269333333332 ,0.0,82.04720885425834 ,5760.0,10:30:47 AM,1572670847820
-1.426 ,7.097 ,8.977,23.573466666666665,87.30269333333332 ,0.0,82.04720885425834 ,5760.0,10:30:47 AM,1572670847826
-1.961 ,8.644 ,8.707,23.573466666666665,87.30269333333332 ,0.0,82.04720885425834 ,5760.0,10:30:47 AM,1572670847826
-1.01 ,9.407 ,6.559,23.573466666666665,87.30269333333332 ,0.0,82.04720885425834 ,5760.0,10:30:47 AM,1572670847831
0.283 ,6.788 ,3.51,23.573466666666665,87.30269333333332 ,0.0,82.04720885425834 ,5760.0,10:30:47 AM,1572670847831
0.872 ,3.547 ,1.665,23.573466666666665,87.30269333333332 ,0.0,82.04720885425834 ,5760.0,10:30:47 AM,1572670847835
0.929 ,4.576 ,3.464,23.573466666666665,87.30269333333332 ,0.0,82.04720885425834 ,5760.0,10:30:47 AM,1572670847835
0.091 ,10.014 ,6.464,23.573466666666665,87.30269333333332 ,0.0,82.04720885425834 ,5760.0,10:30:47 AM,1572670847840
0.25 ,12.3 ,11.616,23.573466666666665,87.30269333333332 ,0.0,82.04720885425834 ,5760.0,10:30:47 AM,1572670847841
-0.713 ,8.771 ,11.83,23.573466666666665,87.30269333333332 ,0.0,82.04720885425834 ,5760.0,10:30:47 AM,1572670847846
-0.884 ,4.169 ,7.471,23.573466666666665,87.30269333333332 ,0.0,82.04720885425834 ,5760.0,10:30:47 AM,1572670847846
0.597 ,3.514 ,3.914,23.573466666666665,87.30269333333332 ,0.0,82.04720885425834 ,5760.0,10:30:47 AM,1572670847850
1.483 ,6.492 ,3.2,23.573466666666665,87.30269333333332 ,0.0,82.04720885425834 ,5760.0,10:30:47 AM,1572670847851
1.925 ,8.571 ,8.735,23.573466666666665,87.30269333333332 ,0.0,82.04720885425834 ,5760.0,10:30:47 AM,1572670847855
0.255 ,8.208 ,10.436,23.573466666666665,87.30269333333332 ,0.0,82.04720885425834 ,5760.0,10:30:47 AM,1572670847855
-1.272 ,7.325 ,9.011,23.573466666666665,87.30269333333332 ,0.0,82.04720885425834 ,5760.0,10:30:47 AM,1572670847862
-1.967 ,6.583 ,8.077,23.573466666666665,87.30269333333332 ,0.0,82.04720885425834 ,5760.0,10:30:47 AM,1572670847863
-1.769 ,5.468 ,9.134,23.573466666666665,87.30269333333332 ,0.0,82.04720885425834 ,5760.0,10:30:47 AM,1572670847865
-1.533 ,4.874 ,9.336,23.573466666666665,87.30269333333332 ,0.0,82.04720885425834 ,5760.0,10:30:47 AM,1572670847866
-0.175 ,6.592 ,6.867,23.573466666666665,87.30269333333332 ,0.0,82.04720885425834 ,5760.0,10:30:47 AM,1572670847870
1.562 ,9.076 ,4.213,23.573466666666665,87.30269333333332 ,0.0,82.04720885425834 ,5760.0,10:30:47 AM,1572670847870
2.1 ,9.465 ,1.678,23.573466666666665,87.30269333333332 ,0.0,82.04720885425834 ,5760.0,10:30:47 AM,1572670847875
2.229 ,7.769 ,3.665,23.573466666666665,87.30269333333332 ,0.0,82.04720885425834 ,5760.0,10:30:47 AM,1572670847875
1.554 ,7.685 ,5.674,23.573466666666665,87.30269333333332 ,0.0,82.04720885425834 ,5760.0,10:30:47 AM,1572670847881
0.585 ,10.686 ,6.681,23.573466666666665,87.30269333333332 ,0.0,82.04720885425834 ,5760.0,10:30:47 AM,1572670847882
0.424 ,11.915 ,8.881,23.573466666666665,87.30269333333332 ,0.0,82.04720885425834 ,5760.0,10:30:47 AM,1572670847885
-0.788 ,9.081 ,8.732,23.573466666666665,87.30269333333332 ,0.0,82.04720885425834 ,5760.0,10:30:47 AM,1572670847886
-1.086 ,4.054 ,8.446,23.573466666666665,87.30269333333332 ,0.0,82.04720885425834 ,5760.0,10:30:47 AM,1572670847890
-0.978 ,2.932 ,5.283,23.573466666666665,87.30269333333332 ,0.0,82.04720885425834 ,5760.0,10:30:47 AM,1572670847890
0.128 ,6.134 ,4.661,23.573466666666665,87.30269333333332 ,0.0,82.04720885425834 ,5760.0,10:30:47 AM,1572670847897
0.212 ,9.358 ,7.323,23.573466666666665,87.30269333333332 ,0.0,82.04720885425834 ,5760.0,10:30:47 AM,1572670847898
-0.162 ,9.268 ,10.444,23.573466666666665,87.30269333333332 ,0.0,82.04720885425834 ,5760.0,10:30:47 AM,1572670847900
-0.065 ,6.895 ,10.545,23.573466666666665,87.30269333333332 ,0.0,82.04720885425834 ,5760.0,10:30:47 AM,1572670847901
-0.826 ,5.498 ,6.17,23.573466666666665,87.30269333333332 ,0.0,82.04720885425834 ,5760.0,10:30:47 AM,1572670847905
-0.733 ,6.888 ,5.083,23.573466666666665,87.30269333333332 ,0.0,82.04720885425834 ,5760.0,10:30:47 AM,1572670847905
-0.345 ,8.08 ,8.85,23.573466666666665,87.30269333333332 ,0.0,82.04720885425834 ,5760.0,10:30:47 AM,1572670847912
-0.21 ,7.98 ,10.696,23.573466666666665,87.30269333333332 ,0.0,82.04720885425834 ,5760.0,10:30:47 AM,1572670847913
1.145 ,7.885 ,7.75,23.573466666666665,87.30269333333332 ,0.0,82.04720885425834 ,5760.0,10:30:47 AM,1572670847914
2.164 ,7.838 ,2.9,23.573466666666665,87.30269333333332 ,0.0,82.04720885425834 ,5760.0,10:30:47 AM,1572670847915
1.763 ,8.184 ,-0.508,23.573466666666665,87.30269333333332 ,0.0,82.04720885425834 ,5760.0,10:30:47 AM,1572670847921
1.561 ,7.794 ,3.467,23.573466666666665,87.30269333333332 ,0.0,82.04720885425834 ,5760.0,10:30:47 AM,1572670847922
0.191 ,6.94 ,6.667,23.573466666666665,87.30269333333332 ,0.0,82.04720885425834 ,5760.0,10:30:47 AM,1572670847925
-1.117 ,7.614 ,6.699,23.573466666666665,87.30269333333332 ,0.0,82.04720885425834 ,5760.0,10:30:47 AM,1572670847925
-0.917 ,9.057 ,7.223,23.573466666666665,87.30269333333332 ,0.0,82.04720885425834 ,5760.0,10:30:47 AM,1572670847930
-1.241 ,9.968 ,8.369,23.573466666666665,87.30269333333332 ,0.0,82.04720885425834 ,5760.0,10:30:47 AM,1572670847931
-0.369 ,8.77 ,10.754,23.573466666666665,87.30269333333332 ,0.0,82.04720885425834 ,5760.0,10:30:47 AM,1572670847935
0.409 ,5.784 ,7.56,23.573466666666665,87.30269333333332 ,0.0,82.04720885425834 ,5760.0,10:30:47 AM,1572670847935
1.314 ,3.928 ,1.841,23.573466666666665,87.30269333333332 ,0.0,82.04720885425834 ,5760.0,10:30:47 AM,1572670847941
2.027 ,5.221 ,0.634,23.573466666666665,87.30269333333332 ,0.0,82.04720885425834 ,5760.0,10:30:47 AM,1572670847941
0.801 ,8.048 ,5.175,23.573466666666665,87.30269333333332 ,0.0,82.04720885425834 ,5760.0,10:30:47 AM,1572670847945
-0.871 ,9.719 ,10.863,23.573466666666665,87.30269333333332 ,0.0,82.04720885425834 ,5760.0,10:30:47 AM,1572670847945
-1.927 ,7.931 ,12.242,23.573466666666665,87.30269333333332 ,0.0,82.04720885425834 ,5760.0,10:30:47 AM,1572670847950
-3.06 ,4.781 ,7.166,23.573466666666665,87.30269333333332 ,0.0,82.04720885425834 ,5760.0,10:30:47 AM,1572670847951
-1.799 ,4.243 ,6.316,23.573466666666665,87.30269333333332 ,0.0,82.04720885425834 ,5760.0,10:30:47 AM,1572670847956
-1.23 ,6.532 ,8.665,23.573466666666665,87.30269333333332 ,0.0,82.04720885425834 ,5760.0,10:30:47 AM,1572670847957
-0.047 ,8.759 ,10.812,23.573466666666665,87.30269333333332 ,0.0,82.04720885425834 ,5760.0,10:30:47 AM,1572670847960
1.412 ,7.808 ,8.288,23.573466666666665,87.30269333333332 ,0.0,82.04720885425834 ,5760.0,10:30:47 AM,1572670847960
1.707 ,5.633 ,1.719,23.573466666666665,87.30269333333332 ,0.0,82.04720885425834 ,5760.0,10:30:47 AM,1572670847965
1.775 ,5.852 ,0.088,23.573466666666665,87.30269333333332 ,0.0,82.04720885425834 ,5760.0,10:30:47 AM,1572670847966
0.716 ,8.19 ,4.311,23.573466666666665,87.30269333333332 ,0.0,82.04720885425834 ,5760.0,10:30:47 AM,1572670847970
