x,y,z,latitude,longitude,speed,sound,light,time,timestamp
3.689 ,5.525 ,10.506,23.555794999999996,87.29877 ,36.27062072753906,87.81085988579375 ,4076.0,10:35:16 AM,1572671116893
3.221 ,8.115 ,7.165,23.555794999999996,87.29877 ,36.27062072753906,87.81085988579375 ,4076.0,10:35:16 AM,1572671116897
-0.559 ,8.652 ,4.809,23.555794999999996,87.29877 ,36.27062072753906,87.81085988579375 ,4076.0,10:35:16 AM,1572671116898
-3.573 ,7.015 ,-0.783,23.555794999999996,87.29877 ,36.27062072753906,87.81085988579375 ,4076.0,10:35:16 AM,1572671116902
-4.726 ,5.745 ,-0.934,23.555794999999996,87.29877 ,36.27062072753906,87.81085988579375 ,4076.0,10:35:16 AM,1572671116902
-6.097 ,7.259 ,-0.524,23.555794999999996,87.29877 ,36.27062072753906,87.81085988579375 ,4076.0,10:35:16 AM,1572671116909
-6.161 ,10.519 ,1.661,23.555794999999996,87.29877 ,36.27062072753906,87.81085988579375 ,4076.0,10:35:16 AM,1572671116910
-4.724 ,13.871 ,7.074,23.555794999999996,87.29877 ,36.27062072753906,87.81085988579375 ,4076.0,10:35:16 AM,1572671116912
-3.169 ,10.811 ,7.909,23.555794999999996,87.29877 ,36.27062072753906,87.81085988579375 ,4076.0,10:35:16 AM,1572671116912
0.1 ,7.716 ,1.599,23.555794999999996,87.29877 ,36.27062072753906,87.81085988579375 ,4076.0,10:35:16 AM,1572671116917
4.659 ,5.342 ,-2.125,23.555794999999996,87.29877 ,36.27062072753906,87.81085988579375 ,4076.0,10:35:16 AM,1572671116917
6.102 ,3.608 ,-4.025,23.555794999999996,87.29877 ,36.27062072753906,87.81085988579375 ,4076.0,10:35:16 AM,1572671116921
6.535 ,7.38 ,-5.479,23.555794999999996,87.29877 ,36.27062072753906,87.81085988579375 ,4076.0,10:35:16 AM,1572671116922
5.623 ,11.9 ,4.962,23.555794999999996,87.29877 ,36.27062072753906,87.81085988579375 ,4076.0,10:35:16 AM,1572671116927
1.288 ,12.348 ,2.578,23.555794999999996,87.29877 ,36.27062072753906,87.81085988579375 ,4076.0,10:35:16 AM,1572671116928
1.083 ,9.462 ,-3.206,23.555794999999996,87.29877 ,36.27062072753906,87.81085988579375 ,4076.0,10:35:16 AM,1572671116931
-3.652 ,3.958 ,-13.879,23.555794999999996,87.29877 ,36.27062072753906,87.81085988579375 ,4076.0,10:35:16 AM,1572671116932
-2.637 ,5.393 ,-8.371,23.555794999999996,87.29877 ,36.27062072753906,87.81085988579375 ,4076.0,10:35:16 AM,1572671116936
-3.02 ,11.306 ,4.381,23.555794999999996,87.29877 ,36.27062072753906,87.81085988579375 ,4076.0,10:35:16 AM,1572671116937
-4.969 ,14.05 ,17.883,23.555794999999996,87.29877 ,36.27062072753906,87.81085988579375 ,4076.0,10:35:16 AM,1572671116943
-3.091 ,10.98 ,18.47,23.555794999999996,87.29877 ,36.27062072753906,87.81085988579375 ,4076.0,10:35:16 AM,1572671116943
-1.463 ,2.601 ,11.404,23.555794999999996,87.29877 ,36.27062072753906,87.81085988579375 ,4076.0,10:35:16 AM,1572671116948
-0.635 ,-0.357 ,5.618,23.555794999999996,87.29877 ,36.27062072753906,87.81085988579375 ,4076.0,10:35:16 AM,1572671116948
3.57 ,3.451 ,9.105,23.555794999999996,87.29877 ,36.27062072753906,87.81085988579375 ,4076.0,10:35:16 AM,1572671116952
4.124 ,8.15 ,15.168,23.555794999999996,87.29877 ,36.27062072753906,87.81085988579375 ,4076.0,10:35:16 AM,1572671116952
2.627 ,9.083 ,14.036,23.555794999999996,87.29877 ,36.27062072753906,86.87553816803018 ,4076.0,10:35:16 AM,1572671116959
3.129 ,3.384 ,14.486,23.555794999999996,87.29877 ,36.27062072753906,86.87553816803018 ,4076.0,10:35:16 AM,1572671116960
1.392 ,-1.75 ,14.242,23.555794999999996,87.29877 ,36.27062072753906,86.87553816803018 ,4076.0,10:35:16 AM,1572671116962
-2.292 ,-1.338 ,15.326,23.555794999999996,87.29877 ,36.27062072753906,86.87553816803018 ,4076.0,10:35:16 AM,1572671116962
-5.172 ,4.12 ,20.971,23.555794999999996,87.29877 ,36.27062072753906,86.87553816803018 ,4076.0,10:35:16 AM,1572671116967
-6.697 ,6.601 ,32.478,23.555794999999996,87.29877 ,36.27062072753906,86.87553816803018 ,4076.0,10:35:16 AM,1572671116967
-8.681 ,3.605 ,25.933,23.555794999999996,87.29877 ,36.27062072753906,86.87553816803018 ,4076.0,10:35:16 AM,1572671116972
-5.75 ,2.019 ,10.469,23.555794999999996,87.29877 ,36.27062072753906,86.87553816803018 ,4076.0,10:35:16 AM,1572671116973
-0.498 ,3.627 ,2.147,23.555794999999996,87.29877 ,36.27062072753906,86.87553816803018 ,4076.0,10:35:16 AM,1572671116977
2.362 ,6.472 ,-5.164,23.555794999999996,87.29877 ,36.27062072753906,86.87553816803018 ,4076.0,10:35:16 AM,1572671116977
4.168 ,10.747 ,-12.369,23.555794999999996,87.29877 ,36.27062072753906,86.87553816803018 ,4076.0,10:35:16 AM,1572671116982
2.886 ,10.971 ,-9.667,23.555794999999996,87.29877 ,36.27062072753906,86.87553816803018 ,4076.0,10:35:16 AM,1572671116982
-0.731 ,11.649 ,-10.606,23.555794999999996,87.29877 ,36.27062072753906,86.87553816803018 ,4076.0,10:35:16 AM,1572671116987
-2.409 ,12.707 ,-9.449,23.555794999999996,87.29877 ,36.27062072753906,86.87553816803018 ,4076.0,10:35:16 AM,1572671116987
-6.575 ,11.781 ,-8.386,23.555794999999996,87.29877 ,36.27062072753906,86.87553816803018 ,4076.0,10:35:16 AM,1572671116993
-6.43 ,11.142 ,-6.989,23.555794999999996,87.29877 ,36.27062072753906,86.87553816803018 ,4076.0,10:35:16 AM,1572671116994
-3.762 ,10.642 ,0.632,23.555794999999996,87.29877 ,36.27062072753906,86.87553816803018 ,4562.0,10:35:16 AM,1572671116997
-3.846 ,11.678 ,7.275,23.555794999999996,87.29877 ,36.27062072753906,86.87553816803018 ,4562.0,10:35:16 AM,1572671116998
1.209 ,14.111 ,14.679,23.555794999999996,87.29877 ,36.27062072753906,86.87553816803018 ,4562.0,10:35:17 AM,1572671117002
4.494 ,12.984 ,14.582,23.555794999999996,87.29877 ,36.27062072753906,86.87553816803018 ,4562.0,10:35:17 AM,1572671117002
5.226 ,8.5 ,6.288,23.555794999999996,87.29877 ,36.27062072753906,86.87553816803018 ,4562.0,10:35:17 AM,1572671117009
7.667 ,4.845 ,-2.287,23.555794999999996,87.29877 ,36.27062072753906,86.87553816803018 ,4562.0,10:35:17 AM,1572671117009
4.215 ,5.09 ,0.021,23.555794999999996,87.29877 ,36.27062072753906,86.87553816803018 ,4562.0,10:35:17 AM,1572671117011
2.311 ,9.681 ,7.204,23.555794999999996,87.29877 ,36.27062072753906,86.87553816803018 ,4562.0,10:35:17 AM,1572671117012
-0.978 ,12.899 ,11.216,23.555794999999996,87.29877 ,36.27062072753906,86.87553816803018 ,4562.0,10:35:17 AM,1572671117017
-1.724 ,9.348 ,15.557,23.555794999999996,87.29877 ,36.27062072753906,86.87553816803018 ,4562.0,10:35:17 AM,1572671117018
-5.026 ,5.089 ,13.11,23.555794999999996,87.29877 ,36.27062072753906,86.87553816803018 ,4562.0,10:35:17 AM,1572671117021
-4.711 ,3.893 ,17.885,23.555794999999996,87.29877 ,36.27062072753906,86.87553816803018 ,4562.0,10:35:17 AM,1572671117022
-5.48 ,4.983 ,27.655,23.555794999999996,87.29877 ,36.27062072753906,86.87553816803018 ,4562.0,10:35:17 AM,1572671117027
-6.345 ,3.654 ,26.284,23.555794999999996,87.29877 ,36.27062072753906,86.87553816803018 ,4562.0,10:35:17 AM,1572671117027
-3.674 ,1.238 ,17.638,23.555794999999996,87.29877 ,36.27062072753906,86.87553816803018 ,4562.0,10:35:17 AM,1572671117032
-1.348 ,0.508 ,11.453,23.555794999999996,87.29877 ,36.27062072753906,86.87553816803018 ,4562.0,10:35:17 AM,1572671117033
-1.868 ,6.349 ,2.132,23.555794999999996,87.29877 ,36.27062072753906,86.87553816803018 ,4562.0,10:35:17 AM,1572671117037
0.298 ,13.533 ,2.76,23.555794999999996,87.29877 ,36.27062072753906,86.87553816803018 ,4562.0,10:35:17 AM,1572671117037
-2.505 ,14.697 ,-0.259,23.555794999999996,87.29877 ,36.27062072753906,86.87553816803018 ,4562.0,10:35:17 AM,1572671117044
-1.06 ,11.266 ,-6.185,23.555794999999996,87.29877 ,36.27062072753906,86.87553816803018 ,4562.0,10:35:17 AM,1572671117044
-0.82 ,9.781 ,-12.557,23.555794999999996,87.29877 ,36.27062072753906,86.87553816803018 ,4562.0,10:35:17 AM,1572671117048
-0.704 ,10.88 ,-11.983,23.555794999999996,87.29877 ,36.27062072753906,86.87553816803018 ,4562.0,10:35:17 AM,1572671117048
0.942 ,14.49 ,-5.237,23.555794999999996,87.29877 ,36.27062072753906,86.87553816803018 ,4562.0,10:35:17 AM,1572671117053
-0.733 ,14.19 ,5.562,23.555794999999996,87.29877 ,36.27062072753906,86.87553816803018 ,4562.0,10:35:17 AM,1572671117053
-1.996 ,11.721 ,10.392,23.555794999999996,87.29877 ,36.27062072753906,86.87553816803018 ,4562.0,10:35:17 AM,1572671117060
-0.842 ,7.021 ,11.369,23.555794999999996,87.29877 ,36.27062072753906,86.87553816803018 ,4562.0,10:35:17 AM,1572671117060
0.25 ,4.686 ,13.308,23.555794999999996,87.29877 ,36.27062072753906,86.87553816803018 ,4562.0,10:35:17 AM,1572671117061
3.474 ,4.919 ,14.483,23.555794999999996,87.29877 ,36.27062072753906,86.87553816803018 ,4562.0,10:35:17 AM,1572671117062
4.507 ,4.92 ,11.421,23.555794999999996,87.29877 ,36.27062072753906,86.87553816803018 ,4562.0,10:35:17 AM,1572671117067
4.001 ,3.128 ,9.843,23.555794999999996,87.29877 ,36.27062072753906,86.87553816803018 ,4562.0,10:35:17 AM,1572671117068
3.914 ,2.039 ,11.285,23.555794999999996,87.29877 ,36.27062072753906,86.87553816803018 ,4562.0,10:35:17 AM,1572671117071
-0.636 ,0.563 ,3.415,23.555794999999996,87.29877 ,36.27062072753906,86.87553816803018 ,4562.0,10:35:17 AM,1572671117072
-1.806 ,-0.375 ,9.075,23.555794999999996,87.29877 ,36.27062072753906,86.87553816803018 ,4562.0,10:35:17 AM,1572671117077
-4.358 ,0.611 ,12.633,23.555794999999996,87.29877 ,36.27062072753906,86.87553816803018 ,4562.0,10:35:17 AM,1572671117078
-6.078 ,1.602 ,18.38,23.555794999999996,87.29877 ,36.27062072753906,86.87553816803018 ,4562.0,10:35:17 AM,1572671117082
-6.352 ,2.742 ,20.665,23.555794999999996,87.29877 ,36.27062072753906,86.87553816803018 ,4562.0,10:35:17 AM,1572671117083
-5.878 ,3.386 ,13.402,23.555794999999996,87.29877 ,36.27062072753906,86.87553816803018 ,4562.0,10:35:17 AM,1572671117088
-3.24 ,3.104 ,8.2,23.555794999999996,87.29877 ,36.27062072753906,86.87553816803018 ,4562.0,10:35:17 AM,1572671117088
-2.706 ,4.834 ,-1.427,23.555794999999996,87.29877 ,36.27062072753906,86.87553816803018 ,4562.0,10:35:17 AM,1572671117093
-1.399 ,5.82 ,-5.504,23.555794999999996,87.29877 ,36.27062072753906,86.87553816803018 ,4562.0,10:35:17 AM,1572671117093
-1.471 ,8.272 ,-3.101,23.555794999999996,87.29877 ,36.27062072753906,86.87553816803018 ,4562.0,10:35:17 AM,1572671117098
-1.5 ,13.519 ,-2.158,23.555794999999996,87.29877 ,36.27062072753906,86.87553816803018 ,4562.0,10:35:17 AM,1572671117098
0.608 ,15.672 ,-0.828,23.555794999999996,87.29877 ,36.27062072753906,86.87553816803018 ,4562.0,10:35:17 AM,1572671117101
0.403 ,15.601 ,0.638,23.555794999999996,87.29877 ,36.27062072753906,86.87553816803018 ,4562.0,10:35:17 AM,1572671117101
3.182 ,14.618 ,-1.035,23.555794999999996,87.29877 ,36.27062072753906,86.87553816803018 ,4562.0,10:35:17 AM,1572671117108
5.744 ,13.078 ,-1.899,23.555794999999996,87.29877 ,36.27062072753906,86.87553816803018 ,4562.0,10:35:17 AM,1572671117109
6.155 ,14.017 ,0.191,23.555794999999996,87.29877 ,36.27062072753906,86.87553816803018 ,4562.0,10:35:17 AM,1572671117112
7.374 ,16.944 ,0.671,23.555794999999996,87.29877 ,36.27062072753906,86.87553816803018 ,4562.0,10:35:17 AM,1572671117113
7.112 ,15.702 ,-1.357,23.555794999999996,87.29877 ,36.27062072753906,86.87553816803018 ,4562.0,10:35:17 AM,1572671117116
3.886 ,10.27 ,-5.178,23.555794999999996,87.29877 ,36.27062072753906,86.87553816803018 ,4562.0,10:35:17 AM,1572671117116
1.482 ,6.415 ,-5.793,23.555794999999996,87.29877 ,36.27062072753906,86.87553816803018 ,4562.0,10:35:17 AM,1572671117121
-3.492 ,6.932 ,1.6,23.555794999999996,87.29877 ,36.27062072753906,86.87553816803018 ,4562.0,10:35:17 AM,1572671117122
-6.465 ,10.218 ,14.309,23.555794999999996,87.29877 ,36.27062072753906,86.87553816803018 ,4562.0,10:35:17 AM,1572671117127
-7.642 ,10.411 ,17.0,23.555794999999996,87.29877 ,36.27062072753906,86.87553816803018 ,4562.0,10:35:17 AM,1572671117128
-5.853 ,6.328 ,17.555,23.555794999999996,87.29877 ,36.27062072753906,86.87553816803018 ,4562.0,10:35:17 AM,1572671117132
-3.376 ,1.173 ,8.45,23.555794999999996,87.29877 ,36.27062072753906,86.87553816803018 ,4562.0,10:35:17 AM,1572671117132
0.432 ,0.424 ,4.557,23.555794999999996,87.29877 ,36.27062072753906,86.87553816803018 ,4562.0,10:35:17 AM,1572671117136
0.592 ,2.108 ,9.955,23.555794999999996,87.29877 ,36.27062072753906,86.87553816803018 ,4562.0,10:35:17 AM,1572671117136
-0.818 ,3.726 ,15.363,23.555794999999996,87.29877 ,36.27062072753906,86.87553816803018 ,4562.0,10:35:17 AM,1572671117142
