x,y,z,latitude,longitude,speed,sound,light,time,timestamp
0.084 ,5.413 ,4.969,23.57039666666667,87.30257333333333 ,22.437977027893066,83.66637024254764 ,9332.0,10:31:43 AM,1572670903797
-0.181 ,3.344 ,0.877,23.57039666666667,87.30257333333333 ,22.437977027893066,83.66637024254764 ,9332.0,10:31:43 AM,1572670903798
1.654 ,6.609 ,4.341,23.57039666666667,87.30257333333333 ,22.437977027893066,83.66637024254764 ,9332.0,10:31:43 AM,1572670903803
1.535 ,10.688 ,9.181,23.57039666666667,87.30257333333333 ,22.437977027893066,83.66637024254764 ,9332.0,10:31:43 AM,1572670903803
-1.931 ,10.983 ,4.536,23.57039666666667,87.30257333333333 ,22.437977027893066,83.66637024254764 ,9332.0,10:31:43 AM,1572670903807
-1.314 ,9.384 ,5.377,23.57039666666667,87.30257333333333 ,22.437977027893066,83.66637024254764 ,9332.0,10:31:43 AM,1572670903808
-4.767 ,9.468 ,0.53,23.57039666666667,87.30257333333333 ,22.437977027893066,83.66637024254764 ,9332.0,10:31:43 AM,1572670903812
-3.888 ,11.539 ,3.245,23.57039666666667,87.30257333333333 ,22.437977027893066,83.66637024254764 ,9332.0,10:31:43 AM,1572670903812
-2.516 ,12.256 ,8.258,23.57039666666667,87.30257333333333 ,22.437977027893066,83.66637024254764 ,9332.0,10:31:43 AM,1572670903818
-2.094 ,10.291 ,2.783,23.57039666666667,87.30257333333333 ,22.437977027893066,83.66637024254764 ,9332.0,10:31:43 AM,1572670903818
2.337 ,8.294 ,3.647,23.57039666666667,87.30257333333333 ,22.437977027893066,83.66637024254764 ,9332.0,10:31:43 AM,1572670903822
2.594 ,7.173 ,2.565,23.57039666666667,87.30257333333333 ,22.437977027893066,83.66637024254764 ,9332.0,10:31:43 AM,1572670903822
4.772 ,8.861 ,6.272,23.57039666666667,87.30257333333333 ,22.437977027893066,83.66637024254764 ,9332.0,10:31:43 AM,1572670903828
3.736 ,8.763 ,8.277,23.57039666666667,87.30257333333333 ,22.437977027893066,83.66637024254764 ,9332.0,10:31:43 AM,1572670903828
1.032 ,7.806 ,2.844,23.57039666666667,87.30257333333333 ,22.437977027893066,85.7728703436831 ,9332.0,10:31:43 AM,1572670903835
-0.265 ,8.175 ,4.13,23.57039666666667,87.30257333333333 ,22.437977027893066,85.7728703436831 ,9332.0,10:31:43 AM,1572670903836
-3.859 ,10.782 ,3.31,23.57039666666667,87.30257333333333 ,22.437977027893066,85.7728703436831 ,9332.0,10:31:43 AM,1572670903839
-4.797 ,13.507 ,6.359,23.57039666666667,87.30257333333333 ,22.437977027893066,85.7728703436831 ,9332.0,10:31:43 AM,1572670903839
-5.271 ,11.168 ,6.789,23.57033,87.302575 ,25.93458881378174,85.7728703436831 ,9332.0,10:31:43 AM,1572670903842
-5.168 ,6.487 ,-1.108,23.57033,87.302575 ,25.93458881378174,85.7728703436831 ,9332.0,10:31:43 AM,1572670903843
-1.576 ,4.492 ,-2.356,23.57033,87.302575 ,25.93458881378174,85.7728703436831 ,9332.0,10:31:43 AM,1572670903850
-1.105 ,6.597 ,0.462,23.57033,87.302575 ,25.93458881378174,85.7728703436831 ,9332.0,10:31:43 AM,1572670903850
1.239 ,10.581 ,6.913,23.57033,87.302575 ,25.93458881378174,85.7728703436831 ,9332.0,10:31:43 AM,1572670903851
1.848 ,10.054 ,10.526,23.57033,87.302575 ,25.93458881378174,85.7728703436831 ,9332.0,10:31:43 AM,1572670903852
-0.344 ,6.699 ,0.732,23.57033,87.302575 ,25.93458881378174,85.7728703436831 ,9332.0,10:31:43 AM,1572670903857
1.16 ,6.262 ,3.256,23.57033,87.302575 ,25.93458881378174,85.7728703436831 ,9332.0,10:31:43 AM,1572670903857
-2.564 ,10.599 ,4.797,23.57033,87.302575 ,25.93458881378174,85.7728703436831 ,9332.0,10:31:43 AM,1572670903861
-1.979 ,15.864 ,13.736,23.57033,87.302575 ,25.93458881378174,85.7728703436831 ,9332.0,10:31:43 AM,1572670903862
-3.193 ,13.198 ,13.58,23.57033,87.302575 ,25.93458881378174,85.7728703436831 ,9332.0,10:31:43 AM,1572670903867
-2.252 ,5.262 ,4.064,23.57033,87.302575 ,25.93458881378174,85.7728703436831 ,9332.0,10:31:43 AM,1572670903868
-0.768 ,0.621 ,0.111,23.57033,87.302575 ,25.93458881378174,85.7728703436831 ,9332.0,10:31:43 AM,1572670903872
-0.33 ,3.53 ,4.767,23.57033,87.302575 ,25.93458881378174,85.7728703436831 ,9332.0,10:31:43 AM,1572670903873
1.268 ,10.314 ,14.911,23.57033,87.302575 ,25.93458881378174,85.7728703436831 ,9332.0,10:31:43 AM,1572670903876
0.523 ,12.519 ,18.678,23.57033,87.302575 ,25.93458881378174,85.7728703436831 ,9332.0,10:31:43 AM,1572670903877
-1.171 ,6.685 ,8.186,23.57033,87.302575 ,25.93458881378174,85.7728703436831 ,9332.0,10:31:43 AM,1572670903885
-1.292 ,2.284 ,2.011,23.57033,87.302575 ,25.93458881378174,85.7728703436831 ,9332.0,10:31:43 AM,1572670903886
-3.726 ,5.071 ,2.194,23.57033,87.302575 ,25.93458881378174,85.7728703436831 ,9332.0,10:31:43 AM,1572670903886
-4.119 ,12.216 ,8.757,23.57033,87.302575 ,25.93458881378174,85.7728703436831 ,9332.0,10:31:43 AM,1572670903887
-3.781 ,14.838 ,16.796,23.57033,87.302575 ,25.93458881378174,85.7728703436831 ,9332.0,10:31:43 AM,1572670903892
-4.346 ,7.994 ,5.121,23.57033,87.302575 ,25.93458881378174,85.7728703436831 ,9332.0,10:31:43 AM,1572670903892
-1.144 ,1.576 ,-1.371,23.57033,87.302575 ,25.93458881378174,85.7728703436831 ,9332.0,10:31:43 AM,1572670903897
-0.732 ,1.663 ,-2.33,23.57033,87.302575 ,25.93458881378174,85.7728703436831 ,9332.0,10:31:43 AM,1572670903897
2.199 ,8.915 ,6.017,23.57033,87.302575 ,25.93458881378174,85.7728703436831 ,9332.0,10:31:43 AM,1572670903902
1.108 ,14.997 ,12.444,23.57033,87.302575 ,25.93458881378174,85.7728703436831 ,9332.0,10:31:43 AM,1572670903903
-0.543 ,13.022 ,6.122,23.57033,87.302575 ,25.93458881378174,85.7728703436831 ,9332.0,10:31:43 AM,1572670903907
-0.682 ,7.442 ,0.649,23.57033,87.302575 ,25.93458881378174,85.7728703436831 ,9332.0,10:31:43 AM,1572670903907
-3.586 ,5.924 ,-3.678,23.57033,87.302575 ,25.93458881378174,85.7728703436831 ,9332.0,10:31:43 AM,1572670903912
-3.089 ,10.077 ,1.817,23.57033,87.302575 ,25.93458881378174,85.7728703436831 ,9332.0,10:31:43 AM,1572670903913
-2.473 ,13.271 ,10.452,23.57033,87.302575 ,25.93458881378174,85.7728703436831 ,9332.0,10:31:43 AM,1572670903917
-2.901 ,10.959 ,5.666,23.57033,87.302575 ,25.93458881378174,85.7728703436831 ,9332.0,10:31:43 AM,1572670903918
0.99 ,6.246 ,2.497,23.57033,87.302575 ,25.93458881378174,85.7728703436831 ,9332.0,10:31:43 AM,1572670903922
0.827 ,4.623 ,-0.434,23.57033,87.302575 ,25.93458881378174,85.7728703436831 ,9332.0,10:31:43 AM,1572670903923
2.182 ,8.005 ,3.919,23.57033,87.302575 ,25.93458881378174,85.7728703436831 ,9332.0,10:31:43 AM,1572670903927
1.581 ,10.51 ,10.939,23.57033,87.302575 ,25.93458881378174,85.7728703436831 ,9332.0,10:31:43 AM,1572670903928
-1.077 ,8.958 ,6.653,23.57033,87.302575 ,25.93458881378174,85.7728703436831 ,9332.0,10:31:43 AM,1572670903933
-1.001 ,5.468 ,7.153,23.57033,87.302575 ,25.93458881378174,85.7728703436831 ,9332.0,10:31:43 AM,1572670903933
-3.178 ,5.175 ,6.576,23.57033,87.302575 ,25.93458881378174,85.7728703436831 ,9332.0,10:31:43 AM,1572670903937
-3.044 ,8.871 ,10.762,23.57033,87.302575 ,25.93458881378174,85.7728703436831 ,9332.0,10:31:43 AM,1572670903938
-1.66 ,10.84 ,17.02,23.57033,87.302575 ,25.93458881378174,85.7728703436831 ,9332.0,10:31:43 AM,1572670903941
-1.901 ,7.695 ,10.293,23.57033,87.302575 ,25.93458881378174,85.7728703436831 ,9332.0,10:31:43 AM,1572670903942
1.077 ,3.803 ,3.29,23.57033,87.302575 ,25.93458881378174,85.7728703436831 ,9332.0,10:31:43 AM,1572670903946
0.737 ,1.734 ,-0.826,23.57033,87.302575 ,25.93458881378174,85.7728703436831 ,9332.0,10:31:43 AM,1572670903947
1.767 ,5.583 ,0.795,23.57033,87.302575 ,25.93458881378174,85.7728703436831 ,9332.0,10:31:43 AM,1572670903952
0.461 ,10.574 ,9.326,23.57033,87.302575 ,25.93458881378174,85.7728703436831 ,9332.0,10:31:43 AM,1572670903952
-2.051 ,12.146 ,7.058,23.57033,87.302575 ,25.93458881378174,85.7728703436831 ,9332.0,10:31:43 AM,1572670903956
-1.716 ,10.697 ,8.938,23.57033,87.302575 ,25.93458881378174,85.7728703436831 ,9332.0,10:31:43 AM,1572670903957
-3.609 ,8.733 ,4.341,23.57033,87.302575 ,25.93458881378174,85.7728703436831 ,9332.0,10:31:43 AM,1572670903962
-2.735 ,9.295 ,4.366,23.57033,87.302575 ,25.93458881378174,85.7728703436831 ,9332.0,10:31:43 AM,1572670903962
-0.719 ,9.178 ,9.226,23.57033,87.302575 ,25.93458881378174,85.7728703436831 ,9332.0,10:31:43 AM,1572670903968
-1.739 ,7.747 ,2.651,23.57033,87.302575 ,25.93458881378174,85.7728703436831 ,9332.0,10:31:43 AM,1572670903968
1.169 ,6.141 ,3.244,23.57033,87.302575 ,25.93458881378174,85.7728703436831 ,9332.0,10:31:43 AM,1572670903972
-0.271 ,5.814 ,1.414,23.57033,87.302575 ,25.93458881378174,85.7728703436831 ,9332.0,10:31:43 AM,1572670903974
-0.397 ,7.415 ,4.62,23.57033,87.302575 ,25.93458881378174,85.7728703436831 ,9332.0,10:31:43 AM,1572670903976
-0.646 ,9.215 ,9.1,23.57033,87.302575 ,25.93458881378174,85.7728703436831 ,9332.0,10:31:43 AM,1572670903977
-3.994 ,9.17 ,4.178,23.57033,87.302575 ,25.93458881378174,85.7728703436831 ,9332.0,10:31:43 AM,1572670903984
-2.204 ,9.689 ,7.31,23.57033,87.302575 ,25.93458881378174,85.7728703436831 ,9332.0,10:31:43 AM,1572670903984
-3.856 ,10.125 ,5.009,23.57033,87.302575 ,25.93458881378174,85.7728703436831 ,9332.0,10:31:43 AM,1572670903986
-2.965 ,10.264 ,3.928,23.57033,87.302575 ,25.93458881378174,85.7728703436831 ,9332.0,10:31:43 AM,1572670903987
-1.245 ,8.004 ,5.364,23.57033,87.302575 ,25.93458881378174,85.7728703436831 ,9332.0,10:31:43 AM,1572670903992
-1.789 ,5.366 ,-0.95,23.57033,87.302575 ,25.93458881378174,85.7728703436831 ,9332.0,10:31:43 AM,1572670903992
0.538 ,6.411 ,1.087,23.57033,87.302575 ,25.93458881378174,85.7728703436831 ,9186.0,10:31:43 AM,1572670903997
0.197 ,9.027 ,4.732,23.57033,87.302575 ,25.93458881378174,85.7728703436831 ,9186.0,10:31:43 AM,1572670903998
1.094 ,11.807 ,7.576,23.57033,87.302575 ,25.93458881378174,85.7728703436831 ,9186.0,10:31:44 AM,1572670904002
1.126 ,9.387 ,7.94,23.57033,87.302575 ,25.93458881378174,85.7728703436831 ,9186.0,10:31:44 AM,1572670904003
-0.149 ,6.002 ,-0.419,23.57033,87.302575 ,25.93458881378174,85.7728703436831 ,9186.0,10:31:44 AM,1572670904006
0.858 ,5.585 ,1.976,23.57033,87.302575 ,25.93458881378174,85.7728703436831 ,9186.0,10:31:44 AM,1572670904007
-0.735 ,10.333 ,5.295,23.57033,87.302575 ,25.93458881378174,85.7728703436831 ,9186.0,10:31:44 AM,1572670904011
-1.696 ,13.728 ,10.53,23.57033,87.302575 ,25.93458881378174,85.7728703436831 ,9186.0,10:31:44 AM,1572670904011
-1.377 ,10.234 ,12.99,23.57033,87.302575 ,25.93458881378174,85.7728703436831 ,9186.0,10:31:44 AM,1572670904017
-4.226 ,3.125 ,3.127,23.57033,87.302575 ,25.93458881378174,85.7728703436831 ,9186.0,10:31:44 AM,1572670904018
-1.596 ,0.209 ,1.869,23.57033,87.302575 ,25.93458881378174,85.7728703436831 ,9186.0,10:31:44 AM,1572670904021
-3.136 ,4.308 ,6.764,23.57033,87.302575 ,25.93458881378174,85.7728703436831 ,9186.0,10:31:44 AM,1572670904022
-1.884 ,11.601 ,14.892,23.57033,87.302575 ,25.93458881378174,85.7728703436831 ,9186.0,10:31:44 AM,1572670904028
-1.006 ,12.814 ,19.299,23.57033,87.302575 ,25.93458881378174,85.7728703436831 ,9186.0,10:31:44 AM,1572670904029
-1.189 ,5.997 ,6.223,23.57033,87.302575 ,25.93458881378174,85.7728703436831 ,9186.0,10:31:44 AM,1572670904035
0.036 ,1.725 ,0.188,23.57033,87.302575 ,25.93458881378174,85.7728703436831 ,9186.0,10:31:44 AM,1572670904035
-0.532 ,4.836 ,2.033,23.57033,87.302575 ,25.93458881378174,85.7728703436831 ,9186.0,10:31:44 AM,1572670904036
-0.224 ,12.768 ,11.811,23.57033,87.302575 ,25.93458881378174,85.7728703436831 ,9186.0,10:31:44 AM,1572670904036
-1.187 ,15.052 ,17.332,23.57033,87.302575 ,25.93458881378174,85.7728703436831 ,9186.0,10:31:44 AM,1572670904041
-2.615 ,7.907 ,7.506,23.57033,87.302575 ,25.93458881378174,85.7728703436831 ,9186.0,10:31:44 AM,1572670904042
