x,y,z,latitude,longitude,speed,sound,light,time,timestamp
11.145 ,-5.008 ,9.717,23.56776,87.30196333333333 ,32.00130958557129,85.76732934313709 ,6178.0,10:32:22 AM,1572670942180
3.937 ,-0.913 ,7.022,23.56776,87.30196333333333 ,32.00130958557129,85.76732934313709 ,6178.0,10:32:22 AM,1572670942181
0.677 ,3.956 ,14.314,23.56776,87.30196333333333 ,32.00130958557129,85.76732934313709 ,6178.0,10:32:22 AM,1572670942186
-8.76 ,3.702 ,12.706,23.56776,87.30196333333333 ,32.00130958557129,85.76732934313709 ,6178.0,10:32:22 AM,1572670942186
-12.526 ,4.689 ,10.298,23.56776,87.30196333333333 ,32.00130958557129,85.76732934313709 ,6178.0,10:32:22 AM,1572670942188
-14.142 ,7.069 ,11.195,23.56776,87.30196333333333 ,32.00130958557129,85.76732934313709 ,6178.0,10:32:22 AM,1572670942189
-12.586 ,8.968 ,11.033,23.56776,87.30196333333333 ,32.00130958557129,85.76732934313709 ,6178.0,10:32:22 AM,1572670942193
-7.42 ,8.187 ,5.292,23.56776,87.30196333333333 ,32.00130958557129,85.76732934313709 ,6178.0,10:32:22 AM,1572670942196
0.849 ,4.308 ,2.784,23.56776,87.30196333333333 ,32.00130958557129,85.76732934313709 ,5687.0,10:32:22 AM,1572670942201
4.286 ,5.144 ,-9.065,23.56776,87.30196333333333 ,32.00130958557129,85.76732934313709 ,5687.0,10:32:22 AM,1572670942202
8.629 ,9.183 ,-9.209,23.56776,87.30196333333333 ,32.00130958557129,85.76732934313709 ,5687.0,10:32:22 AM,1572670942202
7.658 ,14.369 ,-11.185,23.56776,87.30196333333333 ,32.00130958557129,85.76732934313709 ,5687.0,10:32:22 AM,1572670942203
6.772 ,17.782 ,-8.413,23.56776,87.30196333333333 ,32.00130958557129,85.76732934313709 ,5687.0,10:32:22 AM,1572670942208
1.805 ,15.86 ,-5.9,23.56776,87.30196333333333 ,32.00130958557129,85.76732934313709 ,5687.0,10:32:22 AM,1572670942209
-0.198 ,14.505 ,-6.114,23.56776,87.30196333333333 ,32.00130958557129,85.76732934313709 ,5687.0,10:32:22 AM,1572670942213
-0.533 ,13.99 ,-0.698,23.56776,87.30196333333333 ,32.00130958557129,85.76732934313709 ,5687.0,10:32:22 AM,1572670942214
0.17 ,15.092 ,6.788,23.56776,87.30196333333333 ,32.00130958557129,85.76732934313709 ,5687.0,10:32:22 AM,1572670942219
4.179 ,16.825 ,11.585,23.56776,87.30196333333333 ,32.00130958557129,85.76732934313709 ,5687.0,10:32:22 AM,1572670942220
8.279 ,14.752 ,12.956,23.56776,87.30196333333333 ,32.00130958557129,85.76732934313709 ,5687.0,10:32:22 AM,1572670942223
8.599 ,8.177 ,2.942,23.56776,87.30196333333333 ,32.00130958557129,85.76732934313709 ,5687.0,10:32:22 AM,1572670942224
10.981 ,5.043 ,-5.608,23.56776,87.30196333333333 ,32.00130958557129,85.76732934313709 ,5687.0,10:32:22 AM,1572670942228
4.047 ,6.172 ,-9.809,23.56776,87.30196333333333 ,32.00130958557129,85.76732934313709 ,5687.0,10:32:22 AM,1572670942229
1.376 ,10.3 ,-1.447,23.56776,87.30196333333333 ,32.00130958557129,85.76732934313709 ,5687.0,10:32:22 AM,1572670942233
-5.914 ,10.269 ,6.475,23.56776,87.30196333333333 ,32.00130958557129,85.76732934313709 ,5687.0,10:32:22 AM,1572670942233
-11.261 ,9.186 ,7.09,23.56776,87.30196333333333 ,32.00130958557129,86.40495501615555 ,5687.0,10:32:22 AM,1572670942238
-11.179 ,5.888 ,8.519,23.56776,87.30196333333333 ,32.00130958557129,86.40495501615555 ,5687.0,10:32:22 AM,1572670942239
-11.108 ,2.712 ,14.082,23.56776,87.30196333333333 ,32.00130958557129,86.40495501615555 ,5687.0,10:32:22 AM,1572670942242
-7.333 ,2.388 ,17.887,23.56776,87.30196333333333 ,32.00130958557129,86.40495501615555 ,5687.0,10:32:22 AM,1572670942243
-1.318 ,2.263 ,21.778,23.56776,87.30196333333333 ,32.00130958557129,86.40495501615555 ,5687.0,10:32:22 AM,1572670942250
1.748 ,-0.008 ,24.099,23.56776,87.30196333333333 ,32.00130958557129,86.40495501615555 ,5687.0,10:32:22 AM,1572670942251
6.193 ,-0.223 ,18.023,23.56776,87.30196333333333 ,32.00130958557129,86.40495501615555 ,5687.0,10:32:22 AM,1572670942253
6.232 ,1.991 ,12.08,23.56776,87.30196333333333 ,32.00130958557129,86.40495501615555 ,5687.0,10:32:22 AM,1572670942253
4.569 ,2.768 ,8.478,23.56776,87.30196333333333 ,32.00130958557129,86.40495501615555 ,5687.0,10:32:22 AM,1572670942258
1.078 ,2.449 ,6.552,23.56776,87.30196333333333 ,32.00130958557129,86.40495501615555 ,5687.0,10:32:22 AM,1572670942258
-3.946 ,1.054 ,5.772,23.56776,87.30196333333333 ,32.00130958557129,86.40495501615555 ,5687.0,10:32:22 AM,1572670942269
-7.259 ,3.113 ,2.89,23.56776,87.30196333333333 ,32.00130958557129,86.40495501615555 ,5687.0,10:32:22 AM,1572670942269
-8.487 ,9.768 ,8.169,23.56776,87.30196333333333 ,32.00130958557129,86.40495501615555 ,5687.0,10:32:22 AM,1572670942270
-8.257 ,14.879 ,10.919,23.56776,87.30196333333333 ,32.00130958557129,86.40495501615555 ,5687.0,10:32:22 AM,1572670942272
-4.029 ,15.056 ,8.782,23.56776,87.30196333333333 ,32.00130958557129,86.40495501615555 ,5687.0,10:32:22 AM,1572670942272
-2.549 ,12.287 ,1.299,23.56776,87.30196333333333 ,32.00130958557129,86.40495501615555 ,5687.0,10:32:22 AM,1572670942273
0.537 ,9.939 ,-8.906,23.56776,87.30196333333333 ,32.00130958557129,86.40495501615555 ,5687.0,10:32:22 AM,1572670942277
3.601 ,11.417 ,-13.495,23.56776,87.30196333333333 ,32.00130958557129,86.40495501615555 ,5687.0,10:32:22 AM,1572670942278
3.91 ,14.241 ,-6.364,23.56776,87.30196333333333 ,32.00130958557129,86.40495501615555 ,5687.0,10:32:22 AM,1572670942286
1.566 ,18.295 ,-3.24,23.56776,87.30196333333333 ,32.00130958557129,86.40495501615555 ,5687.0,10:32:22 AM,1572670942287
2.035 ,16.685 ,8.121,23.56776,87.30196333333333 ,32.00130958557129,86.40495501615555 ,5687.0,10:32:22 AM,1572670942288
0.407 ,10.032 ,8.456,23.56776,87.30196333333333 ,32.00130958557129,86.40495501615555 ,5687.0,10:32:22 AM,1572670942288
1.09 ,6.049 ,7.084,23.56776,87.30196333333333 ,32.00130958557129,86.40495501615555 ,5687.0,10:32:22 AM,1572670942293
1.46 ,5.267 ,10.222,23.56776,87.30196333333333 ,32.00130958557129,86.40495501615555 ,5687.0,10:32:22 AM,1572670942294
1.214 ,6.288 ,13.66,23.56776,87.30196333333333 ,32.00130958557129,86.40495501615555 ,5687.0,10:32:22 AM,1572670942302
1.72 ,7.046 ,12.639,23.56776,87.30196333333333 ,32.00130958557129,86.40495501615555 ,5687.0,10:32:22 AM,1572670942302
-1.243 ,5.424 ,5.594,23.56776,87.30196333333333 ,32.00130958557129,86.40495501615555 ,5687.0,10:32:22 AM,1572670942303
-2.938 ,5.543 ,-1.714,23.56776,87.30196333333333 ,32.00130958557129,86.40495501615555 ,5687.0,10:32:22 AM,1572670942303
-4.137 ,6.902 ,0.55,23.56776,87.30196333333333 ,32.00130958557129,86.40495501615555 ,5687.0,10:32:22 AM,1572670942307
-6.06 ,7.902 ,3.427,23.56776,87.30196333333333 ,32.00130958557129,86.40495501615555 ,5687.0,10:32:22 AM,1572670942308
-4.128 ,8.227 ,8.495,23.56776,87.30196333333333 ,32.00130958557129,86.40495501615555 ,5687.0,10:32:22 AM,1572670942312
-3.886 ,6.897 ,5.345,23.56776,87.30196333333333 ,32.00130958557129,86.40495501615555 ,5687.0,10:32:22 AM,1572670942312
0.352 ,3.687 ,9.859,23.56776,87.30196333333333 ,32.00130958557129,86.40495501615555 ,5687.0,10:32:22 AM,1572670942318
1.216 ,3.313 ,13.462,23.56776,87.30196333333333 ,32.00130958557129,86.40495501615555 ,5687.0,10:32:22 AM,1572670942318
2.42 ,5.533 ,18.396,23.56776,87.30196333333333 ,32.00130958557129,86.40495501615555 ,5687.0,10:32:22 AM,1572670942323
3.018 ,6.396 ,21.879,23.56776,87.30196333333333 ,32.00130958557129,86.40495501615555 ,5687.0,10:32:22 AM,1572670942323
1.561 ,3.517 ,18.852,23.56776,87.30196333333333 ,32.00130958557129,86.40495501615555 ,5687.0,10:32:22 AM,1572670942327
-0.712 ,1.763 ,8.873,23.56776,87.30196333333333 ,32.00130958557129,86.40495501615555 ,5687.0,10:32:22 AM,1572670942327
-0.423 ,3.826 ,7.678,23.56776,87.30196333333333 ,32.00130958557129,86.40495501615555 ,5687.0,10:32:22 AM,1572670942333
-2.725 ,10.217 ,7.19,23.56776,87.30196333333333 ,32.00130958557129,86.40495501615555 ,5687.0,10:32:22 AM,1572670942333
-0.095 ,14.99 ,8.748,23.56776,87.30196333333333 ,32.00130958557129,86.40495501615555 ,5687.0,10:32:22 AM,1572670942338
-0.419 ,12.213 ,6.232,23.56776,87.30196333333333 ,32.00130958557129,86.40495501615555 ,5687.0,10:32:22 AM,1572670942338
1.211 ,10.85 ,-6.331,23.56776,87.30196333333333 ,32.00130958557129,86.40495501615555 ,5687.0,10:32:22 AM,1572670942342
3.607 ,10.561 ,-11.276,23.56776,87.30196333333333 ,32.00130958557129,86.40495501615555 ,5687.0,10:32:22 AM,1572670942342
2.539 ,11.858 ,-9.026,23.56776,87.30196333333333 ,32.00130958557129,86.40495501615555 ,5687.0,10:32:22 AM,1572670942350
1.693 ,15.28 ,-10.188,23.56776,87.30196333333333 ,32.00130958557129,86.40495501615555 ,5687.0,10:32:22 AM,1572670942350
0.385 ,13.038 ,-4.359,23.56776,87.30196333333333 ,32.00130958557129,86.40495501615555 ,5687.0,10:32:22 AM,1572670942352
-2.662 ,10.694 ,-6.839,23.56776,87.30196333333333 ,32.00130958557129,86.40495501615555 ,5687.0,10:32:22 AM,1572670942352
-1.279 ,9.086 ,-0.806,23.56776,87.30196333333333 ,32.00130958557129,86.40495501615555 ,5687.0,10:32:22 AM,1572670942357
-4.19 ,9.419 ,3.091,23.56776,87.30196333333333 ,32.00130958557129,86.40495501615555 ,5687.0,10:32:22 AM,1572670942357
-1.764 ,10.213 ,11.416,23.56776,87.30196333333333 ,32.00130958557129,86.40495501615555 ,5687.0,10:32:22 AM,1572670942362
0.969 ,7.418 ,19.112,23.56776,87.30196333333333 ,32.00130958557129,86.40495501615555 ,5687.0,10:32:22 AM,1572670942362
1.108 ,2.903 ,10.463,23.56776,87.30196333333333 ,32.00130958557129,86.40495501615555 ,5687.0,10:32:22 AM,1572670942367
4.487 ,3.142 ,7.472,23.56776,87.30196333333333 ,32.00130958557129,86.40495501615555 ,5687.0,10:32:22 AM,1572670942368
3.437 ,5.956 ,9.065,23.56776,87.30196333333333 ,32.00130958557129,86.40495501615555 ,5687.0,10:32:22 AM,1572670942372
3.078 ,9.488 ,7.804,23.56776,87.30196333333333 ,32.00130958557129,86.40495501615555 ,5687.0,10:32:22 AM,1572670942373
0.525 ,8.369 ,4.602,23.56776,87.30196333333333 ,32.00130958557129,86.40495501615555 ,5687.0,10:32:22 AM,1572670942377
-1.471 ,2.704 ,4.564,23.56776,87.30196333333333 ,32.00130958557129,86.40495501615555 ,5687.0,10:32:22 AM,1572670942378
-4.238 ,4.027 ,-4.376,23.56776,87.30196333333333 ,32.00130958557129,86.40495501615555 ,5687.0,10:32:22 AM,1572670942383
-5.078 ,7.029 ,5.047,23.56776,87.30196333333333 ,32.00130958557129,86.40495501615555 ,5687.0,10:32:22 AM,1572670942384
-6.278 ,8.057 ,8.903,23.56776,87.30196333333333 ,32.00130958557129,86.40495501615555 ,5687.0,10:32:22 AM,1572670942388
-4.155 ,8.496 ,11.98,23.56776,87.30196333333333 ,32.00130958557129,86.40495501615555 ,5687.0,10:32:22 AM,1572670942389
-4.829 ,7.257 ,10.184,23.56776,87.30196333333333 ,32.00130958557129,86.40495501615555 ,5687.0,10:32:22 AM,1572670942393
-0.407 ,8.487 ,7.331,23.56776,87.30196333333333 ,32.00130958557129,86.40495501615555 ,5687.0,10:32:22 AM,1572670942393
2.206 ,10.917 ,5.082,23.56776,87.30196333333333 ,32.00130958557129,86.40495501615555 ,5155.0,10:32:22 AM,1572670942401
3.534 ,13.883 ,3.141,23.56776,87.30196333333333 ,32.00130958557129,86.40495501615555 ,5155.0,10:32:22 AM,1572670942401
5.934 ,14.692 ,1.762,23.56776,87.30196333333333 ,32.00130958557129,86.40495501615555 ,5155.0,10:32:22 AM,1572670942402
5.578 ,11.697 ,-1.752,23.56776,87.30196333333333 ,32.00130958557129,86.40495501615555 ,5155.0,10:32:22 AM,1572670942403
3.743 ,9.287 ,-12.148,23.56776,87.30196333333333 ,32.00130958557129,86.40495501615555 ,5155.0,10:32:22 AM,1572670942407
3.893 ,9.925 ,-10.973,23.56776,87.30196333333333 ,32.00130958557129,86.40495501615555 ,5155.0,10:32:22 AM,1572670942407
0.213 ,12.996 ,-6.713,23.56776,87.30196333333333 ,32.00130958557129,86.40495501615555 ,5155.0,10:32:22 AM,1572670942412
-0.494 ,16.261 ,-0.83,23.56776,87.30196333333333 ,32.00130958557129,86.40495501615555 ,5155.0,10:32:22 AM,1572670942413
-2.869 ,13.306 ,1.252,23.56776,87.30196333333333 ,32.00130958557129,86.40495501615555 ,5155.0,10:32:22 AM,1572670942418
-5.775 ,8.218 ,-5.76,23.56776,87.30196333333333 ,32.00130958557129,86.40495501615555 ,5155.0,10:32:22 AM,1572670942418
-4.029 ,6.058 ,-2.716,23.56776,87.30196333333333 ,32.00130958557129,86.40495501615555 ,5155.0,10:32:22 AM,1572670942423
-5.853 ,8.102 ,3.315,23.56776,87.30196333333333 ,32.00130958557129,86.40495501615555 ,5155.0,10:32:22 AM,1572670942424
