x,y,z,latitude,longitude,speed,sound,light,time,timestamp
1.725 ,6.566 ,3.102,23.56821,87.30251666666666 ,20.914810180664062,82.40268293935601 ,6964.0,10:32:08 AM,1572670928220
-0.581 ,4.418 ,0.867,23.56821,87.30251666666666 ,20.914810180664062,82.40268293935601 ,6964.0,10:32:08 AM,1572670928221
-2.313 ,6.568 ,4.289,23.56821,87.30251666666666 ,20.914810180664062,82.40268293935601 ,6964.0,10:32:08 AM,1572670928227
-4.132 ,9.87 ,9.219,23.56821,87.30251666666666 ,20.914810180664062,82.40268293935601 ,6964.0,10:32:08 AM,1572670928227
-4.364 ,10.965 ,11.939,23.56821,87.30251666666666 ,20.914810180664062,82.40268293935601 ,6964.0,10:32:08 AM,1572670928232
-3.002 ,9.95 ,11.504,23.56821,87.30251666666666 ,20.914810180664062,82.40268293935601 ,6964.0,10:32:08 AM,1572670928232
-1.666 ,8.445 ,7.3,23.56821,87.30251666666666 ,20.914810180664062,82.40268293935601 ,6964.0,10:32:08 AM,1572670928237
-0.777 ,7.794 ,5.175,23.56821,87.30251666666666 ,20.914810180664062,82.40268293935601 ,6964.0,10:32:08 AM,1572670928238
0.121 ,8.949 ,4.592,23.56821,87.30251666666666 ,20.914810180664062,82.40268293935601 ,6964.0,10:32:08 AM,1572670928241
0.208 ,9.786 ,4.076,23.56821,87.30251666666666 ,20.914810180664062,82.40268293935601 ,6964.0,10:32:08 AM,1572670928242
-0.734 ,8.662 ,2.247,23.56821,87.30251666666666 ,20.914810180664062,82.40268293935601 ,6964.0,10:32:08 AM,1572670928245
-1.662 ,8.175 ,1.133,23.56821,87.30251666666666 ,20.914810180664062,82.40268293935601 ,6964.0,10:32:08 AM,1572670928245
-1.309 ,9.633 ,2.941,23.56821,87.30251666666666 ,20.914810180664062,82.40268293935601 ,6964.0,10:32:08 AM,1572670928255
-1.448 ,10.779 ,5.583,23.56821,87.30251666666666 ,20.914810180664062,82.40268293935601 ,6964.0,10:32:08 AM,1572670928255
-1.467 ,9.171 ,6.619,23.56821,87.30251666666666 ,20.914810180664062,82.40268293935601 ,6964.0,10:32:08 AM,1572670928256
-0.99 ,6.288 ,4.242,23.56821,87.30251666666666 ,20.914810180664062,82.40268293935601 ,6964.0,10:32:08 AM,1572670928257
-0.589 ,5.059 ,4.095,23.56821,87.30251666666666 ,20.914810180664062,82.40268293935601 ,6964.0,10:32:08 AM,1572670928260
-1.153 ,5.375 ,5.454,23.56821,87.30251666666666 ,20.914810180664062,82.40268293935601 ,6964.0,10:32:08 AM,1572670928260
-1.863 ,7.209 ,8.616,23.56821,87.30251666666666 ,20.914810180664062,82.40268293935601 ,6964.0,10:32:08 AM,1572670928265
-1.771 ,8.329 ,11.139,23.56821,87.30251666666666 ,20.914810180664062,82.40268293935601 ,6964.0,10:32:08 AM,1572670928265
-1.86 ,7.86 ,9.263,23.56821,87.30251666666666 ,20.914810180664062,82.40268293935601 ,6964.0,10:32:08 AM,1572670928270
-2.35 ,6.501 ,5.119,23.56821,87.30251666666666 ,20.914810180664062,82.40268293935601 ,6964.0,10:32:08 AM,1572670928271
-2.317 ,6.124 ,2.935,23.56821,87.30251666666666 ,20.914810180664062,82.40268293935601 ,6964.0,10:32:08 AM,1572670928276
-2.03 ,7.112 ,3.273,23.56821,87.30251666666666 ,20.914810180664062,82.40268293935601 ,6964.0,10:32:08 AM,1572670928277
-2.328 ,8.648 ,5.343,23.56821,87.30251666666666 ,20.914810180664062,82.40268293935601 ,6964.0,10:32:08 AM,1572670928279
-2.123 ,9.677 ,7.123,23.56821,87.30251666666666 ,20.914810180664062,82.40268293935601 ,6964.0,10:32:08 AM,1572670928280
-1.49 ,8.931 ,8.459,23.56821,87.30251666666666 ,20.914810180664062,82.40268293935601 ,6964.0,10:32:08 AM,1572670928287
-1.238 ,6.41 ,8.79,23.56821,87.30251666666666 ,20.914810180664062,82.40268293935601 ,6964.0,10:32:08 AM,1572670928288
-0.914 ,4.588 ,8.562,23.56821,87.30251666666666 ,20.914810180664062,82.40268293935601 ,6964.0,10:32:08 AM,1572670928290
-1.002 ,5.304 ,8.235,23.56821,87.30251666666666 ,20.914810180664062,82.40268293935601 ,6964.0,10:32:08 AM,1572670928291
-0.581 ,8.188 ,9.472,23.56821,87.30251666666666 ,20.914810180664062,82.40268293935601 ,6964.0,10:32:08 AM,1572670928295
-1.455 ,10.399 ,7.676,23.56821,87.30251666666666 ,20.914810180664062,82.40268293935601 ,6964.0,10:32:08 AM,1572670928296
-1.168 ,11.654 ,5.398,23.56821,87.30251666666666 ,20.914810180664062,82.40268293935601 ,6964.0,10:32:08 AM,1572670928302
-0.373 ,11.625 ,4.193,23.56821,87.30251666666666 ,20.914810180664062,82.40268293935601 ,6964.0,10:32:08 AM,1572670928303
-0.722 ,11.04 ,0.849,23.56821,87.30251666666666 ,20.914810180664062,82.40268293935601 ,6964.0,10:32:08 AM,1572670928305
-0.677 ,9.97 ,0.973,23.56821,87.30251666666666 ,20.914810180664062,82.40268293935601 ,6964.0,10:32:08 AM,1572670928305
-1.299 ,8.818 ,1.666,23.56821,87.30251666666666 ,20.914810180664062,82.40268293935601 ,6964.0,10:32:08 AM,1572670928311
-1.478 ,8.13 ,2.12,23.56821,87.30251666666666 ,20.914810180664062,82.40268293935601 ,6964.0,10:32:08 AM,1572670928311
-2.215 ,8.412 ,1.898,23.56821,87.30251666666666 ,20.914810180664062,81.09243488226983 ,6964.0,10:32:08 AM,1572670928315
-1.995 ,10.786 ,3.058,23.56821,87.30251666666666 ,20.914810180664062,81.09243488226983 ,6964.0,10:32:08 AM,1572670928316
-1.403 ,12.859 ,4.294,23.56821,87.30251666666666 ,20.914810180664062,81.09243488226983 ,6964.0,10:32:08 AM,1572670928321
-1.577 ,11.134 ,1.435,23.56821,87.30251666666666 ,20.914810180664062,81.09243488226983 ,6964.0,10:32:08 AM,1572670928321
-0.376 ,7.483 ,0.239,23.56821,87.30251666666666 ,20.914810180664062,81.09243488226983 ,6964.0,10:32:08 AM,1572670928325
-0.193 ,5.375 ,-0.23,23.56821,87.30251666666666 ,20.914810180664062,81.09243488226983 ,6964.0,10:32:08 AM,1572670928325
0.555 ,5.833 ,5.606,23.56821,87.30251666666666 ,20.914810180664062,81.09243488226983 ,6964.0,10:32:08 AM,1572670928329
0.011 ,6.691 ,13.439,23.56821,87.30251666666666 ,20.914810180664062,81.09243488226983 ,6964.0,10:32:08 AM,1572670928330
-0.591 ,5.98 ,17.974,23.56821,87.30251666666666 ,20.914810180664062,81.09243488226983 ,6964.0,10:32:08 AM,1572670928336
-0.175 ,4.039 ,20.133,23.56821,87.30251666666666 ,20.914810180664062,81.09243488226983 ,6964.0,10:32:08 AM,1572670928336
-1.104 ,1.519 ,16.583,23.56821,87.30251666666666 ,20.914810180664062,81.09243488226983 ,6964.0,10:32:08 AM,1572670928340
-1.825 ,0.551 ,13.55,23.56821,87.30251666666666 ,20.914810180664062,81.09243488226983 ,6964.0,10:32:08 AM,1572670928340
-2.214 ,1.808 ,12.893,23.56821,87.30251666666666 ,20.914810180664062,81.09243488226983 ,6964.0,10:32:08 AM,1572670928345
-3.457 ,3.776 ,12.408,23.56821,87.30251666666666 ,20.914810180664062,81.09243488226983 ,6964.0,10:32:08 AM,1572670928346
-4.236 ,6.587 ,11.229,23.56821,87.30251666666666 ,20.914810180664062,81.09243488226983 ,6964.0,10:32:08 AM,1572670928354
-5.262 ,9.365 ,9.671,23.56821,87.30251666666666 ,20.914810180664062,81.09243488226983 ,6964.0,10:32:08 AM,1572670928355
-4.57 ,9.123 ,9.613,23.56821,87.30251666666666 ,20.914810180664062,81.09243488226983 ,6964.0,10:32:08 AM,1572670928355
-3.684 ,8.396 ,6.47,23.56821,87.30251666666666 ,20.914810180664062,81.09243488226983 ,6964.0,10:32:08 AM,1572670928356
-2.517 ,9.517 ,3.076,23.56821,87.30251666666666 ,20.914810180664062,81.09243488226983 ,6964.0,10:32:08 AM,1572670928359
-0.2 ,9.123 ,4.409,23.56821,87.30251666666666 ,20.914810180664062,81.09243488226983 ,6964.0,10:32:08 AM,1572670928360
1.56 ,9.978 ,1.484,23.56821,87.30251666666666 ,20.914810180664062,81.09243488226983 ,6964.0,10:32:08 AM,1572670928365
1.834 ,10.798 ,-0.537,23.56821,87.30251666666666 ,20.914810180664062,81.09243488226983 ,6964.0,10:32:08 AM,1572670928365
2.206 ,11.47 ,4.038,23.56821,87.30251666666666 ,20.914810180664062,81.09243488226983 ,6964.0,10:32:08 AM,1572670928370
1.297 ,12.652 ,8.072,23.56821,87.30251666666666 ,20.914810180664062,81.09243488226983 ,6964.0,10:32:08 AM,1572670928371
-0.781 ,11.898 ,3.979,23.56821,87.30251666666666 ,20.914810180664062,81.09243488226983 ,6964.0,10:32:08 AM,1572670928375
-0.77 ,9.755 ,2.337,23.56821,87.30251666666666 ,20.914810180664062,81.09243488226983 ,6964.0,10:32:08 AM,1572670928376
-1.072 ,7.253 ,1.588,23.56821,87.30251666666666 ,20.914810180664062,81.09243488226983 ,6964.0,10:32:08 AM,1572670928380
-1.052 ,7.54 ,0.273,23.56821,87.30251666666666 ,20.914810180664062,81.09243488226983 ,6964.0,10:32:08 AM,1572670928380
-0.549 ,11.214 ,0.215,23.56821,87.30251666666666 ,20.914810180664062,81.09243488226983 ,6964.0,10:32:08 AM,1572670928386
1.464 ,13.005 ,4.666,23.56821,87.30251666666666 ,20.914810180664062,81.09243488226983 ,6964.0,10:32:08 AM,1572670928386
2.367 ,10.982 ,4.942,23.56821,87.30251666666666 ,20.914810180664062,81.09243488226983 ,6964.0,10:32:08 AM,1572670928390
1.71 ,6.334 ,0.414,23.56821,87.30251666666666 ,20.914810180664062,81.09243488226983 ,6964.0,10:32:08 AM,1572670928390
2.073 ,3.15 ,-0.552,23.56821,87.30251666666666 ,20.914810180664062,81.09243488226983 ,7199.0,10:32:08 AM,1572670928394
1.286 ,3.171 ,4.137,23.56821,87.30251666666666 ,20.914810180664062,81.09243488226983 ,7199.0,10:32:08 AM,1572670928395
-1.459 ,5.967 ,8.4,23.56821,87.30251666666666 ,20.914810180664062,81.09243488226983 ,7199.0,10:32:08 AM,1572670928402
-2.841 ,7.531 ,12.126,23.56821,87.30251666666666 ,20.914810180664062,81.09243488226983 ,7199.0,10:32:08 AM,1572670928402
-3.695 ,6.73 ,13.201,23.56821,87.30251666666666 ,20.914810180664062,81.09243488226983 ,7199.0,10:32:08 AM,1572670928405
-3.631 ,5.381 ,9.452,23.56821,87.30251666666666 ,20.914810180664062,81.09243488226983 ,7199.0,10:32:08 AM,1572670928406
-2.352 ,5.239 ,6.977,23.56821,87.30251666666666 ,20.914810180664062,81.09243488226983 ,7199.0,10:32:08 AM,1572670928410
-0.592 ,6.745 ,10.386,23.56821,87.30251666666666 ,20.914810180664062,81.09243488226983 ,7199.0,10:32:08 AM,1572670928410
1.092 ,8.061 ,11.138,23.56821,87.30251666666666 ,20.914810180664062,81.09243488226983 ,7199.0,10:32:08 AM,1572670928416
2.268 ,7.919 ,10.083,23.56821,87.30251666666666 ,20.914810180664062,81.09243488226983 ,7199.0,10:32:08 AM,1572670928416
3.093 ,6.689 ,8.795,23.56821,87.30251666666666 ,20.914810180664062,81.09243488226983 ,7199.0,10:32:08 AM,1572670928420
3.479 ,5.867 ,8.579,23.56821,87.30251666666666 ,20.914810180664062,81.09243488226983 ,7199.0,10:32:08 AM,1572670928421
2.424 ,6.769 ,8.333,23.56821,87.30251666666666 ,20.914810180664062,81.09243488226983 ,7199.0,10:32:08 AM,1572670928424
0.888 ,8.387 ,8.582,23.56821,87.30251666666666 ,20.914810180664062,81.09243488226983 ,7199.0,10:32:08 AM,1572670928425
-0.555 ,9.923 ,8.102,23.56821,87.30251666666666 ,20.914810180664062,81.09243488226983 ,7199.0,10:32:08 AM,1572670928430
-1.661 ,8.749 ,5.741,23.56821,87.30251666666666 ,20.914810180664062,81.09243488226983 ,7199.0,10:32:08 AM,1572670928430
-3.519 ,6.168 ,0.139,23.56821,87.30251666666666 ,20.914810180664062,81.09243488226983 ,7199.0,10:32:08 AM,1572670928438
-3.156 ,6.389 ,1.992,23.56821,87.30251666666666 ,20.914810180664062,81.09243488226983 ,7199.0,10:32:08 AM,1572670928439
-3.323 ,9.496 ,6.431,23.56821,87.30251666666666 ,20.914810180664062,81.09243488226983 ,7199.0,10:32:08 AM,1572670928439
-3.374 ,12.268 ,9.215,23.56821,87.30251666666666 ,20.914810180664062,81.09243488226983 ,7199.0,10:32:08 AM,1572670928440
-2.729 ,11.174 ,9.156,23.56821,87.30251666666666 ,20.914810180664062,81.09243488226983 ,7199.0,10:32:08 AM,1572670928445
-1.548 ,6.841 ,4.805,23.56821,87.30251666666666 ,20.914810180664062,81.09243488226983 ,7199.0,10:32:08 AM,1572670928445
-0.058 ,4.136 ,-1.303,23.56821,87.30251666666666 ,20.914810180664062,81.09243488226983 ,7199.0,10:32:08 AM,1572670928450
1.651 ,6.353 ,-1.642,23.56821,87.30251666666666 ,20.914810180664062,81.09243488226983 ,7199.0,10:32:08 AM,1572670928450
2.531 ,11.923 ,2.762,23.56821,87.30251666666666 ,20.914810180664062,81.09243488226983 ,7199.0,10:32:08 AM,1572670928455
3.233 ,15.231 ,6.057,23.56821,87.30251666666666 ,20.914810180664062,81.09243488226983 ,7199.0,10:32:08 AM,1572670928455
2.064 ,12.074 ,3.33,23.56821,87.30251666666666 ,20.914810180664062,81.09243488226983 ,7199.0,10:32:08 AM,1572670928460
1.253 ,5.803 ,0.388,23.56821,87.30251666666666 ,20.914810180664062,81.09243488226983 ,7199.0,10:32:08 AM,1572670928460
-0.964 ,2.774 ,-1.275,23.56821,87.30251666666666 ,20.914810180664062,81.09243488226983 ,7199.0,10:32:08 AM,1572670928465
-2.196 ,4.97 ,5.484,23.56821,87.30251666666666 ,20.914810180664062,81.09243488226983 ,7199.0,10:32:08 AM,1572670928465
