x,y,z,latitude,longitude,speed,sound,light,time,timestamp
0.957 ,3.863 ,8.125,23.55476833333333,87.29864666666666 ,35.47383041381836,87.68532077621317 ,9361.0,10:35:31 AM,1572671131101
-0.917 ,0.77 ,13.761,23.55476833333333,87.29864666666666 ,35.47383041381836,87.68532077621317 ,9361.0,10:35:31 AM,1572671131107
-4.808 ,-4.271 ,11.181,23.55476833333333,87.29864666666666 ,35.47383041381836,87.68532077621317 ,9361.0,10:35:31 AM,1572671131107
-6.957 ,-4.144 ,10.464,23.55476833333333,87.29864666666666 ,35.47383041381836,87.68532077621317 ,9361.0,10:35:31 AM,1572671131111
-9.946 ,-0.601 ,14.285,23.55476833333333,87.29864666666666 ,35.47383041381836,87.68532077621317 ,9361.0,10:35:31 AM,1572671131112
-9.633 ,2.674 ,24.161,23.55476833333333,87.29864666666666 ,35.47383041381836,87.68532077621317 ,9361.0,10:35:31 AM,1572671131119
-12.693 ,3.113 ,21.896,23.55476833333333,87.29864666666666 ,35.47383041381836,87.68532077621317 ,9361.0,10:35:31 AM,1572671131119
-5.777 ,4.867 ,18.008,23.55476833333333,87.29864666666666 ,35.47383041381836,87.68532077621317 ,9361.0,10:35:31 AM,1572671131123
-5.473 ,7.067 ,7.851,23.55476833333333,87.29864666666666 ,35.47383041381836,87.68532077621317 ,9361.0,10:35:31 AM,1572671131124
-2.81 ,9.871 ,1.581,23.55476833333333,87.29864666666666 ,35.47383041381836,87.68532077621317 ,9361.0,10:35:31 AM,1572671131126
1.846 ,10.83 ,2.033,23.55476833333333,87.29864666666666 ,35.47383041381836,87.68532077621317 ,9361.0,10:35:31 AM,1572671131126
1.833 ,10.176 ,4.697,23.55476833333333,87.29864666666666 ,35.47383041381836,87.68532077621317 ,9361.0,10:35:31 AM,1572671131131
2.497 ,10.996 ,7.514,23.55476833333333,87.29864666666666 ,35.47383041381836,87.68532077621317 ,9361.0,10:35:31 AM,1572671131131
2.969 ,13.024 ,14.133,23.55476833333333,87.29864666666666 ,35.47383041381836,87.68532077621317 ,9361.0,10:35:31 AM,1572671131138
0.567 ,14.192 ,10.082,23.55476833333333,87.29864666666666 ,35.47383041381836,87.68532077621317 ,9361.0,10:35:31 AM,1572671131139
4.223 ,14.059 ,5.462,23.55476833333333,87.29864666666666 ,35.47383041381836,87.68532077621317 ,9361.0,10:35:31 AM,1572671131140
3.719 ,11.339 ,1.52,23.55476833333333,87.29864666666666 ,35.47383041381836,87.68532077621317 ,9361.0,10:35:31 AM,1572671131141
5.152 ,12.765 ,-9.61,23.55476833333333,87.29864666666666 ,35.47383041381836,87.68532077621317 ,9361.0,10:35:31 AM,1572671131146
4.09 ,17.857 ,-16.744,23.55476833333333,87.29864666666666 ,35.47383041381836,87.68532077621317 ,9361.0,10:35:31 AM,1572671131147
1.961 ,20.739 ,-17.992,23.55476833333333,87.29864666666666 ,35.47383041381836,87.68532077621317 ,9361.0,10:35:31 AM,1572671131150
0.917 ,18.884 ,-14.05,23.55476833333333,87.29864666666666 ,35.47383041381836,87.68532077621317 ,9361.0,10:35:31 AM,1572671131151
-4.733 ,13.409 ,-11.378,23.55476833333333,87.29864666666666 ,35.47383041381836,87.68532077621317 ,9361.0,10:35:31 AM,1572671131158
-5.791 ,9.8 ,-8.206,23.55476833333333,87.29864666666666 ,35.47383041381836,87.68532077621317 ,9361.0,10:35:31 AM,1572671131159
-4.662 ,9.012 ,5.361,23.55476833333333,87.29864666666666 ,35.47383041381836,87.68532077621317 ,9361.0,10:35:31 AM,1572671131161
-5.289 ,9.942 ,8.215,23.55476833333333,87.29864666666666 ,35.47383041381836,87.68532077621317 ,9361.0,10:35:31 AM,1572671131161
0.003 ,8.06 ,14.959,23.55476833333333,87.29864666666666 ,35.47383041381836,87.68532077621317 ,9361.0,10:35:31 AM,1572671131166
-0.597 ,2.509 ,10.0,23.55476833333333,87.29864666666666 ,35.47383041381836,87.68532077621317 ,9361.0,10:35:31 AM,1572671131166
3.311 ,2.472 ,3.755,23.55476833333333,87.29864666666666 ,35.47383041381836,87.68532077621317 ,9361.0,10:35:31 AM,1572671131173
3.841 ,7.011 ,5.818,23.55476833333333,87.29864666666666 ,35.47383041381836,87.68532077621317 ,9361.0,10:35:31 AM,1572671131173
1.429 ,11.563 ,6.431,23.55476833333333,87.29864666666666 ,35.47383041381836,87.68532077621317 ,9361.0,10:35:31 AM,1572671131176
2.896 ,15.152 ,10.678,23.55476833333333,87.29864666666666 ,35.47383041381836,87.68532077621317 ,9361.0,10:35:31 AM,1572671131177
1.375 ,10.917 ,6.883,23.55476833333333,87.29864666666666 ,35.47383041381836,87.68532077621317 ,9361.0,10:35:31 AM,1572671131180
-0.724 ,7.149 ,0.418,23.55476833333333,87.29864666666666 ,35.47383041381836,87.68532077621317 ,9361.0,10:35:31 AM,1572671131181
1.898 ,2.976 ,7.896,23.55476833333333,87.29864666666666 ,35.47383041381836,87.68532077621317 ,9361.0,10:35:31 AM,1572671131186
-2.167 ,2.104 ,12.713,23.55476833333333,87.29864666666666 ,35.47383041381836,87.68532077621317 ,9361.0,10:35:31 AM,1572671131186
-0.761 ,2.164 ,25.354,23.55476833333333,87.29864666666666 ,35.47383041381836,87.68532077621317 ,9361.0,10:35:31 AM,1572671131191
-4.218 ,0.59 ,25.21,23.55476833333333,87.29864666666666 ,35.47383041381836,87.68532077621317 ,9361.0,10:35:31 AM,1572671131192
-4.474 ,0.793 ,18.992,23.55476833333333,87.29864666666666 ,35.47383041381836,87.68532077621317 ,9333.0,10:35:31 AM,1572671131195
-5.316 ,2.498 ,16.687,23.55476833333333,87.29864666666666 ,35.47383041381836,87.68532077621317 ,9333.0,10:35:31 AM,1572671131196
-6.416 ,6.969 ,10.56,23.55476833333333,87.29864666666666 ,35.47383041381836,87.68532077621317 ,9333.0,10:35:31 AM,1572671131200
-5.026 ,11.181 ,6.412,23.55476833333333,87.29864666666666 ,35.47383041381836,87.68532077621317 ,9333.0,10:35:31 AM,1572671131201
-4.559 ,10.397 ,1.755,23.55476833333333,87.29864666666666 ,35.47383041381836,87.68532077621317 ,9333.0,10:35:31 AM,1572671131206
-1.897 ,8.711 ,-5.785,23.55476833333333,87.29864666666666 ,35.47383041381836,87.68532077621317 ,9333.0,10:35:31 AM,1572671131206
2.272 ,9.095 ,-7.147,23.55476833333333,87.29864666666666 ,35.47383041381836,87.68532077621317 ,9333.0,10:35:31 AM,1572671131210
3.855 ,12.091 ,-9.241,23.55476833333333,87.29864666666666 ,35.47383041381836,87.68532077621317 ,9333.0,10:35:31 AM,1572671131211
6.719 ,15.686 ,-1.557,23.55476833333333,87.29864666666666 ,35.47383041381836,87.68532077621317 ,9333.0,10:35:31 AM,1572671131216
2.351 ,15.384 ,-4.87,23.55476833333333,87.29864666666666 ,35.47383041381836,87.68532077621317 ,9333.0,10:35:31 AM,1572671131216
1.755 ,11.957 ,-5.95,23.55476833333333,87.29864666666666 ,35.47383041381836,87.68532077621317 ,9333.0,10:35:31 AM,1572671131224
-3.628 ,8.282 ,-3.613,23.55476833333333,87.29864666666666 ,35.47383041381836,87.68532077621317 ,9333.0,10:35:31 AM,1572671131224
-6.679 ,8.152 ,3.591,23.55476833333333,87.29864666666666 ,35.47383041381836,87.68532077621317 ,9333.0,10:35:31 AM,1572671131225
-5.514 ,12.057 ,13.841,23.55476833333333,87.29864666666666 ,35.47383041381836,87.68532077621317 ,9333.0,10:35:31 AM,1572671131226
-6.558 ,11.433 ,17.868,23.55476833333333,87.29864666666666 ,35.47383041381836,87.68532077621317 ,9333.0,10:35:31 AM,1572671131231
-0.22 ,7.139 ,12.587,23.55476833333333,87.29864666666666 ,35.47383041381836,87.68532077621317 ,9333.0,10:35:31 AM,1572671131232
5.007 ,2.99 ,7.287,23.55476833333333,87.29864666666666 ,35.47383041381836,87.68532077621317 ,9333.0,10:35:31 AM,1572671131237
7.25 ,1.322 ,-0.494,23.55476833333333,87.29864666666666 ,35.47383041381836,87.68532077621317 ,9333.0,10:35:31 AM,1572671131238
10.313 ,3.72 ,2.622,23.55476833333333,87.29864666666666 ,35.47383041381836,87.68532077621317 ,9333.0,10:35:31 AM,1572671131242
5.442 ,4.443 ,3.422,23.55476833333333,87.29864666666666 ,35.47383041381836,87.68532077621317 ,9333.0,10:35:31 AM,1572671131243
2.115 ,4.359 ,4.709,23.55476833333333,87.29864666666666 ,35.47383041381836,87.68532077621317 ,9333.0,10:35:31 AM,1572671131246
-3.328 ,2.291 ,12.486,23.55476833333333,87.29864666666666 ,35.47383041381836,87.68532077621317 ,9333.0,10:35:31 AM,1572671131247
-9.359 ,2.103 ,13.972,23.55476833333333,87.29864666666666 ,35.47383041381836,87.68532077621317 ,9333.0,10:35:31 AM,1572671131251
-9.433 ,4.364 ,20.806,23.55476833333333,87.29864666666666 ,35.47383041381836,87.68532077621317 ,9333.0,10:35:31 AM,1572671131252
-10.462 ,4.367 ,21.676,23.55476833333333,87.29864666666666 ,35.47383041381836,87.68532077621317 ,9333.0,10:35:31 AM,1572671131257
-5.913 ,4.143 ,16.551,23.55476833333333,87.29864666666666 ,35.47383041381836,87.68532077621317 ,9333.0,10:35:31 AM,1572671131258
-1.366 ,4.438 ,7.875,23.55476833333333,87.29864666666666 ,35.47383041381836,87.68532077621317 ,9333.0,10:35:31 AM,1572671131262
2.939 ,6.76 ,-1.497,23.55476833333333,87.29864666666666 ,35.47383041381836,87.68532077621317 ,9333.0,10:35:31 AM,1572671131262
6.47 ,10.308 ,-5.65,23.55476833333333,87.29864666666666 ,35.47383041381836,87.68532077621317 ,9333.0,10:35:31 AM,1572671131265
6.114 ,13.886 ,-8.194,23.55476833333333,87.29864666666666 ,35.47383041381836,87.68532077621317 ,9333.0,10:35:31 AM,1572671131266
4.354 ,14.678 ,-11.973,23.55476833333333,87.29864666666666 ,35.47383041381836,87.68532077621317 ,9333.0,10:35:31 AM,1572671131274
1.314 ,14.401 ,-10.969,23.55476833333333,87.29864666666666 ,35.47383041381836,87.68532077621317 ,9333.0,10:35:31 AM,1572671131275
-2.279 ,14.916 ,-7.857,23.55476833333333,87.29864666666666 ,35.47383041381836,87.68532077621317 ,9333.0,10:35:31 AM,1572671131275
-3.296 ,15.878 ,1.49,23.55476833333333,87.29864666666666 ,35.47383041381836,87.68532077621317 ,9333.0,10:35:31 AM,1572671131276
-4.332 ,15.514 ,8.969,23.55476833333333,87.29864666666666 ,35.47383041381836,87.68532077621317 ,9333.0,10:35:31 AM,1572671131282
-2.93 ,12.2 ,7.854,23.55476833333333,87.29864666666666 ,35.47383041381836,87.68532077621317 ,9333.0,10:35:31 AM,1572671131282
0.487 ,8.546 ,5.675,23.55476833333333,87.29864666666666 ,35.47383041381836,87.68532077621317 ,9333.0,10:35:31 AM,1572671131290
1.45 ,6.16 ,0.935,23.55476833333333,87.29864666666666 ,35.47383041381836,87.68532077621317 ,9333.0,10:35:31 AM,1572671131292
3.959 ,7.216 ,3.214,23.55476833333333,87.29864666666666 ,35.47383041381836,87.68532077621317 ,9333.0,10:35:31 AM,1572671131292
1.375 ,8.005 ,4.645,23.55476833333333,87.29864666666666 ,35.47383041381836,87.68532077621317 ,9333.0,10:35:31 AM,1572671131293
0.368 ,7.67 ,4.888,23.55476833333333,87.29864666666666 ,35.47383041381836,87.68532077621317 ,9333.0,10:35:31 AM,1572671131296
0.867 ,7.255 ,9.014,23.55476833333333,87.29864666666666 ,35.47383041381836,87.68532077621317 ,9333.0,10:35:31 AM,1572671131296
-2.486 ,7.061 ,8.557,23.55476833333333,87.29864666666666 ,35.47383041381836,87.68532077621317 ,9333.0,10:35:31 AM,1572671131300
-2.283 ,7.054 ,11.806,23.55476833333333,87.29864666666666 ,35.47383041381836,87.68532077621317 ,9333.0,10:35:31 AM,1572671131301
-2.451 ,3.577 ,18.256,23.55476833333333,87.29864666666666 ,35.47383041381836,87.68532077621317 ,9333.0,10:35:31 AM,1572671131306
-1.876 ,-1.213 ,19.55,23.55476833333333,87.29864666666666 ,35.47383041381836,87.68532077621317 ,9333.0,10:35:31 AM,1572671131307
-1.467 ,-2.564 ,17.399,23.55476833333333,87.29864666666666 ,35.47383041381836,87.68532077621317 ,9333.0,10:35:31 AM,1572671131311
-3.113 ,-0.701 ,16.395,23.55476833333333,87.29864666666666 ,35.47383041381836,87.68532077621317 ,9333.0,10:35:31 AM,1572671131312
-1.587 ,3.909 ,21.642,23.55476833333333,87.29864666666666 ,35.47383041381836,87.68532077621317 ,9333.0,10:35:31 AM,1572671131315
-4.362 ,4.139 ,20.138,23.55476833333333,87.29864666666666 ,35.47383041381836,87.68532077621317 ,9333.0,10:35:31 AM,1572671131316
-4.709 ,4.106 ,11.078,23.55476833333333,87.29864666666666 ,35.47383041381836,87.68532077621317 ,9333.0,10:35:31 AM,1572671131323
-4.972 ,6.061 ,6.916,23.55476833333333,87.29864666666666 ,35.47383041381836,87.68532077621317 ,9333.0,10:35:31 AM,1572671131324
-5.784 ,7.793 ,5.552,23.55476833333333,87.29864666666666 ,35.47383041381836,87.68532077621317 ,9333.0,10:35:31 AM,1572671131327
-2.315 ,12.507 ,2.953,23.55476833333333,87.29864666666666 ,35.47383041381836,87.68532077621317 ,9333.0,10:35:31 AM,1572671131328
-0.059 ,12.522 ,3.869,23.55476833333333,87.29864666666666 ,35.47383041381836,87.68532077621317 ,9333.0,10:35:31 AM,1572671131332
1.056 ,9.896 ,-1.461,23.55476833333333,87.29864666666666 ,35.47383041381836,87.68532077621317 ,9333.0,10:35:31 AM,1572671131333
3.339 ,11.148 ,-11.828,23.55476833333333,87.29864666666666 ,35.47383041381836,87.68532077621317 ,9333.0,10:35:31 AM,1572671131340
1.652 ,11.929 ,-19.017,23.55476833333333,87.29864666666666 ,35.47383041381836,87.68532077621317 ,9333.0,10:35:31 AM,1572671131341
0.232 ,12.669 ,-17.982,23.55476833333333,87.29864666666666 ,35.47383041381836,87.68532077621317 ,9333.0,10:35:31 AM,1572671131341
-4.955 ,11.916 ,-12.242,23.55476833333333,87.29864666666666 ,35.47383041381836,87.68532077621317 ,9333.0,10:35:31 AM,1572671131342
-8.275 ,11.52 ,-4.275,23.55476833333333,87.29864666666666 ,35.47383041381836,87.68532077621317 ,9333.0,10:35:31 AM,1572671131346
-6.977 ,12.451 ,11.054,23.55476833333333,87.29864666666666 ,35.47383041381836,87.68532077621317 ,9333.0,10:35:31 AM,1572671131346
-7.277 ,14.381 ,18.235,23.55476833333333,87.29864666666666 ,35.47383041381836,87.68532077621317 ,9333.0,10:35:31 AM,1572671131351
