x,y,z,latitude,longitude,speed,sound,light,time,timestamp
-8.118 ,6.508 ,12.247,23.55703,87.29875333333332 ,36.05567321777344,87.89343257035654 ,5844.0,10:35:02 AM,1572671102935
-9.732 ,3.709 ,12.078,23.55703,87.29875333333332 ,36.05567321777344,87.89343257035654 ,5844.0,10:35:02 AM,1572671102939
-10.917 ,3.647 ,13.306,23.55703,87.29875333333332 ,36.05567321777344,87.89343257035654 ,5844.0,10:35:02 AM,1572671102939
-8.928 ,5.094 ,16.482,23.55703,87.29875333333332 ,36.05567321777344,87.89343257035654 ,5844.0,10:35:02 AM,1572671102946
-4.147 ,5.111 ,23.227,23.55703,87.29875333333332 ,36.05567321777344,87.89343257035654 ,5844.0,10:35:02 AM,1572671102946
-2.939 ,1.048 ,20.941,23.55703,87.29875333333332 ,36.05567321777344,87.89343257035654 ,5844.0,10:35:02 AM,1572671102948
1.61 ,-1.963 ,16.817,23.55703,87.29875333333332 ,36.05567321777344,87.89343257035654 ,5844.0,10:35:02 AM,1572671102948
1.387 ,-2.425 ,8.637,23.55703,87.29875333333332 ,36.05567321777344,87.89343257035654 ,5844.0,10:35:02 AM,1572671102953
0.649 ,1.397 ,-0.282,23.55703,87.29875333333332 ,36.05567321777344,87.89343257035654 ,5844.0,10:35:02 AM,1572671102954
0.412 ,7.297 ,-6.253,23.55703,87.29875333333332 ,36.05567321777344,87.89343257035654 ,5844.0,10:35:02 AM,1572671102958
-0.945 ,12.286 ,-1.475,23.55703,87.29875333333332 ,36.05567321777344,87.89343257035654 ,5844.0,10:35:02 AM,1572671102958
-5.022 ,15.209 ,-7.025,23.55703,87.29875333333332 ,36.05567321777344,87.89343257035654 ,5844.0,10:35:02 AM,1572671102964
-2.939 ,16.017 ,-4.964,23.55703,87.29875333333332 ,36.05567321777344,87.89343257035654 ,5844.0,10:35:02 AM,1572671102965
-4.284 ,12.226 ,-8.858,23.55703,87.29875333333332 ,36.05567321777344,87.89343257035654 ,5844.0,10:35:02 AM,1572671102969
-0.167 ,8.863 ,-5.476,23.55703,87.29875333333332 ,36.05567321777344,87.89343257035654 ,5844.0,10:35:02 AM,1572671102969
0.564 ,7.768 ,-2.579,23.55703,87.29875333333332 ,36.05567321777344,87.89343257035654 ,5844.0,10:35:02 AM,1572671102973
1.549 ,7.298 ,4.617,23.55703,87.29875333333332 ,36.05567321777344,87.89343257035654 ,5844.0,10:35:02 AM,1572671102974
2.815 ,9.773 ,5.059,23.55703,87.29875333333332 ,36.05567321777344,87.89343257035654 ,5844.0,10:35:02 AM,1572671102981
2.378 ,11.631 ,4.699,23.55703,87.29875333333332 ,36.05567321777344,87.89343257035654 ,5844.0,10:35:02 AM,1572671102982
0.051 ,11.105 ,-0.479,23.55703,87.29875333333332 ,36.05567321777344,87.89343257035654 ,5844.0,10:35:02 AM,1572671102983
-0.039 ,10.989 ,-3.515,23.55703,87.29875333333332 ,36.05567321777344,87.89343257035654 ,5844.0,10:35:02 AM,1572671102984
-3.199 ,10.871 ,-7.082,23.55703,87.29875333333332 ,36.05567321777344,87.89343257035654 ,5844.0,10:35:02 AM,1572671102988
-3.768 ,9.195 ,-7.134,23.55703,87.29875333333332 ,36.05567321777344,87.89343257035654 ,5844.0,10:35:02 AM,1572671102988
-1.811 ,8.503 ,0.669,23.55703,87.29875333333332 ,36.05567321777344,87.89343257035654 ,4735.0,10:35:02 AM,1572671102996
-0.611 ,7.708 ,10.547,23.55703,87.29875333333332 ,36.05567321777344,87.89343257035654 ,4735.0,10:35:02 AM,1572671102997
0.802 ,7.739 ,16.182,23.55703,87.29875333333332 ,36.05567321777344,87.89343257035654 ,4735.0,10:35:02 AM,1572671102998
2.49 ,6.494 ,22.878,23.55703,87.29875333333332 ,36.05567321777344,87.89343257035654 ,4735.0,10:35:02 AM,1572671102999
1.514 ,2.704 ,21.917,23.55703,87.29875333333332 ,36.05567321777344,87.89343257035654 ,4735.0,10:35:03 AM,1572671103003
1.451 ,-0.666 ,17.433,23.55703,87.29875333333332 ,36.05567321777344,87.89343257035654 ,4735.0,10:35:03 AM,1572671103004
0.975 ,-1.401 ,16.677,23.55703,87.29875333333332 ,36.05567321777344,87.89343257035654 ,4735.0,10:35:03 AM,1572671103008
-1.269 ,2.667 ,14.211,23.55703,87.29875333333332 ,36.05567321777344,87.89343257035654 ,4735.0,10:35:03 AM,1572671103008
-2.332 ,9.853 ,11.483,23.55703,87.29875333333332 ,36.05567321777344,87.89343257035654 ,4735.0,10:35:03 AM,1572671103014
-3.98 ,11.284 ,12.716,23.55703,87.29875333333332 ,36.05567321777344,87.89343257035654 ,4735.0,10:35:03 AM,1572671103014
-6.554 ,6.95 ,8.434,23.55703,87.29875333333332 ,36.05567321777344,87.89343257035654 ,4735.0,10:35:03 AM,1572671103019
-5.19 ,4.611 ,6.021,23.55703,87.29875333333332 ,36.05567321777344,87.89343257035654 ,4735.0,10:35:03 AM,1572671103020
-4.098 ,5.564 ,7.689,23.55703,87.29875333333332 ,36.05567321777344,87.89343257035654 ,4735.0,10:35:03 AM,1572671103024
-3.22 ,10.202 ,9.302,23.55703,87.29875333333332 ,36.05567321777344,87.89343257035654 ,4735.0,10:35:03 AM,1572671103024
0.203 ,13.719 ,14.163,23.55703,87.29875333333332 ,36.05567321777344,87.89343257035654 ,4735.0,10:35:03 AM,1572671103029
-0.034 ,11.685 ,6.16,23.55703,87.29875333333332 ,36.05567321777344,87.89343257035654 ,4735.0,10:35:03 AM,1572671103029
-0.943 ,7.638 ,-5.37,23.55703,87.29875333333332 ,36.05567321777344,87.89343257035654 ,4735.0,10:35:03 AM,1572671103034
0.601 ,6.118 ,-6.224,23.55703,87.29875333333332 ,36.05567321777344,86.95555719693168 ,4735.0,10:35:03 AM,1572671103034
-3.352 ,9.779 ,-9.66,23.55703,87.29875333333332 ,36.05567321777344,86.95555719693168 ,4735.0,10:35:03 AM,1572671103038
-2.638 ,15.257 ,-3.944,23.55703,87.29875333333332 ,36.05567321777344,86.95555719693168 ,4735.0,10:35:03 AM,1572671103038
-4.893 ,14.86 ,4.78,23.55703,87.29875333333332 ,36.05567321777344,86.95555719693168 ,4735.0,10:35:03 AM,1572671103046
-6.422 ,9.587 ,4.264,23.55703,87.29875333333332 ,36.05567321777344,86.95555719693168 ,4735.0,10:35:03 AM,1572671103047
-3.162 ,3.847 ,5.0,23.55703,87.29875333333332 ,36.05567321777344,86.95555719693168 ,4735.0,10:35:03 AM,1572671103048
-0.111 ,2.5 ,11.834,23.55703,87.29875333333332 ,36.05567321777344,86.95555719693168 ,4735.0,10:35:03 AM,1572671103049
2.487 ,7.941 ,17.949,23.55703,87.29875333333332 ,36.05567321777344,86.95555719693168 ,4735.0,10:35:03 AM,1572671103053
4.865 ,11.441 ,20.554,23.55703,87.29875333333332 ,36.05567321777344,86.95555719693168 ,4735.0,10:35:03 AM,1572671103054
3.529 ,7.337 ,15.674,23.55703,87.29875333333332 ,36.05567321777344,86.95555719693168 ,4735.0,10:35:03 AM,1572671103058
2.071 ,0.324 ,2.393,23.55703,87.29875333333332 ,36.05567321777344,86.95555719693168 ,4735.0,10:35:03 AM,1572671103059
1.181 ,-2.499 ,-3.185,23.55703,87.29875333333332 ,36.05567321777344,86.95555719693168 ,4735.0,10:35:03 AM,1572671103064
-3.203 ,0.399 ,0.252,23.55703,87.29875333333332 ,36.05567321777344,86.95555719693168 ,4735.0,10:35:03 AM,1572671103065
-5.233 ,9.662 ,8.98,23.55703,87.29875333333332 ,36.05567321777344,86.95555719693168 ,4735.0,10:35:03 AM,1572671103070
-7.496 ,14.204 ,20.33,23.55703,87.29875333333332 ,36.05567321777344,86.95555719693168 ,4735.0,10:35:03 AM,1572671103070
-8.576 ,8.95 ,16.865,23.55703,87.29875333333332 ,36.05567321777344,86.95555719693168 ,4735.0,10:35:03 AM,1572671103073
-5.582 ,2.455 ,6.272,23.55703,87.29875333333332 ,36.05567321777344,86.95555719693168 ,4735.0,10:35:03 AM,1572671103074
-2.139 ,-2.133 ,1.529,23.55703,87.29875333333332 ,36.05567321777344,86.95555719693168 ,4735.0,10:35:03 AM,1572671103078
1.023 ,2.789 ,0.052,23.55703,87.29875333333332 ,36.05567321777344,86.95555719693168 ,4735.0,10:35:03 AM,1572671103079
4.173 ,11.661 ,3.709,23.55703,87.29875333333332 ,36.05567321777344,86.95555719693168 ,4735.0,10:35:03 AM,1572671103082
2.291 ,14.7 ,5.932,23.55703,87.29875333333332 ,36.05567321777344,86.95555719693168 ,4735.0,10:35:03 AM,1572671103083
1.235 ,13.846 ,-0.094,23.55703,87.29875333333332 ,36.05567321777344,86.95555719693168 ,4735.0,10:35:03 AM,1572671103087
0.876 ,10.861 ,-1.997,23.55703,87.29875333333332 ,36.05567321777344,86.95555719693168 ,4735.0,10:35:03 AM,1572671103088
-0.679 ,9.879 ,-3.623,23.55703,87.29875333333332 ,36.05567321777344,86.95555719693168 ,4735.0,10:35:03 AM,1572671103096
-0.015 ,12.426 ,-2.049,23.55703,87.29875333333332 ,36.05567321777344,86.95555719693168 ,4735.0,10:35:03 AM,1572671103096
1.618 ,13.646 ,5.505,23.55703,87.29875333333332 ,36.05567321777344,86.95555719693168 ,4735.0,10:35:03 AM,1572671103098
-0.702 ,11.642 ,3.046,23.55703,87.29875333333332 ,36.05567321777344,86.95555719693168 ,4735.0,10:35:03 AM,1572671103098
1.994 ,9.361 ,2.879,23.55703,87.29875333333332 ,36.05567321777344,86.95555719693168 ,4735.0,10:35:03 AM,1572671103103
0.734 ,6.906 ,5.985,23.55703,87.29875333333332 ,36.05567321777344,86.95555719693168 ,4735.0,10:35:03 AM,1572671103103
0.018 ,7.442 ,8.453,23.55703,87.29875333333332 ,36.05567321777344,86.95555719693168 ,4735.0,10:35:03 AM,1572671103108
-2.435 ,9.209 ,8.626,23.55703,87.29875333333332 ,36.05567321777344,86.95555719693168 ,4735.0,10:35:03 AM,1572671103108
-3.623 ,7.816 ,13.01,23.55703,87.29875333333332 ,36.05567321777344,86.95555719693168 ,4735.0,10:35:03 AM,1572671103113
-6.064 ,3.514 ,7.803,23.55703,87.29875333333332 ,36.05567321777344,86.95555719693168 ,4735.0,10:35:03 AM,1572671103114
-3.582 ,0.509 ,10.981,23.55703,87.29875333333332 ,36.05567321777344,86.95555719693168 ,4735.0,10:35:03 AM,1572671103118
-2.783 ,0.925 ,13.026,23.55703,87.29875333333332 ,36.05567321777344,86.95555719693168 ,4735.0,10:35:03 AM,1572671103118
-0.557 ,5.667 ,16.786,23.55703,87.29875333333332 ,36.05567321777344,86.95555719693168 ,4735.0,10:35:03 AM,1572671103122
0.875 ,7.811 ,22.323,23.55703,87.29875333333332 ,36.05567321777344,86.95555719693168 ,4735.0,10:35:03 AM,1572671103123
-0.589 ,5.035 ,21.838,23.55703,87.29875333333332 ,36.05567321777344,86.95555719693168 ,4735.0,10:35:03 AM,1572671103130
-0.895 ,0.257 ,16.706,23.55703,87.29875333333332 ,36.05567321777344,86.95555719693168 ,4735.0,10:35:03 AM,1572671103130
-0.186 ,-1.015 ,13.296,23.55703,87.29875333333332 ,36.05567321777344,86.95555719693168 ,4735.0,10:35:03 AM,1572671103133
-3.052 ,2.157 ,7.146,23.55703,87.29875333333332 ,36.05567321777344,86.95555719693168 ,4735.0,10:35:03 AM,1572671103134
-1.84 ,8.703 ,7.702,23.55703,87.29875333333332 ,36.05567321777344,86.95555719693168 ,4735.0,10:35:03 AM,1572671103140
-2.422 ,10.424 ,6.949,23.55703,87.29875333333332 ,36.05567321777344,86.95555719693168 ,4735.0,10:35:03 AM,1572671103140
-3.051 ,8.503 ,-1.811,23.55703,87.29875333333332 ,36.05567321777344,86.95555719693168 ,4735.0,10:35:03 AM,1572671103146
-0.903 ,9.076 ,-7.698,23.55703,87.29875333333332 ,36.05567321777344,86.95555719693168 ,4735.0,10:35:03 AM,1572671103146
-2.403 ,10.934 ,-10.784,23.55703,87.29875333333332 ,36.05567321777344,86.95555719693168 ,4735.0,10:35:03 AM,1572671103148
-0.011 ,15.556 ,-9.744,23.55703,87.29875333333332 ,36.05567321777344,86.95555719693168 ,4735.0,10:35:03 AM,1572671103148
-0.633 ,16.889 ,-6.607,23.55703,87.29875333333332 ,36.05567321777344,86.95555719693168 ,4735.0,10:35:03 AM,1572671103152
-4.34 ,14.041 ,-7.293,23.55703,87.29875333333332 ,36.05567321777344,86.95555719693168 ,4735.0,10:35:03 AM,1572671103153
-1.625 ,10.887 ,-6.625,23.55703,87.29875333333332 ,36.05567321777344,86.95555719693168 ,4735.0,10:35:03 AM,1572671103158
-2.552 ,8.092 ,-4.497,23.55703,87.29875333333332 ,36.05567321777344,86.95555719693168 ,4735.0,10:35:03 AM,1572671103159
-1.253 ,9.89 ,-0.088,23.55703,87.29875333333332 ,36.05567321777344,86.95555719693168 ,4735.0,10:35:03 AM,1572671103165
2.174 ,14.108 ,7.033,23.55703,87.29875333333332 ,36.05567321777344,86.95555719693168 ,4735.0,10:35:03 AM,1572671103165
0.904 ,13.916 ,8.139,23.55703,87.29875333333332 ,36.05567321777344,86.95555719693168 ,4735.0,10:35:03 AM,1572671103168
2.626 ,9.715 ,3.486,23.55703,87.29875333333332 ,36.05567321777344,86.95555719693168 ,4735.0,10:35:03 AM,1572671103168
4.22 ,5.442 ,-1.392,23.55703,87.29875333333332 ,36.05567321777344,86.95555719693168 ,4735.0,10:35:03 AM,1572671103173
3.404 ,4.256 ,1.521,23.55703,87.29875333333332 ,36.05567321777344,86.95555719693168 ,4735.0,10:35:03 AM,1572671103174
3.163 ,8.861 ,6.889,23.55703,87.29875333333332 ,36.05567321777344,86.95555719693168 ,4735.0,10:35:03 AM,1572671103179
3.209 ,11.482 ,15.846,23.55703,87.29875333333332 ,36.05567321777344,86.95555719693168 ,4735.0,10:35:03 AM,1572671103180
0.025 ,7.891 ,16.026,23.55703,87.29875333333332 ,36.05567321777344,86.95555719693168 ,4735.0,10:35:03 AM,1572671103185
