x,y,z,latitude,longitude,speed,sound,light,time,timestamp
1.752 ,6.275 ,-9.503,23.556753333333337,87.29875833333332 ,35.0791431427002,87.59302795305237 ,7083.0,10:35:06 AM,1572671106673
-0.164 ,9.07 ,-8.453,23.556753333333337,87.29875833333332 ,35.0791431427002,87.59302795305237 ,7083.0,10:35:06 AM,1572671106677
-1.308 ,12.878 ,-1.05,23.556753333333337,87.29875833333332 ,35.0791431427002,87.59302795305237 ,7083.0,10:35:06 AM,1572671106678
-3.911 ,12.933 ,2.078,23.556753333333337,87.29875833333332 ,35.0791431427002,87.59302795305237 ,7083.0,10:35:06 AM,1572671106682
-5.398 ,9.268 ,2.619,23.556753333333337,87.29875833333332 ,35.0791431427002,87.59302795305237 ,7083.0,10:35:06 AM,1572671106682
-3.822 ,5.995 ,2.274,23.556753333333337,87.29875833333332 ,35.0791431427002,87.59302795305237 ,7083.0,10:35:06 AM,1572671106688
-0.661 ,7.004 ,4.726,23.556753333333337,87.29875833333332 ,35.0791431427002,87.59302795305237 ,7083.0,10:35:06 AM,1572671106688
3.196 ,9.951 ,9.427,23.556753333333337,87.29875833333332 ,35.0791431427002,87.59302795305237 ,7083.0,10:35:06 AM,1572671106692
6.032 ,9.739 ,8.541,23.556753333333337,87.29875833333332 ,35.0791431427002,87.59302795305237 ,7083.0,10:35:06 AM,1572671106693
6.189 ,6.864 ,5.352,23.556753333333337,87.29875833333332 ,35.0791431427002,87.59302795305237 ,7083.0,10:35:06 AM,1572671106697
5.34 ,2.589 ,3.317,23.556753333333337,87.29875833333332 ,35.0791431427002,87.59302795305237 ,7083.0,10:35:06 AM,1572671106697
2.112 ,0.059 ,7.088,23.556753333333337,87.29875833333332 ,35.0791431427002,87.59302795305237 ,7083.0,10:35:06 AM,1572671106703
-1.099 ,1.63 ,14.623,23.556753333333337,87.29875833333332 ,35.0791431427002,87.59302795305237 ,7083.0,10:35:06 AM,1572671106703
-3.582 ,3.729 ,22.68,23.556753333333337,87.29875833333332 ,35.0791431427002,87.59302795305237 ,7083.0,10:35:06 AM,1572671106710
-5.69 ,3.884 ,24.905,23.556753333333337,87.29875833333332 ,35.0791431427002,87.59302795305237 ,7083.0,10:35:06 AM,1572671106710
-5.401 ,2.436 ,23.199,23.556753333333337,87.29875833333332 ,35.0791431427002,87.59302795305237 ,7083.0,10:35:06 AM,1572671106714
-5.11 ,-1.286 ,22.018,23.556753333333337,87.29875833333332 ,35.0791431427002,87.59302795305237 ,7083.0,10:35:06 AM,1572671106714
-3.595 ,-0.68 ,15.787,23.556753333333337,87.29875833333332 ,35.0791431427002,87.59302795305237 ,7083.0,10:35:06 AM,1572671106719
-0.825 ,2.138 ,11.011,23.556753333333337,87.29875833333332 ,35.0791431427002,87.59302795305237 ,7083.0,10:35:06 AM,1572671106720
0.003 ,3.76 ,8.952,23.556753333333337,87.29875833333332 ,35.0791431427002,87.59302795305237 ,7083.0,10:35:06 AM,1572671106722
-0.575 ,7.38 ,0.449,23.556753333333337,87.29875833333332 ,35.0791431427002,87.59302795305237 ,7083.0,10:35:06 AM,1572671106722
-0.99 ,10.536 ,2.869,23.556753333333337,87.29875833333332 ,35.0791431427002,87.59302795305237 ,7083.0,10:35:06 AM,1572671106727
-2.735 ,12.341 ,3.926,23.556753333333337,87.29875833333332 ,35.0791431427002,87.59302795305237 ,7083.0,10:35:06 AM,1572671106727
-2.356 ,14.372 ,2.845,23.556753333333337,87.29875833333332 ,35.0791431427002,87.59302795305237 ,7083.0,10:35:06 AM,1572671106732
-1.949 ,12.733 ,0.355,23.556753333333337,87.29875833333332 ,35.0791431427002,87.59302795305237 ,7083.0,10:35:06 AM,1572671106733
-0.259 ,10.686 ,-1.848,23.556753333333337,87.29875833333332 ,35.0791431427002,87.59302795305237 ,7083.0,10:35:06 AM,1572671106737
0.139 ,10.175 ,-6.563,23.556753333333337,87.29875833333332 ,35.0791431427002,87.59302795305237 ,7083.0,10:35:06 AM,1572671106738
2.362 ,11.415 ,-0.729,23.556753333333337,87.29875833333332 ,35.0791431427002,87.59302795305237 ,7083.0,10:35:06 AM,1572671106742
-1.202 ,13.186 ,-2.008,23.556753333333337,87.29875833333332 ,35.0791431427002,87.59302795305237 ,7083.0,10:35:06 AM,1572671106743
1.102 ,16.246 ,1.412,23.556753333333337,87.29875833333332 ,35.0791431427002,87.59302795305237 ,7083.0,10:35:06 AM,1572671106746
-1.39 ,15.176 ,-3.133,23.556753333333337,87.29875833333332 ,35.0791431427002,87.59302795305237 ,7083.0,10:35:06 AM,1572671106747
-0.342 ,12.61 ,-4.35,23.556753333333337,87.29875833333332 ,35.0791431427002,87.59302795305237 ,7083.0,10:35:06 AM,1572671106754
0.239 ,10.86 ,-4.162,23.556753333333337,87.29875833333332 ,35.0791431427002,87.59302795305237 ,7083.0,10:35:06 AM,1572671106754
1.159 ,10.418 ,0.887,23.556753333333337,87.29875833333332 ,35.0791431427002,87.59302795305237 ,7083.0,10:35:06 AM,1572671106757
0.153 ,10.222 ,3.959,23.556753333333337,87.29875833333332 ,35.0791431427002,87.59302795305237 ,7083.0,10:35:06 AM,1572671106758
2.736 ,8.433 ,9.312,23.556753333333337,87.29875833333332 ,35.0791431427002,87.59302795305237 ,7083.0,10:35:06 AM,1572671106763
1.29 ,4.486 ,9.832,23.556753333333337,87.29875833333332 ,35.0791431427002,87.59302795305237 ,7083.0,10:35:06 AM,1572671106763
1.276 ,4.668 ,10.464,23.556753333333337,87.29875833333332 ,35.0791431427002,87.59302795305237 ,7083.0,10:35:06 AM,1572671106770
-0.045 ,5.114 ,11.959,23.556753333333337,87.29875833333332 ,35.0791431427002,87.59302795305237 ,7083.0,10:35:06 AM,1572671106771
-2.848 ,4.939 ,12.148,23.556753333333337,87.29875833333332 ,35.0791431427002,87.59302795305237 ,7083.0,10:35:06 AM,1572671106772
-6.825 ,2.375 ,11.181,23.556753333333337,87.29875833333332 ,35.0791431427002,87.59302795305237 ,7083.0,10:35:06 AM,1572671106772
-4.621 ,0.256 ,13.891,23.556753333333337,87.29875833333332 ,35.0791431427002,87.59302795305237 ,7083.0,10:35:06 AM,1572671106778
-5.716 ,0.01 ,13.05,23.556753333333337,87.29875833333332 ,35.0791431427002,87.59302795305237 ,7083.0,10:35:06 AM,1572671106778
-3.119 ,2.818 ,14.377,23.556753333333337,87.29875833333332 ,35.0791431427002,87.59302795305237 ,7083.0,10:35:06 AM,1572671106783
-1.96 ,7.452 ,13.828,23.556753333333337,87.29875833333332 ,35.0791431427002,87.59302795305237 ,7083.0,10:35:06 AM,1572671106784
0.16 ,7.527 ,16.342,23.556753333333337,87.29875833333332 ,35.0791431427002,87.59302795305237 ,7083.0,10:35:06 AM,1572671106789
-0.581 ,3.743 ,11.98,23.556753333333337,87.29875833333332 ,35.0791431427002,87.59302795305237 ,7083.0,10:35:06 AM,1572671106790
1.833 ,3.781 ,4.593,23.556753333333337,87.29875833333332 ,35.0791431427002,87.59302795305237 ,7083.0,10:35:06 AM,1572671106792
1.708 ,4.831 ,4.942,23.556753333333337,87.29875833333332 ,35.0791431427002,87.59302795305237 ,7083.0,10:35:06 AM,1572671106793
1.291 ,7.02 ,7.178,23.556753333333337,87.29875833333332 ,35.0791431427002,87.59302795305237 ,7142.0,10:35:06 AM,1572671106797
1.789 ,9.624 ,7.984,23.556753333333337,87.29875833333332 ,35.0791431427002,87.59302795305237 ,7142.0,10:35:06 AM,1572671106798
0.433 ,7.812 ,6.558,23.556753333333337,87.29875833333332 ,35.0791431427002,87.59302795305237 ,7142.0,10:35:06 AM,1572671106803
-1.222 ,6.407 ,2.789,23.556753333333337,87.29875833333332 ,35.0791431427002,87.59302795305237 ,7142.0,10:35:06 AM,1572671106804
0.011 ,8.864 ,1.932,23.556753333333337,87.29875833333332 ,35.0791431427002,87.59302795305237 ,7142.0,10:35:06 AM,1572671106807
-1.117 ,12.093 ,3.12,23.556753333333337,87.29875833333332 ,35.0791431427002,87.59302795305237 ,7142.0,10:35:06 AM,1572671106807
-0.552 ,15.129 ,4.138,23.556753333333337,87.29875833333332 ,35.0791431427002,87.59302795305237 ,7142.0,10:35:06 AM,1572671106813
-1.062 ,15.216 ,0.589,23.556753333333337,87.29875833333332 ,35.0791431427002,87.59302795305237 ,7142.0,10:35:06 AM,1572671106813
-1.462 ,11.414 ,-3.637,23.556753333333337,87.29875833333332 ,35.0791431427002,87.59302795305237 ,7142.0,10:35:06 AM,1572671106820
-1.491 ,7.573 ,-6.54,23.556753333333337,87.29875833333332 ,35.0791431427002,87.59302795305237 ,7142.0,10:35:06 AM,1572671106820
-0.216 ,6.209 ,-3.2,23.556753333333337,87.29875833333332 ,35.0791431427002,87.59302795305237 ,7142.0,10:35:06 AM,1572671106821
0.896 ,7.933 ,8.974,23.556753333333337,87.29875833333332 ,35.0791431427002,87.59302795305237 ,7142.0,10:35:06 AM,1572671106822
0.279 ,10.122 ,16.902,23.556753333333337,87.29875833333332 ,35.0791431427002,87.59302795305237 ,7142.0,10:35:06 AM,1572671106827
0.322 ,8.796 ,17.806,23.556753333333337,87.29875833333332 ,35.0791431427002,87.59302795305237 ,7142.0,10:35:06 AM,1572671106828
0.403 ,3.304 ,13.852,23.556753333333337,87.29875833333332 ,35.0791431427002,87.59302795305237 ,7142.0,10:35:06 AM,1572671106832
-0.241 ,-0.426 ,4.549,23.556753333333337,87.29875833333332 ,35.0791431427002,87.59302795305237 ,7142.0,10:35:06 AM,1572671106832
0.505 ,0.954 ,4.226,23.556753333333337,87.29875833333332 ,35.0791431427002,87.59302795305237 ,7142.0,10:35:06 AM,1572671106838
-1.237 ,5.148 ,8.243,23.556753333333337,87.29875833333332 ,35.0791431427002,87.59302795305237 ,7142.0,10:35:06 AM,1572671106839
-4.163 ,9.962 ,9.32,23.55666666666667,87.29875500000001 ,34.23788223266602,87.59302795305237 ,7142.0,10:35:06 AM,1572671106842
-5.378 ,8.916 ,8.231,23.55666666666667,87.29875500000001 ,34.23788223266602,87.59302795305237 ,7142.0,10:35:06 AM,1572671106843
-7.867 ,4.242 ,7.312,23.55666666666667,87.29875500000001 ,34.23788223266602,87.59302795305237 ,7142.0,10:35:06 AM,1572671106847
-7.018 ,3.336 ,3.026,23.55666666666667,87.29875500000001 ,34.23788223266602,87.59302795305237 ,7142.0,10:35:06 AM,1572671106848
-3.531 ,6.049 ,5.058,23.55666666666667,87.29875500000001 ,34.23788223266602,87.59302795305237 ,7142.0,10:35:06 AM,1572671106857
-1.239 ,9.671 ,6.813,23.55666666666667,87.29875500000001 ,34.23788223266602,87.59302795305237 ,7142.0,10:35:06 AM,1572671106859
2.305 ,12.657 ,4.312,23.55666666666667,87.29875500000001 ,34.23788223266602,87.59302795305237 ,7142.0,10:35:06 AM,1572671106860
3.839 ,12.067 ,-1.334,23.55666666666667,87.29875500000001 ,34.23788223266602,87.59302795305237 ,7142.0,10:35:06 AM,1572671106860
3.102 ,10.489 ,-3.029,23.55666666666667,87.29875500000001 ,34.23788223266602,87.59302795305237 ,7142.0,10:35:06 AM,1572671106862
2.171 ,11.754 ,-5.062,23.55666666666667,87.29875500000001 ,34.23788223266602,87.59302795305237 ,7142.0,10:35:06 AM,1572671106863
1.677 ,13.94 ,0.0,23.55666666666667,87.29875500000001 ,34.23788223266602,87.59302795305237 ,7142.0,10:35:06 AM,1572671106868
-0.484 ,14.029 ,2.389,23.55666666666667,87.29875500000001 ,34.23788223266602,87.59302795305237 ,7142.0,10:35:06 AM,1572671106869
-0.585 ,12.839 ,5.278,23.55666666666667,87.29875500000001 ,34.23788223266602,87.59302795305237 ,7142.0,10:35:06 AM,1572671106871
-1.119 ,11.314 ,7.016,23.55666666666667,87.29875500000001 ,34.23788223266602,87.59302795305237 ,7142.0,10:35:06 AM,1572671106872
-1.765 ,10.197 ,11.024,23.55666666666667,87.29875500000001 ,34.23788223266602,87.87073878516529 ,7142.0,10:35:06 AM,1572671106876
-1.624 ,7.628 ,10.761,23.55666666666667,87.29875500000001 ,34.23788223266602,87.87073878516529 ,7142.0,10:35:06 AM,1572671106877
0.56 ,4.607 ,9.365,23.55666666666667,87.29875500000001 ,34.23788223266602,87.87073878516529 ,7142.0,10:35:06 AM,1572671106881
-0.017 ,2.282 ,7.266,23.55666666666667,87.29875500000001 ,34.23788223266602,87.87073878516529 ,7142.0,10:35:06 AM,1572671106882
0.598 ,4.823 ,9.626,23.55666666666667,87.29875500000001 ,34.23788223266602,87.87073878516529 ,7142.0,10:35:06 AM,1572671106887
-0.538 ,7.993 ,14.162,23.55666666666667,87.29875500000001 ,34.23788223266602,87.87073878516529 ,7142.0,10:35:06 AM,1572671106887
-2.249 ,7.709 ,15.839,23.55666666666667,87.29875500000001 ,34.23788223266602,87.87073878516529 ,7142.0,10:35:06 AM,1572671106891
-2.569 ,4.383 ,12.992,23.55666666666667,87.29875500000001 ,34.23788223266602,87.87073878516529 ,7142.0,10:35:06 AM,1572671106892
-1.304 ,0.112 ,11.953,23.55666666666667,87.29875500000001 ,34.23788223266602,87.87073878516529 ,7142.0,10:35:06 AM,1572671106896
-1.949 ,-0.007 ,10.216,23.55666666666667,87.29875500000001 ,34.23788223266602,87.87073878516529 ,7142.0,10:35:06 AM,1572671106897
-0.271 ,4.655 ,16.623,23.55666666666667,87.29875500000001 ,34.23788223266602,87.87073878516529 ,7142.0,10:35:06 AM,1572671106902
-0.787 ,7.13 ,18.344,23.55666666666667,87.29875500000001 ,34.23788223266602,87.87073878516529 ,7142.0,10:35:06 AM,1572671106903
-1.423 ,5.072 ,12.19,23.55666666666667,87.29875500000001 ,34.23788223266602,87.87073878516529 ,7142.0,10:35:06 AM,1572671106906
-2.319 ,0.6 ,5.288,23.55666666666667,87.29875500000001 ,34.23788223266602,87.87073878516529 ,7142.0,10:35:06 AM,1572671106907
-1.965 ,0.567 ,1.531,23.55666666666667,87.29875500000001 ,34.23788223266602,87.87073878516529 ,7142.0,10:35:06 AM,1572671106911
-4.026 ,8.068 ,2.763,23.55666666666667,87.29875500000001 ,34.23788223266602,87.87073878516529 ,7142.0,10:35:06 AM,1572671106912
-2.921 ,16.947 ,9.129,23.55666666666667,87.29875500000001 ,34.23788223266602,87.87073878516529 ,7142.0,10:35:06 AM,1572671106918
-3.977 ,17.93 ,8.256,23.55666666666667,87.29875500000001 ,34.23788223266602,87.87073878516529 ,7142.0,10:35:06 AM,1572671106918
-3.581 ,12.07 ,-0.249,23.55666666666667,87.29875500000001 ,34.23788223266602,87.87073878516529 ,7142.0,10:35:06 AM,1572671106922
