x,y,z,latitude,longitude,speed,sound,light,time,timestamp
-3.521 ,4.822 ,34.329,23.552325000000003,87.29711333333334 ,33.218732070922854,84.12630696377988 ,5053.0,10:36:02 AM,1572671162014
1.187 ,8.788 ,35.927,23.552325000000003,87.29711333333334 ,33.218732070922854,84.12630696377988 ,5053.0,10:36:02 AM,1572671162021
4.642 ,12.488 ,36.927,23.552325000000003,87.29711333333334 ,33.218732070922854,84.12630696377988 ,5053.0,10:36:02 AM,1572671162021
7.398 ,10.871 ,32.731,23.552325000000003,87.29711333333334 ,33.218732070922854,84.12630696377988 ,5053.0,10:36:02 AM,1572671162026
12.364 ,5.263 ,20.84,23.552325000000003,87.29711333333334 ,33.218732070922854,84.12630696377988 ,5053.0,10:36:02 AM,1572671162027
9.796 ,-2.479 ,5.654,23.552325000000003,87.29711333333334 ,33.218732070922854,84.12630696377988 ,5053.0,10:36:02 AM,1572671162031
2.932 ,-8.512 ,2.898,23.552325000000003,87.29711333333334 ,33.218732070922854,84.12630696377988 ,5053.0,10:36:02 AM,1572671162031
-1.384 ,-7.324 ,-0.277,23.552325000000003,87.29711333333334 ,33.218732070922854,84.12630696377988 ,5053.0,10:36:02 AM,1572671162035
-6.39 ,-0.711 ,-8.288,23.552325000000003,87.29711333333334 ,33.218732070922854,84.12630696377988 ,5053.0,10:36:02 AM,1572671162037
-10.77 ,2.515 ,-12.415,23.552325000000003,87.29711333333334 ,33.218732070922854,84.12630696377988 ,5053.0,10:36:02 AM,1572671162042
-14.233 ,3.993 ,-21.968,23.552325000000003,87.29711333333334 ,33.218732070922854,84.12630696377988 ,5053.0,10:36:02 AM,1572671162042
-5.862 ,-6.528 ,-18.767,23.552325000000003,87.29711333333334 ,33.218732070922854,84.12630696377988 ,5053.0,10:36:02 AM,1572671162044
-11.432 ,-2.031 ,-39.194,23.552325000000003,87.29711333333334 ,33.218732070922854,84.12630696377988 ,5053.0,10:36:02 AM,1572671162044
-0.174 ,7.307 ,-20.367,23.552325000000003,87.29711333333334 ,33.218732070922854,84.12630696377988 ,5053.0,10:36:02 AM,1572671162049
3.336 ,14.607 ,-13.66,23.552325000000003,87.29711333333334 ,33.218732070922854,84.12630696377988 ,5053.0,10:36:02 AM,1572671162050
5.472 ,23.594 ,-20.83,23.552325000000003,87.29711333333334 ,33.218732070922854,84.12630696377988 ,5053.0,10:36:02 AM,1572671162054
12.322 ,24.386 ,-25.166,23.552325000000003,87.29711333333334 ,33.218732070922854,84.12630696377988 ,5053.0,10:36:02 AM,1572671162054
6.861 ,24.305 ,-39.194,23.552325000000003,87.29711333333334 ,33.218732070922854,84.12630696377988 ,5053.0,10:36:02 AM,1572671162060
15.026 ,12.532 ,-38.047,23.552325000000003,87.29711333333334 ,33.218732070922854,84.12630696377988 ,5053.0,10:36:02 AM,1572671162061
13.539 ,5.276 ,-29.977,23.552325000000003,87.29711333333334 ,33.218732070922854,84.12630696377988 ,5053.0,10:36:02 AM,1572671162065
7.918 ,9.264 ,-29.99,23.552325000000003,87.29711333333334 ,33.218732070922854,84.12630696377988 ,5053.0,10:36:02 AM,1572671162066
5.307 ,16.214 ,-4.287,23.552325000000003,87.29711333333334 ,33.218732070922854,84.12630696377988 ,5053.0,10:36:02 AM,1572671162070
6.389 ,17.214 ,31.838,23.552325000000003,87.29711333333334 ,33.218732070922854,84.12630696377988 ,5053.0,10:36:02 AM,1572671162070
-0.654 ,14.672 ,37.768,23.552325000000003,87.29711333333334 ,33.218732070922854,82.49080888984037 ,5053.0,10:36:02 AM,1572671162076
-11.193 ,9.031 ,25.008,23.552325000000003,87.29711333333334 ,33.218732070922854,82.49080888984037 ,5053.0,10:36:02 AM,1572671162076
-6.099 ,5.767 ,30.892,23.552325000000003,87.29711333333334 ,33.218732070922854,82.49080888984037 ,5053.0,10:36:02 AM,1572671162079
-9.196 ,3.62 ,15.372,23.552325000000003,87.29711333333334 ,33.218732070922854,82.49080888984037 ,5053.0,10:36:02 AM,1572671162080
-5.39 ,7.149 ,20.044,23.552325000000003,87.29711333333334 ,33.218732070922854,82.49080888984037 ,5053.0,10:36:02 AM,1572671162084
-8.105 ,15.419 ,19.099,23.552325000000003,87.29711333333334 ,33.218732070922854,82.49080888984037 ,5053.0,10:36:02 AM,1572671162085
-6.086 ,25.815 ,30.267,23.552325000000003,87.29711333333334 ,33.218732070922854,82.49080888984037 ,5053.0,10:36:02 AM,1572671162092
12.776 ,21.889 ,36.052,23.552325000000003,87.29711333333334 ,33.218732070922854,82.49080888984037 ,5053.0,10:36:02 AM,1572671162093
-3.865 ,7.731 ,5.804,23.552325000000003,87.29711333333334 ,33.218732070922854,82.49080888984037 ,5053.0,10:36:02 AM,1572671162094
-1.074 ,-4.168 ,8.064,23.552325000000003,87.29711333333334 ,33.218732070922854,82.49080888984037 ,5053.0,10:36:02 AM,1572671162095
5.47 ,-6.789 ,33.523,23.552325000000003,87.29711333333334 ,33.218732070922854,82.49080888984037 ,5053.0,10:36:02 AM,1572671162099
-7.975 ,-7.874 ,39.204,23.552325000000003,87.29711333333334 ,33.218732070922854,82.49080888984037 ,5053.0,10:36:02 AM,1572671162100
-9.478 ,-3.194 ,39.204,23.552325000000003,87.29711333333334 ,33.218732070922854,82.49080888984037 ,5053.0,10:36:02 AM,1572671162104
-11.164 ,-1.313 ,30.545,23.552325000000003,87.29711333333334 ,33.218732070922854,82.49080888984037 ,5053.0,10:36:02 AM,1572671162104
-15.385 ,-3.808 ,18.475,23.552325000000003,87.29711333333334 ,33.218732070922854,82.49080888984037 ,5053.0,10:36:02 AM,1572671162110
-8.814 ,-10.451 ,17.781,23.552325000000003,87.29711333333334 ,33.218732070922854,82.49080888984037 ,5053.0,10:36:02 AM,1572671162110
-9.575 ,-9.731 ,-5.225,23.552325000000003,87.29711333333334 ,33.218732070922854,82.49080888984037 ,5053.0,10:36:02 AM,1572671162114
-6.489 ,3.294 ,-5.224,23.552325000000003,87.29711333333334 ,33.218732070922854,82.49080888984037 ,5053.0,10:36:02 AM,1572671162115
1.157 ,3.306 ,11.454,23.552325000000003,87.29711333333334 ,33.218732070922854,82.49080888984037 ,5053.0,10:36:02 AM,1572671162119
-0.895 ,3.164 ,8.406,23.552325000000003,87.29711333333334 ,33.218732070922854,82.49080888984037 ,5053.0,10:36:02 AM,1572671162119
-1.08 ,4.022 ,2.284,23.552325000000003,87.29711333333334 ,33.218732070922854,82.49080888984037 ,5053.0,10:36:02 AM,1572671162124
3.814 ,0.958 ,26.508,23.552325000000003,87.29711333333334 ,33.218732070922854,82.49080888984037 ,5053.0,10:36:02 AM,1572671162125
-2.123 ,-1.076 ,26.725,23.552325000000003,87.29711333333334 ,33.218732070922854,82.49080888984037 ,5053.0,10:36:02 AM,1572671162129
-0.433 ,1.268 ,20.768,23.552325000000003,87.29711333333334 ,33.218732070922854,82.49080888984037 ,5053.0,10:36:02 AM,1572671162129
0.754 ,1.31 ,18.555,23.552325000000003,87.29711333333334 ,33.218732070922854,82.49080888984037 ,5053.0,10:36:02 AM,1572671162136
2.284 ,3.154 ,14.695,23.552325000000003,87.29711333333334 ,33.218732070922854,82.49080888984037 ,5053.0,10:36:02 AM,1572671162136
0.877 ,4.733 ,10.216,23.552325000000003,87.29711333333334 ,33.218732070922854,82.49080888984037 ,5053.0,10:36:02 AM,1572671162141
5.094 ,9.014 ,2.504,23.552325000000003,87.29711333333334 ,33.218732070922854,82.49080888984037 ,5053.0,10:36:02 AM,1572671162142
6.809 ,12.107 ,-1.127,23.552325000000003,87.29711333333334 ,33.218732070922854,82.49080888984037 ,5053.0,10:36:02 AM,1572671162144
6.512 ,12.888 ,-10.55,23.552325000000003,87.29711333333334 ,33.218732070922854,82.49080888984037 ,5053.0,10:36:02 AM,1572671162144
10.262 ,11.141 ,-12.344,23.552325000000003,87.29711333333334 ,33.218732070922854,82.49080888984037 ,5053.0,10:36:02 AM,1572671162149
9.166 ,11.159 ,-8.07,23.552325000000003,87.29711333333334 ,33.218732070922854,82.49080888984037 ,5053.0,10:36:02 AM,1572671162149
3.58 ,13.92 ,-9.579,23.552325000000003,87.29711333333334 ,33.218732070922854,82.49080888984037 ,5053.0,10:36:02 AM,1572671162154
3.902 ,14.362 ,-3.366,23.552325000000003,87.29711333333334 ,33.218732070922854,82.49080888984037 ,5053.0,10:36:02 AM,1572671162154
-2.514 ,11.953 ,-6.472,23.552325000000003,87.29711333333334 ,33.218732070922854,82.49080888984037 ,5053.0,10:36:02 AM,1572671162161
-6.896 ,10.685 ,-6.819,23.552325000000003,87.29711333333334 ,33.218732070922854,82.49080888984037 ,5053.0,10:36:02 AM,1572671162161
-6.001 ,12.548 ,1.215,23.552325000000003,87.29711333333334 ,33.218732070922854,82.49080888984037 ,5053.0,10:36:02 AM,1572671162165
-7.139 ,15.944 ,5.642,23.552325000000003,87.29711333333334 ,33.218732070922854,82.49080888984037 ,5053.0,10:36:02 AM,1572671162165
-5.403 ,19.786 ,3.828,23.552325000000003,87.29711333333334 ,33.218732070922854,82.49080888984037 ,5053.0,10:36:02 AM,1572671162171
-1.522 ,22.278 ,-2.198,23.552325000000003,87.29711333333334 ,33.218732070922854,82.49080888984037 ,5053.0,10:36:02 AM,1572671162171
3.51 ,22.568 ,0.243,23.552325000000003,87.29711333333334 ,33.218732070922854,82.49080888984037 ,5053.0,10:36:02 AM,1572671162175
5.363 ,22.508 ,0.668,23.552325000000003,87.29711333333334 ,33.218732070922854,82.49080888984037 ,5053.0,10:36:02 AM,1572671162175
6.81 ,22.119 ,-4.702,23.552325000000003,87.29711333333334 ,33.218732070922854,82.49080888984037 ,5053.0,10:36:02 AM,1572671162179
10.447 ,18.707 ,-2.516,23.552325000000003,87.29711333333334 ,33.218732070922854,82.49080888984037 ,5053.0,10:36:02 AM,1572671162179
7.99 ,14.253 ,-1.253,23.552325000000003,87.29711333333334 ,33.218732070922854,82.49080888984037 ,5053.0,10:36:02 AM,1572671162187
5.887 ,11.661 ,2.0,23.552325000000003,87.29711333333334 ,33.218732070922854,82.49080888984037 ,5053.0,10:36:02 AM,1572671162188
6.437 ,15.529 ,13.86,23.552325000000003,87.29711333333334 ,33.218732070922854,82.49080888984037 ,5053.0,10:36:02 AM,1572671162193
-3.166 ,16.525 ,11.567,23.552325000000003,87.29711333333334 ,33.218732070922854,82.49080888984037 ,5053.0,10:36:02 AM,1572671162194
-1.151 ,13.378 ,15.658,23.552325000000003,87.29711333333334 ,33.218732070922854,82.49080888984037 ,5053.0,10:36:02 AM,1572671162194
-0.682 ,3.594 ,4.184,23.552325000000003,87.29711333333334 ,33.218732070922854,82.49080888984037 ,5053.0,10:36:02 AM,1572671162195
-0.47 ,-1.066 ,-1.785,23.552325000000003,87.29711333333334 ,33.218732070922854,82.49080888984037 ,5775.0,10:36:02 AM,1572671162199
0.774 ,-0.225 ,-4.872,23.552325000000003,87.29711333333334 ,33.218732070922854,82.49080888984037 ,5775.0,10:36:02 AM,1572671162200
2.754 ,6.022 ,4.822,23.552325000000003,87.29711333333334 ,33.218732070922854,82.49080888984037 ,5775.0,10:36:02 AM,1572671162203
3.94 ,11.703 ,12.986,23.552325000000003,87.29711333333334 ,33.218732070922854,82.49080888984037 ,5775.0,10:36:02 AM,1572671162204
1.817 ,6.726 ,8.984,23.552325000000003,87.29711333333334 ,33.218732070922854,82.49080888984037 ,5775.0,10:36:02 AM,1572671162209
0.146 ,-2.646 ,-2.639,23.552325000000003,87.29711333333334 ,33.218732070922854,82.49080888984037 ,5775.0,10:36:02 AM,1572671162210
0.469 ,-13.372 ,-7.35,23.552325000000003,87.29711333333334 ,33.218732070922854,82.49080888984037 ,5775.0,10:36:02 AM,1572671162215
-0.746 ,-15.664 ,6.237,23.552325000000003,87.29711333333334 ,33.218732070922854,82.49080888984037 ,5775.0,10:36:02 AM,1572671162216
-2.706 ,-10.109 ,18.306,23.552325000000003,87.29711333333334 ,33.218732070922854,82.49080888984037 ,5775.0,10:36:02 AM,1572671162218
-6.126 ,-7.611 ,28.631,23.552325000000003,87.29711333333334 ,33.218732070922854,82.49080888984037 ,5775.0,10:36:02 AM,1572671162219
-5.039 ,-9.039 ,36.577,23.552325000000003,87.29711333333334 ,33.218732070922854,82.49080888984037 ,5775.0,10:36:02 AM,1572671162225
-6.758 ,-13.934 ,26.485,23.552325000000003,87.29711333333334 ,33.218732070922854,82.49080888984037 ,5775.0,10:36:02 AM,1572671162225
-4.946 ,-16.616 ,16.859,23.552325000000003,87.29711333333334 ,33.218732070922854,82.49080888984037 ,5775.0,10:36:02 AM,1572671162230
-4.753 ,-13.919 ,11.551,23.552325000000003,87.29711333333334 ,33.218732070922854,82.49080888984037 ,5775.0,10:36:02 AM,1572671162231
-5.054 ,-6.914 ,17.502,23.552325000000003,87.29711333333334 ,33.218732070922854,82.49080888984037 ,5775.0,10:36:02 AM,1572671162234
-6.476 ,-0.347 ,26.232,23.552325000000003,87.29711333333334 ,33.218732070922854,82.49080888984037 ,5775.0,10:36:02 AM,1572671162235
-8.637 ,1.88 ,29.197,23.552325000000003,87.29711333333334 ,33.218732070922854,82.49080888984037 ,5775.0,10:36:02 AM,1572671162241
-9.651 ,1.461 ,25.414,23.552325000000003,87.29711333333334 ,33.218732070922854,82.49080888984037 ,5775.0,10:36:02 AM,1572671162241
-9.53 ,1.774 ,20.911,23.552325000000003,87.29711333333334 ,33.218732070922854,82.49080888984037 ,5775.0,10:36:02 AM,1572671162243
-9.648 ,4.363 ,10.187,23.552325000000003,87.29711333333334 ,33.218732070922854,82.49080888984037 ,5775.0,10:36:02 AM,1572671162244
-6.001 ,7.539 ,7.56,23.552325000000003,87.29711333333334 ,33.218732070922854,82.49080888984037 ,5775.0,10:36:02 AM,1572671162250
-7.052 ,12.263 ,-2.938,23.552325000000003,87.29711333333334 ,33.218732070922854,82.49080888984037 ,5775.0,10:36:02 AM,1572671162251
-2.862 ,15.425 ,-4.905,23.552325000000003,87.29711333333334 ,33.218732070922854,82.49080888984037 ,5775.0,10:36:02 AM,1572671162254
-1.832 ,16.243 ,-5.565,23.552325000000003,87.29711333333334 ,33.218732070922854,82.49080888984037 ,5775.0,10:36:02 AM,1572671162254
-3.982 ,20.111 ,-8.34,23.552325000000003,87.29711333333334 ,33.218732070922854,82.49080888984037 ,5775.0,10:36:02 AM,1572671162259
1.465 ,25.867 ,2.504,23.552325000000003,87.29711333333334 ,33.218732070922854,82.49080888984037 ,5775.0,10:36:02 AM,1572671162259
0.547 ,30.021 ,-2.871,23.552325000000003,87.29711333333334 ,33.218732070922854,82.49080888984037 ,5775.0,10:36:02 AM,1572671162264
