x,y,z,latitude,longitude,speed,sound,light,time,timestamp
-0.768 ,6.255 ,4.579,23.551755000000004,87.29651666666665 ,0.0,72.36556546099158 ,5689.0,10:36:38 AM,1572671198164
-0.285 ,7.507 ,3.497,23.551755000000004,87.29651666666665 ,0.0,72.36556546099158 ,5689.0,10:36:38 AM,1572671198168
-0.358 ,8.874 ,4.657,23.551755000000004,87.29651666666665 ,0.0,72.36556546099158 ,5689.0,10:36:38 AM,1572671198169
-0.695 ,9.652 ,6.269,23.551755000000004,87.29651666666665 ,0.0,72.36556546099158 ,5689.0,10:36:38 AM,1572671198173
-1.127 ,8.741 ,7.046,23.551755000000004,87.29651666666665 ,0.0,72.36556546099158 ,5689.0,10:36:38 AM,1572671198174
-1.035 ,6.614 ,6.419,23.551755000000004,87.29651666666665 ,0.0,72.36556546099158 ,5689.0,10:36:38 AM,1572671198181
-0.919 ,5.109 ,4.664,23.551755000000004,87.29651666666665 ,0.0,72.36556546099158 ,5689.0,10:36:38 AM,1572671198181
-0.576 ,5.434 ,5.041,23.551755000000004,87.29651666666665 ,0.0,72.36556546099158 ,5689.0,10:36:38 AM,1572671198184
-0.458 ,7.963 ,6.42,23.551755000000004,87.29651666666665 ,0.0,72.36556546099158 ,5689.0,10:36:38 AM,1572671198185
-1.35 ,10.079 ,7.907,23.551755000000004,87.29651666666665 ,0.0,72.36556546099158 ,5689.0,10:36:38 AM,1572671198189
-2.099 ,10.223 ,7.627,23.551755000000004,87.29651666666665 ,0.0,72.36556546099158 ,5689.0,10:36:38 AM,1572671198190
-2.4 ,8.231 ,4.907,23.551755000000004,87.29651666666665 ,0.0,72.36556546099158 ,5864.0,10:36:38 AM,1572671198193
-1.746 ,5.792 ,2.707,23.551755000000004,87.29651666666665 ,0.0,72.36556546099158 ,5864.0,10:36:38 AM,1572671198193
0.371 ,5.316 ,2.361,23.551755000000004,87.29651666666665 ,0.0,72.36556546099158 ,5864.0,10:36:38 AM,1572671198198
1.976 ,6.498 ,4.974,23.551755000000004,87.29651666666665 ,0.0,72.36556546099158 ,5864.0,10:36:38 AM,1572671198199
2.296 ,8.223 ,8.901,23.551755000000004,87.29651666666665 ,0.0,72.36556546099158 ,5864.0,10:36:38 AM,1572671198203
1.241 ,8.925 ,11.567,23.551755000000004,87.29651666666665 ,0.0,72.36556546099158 ,5864.0,10:36:38 AM,1572671198204
0.286 ,8.391 ,11.638,23.551755000000004,87.29651666666665 ,0.0,72.36556546099158 ,5864.0,10:36:38 AM,1572671198208
-0.909 ,7.018 ,8.499,23.551755000000004,87.29651666666665 ,0.0,72.36556546099158 ,5864.0,10:36:38 AM,1572671198209
-1.17 ,5.991 ,5.272,23.551755000000004,87.29651666666665 ,0.0,72.36556546099158 ,5864.0,10:36:38 AM,1572671198214
-1.121 ,6.414 ,3.348,23.551755000000004,87.29651666666665 ,0.0,72.36556546099158 ,5864.0,10:36:38 AM,1572671198214
-1.503 ,7.812 ,2.966,23.551755000000004,87.29651666666665 ,0.0,72.36556546099158 ,5864.0,10:36:38 AM,1572671198219
-1.663 ,9.354 ,4.554,23.551755000000004,87.29651666666665 ,0.0,72.36556546099158 ,5864.0,10:36:38 AM,1572671198219
-2.234 ,9.75 ,6.128,23.551755000000004,87.29651666666665 ,0.0,72.36556546099158 ,5864.0,10:36:38 AM,1572671198223
-2.107 ,9.146 ,7.969,23.551755000000004,87.29651666666665 ,0.0,72.36556546099158 ,5864.0,10:36:38 AM,1572671198223
-1.447 ,8.324 ,8.152,23.551755000000004,87.29651666666665 ,0.0,72.36556546099158 ,5864.0,10:36:38 AM,1572671198231
-0.473 ,7.758 ,7.511,23.551755000000004,87.29651666666665 ,0.0,72.36556546099158 ,5864.0,10:36:38 AM,1572671198231
0.737 ,7.642 ,6.223,23.551755000000004,87.29651666666665 ,0.0,72.36556546099158 ,5864.0,10:36:38 AM,1572671198233
1.312 ,7.946 ,4.165,23.551755000000004,87.29651666666665 ,0.0,72.36556546099158 ,5864.0,10:36:38 AM,1572671198233
1.365 ,8.366 ,3.062,23.551755000000004,87.29651666666665 ,0.0,72.36556546099158 ,5864.0,10:36:38 AM,1572671198238
0.532 ,8.852 ,2.695,23.551755000000004,87.29651666666665 ,0.0,72.36556546099158 ,5864.0,10:36:38 AM,1572671198238
-0.897 ,9.572 ,4.365,23.551755000000004,87.29651666666665 ,0.0,72.36556546099158 ,5864.0,10:36:38 AM,1572671198242
-2.115 ,10.407 ,7.408,23.551755000000004,87.29651666666665 ,0.0,72.36556546099158 ,5864.0,10:36:38 AM,1572671198243
-2.813 ,9.993 ,9.221,23.551755000000004,87.29651666666665 ,0.0,72.36556546099158 ,5864.0,10:36:38 AM,1572671198249
-2.54 ,7.978 ,8.221,23.551755000000004,87.29651666666665 ,0.0,72.36556546099158 ,5864.0,10:36:38 AM,1572671198249
-1.26 ,5.583 ,5.437,23.551755000000004,87.29651666666665 ,0.0,72.36556546099158 ,5864.0,10:36:38 AM,1572671198254
0.278 ,5.156 ,3.943,23.551755000000004,87.29651666666665 ,0.0,72.36556546099158 ,5864.0,10:36:38 AM,1572671198254
0.702 ,7.057 ,4.712,23.551755000000004,87.29651666666665 ,0.0,72.36556546099158 ,5864.0,10:36:38 AM,1572671198258
0.128 ,9.621 ,7.087,23.551755000000004,87.29651666666665 ,0.0,72.36556546099158 ,5864.0,10:36:38 AM,1572671198258
-1.587 ,10.457 ,8.09,23.551755000000004,87.29651666666665 ,0.0,72.36556546099158 ,5864.0,10:36:38 AM,1572671198264
-2.616 ,9.17 ,7.186,23.551755000000004,87.29651666666665 ,0.0,72.36556546099158 ,5864.0,10:36:38 AM,1572671198264
-2.632 ,7.168 ,5.053,23.551755000000004,87.29651666666665 ,0.0,72.36556546099158 ,5864.0,10:36:38 AM,1572671198268
-1.417 ,6.11 ,3.638,23.551755000000004,87.29651666666665 ,0.0,72.36556546099158 ,5864.0,10:36:38 AM,1572671198269
0.212 ,6.966 ,4.343,23.551755000000004,87.29651666666665 ,0.0,72.36556546099158 ,5864.0,10:36:38 AM,1572671198274
1.129 ,8.721 ,6.65,23.551755000000004,87.29651666666665 ,0.0,72.36556546099158 ,5864.0,10:36:38 AM,1572671198275
1.048 ,9.914 ,8.869,23.551755000000004,87.29651666666665 ,0.0,72.36556546099158 ,5864.0,10:36:38 AM,1572671198280
-0.047 ,9.961 ,8.974,23.551755000000004,87.29651666666665 ,0.0,72.36556546099158 ,5864.0,10:36:38 AM,1572671198280
-0.958 ,9.201 ,7.962,23.551755000000004,87.29651666666665 ,0.0,72.36556546099158 ,5864.0,10:36:38 AM,1572671198283
-1.831 ,8.399 ,5.067,23.551755000000004,87.29651666666665 ,0.0,72.36556546099158 ,5864.0,10:36:38 AM,1572671198284
-1.661 ,8.356 ,2.945,23.551755000000004,87.29651666666665 ,0.0,72.36556546099158 ,5864.0,10:36:38 AM,1572671198289
-1.301 ,8.983 ,1.894,23.551755000000004,87.29651666666665 ,0.0,72.36556546099158 ,5864.0,10:36:38 AM,1572671198289
-1.28 ,9.743 ,1.882,23.551755000000004,87.29651666666665 ,0.0,72.36556546099158 ,5864.0,10:36:38 AM,1572671198293
-1.377 ,9.755 ,3.619,23.551755000000004,87.29651666666665 ,0.0,72.36556546099158 ,5864.0,10:36:38 AM,1572671198294
-1.726 ,9.305 ,5.709,23.551755000000004,87.29651666666665 ,0.0,72.36556546099158 ,5864.0,10:36:38 AM,1572671198299
-1.611 ,8.549 ,8.017,23.551755000000004,87.29651666666665 ,0.0,72.36556546099158 ,5864.0,10:36:38 AM,1572671198299
-1.269 ,8.108 ,8.987,23.551755000000004,87.29651666666665 ,0.0,72.36556546099158 ,5864.0,10:36:38 AM,1572671198304
-0.685 ,7.824 ,8.509,23.551755000000004,87.29651666666665 ,0.0,72.36556546099158 ,5864.0,10:36:38 AM,1572671198304
0.397 ,7.789 ,7.001,23.551755000000004,87.29651666666665 ,0.0,72.36556546099158 ,5864.0,10:36:38 AM,1572671198309
0.905 ,7.775 ,4.883,23.551755000000004,87.29651666666665 ,0.0,72.36556546099158 ,5864.0,10:36:38 AM,1572671198309
1.299 ,8.134 ,4.13,23.551755000000004,87.29651666666665 ,0.0,72.36556546099158 ,5864.0,10:36:38 AM,1572671198315
0.829 ,8.798 ,4.295,23.551755000000004,87.29651666666665 ,0.0,72.36556546099158 ,5864.0,10:36:38 AM,1572671198315
0.227 ,9.668 ,6.595,23.551755000000004,87.29651666666665 ,0.0,72.36556546099158 ,5864.0,10:36:38 AM,1572671198318
-0.752 ,9.75 ,7.865,23.551755000000004,87.29651666666665 ,0.0,72.36556546099158 ,5864.0,10:36:38 AM,1572671198318
-1.199 ,8.241 ,7.591,23.551755000000004,87.29651666666665 ,0.0,72.36556546099158 ,5864.0,10:36:38 AM,1572671198323
-1.007 ,6.176 ,5.684,23.551755000000004,87.29651666666665 ,0.0,72.36556546099158 ,5864.0,10:36:38 AM,1572671198323
-0.509 ,5.497 ,4.337,23.551755000000004,87.29651666666665 ,0.0,72.36556546099158 ,5864.0,10:36:38 AM,1572671198329
-0.282 ,6.962 ,4.961,23.551755000000004,87.29651666666665 ,0.0,72.36556546099158 ,5864.0,10:36:38 AM,1572671198330
-0.594 ,9.393 ,7.087,23.551755000000004,87.29651666666665 ,0.0,72.36556546099158 ,5864.0,10:36:38 AM,1572671198333
-1.374 ,10.635 ,8.648,23.551755000000004,87.29651666666665 ,0.0,72.36556546099158 ,5864.0,10:36:38 AM,1572671198333
-1.626 ,9.833 ,8.022,23.551755000000004,87.29651666666665 ,0.0,72.36556546099158 ,5864.0,10:36:38 AM,1572671198338
-1.108 ,7.914 ,5.392,23.551755000000004,87.29651666666665 ,0.0,72.36556546099158 ,5864.0,10:36:38 AM,1572671198338
0.2 ,6.208 ,3.099,23.551755000000004,87.29651666666665 ,0.0,72.36556546099158 ,5864.0,10:36:38 AM,1572671198343
1.789 ,7.144 ,3.337,23.551755000000004,87.29651666666665 ,0.0,72.36556546099158 ,5864.0,10:36:38 AM,1572671198343
2.416 ,8.956 ,5.869,23.551755000000004,87.29651666666665 ,0.0,72.36556546099158 ,5864.0,10:36:38 AM,1572671198349
1.782 ,10.307 ,8.222,23.551755000000004,87.29651666666665 ,0.0,72.36556546099158 ,5864.0,10:36:38 AM,1572671198349
0.258 ,10.174 ,8.768,23.551755000000004,87.29651666666665 ,0.0,72.36556546099158 ,5864.0,10:36:38 AM,1572671198354
-0.996 ,9.152 ,7.484,23.551755000000004,87.29651666666665 ,0.0,72.36556546099158 ,5864.0,10:36:38 AM,1572671198354
-1.822 ,8.273 ,4.884,23.551755000000004,87.29651666666665 ,0.0,72.36556546099158 ,5864.0,10:36:38 AM,1572671198359
-1.674 ,8.13 ,3.066,23.551755000000004,87.29651666666665 ,0.0,72.36556546099158 ,5864.0,10:36:38 AM,1572671198359
-1.303 ,8.862 ,2.061,23.551755000000004,87.29651666666665 ,0.0,72.36556546099158 ,5864.0,10:36:38 AM,1572671198365
-1.268 ,9.712 ,2.394,23.551755000000004,87.29651666666665 ,0.0,72.36556546099158 ,5864.0,10:36:38 AM,1572671198365
-1.196 ,10.07 ,3.958,23.551755000000004,87.29651666666665 ,0.0,72.36556546099158 ,5864.0,10:36:38 AM,1572671198368
-1.556 ,9.592 ,5.713,23.551755000000004,87.29651666666665 ,0.0,72.36556546099158 ,5864.0,10:36:38 AM,1572671198369
-1.424 ,8.648 ,7.612,23.551755000000004,87.29651666666665 ,0.0,72.36556546099158 ,5864.0,10:36:38 AM,1572671198373
-1.055 ,7.775 ,7.778,23.551755000000004,87.29651666666665 ,0.0,72.36556546099158 ,5864.0,10:36:38 AM,1572671198374
-0.227 ,7.095 ,7.202,23.551755000000004,87.29651666666665 ,0.0,72.36556546099158 ,5864.0,10:36:38 AM,1572671198380
0.736 ,6.817 ,6.037,23.551755000000004,87.29651666666665 ,0.0,72.36556546099158 ,5864.0,10:36:38 AM,1572671198380
0.955 ,6.9 ,5.204,23.551755000000004,87.29651666666665 ,0.0,72.36556546099158 ,5864.0,10:36:38 AM,1572671198382
0.948 ,7.546 ,5.97,23.551755000000004,87.29651666666665 ,0.0,72.36556546099158 ,5864.0,10:36:38 AM,1572671198383
0.092 ,8.503 ,7.185,23.551755000000004,87.29651666666665 ,0.0,72.36556546099158 ,5864.0,10:36:38 AM,1572671198388
-0.877 ,9.313 ,9.0,23.551755000000004,87.29651666666665 ,0.0,72.36556546099158 ,5864.0,10:36:38 AM,1572671198389
-1.469 ,9.015 ,8.928,23.551755000000004,87.29651666666665 ,0.0,72.36556546099158 ,5864.0,10:36:38 AM,1572671198392
-1.633 ,7.583 ,7.111,23.551755000000004,87.29651666666665 ,0.0,72.36556546099158 ,5864.0,10:36:38 AM,1572671198393
-1.177 ,6.146 ,4.581,23.551755000000004,87.29651666666665 ,0.0,72.36556546099158 ,5657.0,10:36:38 AM,1572671198398
-0.775 ,6.126 ,3.015,23.551755000000004,87.29651666666665 ,0.0,72.36556546099158 ,5657.0,10:36:38 AM,1572671198399
-0.838 ,7.686 ,4.051,23.551755000000004,87.29651666666665 ,0.0,72.36556546099158 ,5657.0,10:36:38 AM,1572671198403
-1.532 ,9.784 ,6.044,23.551755000000004,87.29651666666665 ,0.0,72.36556546099158 ,5657.0,10:36:38 AM,1572671198403
-2.522 ,10.759 ,7.982,23.551755000000004,87.29651666666665 ,0.0,72.36556546099158 ,5657.0,10:36:38 AM,1572671198408
-2.962 ,10.081 ,7.779,23.551755000000004,87.29651666666665 ,0.0,72.36556546099158 ,5657.0,10:36:38 AM,1572671198408
-2.325 ,8.441 ,5.555,23.551755000000004,87.29651666666665 ,0.0,72.36556546099158 ,5657.0,10:36:38 AM,1572671198414
