x,y,z,latitude,longitude,speed,sound,light,time,timestamp
-0.545 ,4.504 ,3.329,23.551753333333334,87.29651666666665 ,0.0,71.12575501058922 ,4947.0,10:36:40 AM,1572671200657
0.616 ,6.047 ,5.974,23.551753333333334,87.29651666666665 ,0.0,71.12575501058922 ,4947.0,10:36:40 AM,1572671200662
1.378 ,8.517 ,10.171,23.551753333333334,87.29651666666665 ,0.0,71.12575501058922 ,4947.0,10:36:40 AM,1572671200662
0.589 ,9.595 ,12.079,23.551753333333334,87.29651666666665 ,0.0,71.12575501058922 ,4947.0,10:36:40 AM,1572671200668
-0.588 ,8.499 ,10.824,23.551753333333334,87.29651666666665 ,0.0,71.12575501058922 ,4947.0,10:36:40 AM,1572671200668
-1.757 ,6.606 ,6.859,23.551753333333334,87.29651666666665 ,0.0,71.12575501058922 ,4947.0,10:36:40 AM,1572671200675
-2.104 ,5.615 ,3.7,23.551753333333334,87.29651666666665 ,0.0,71.12575501058922 ,4947.0,10:36:40 AM,1572671200676
-1.596 ,6.8 ,3.096,23.551753333333334,87.29651666666665 ,0.0,71.12575501058922 ,4947.0,10:36:40 AM,1572671200676
-0.975 ,8.747 ,3.827,23.551753333333334,87.29651666666665 ,0.0,71.12575501058922 ,4947.0,10:36:40 AM,1572671200677
-0.363 ,9.907 ,5.283,23.551753333333334,87.29651666666665 ,0.0,71.12575501058922 ,4947.0,10:36:40 AM,1572671200682
-0.483 ,9.396 ,6.3,23.551753333333334,87.29651666666665 ,0.0,71.12575501058922 ,4947.0,10:36:40 AM,1572671200682
-0.777 ,7.983 ,7.505,23.551753333333334,87.29651666666665 ,0.0,71.12575501058922 ,4947.0,10:36:40 AM,1572671200686
-0.977 ,7.022 ,7.954,23.551753333333334,87.29651666666665 ,0.0,71.12575501058922 ,4947.0,10:36:40 AM,1572671200687
-0.938 ,7.014 ,6.88,23.551753333333334,87.29651666666665 ,0.0,71.12575501058922 ,4947.0,10:36:40 AM,1572671200692
-0.267 ,7.653 ,5.804,23.551753333333334,87.29651666666665 ,0.0,71.12575501058922 ,4947.0,10:36:40 AM,1572671200692
-0.191 ,8.421 ,4.101,23.551753333333334,87.29651666666665 ,0.0,71.12575501058922 ,4947.0,10:36:40 AM,1572671200696
0.222 ,9.003 ,3.379,23.551753333333334,87.29651666666665 ,0.0,71.12575501058922 ,4947.0,10:36:40 AM,1572671200696
0.075 ,9.591 ,3.351,23.551753333333334,87.29651666666665 ,0.0,71.12575501058922 ,4947.0,10:36:40 AM,1572671200701
-0.441 ,10.194 ,5.163,23.551753333333334,87.29651666666665 ,0.0,71.12575501058922 ,4947.0,10:36:40 AM,1572671200702
-0.619 ,10.272 ,7.916,23.551753333333334,87.29651666666665 ,0.0,71.12575501058922 ,4947.0,10:36:40 AM,1572671200707
-0.704 ,8.936 ,8.743,23.551753333333334,87.29651666666665 ,0.0,71.12575501058922 ,4947.0,10:36:40 AM,1572671200708
-0.251 ,6.601 ,7.369,23.551753333333334,87.29651666666665 ,0.0,71.12575501058922 ,4947.0,10:36:40 AM,1572671200712
0.328 ,5.075 ,4.72,23.551753333333334,87.29651666666665 ,0.0,71.12575501058922 ,4947.0,10:36:40 AM,1572671200712
0.606 ,5.749 ,4.065,23.551753333333334,87.29651666666665 ,0.0,71.12575501058922 ,4947.0,10:36:40 AM,1572671200717
0.511 ,8.23 ,5.784,23.551753333333334,87.29651666666665 ,0.0,71.12575501058922 ,4947.0,10:36:40 AM,1572671200717
-0.826 ,10.37 ,7.682,23.551753333333334,87.29651666666665 ,0.0,71.12575501058922 ,4947.0,10:36:40 AM,1572671200726
-2.074 ,10.304 ,8.273,23.551753333333334,87.29651666666665 ,0.0,71.12575501058922 ,4947.0,10:36:40 AM,1572671200726
-2.767 ,8.123 ,6.321,23.551753333333334,87.29651666666665 ,0.0,71.12575501058922 ,4947.0,10:36:40 AM,1572671200727
-2.238 ,5.639 ,4.245,23.551753333333334,87.29651666666665 ,0.0,71.12575501058922 ,4947.0,10:36:40 AM,1572671200727
-0.606 ,4.817 ,3.868,23.551753333333334,87.29651666666665 ,0.0,71.12575501058922 ,4947.0,10:36:40 AM,1572671200733
0.887 ,5.995 ,5.459,23.551753333333334,87.29651666666665 ,0.0,71.12575501058922 ,4947.0,10:36:40 AM,1572671200734
1.943 ,8.023 ,8.272,23.551753333333334,87.29651666666665 ,0.0,71.12575501058922 ,4947.0,10:36:40 AM,1572671200737
1.295 ,9.198 ,9.821,23.551753333333334,87.29651666666665 ,0.0,71.12575501058922 ,4947.0,10:36:40 AM,1572671200738
-0.058 ,8.893 ,9.727,23.551753333333334,87.29651666666665 ,0.0,71.12575501058922 ,4947.0,10:36:40 AM,1572671200744
-1.745 ,7.899 ,7.834,23.551753333333334,87.29651666666665 ,0.0,71.12575501058922 ,4947.0,10:36:40 AM,1572671200744
-2.726 ,7.251 ,5.713,23.551753333333334,87.29651666666665 ,0.0,71.12575501058922 ,4947.0,10:36:40 AM,1572671200747
-2.403 ,7.636 ,4.184,23.551753333333334,87.29651666666665 ,0.0,71.12575501058922 ,4947.0,10:36:40 AM,1572671200747
-1.663 ,8.437 ,2.969,23.551753333333334,87.29651666666665 ,0.0,71.12575501058922 ,4947.0,10:36:40 AM,1572671200752
-0.738 ,8.772 ,3.164,23.551753333333334,87.29651666666665 ,0.0,71.12575501058922 ,4947.0,10:36:40 AM,1572671200754
-0.217 ,8.679 ,4.058,23.551753333333334,87.29651666666665 ,0.0,71.12575501058922 ,4947.0,10:36:40 AM,1572671200758
-0.411 ,8.147 ,5.898,23.551753333333334,87.29651666666665 ,0.0,71.12575501058922 ,4947.0,10:36:40 AM,1572671200759
-0.627 ,7.727 ,8.209,23.551753333333334,87.29651666666665 ,0.0,71.12575501058922 ,4947.0,10:36:40 AM,1572671200761
-1.186 ,7.648 ,9.17,23.551753333333334,87.29651666666665 ,0.0,71.12575501058922 ,4947.0,10:36:40 AM,1572671200762
-0.952 ,7.831 ,9.055,23.551753333333334,87.29651666666665 ,0.0,71.12575501058922 ,4947.0,10:36:40 AM,1572671200767
-0.494 ,8.086 ,7.305,23.551753333333334,87.29651666666665 ,0.0,71.12575501058922 ,4947.0,10:36:40 AM,1572671200767
-0.091 ,8.139 ,4.557,23.551753333333334,87.29651666666665 ,0.0,71.12575501058922 ,4947.0,10:36:40 AM,1572671200775
0.547 ,8.012 ,2.519,23.551753333333334,87.29651666666665 ,0.0,71.12575501058922 ,4947.0,10:36:40 AM,1572671200775
0.787 ,7.999 ,1.965,23.551753333333334,87.29651666666665 ,0.0,71.12575501058922 ,4947.0,10:36:40 AM,1572671200776
0.693 ,8.698 ,4.159,23.551753333333334,87.29651666666665 ,0.0,71.12575501058922 ,4947.0,10:36:40 AM,1572671200776
0.185 ,9.669 ,7.669,23.551753333333334,87.29651666666665 ,0.0,71.12575501058922 ,4947.0,10:36:40 AM,1572671200782
-0.818 ,9.682 ,10.247,23.551753333333334,87.29651666666665 ,0.0,71.12575501058922 ,4947.0,10:36:40 AM,1572671200782
-1.241 ,7.952 ,9.79,23.551753333333334,87.29651666666665 ,0.0,71.12575501058922 ,4947.0,10:36:40 AM,1572671200788
-1.226 ,5.516 ,6.418,23.551753333333334,87.29651666666665 ,0.0,71.12575501058922 ,4947.0,10:36:40 AM,1572671200789
-0.801 ,4.855 ,3.422,23.551753333333334,87.29651666666665 ,0.0,71.12575501058922 ,4947.0,10:36:40 AM,1572671200794
-0.601 ,6.927 ,2.653,23.551753333333334,87.29651666666665 ,0.0,71.12575501058922 ,4947.0,10:36:40 AM,1572671200794
-0.612 ,10.024 ,5.228,23.551753333333334,87.29651666666665 ,0.0,71.12575501058922 ,5086.0,10:36:40 AM,1572671200796
-1.623 ,11.153 ,7.072,23.551753333333334,87.29651666666665 ,0.0,71.12575501058922 ,5086.0,10:36:40 AM,1572671200797
-2.173 ,9.294 ,6.948,23.551753333333334,87.29651666666665 ,0.0,71.12575501058922 ,5086.0,10:36:40 AM,1572671200802
-2.062 ,5.745 ,4.992,23.551753333333334,87.29651666666665 ,0.0,71.12575501058922 ,5086.0,10:36:40 AM,1572671200802
-0.814 ,3.8 ,3.962,23.551753333333334,87.29651666666665 ,0.0,71.12575501058922 ,5086.0,10:36:40 AM,1572671200807
0.868 ,4.793 ,5.936,23.551753333333334,87.29651666666665 ,0.0,71.12575501058922 ,5086.0,10:36:40 AM,1572671200808
1.842 ,7.55 ,9.476,23.551753333333334,87.29651666666665 ,0.0,71.12575501058922 ,5086.0,10:36:40 AM,1572671200812
1.499 ,9.638 ,11.544,23.551753333333334,87.29651666666665 ,0.0,71.12575501058922 ,5086.0,10:36:40 AM,1572671200812
-0.081 ,9.35 ,10.615,23.551753333333334,87.29651666666665 ,0.0,71.12575501058922 ,5086.0,10:36:40 AM,1572671200816
-1.62 ,7.409 ,7.714,23.551753333333334,87.29651666666665 ,0.0,71.12575501058922 ,5086.0,10:36:40 AM,1572671200817
-2.802 ,5.954 ,3.893,23.551753333333334,87.29651666666665 ,0.0,71.12575501058922 ,5086.0,10:36:40 AM,1572671200826
-2.548 ,6.33 ,3.17,23.551753333333334,87.29651666666665 ,0.0,71.12575501058922 ,5086.0,10:36:40 AM,1572671200827
-1.668 ,8.008 ,4.099,23.551753333333334,87.29651666666665 ,0.0,71.12575501058922 ,5086.0,10:36:40 AM,1572671200828
-0.787 ,9.167 ,5.484,23.551753333333334,87.29651666666665 ,0.0,71.12575501058922 ,5086.0,10:36:40 AM,1572671200829
-0.272 ,8.945 ,6.507,23.551753333333334,87.29651666666665 ,0.0,71.12575501058922 ,5086.0,10:36:40 AM,1572671200832
-0.271 ,7.61 ,7.408,23.551753333333334,87.29651666666665 ,0.0,71.12575501058922 ,5086.0,10:36:40 AM,1572671200833
-0.732 ,6.873 ,7.964,23.551753333333334,87.29651666666665 ,0.0,71.12575501058922 ,5086.0,10:36:40 AM,1572671200837
-0.82 ,7.271 ,8.009,23.551753333333334,87.29651666666665 ,0.0,71.12575501058922 ,5086.0,10:36:40 AM,1572671200837
-0.682 ,8.005 ,6.99,23.551753333333334,87.29651666666665 ,0.0,71.12575501058922 ,5086.0,10:36:40 AM,1572671200842
-0.339 ,8.5 ,4.646,23.551753333333334,87.29651666666665 ,0.0,71.12575501058922 ,5086.0,10:36:40 AM,1572671200843
0.088 ,8.764 ,2.554,23.551753333333334,87.29651666666665 ,0.0,71.12575501058922 ,5086.0,10:36:40 AM,1572671200847
0.402 ,9.293 ,1.986,23.551753333333334,87.29651666666665 ,0.0,71.12575501058922 ,5086.0,10:36:40 AM,1572671200847
0.013 ,10.319 ,3.491,23.551753333333334,87.29651666666665 ,0.0,71.12575501058922 ,5086.0,10:36:40 AM,1572671200851
-0.208 ,10.701 ,6.984,23.551753333333334,87.29651666666665 ,0.0,71.12575501058922 ,5086.0,10:36:40 AM,1572671200851
-0.762 ,9.793 ,8.684,23.551753333333334,87.29651666666665 ,0.0,71.12575501058922 ,5086.0,10:36:40 AM,1572671200857
-1.03 ,7.199 ,7.963,23.551753333333334,87.29651666666665 ,0.0,71.12575501058922 ,5086.0,10:36:40 AM,1572671200858
-0.37 ,4.996 ,6.17,23.551753333333334,87.29651666666665 ,0.0,71.12575501058922 ,5086.0,10:36:40 AM,1572671200861
-0.055 ,5.002 ,4.502,23.551753333333334,87.29651666666665 ,0.0,71.12575501058922 ,5086.0,10:36:40 AM,1572671200862
0.264 ,7.331 ,5.496,23.551753333333334,87.29651666666665 ,0.0,71.12575501058922 ,5086.0,10:36:40 AM,1572671200865
-0.142 ,10.187 ,7.263,23.551753333333334,87.29651666666665 ,0.0,71.12575501058922 ,5086.0,10:36:40 AM,1572671200866
-1.395 ,10.892 ,7.598,23.551753333333334,87.29651666666665 ,0.0,71.12575501058922 ,5086.0,10:36:40 AM,1572671200874
-2.077 ,9.162 ,6.178,23.551753333333334,87.29651666666665 ,0.0,71.12575501058922 ,5086.0,10:36:40 AM,1572671200875
-2.294 ,6.362 ,3.853,23.551753333333334,87.29651666666665 ,0.0,71.12575501058922 ,5086.0,10:36:40 AM,1572671200875
-1.026 ,4.763 ,3.503,23.551753333333334,87.29651666666665 ,0.0,71.12575501058922 ,5086.0,10:36:40 AM,1572671200876
0.297 ,5.375 ,5.049,23.551753333333334,87.29651666666665 ,0.0,71.12575501058922 ,5086.0,10:36:40 AM,1572671200881
1.554 ,7.205 ,8.489,23.551753333333334,87.29651666666665 ,0.0,71.12575501058922 ,5086.0,10:36:40 AM,1572671200881
1.388 ,8.855 ,10.471,23.551753333333334,87.29651666666665 ,0.0,71.12575501058922 ,5086.0,10:36:40 AM,1572671200887
0.061 ,8.812 ,10.17,23.551753333333334,87.29651666666665 ,0.0,71.12575501058922 ,5086.0,10:36:40 AM,1572671200888
-1.42 ,7.641 ,8.267,23.551753333333334,87.29651666666665 ,0.0,71.12575501058922 ,5086.0,10:36:40 AM,1572671200893
-2.832 ,6.864 ,5.565,23.551753333333334,87.29651666666665 ,0.0,71.12575501058922 ,5086.0,10:36:40 AM,1572671200893
-3.069 ,7.151 ,4.298,23.551753333333334,87.29651666666665 ,0.0,71.12575501058922 ,5086.0,10:36:40 AM,1572671200895
-2.397 ,8.335 ,3.622,23.551753333333334,87.29651666666665 ,0.0,71.12575501058922 ,5086.0,10:36:40 AM,1572671200896
-1.487 ,9.032 ,3.851,23.551753333333334,87.29651666666665 ,0.0,71.12575501058922 ,5086.0,10:36:40 AM,1572671200901
-0.527 ,8.842 ,4.675,23.551753333333334,87.29651666666665 ,0.0,71.12575501058922 ,5086.0,10:36:40 AM,1572671200902
-0.233 ,8.068 ,5.697,23.551753333333334,87.29651666666665 ,0.0,71.12575501058922 ,5086.0,10:36:40 AM,1572671200906
