x,y,z,latitude,longitude,speed,sound,light,time,timestamp
2.071 ,5.915 ,0.786,23.568268333333336,87.30251666666666 ,25.664050483703615,83.41760327153321 ,7250.0,10:32:07 AM,1572670927722
2.265 ,9.087 ,4.975,23.568268333333336,87.30251666666666 ,25.664050483703615,83.41760327153321 ,7250.0,10:32:07 AM,1572670927723
1.998 ,9.834 ,6.636,23.568268333333336,87.30251666666666 ,25.664050483703615,83.41760327153321 ,7250.0,10:32:07 AM,1572670927728
0.771 ,8.711 ,3.345,23.568268333333336,87.30251666666666 ,25.664050483703615,83.41760327153321 ,7250.0,10:32:07 AM,1572670927729
-0.697 ,6.27 ,0.354,23.568268333333336,87.30251666666666 ,25.664050483703615,83.41760327153321 ,7250.0,10:32:07 AM,1572670927732
-1.247 ,4.466 ,2.9,23.568268333333336,87.30251666666666 ,25.664050483703615,83.41760327153321 ,7250.0,10:32:07 AM,1572670927732
-3.947 ,5.203 ,2.633,23.568268333333336,87.30251666666666 ,25.664050483703615,83.41760327153321 ,7250.0,10:32:07 AM,1572670927737
-2.687 ,7.58 ,6.685,23.568268333333336,87.30251666666666 ,25.664050483703615,83.41760327153321 ,7250.0,10:32:07 AM,1572670927737
-1.88 ,7.641 ,8.754,23.568268333333336,87.30251666666666 ,25.664050483703615,83.41760327153321 ,7250.0,10:32:07 AM,1572670927742
-0.702 ,5.786 ,7.457,23.568268333333336,87.30251666666666 ,25.664050483703615,83.41760327153321 ,7250.0,10:32:07 AM,1572670927743
1.676 ,5.158 ,8.663,23.568268333333336,87.30251666666666 ,25.664050483703615,83.41760327153321 ,7250.0,10:32:07 AM,1572670927746
2.298 ,7.064 ,9.709,23.568268333333336,87.30251666666666 ,25.664050483703615,83.41760327153321 ,7250.0,10:32:07 AM,1572670927746
3.67 ,9.557 ,13.475,23.568268333333336,87.30251666666666 ,25.664050483703615,83.41760327153321 ,7250.0,10:32:07 AM,1572670927755
3.446 ,8.06 ,13.821,23.568268333333336,87.30251666666666 ,25.664050483703615,83.41760327153321 ,7250.0,10:32:07 AM,1572670927755
2.283 ,4.295 ,8.709,23.568268333333336,87.30251666666666 ,25.664050483703615,83.41760327153321 ,7250.0,10:32:07 AM,1572670927757
2.52 ,3.256 ,7.131,23.568268333333336,87.30251666666666 ,25.664050483703615,83.41760327153321 ,7250.0,10:32:07 AM,1572670927757
0.918 ,5.615 ,8.156,23.568268333333336,87.30251666666666 ,25.664050483703615,83.41760327153321 ,7250.0,10:32:07 AM,1572670927762
-0.03 ,8.706 ,14.193,23.568268333333336,87.30251666666666 ,25.664050483703615,83.41760327153321 ,7250.0,10:32:07 AM,1572670927762
-1.955 ,9.967 ,15.138,23.568268333333336,87.30251666666666 ,25.664050483703615,83.41760327153321 ,7250.0,10:32:07 AM,1572670927766
-4.156 ,8.751 ,10.839,23.568268333333336,87.30251666666666 ,25.664050483703615,83.41760327153321 ,7250.0,10:32:07 AM,1572670927767
-4.303 ,6.495 ,6.576,23.568268333333336,87.30251666666666 ,25.664050483703615,83.41760327153321 ,7250.0,10:32:07 AM,1572670927772
-4.563 ,5.887 ,3.011,23.568268333333336,87.30251666666666 ,25.664050483703615,83.41760327153321 ,7250.0,10:32:07 AM,1572670927773
-5.116 ,7.664 ,1.585,23.568268333333336,87.30251666666666 ,25.664050483703615,83.41760327153321 ,7250.0,10:32:07 AM,1572670927781
-3.731 ,10.891 ,1.857,23.568268333333336,87.30251666666666 ,25.664050483703615,83.41760327153321 ,7250.0,10:32:07 AM,1572670927781
-2.668 ,12.478 ,1.202,23.568268333333336,87.30251666666666 ,25.664050483703615,83.41760327153321 ,7250.0,10:32:07 AM,1572670927782
-1.133 ,10.859 ,-0.272,23.568268333333336,87.30251666666666 ,25.664050483703615,83.41760327153321 ,7250.0,10:32:07 AM,1572670927783
0.426 ,8.399 ,-0.962,23.568268333333336,87.30251666666666 ,25.664050483703615,83.41760327153321 ,7250.0,10:32:07 AM,1572670927788
0.894 ,7.958 ,1.28,23.568268333333336,87.30251666666666 ,25.664050483703615,83.41760327153321 ,7250.0,10:32:07 AM,1572670927788
1.326 ,10.358 ,5.283,23.568268333333336,87.30251666666666 ,25.664050483703615,83.41760327153321 ,7250.0,10:32:07 AM,1572670927792
1.71 ,10.087 ,9.353,23.568268333333336,87.30251666666666 ,25.664050483703615,83.41760327153321 ,7250.0,10:32:07 AM,1572670927792
0.674 ,5.134 ,6.568,23.568268333333336,87.30251666666666 ,25.664050483703615,83.41760327153321 ,6751.0,10:32:07 AM,1572670927797
0.258 ,1.697 ,1.916,23.568268333333336,87.30251666666666 ,25.664050483703615,83.41760327153321 ,6751.0,10:32:07 AM,1572670927797
0.0 ,3.167 ,3.383,23.568268333333336,87.30251666666666 ,25.664050483703615,83.41760327153321 ,6751.0,10:32:07 AM,1572670927804
-0.635 ,7.04 ,9.4,23.568268333333336,87.30251666666666 ,25.664050483703615,83.41760327153321 ,6751.0,10:32:07 AM,1572670927805
-1.642 ,9.349 ,14.21,23.568268333333336,87.30251666666666 ,25.664050483703615,83.41760327153321 ,6751.0,10:32:07 AM,1572670927806
-2.988 ,8.616 ,12.424,23.568268333333336,87.30251666666666 ,25.664050483703615,83.41760327153321 ,6751.0,10:32:07 AM,1572670927807
-2.47 ,6.7 ,10.538,23.568268333333336,87.30251666666666 ,25.664050483703615,83.41760327153321 ,6751.0,10:32:07 AM,1572670927812
-2.346 ,4.242 ,7.032,23.568268333333336,87.30251666666666 ,25.664050483703615,83.41760327153321 ,6751.0,10:32:07 AM,1572670927812
-2.167 ,3.593 ,4.684,23.568268333333336,87.30251666666666 ,25.664050483703615,83.41760327153321 ,6751.0,10:32:07 AM,1572670927816
-1.638 ,5.304 ,4.196,23.568268333333336,87.30251666666666 ,25.664050483703615,83.41760327153321 ,6751.0,10:32:07 AM,1572670927817
-0.813 ,6.713 ,5.686,23.568268333333336,87.30251666666666 ,25.664050483703615,83.41760327153321 ,6751.0,10:32:07 AM,1572670927822
-0.526 ,7.259 ,5.701,23.568268333333336,87.30251666666666 ,25.664050483703615,83.41760327153321 ,6751.0,10:32:07 AM,1572670927823
-0.431 ,6.935 ,7.721,23.568268333333336,87.30251666666666 ,25.664050483703615,83.41760327153321 ,6751.0,10:32:07 AM,1572670927827
-1.062 ,7.537 ,9.45,23.568268333333336,87.30251666666666 ,25.664050483703615,83.41760327153321 ,6751.0,10:32:07 AM,1572670927827
-0.635 ,9.635 ,13.885,23.568268333333336,87.30251666666666 ,25.664050483703615,83.41760327153321 ,6751.0,10:32:07 AM,1572670927831
-0.595 ,9.409 ,12.644,23.568268333333336,87.30251666666666 ,25.664050483703615,83.41760327153321 ,6751.0,10:32:07 AM,1572670927832
0.438 ,5.907 ,9.191,23.568268333333336,87.30251666666666 ,25.664050483703615,82.40268293935601 ,6751.0,10:32:07 AM,1572670927839
0.373 ,3.482 ,1.982,23.568268333333336,87.30251666666666 ,25.664050483703615,82.40268293935601 ,6751.0,10:32:07 AM,1572670927840
0.974 ,5.7 ,-1.392,23.568268333333336,87.30251666666666 ,25.664050483703615,82.40268293935601 ,6751.0,10:32:07 AM,1572670927841
1.312 ,11.016 ,1.503,23.568268333333336,87.30251666666666 ,25.664050483703615,82.40268293935601 ,6751.0,10:32:07 AM,1572670927842
-0.313 ,14.174 ,4.744,23.568268333333336,87.30251666666666 ,25.664050483703615,82.40268293935601 ,6751.0,10:32:07 AM,1572670927847
-1.919 ,14.251 ,3.744,23.568268333333336,87.30251666666666 ,25.664050483703615,82.40268293935601 ,6751.0,10:32:07 AM,1572670927848
-2.177 ,12.099 ,4.045,23.568268333333336,87.30251666666666 ,25.664050483703615,82.40268293935601 ,6751.0,10:32:07 AM,1572670927854
-2.45 ,9.312 ,2.916,23.568268333333336,87.30251666666666 ,25.664050483703615,82.40268293935601 ,6751.0,10:32:07 AM,1572670927855
-1.745 ,6.954 ,3.418,23.568268333333336,87.30251666666666 ,25.664050483703615,82.40268293935601 ,6751.0,10:32:07 AM,1572670927856
-0.758 ,6.986 ,2.589,23.568268333333336,87.30251666666666 ,25.664050483703615,82.40268293935601 ,6751.0,10:32:07 AM,1572670927857
0.896 ,8.752 ,3.212,23.56821,87.30251666666666 ,20.914810180664062,82.40268293935601 ,6751.0,10:32:07 AM,1572670927861
2.028 ,9.229 ,4.166,23.56821,87.30251666666666 ,20.914810180664062,82.40268293935601 ,6751.0,10:32:07 AM,1572670927861
1.628 ,7.535 ,3.329,23.56821,87.30251666666666 ,20.914810180664062,82.40268293935601 ,6751.0,10:32:07 AM,1572670927866
0.817 ,6.182 ,4.148,23.56821,87.30251666666666 ,20.914810180664062,82.40268293935601 ,6751.0,10:32:07 AM,1572670927866
-0.81 ,6.523 ,5.587,23.56821,87.30251666666666 ,20.914810180664062,82.40268293935601 ,6751.0,10:32:07 AM,1572670927873
-1.299 ,7.122 ,10.905,23.56821,87.30251666666666 ,20.914810180664062,82.40268293935601 ,6751.0,10:32:07 AM,1572670927874
-2.099 ,5.338 ,13.495,23.56821,87.30251666666666 ,20.914810180664062,82.40268293935601 ,6751.0,10:32:07 AM,1572670927877
-1.901 ,3.914 ,10.587,23.56821,87.30251666666666 ,20.914810180664062,82.40268293935601 ,6751.0,10:32:07 AM,1572670927877
-0.542 ,3.635 ,8.107,23.56821,87.30251666666666 ,20.914810180664062,82.40268293935601 ,6751.0,10:32:07 AM,1572670927881
0.674 ,4.857 ,8.182,23.56821,87.30251666666666 ,20.914810180664062,82.40268293935601 ,6751.0,10:32:07 AM,1572670927882
0.349 ,5.905 ,9.436,23.56821,87.30251666666666 ,20.914810180664062,82.40268293935601 ,6751.0,10:32:07 AM,1572670927888
-0.142 ,6.77 ,8.81,23.56821,87.30251666666666 ,20.914810180664062,82.40268293935601 ,6751.0,10:32:07 AM,1572670927889
-1.571 ,7.309 ,6.959,23.56821,87.30251666666666 ,20.914810180664062,82.40268293935601 ,6751.0,10:32:07 AM,1572670927891
-2.791 ,7.259 ,5.978,23.56821,87.30251666666666 ,20.914810180664062,82.40268293935601 ,6751.0,10:32:07 AM,1572670927892
-4.077 ,7.367 ,4.819,23.56821,87.30251666666666 ,20.914810180664062,82.40268293935601 ,6751.0,10:32:07 AM,1572670927896
-5.148 ,7.055 ,4.41,23.56821,87.30251666666666 ,20.914810180664062,82.40268293935601 ,6751.0,10:32:07 AM,1572670927896
-4.146 ,7.346 ,3.838,23.56821,87.30251666666666 ,20.914810180664062,82.40268293935601 ,6751.0,10:32:07 AM,1572670927904
-2.415 ,7.951 ,3.322,23.56821,87.30251666666666 ,20.914810180664062,82.40268293935601 ,6751.0,10:32:07 AM,1572670927904
0.165 ,7.553 ,4.075,23.56821,87.30251666666666 ,20.914810180664062,82.40268293935601 ,6751.0,10:32:07 AM,1572670927905
1.8 ,8.203 ,4.64,23.56821,87.30251666666666 ,20.914810180664062,82.40268293935601 ,6751.0,10:32:07 AM,1572670927906
2.973 ,10.575 ,5.766,23.56821,87.30251666666666 ,20.914810180664062,82.40268293935601 ,6751.0,10:32:07 AM,1572670927911
3.774 ,12.133 ,6.517,23.56821,87.30251666666666 ,20.914810180664062,82.40268293935601 ,6751.0,10:32:07 AM,1572670927911
2.499 ,9.387 ,5.047,23.56821,87.30251666666666 ,20.914810180664062,82.40268293935601 ,6751.0,10:32:07 AM,1572670927917
0.688 ,5.845 ,0.629,23.56821,87.30251666666666 ,20.914810180664062,82.40268293935601 ,6751.0,10:32:07 AM,1572670927918
-0.394 ,6.02 ,-0.429,23.56821,87.30251666666666 ,20.914810180664062,82.40268293935601 ,6751.0,10:32:07 AM,1572670927924
-1.39 ,9.335 ,4.707,23.56821,87.30251666666666 ,20.914810180664062,82.40268293935601 ,6751.0,10:32:07 AM,1572670927924
-2.025 ,11.157 ,11.535,23.56821,87.30251666666666 ,20.914810180664062,82.40268293935601 ,6751.0,10:32:07 AM,1572670927927
-2.611 ,9.331 ,11.951,23.56821,87.30251666666666 ,20.914810180664062,82.40268293935601 ,6751.0,10:32:07 AM,1572670927928
-2.168 ,6.128 ,10.696,23.56821,87.30251666666666 ,20.914810180664062,82.40268293935601 ,6751.0,10:32:07 AM,1572670927931
-1.014 ,4.309 ,10.241,23.56821,87.30251666666666 ,20.914810180664062,82.40268293935601 ,6751.0,10:32:07 AM,1572670927932
-0.751 ,4.355 ,10.802,23.56821,87.30251666666666 ,20.914810180664062,82.40268293935601 ,6751.0,10:32:07 AM,1572670927937
-1.295 ,5.719 ,10.545,23.56821,87.30251666666666 ,20.914810180664062,82.40268293935601 ,6751.0,10:32:07 AM,1572670927937
-1.071 ,6.577 ,9.304,23.56821,87.30251666666666 ,20.914810180664062,82.40268293935601 ,6751.0,10:32:07 AM,1572670927941
-0.81 ,5.916 ,6.813,23.56821,87.30251666666666 ,20.914810180664062,82.40268293935601 ,6751.0,10:32:07 AM,1572670927942
-0.86 ,4.595 ,5.766,23.56821,87.30251666666666 ,20.914810180664062,82.40268293935601 ,6751.0,10:32:07 AM,1572670927945
-0.903 ,6.695 ,8.535,23.56821,87.30251666666666 ,20.914810180664062,82.40268293935601 ,6751.0,10:32:07 AM,1572670927946
-1.108 ,10.721 ,12.915,23.56821,87.30251666666666 ,20.914810180664062,82.40268293935601 ,6751.0,10:32:07 AM,1572670927953
0.16 ,11.718 ,15.627,23.56821,87.30251666666666 ,20.914810180664062,82.40268293935601 ,6751.0,10:32:07 AM,1572670927954
0.285 ,6.724 ,9.677,23.56821,87.30251666666666 ,20.914810180664062,82.40268293935601 ,6751.0,10:32:07 AM,1572670927956
0.363 ,1.44 ,2.571,23.56821,87.30251666666666 ,20.914810180664062,82.40268293935601 ,6751.0,10:32:07 AM,1572670927957
0.682 ,1.685 ,-0.108,23.56821,87.30251666666666 ,20.914810180664062,82.40268293935601 ,6751.0,10:32:07 AM,1572670927961
0.883 ,7.993 ,4.438,23.56821,87.30251666666666 ,20.914810180664062,82.40268293935601 ,6751.0,10:32:07 AM,1572670927962
-0.474 ,13.712 ,10.753,23.56821,87.30251666666666 ,20.914810180664062,82.40268293935601 ,6751.0,10:32:07 AM,1572670927966
-2.282 ,12.847 ,10.117,23.56821,87.30251666666666 ,20.914810180664062,82.40268293935601 ,6751.0,10:32:07 AM,1572670927966
