x,y,z,latitude,longitude,speed,sound,light,time,timestamp
-1.194 ,6.821 ,10.822,23.568080000000002,87.29950500000001 ,33.98031463623047,86.53405270664396 ,13139.0,10:32:46 AM,1572670966356
-0.398 ,5.487 ,10.876,23.568080000000002,87.29950500000001 ,33.98031463623047,86.53405270664396 ,13139.0,10:32:46 AM,1572670966357
-0.315 ,3.63 ,1.944,23.568080000000002,87.29950500000001 ,33.98031463623047,86.53405270664396 ,13139.0,10:32:46 AM,1572670966361
0.145 ,3.095 ,-1.447,23.568080000000002,87.29950500000001 ,33.98031463623047,86.53405270664396 ,13139.0,10:32:46 AM,1572670966362
-1.139 ,5.321 ,2.641,23.568080000000002,87.29950500000001 ,33.98031463623047,86.53405270664396 ,13139.0,10:32:46 AM,1572670966366
-2.652 ,10.801 ,3.213,23.568080000000002,87.29950500000001 ,33.98031463623047,86.53405270664396 ,13139.0,10:32:46 AM,1572670966366
-2.405 ,11.765 ,9.39,23.568080000000002,87.29950500000001 ,33.98031463623047,86.53405270664396 ,13139.0,10:32:46 AM,1572670966371
-3.742 ,6.703 ,5.97,23.568080000000002,87.29950500000001 ,33.98031463623047,86.53405270664396 ,13139.0,10:32:46 AM,1572670966372
-1.284 ,3.359 ,1.357,23.568080000000002,87.29950500000001 ,33.98031463623047,86.53405270664396 ,13139.0,10:32:46 AM,1572670966376
1.931 ,2.693 ,1.968,23.568080000000002,87.29950500000001 ,33.98031463623047,86.53405270664396 ,13139.0,10:32:46 AM,1572670966377
4.756 ,6.786 ,9.179,23.568080000000002,87.29950500000001 ,33.98031463623047,86.53405270664396 ,13139.0,10:32:46 AM,1572670966381
4.53 ,10.276 ,10.957,23.568080000000002,87.29950500000001 ,33.98031463623047,86.53405270664396 ,13139.0,10:32:46 AM,1572670966382
4.181 ,8.564 ,8.643,23.568080000000002,87.29950500000001 ,33.98031463623047,86.53405270664396 ,13139.0,10:32:46 AM,1572670966387
0.792 ,2.405 ,5.064,23.568080000000002,87.29950500000001 ,33.98031463623047,86.53405270664396 ,13139.0,10:32:46 AM,1572670966388
-1.642 ,0.14 ,-0.079,23.568080000000002,87.29950500000001 ,33.98031463623047,86.53405270664396 ,13139.0,10:32:46 AM,1572670966393
-3.929 ,4.488 ,4.021,23.568080000000002,87.29950500000001 ,33.98031463623047,86.53405270664396 ,13139.0,10:32:46 AM,1572670966394
-5.468 ,10.871 ,15.666,23.568080000000002,87.29950500000001 ,33.98031463623047,86.53405270664396 ,8676.0,10:32:46 AM,1572670966395
-6.485 ,15.176 ,16.537,23.568080000000002,87.29950500000001 ,33.98031463623047,86.53405270664396 ,8676.0,10:32:46 AM,1572670966396
-4.262 ,11.585 ,13.669,23.568080000000002,87.29950500000001 ,33.98031463623047,86.53405270664396 ,8676.0,10:32:46 AM,1572670966404
-2.564 ,3.474 ,8.61,23.568080000000002,87.29950500000001 ,33.98031463623047,86.53405270664396 ,8676.0,10:32:46 AM,1572670966405
-0.715 ,1.832 ,-0.516,23.568080000000002,87.29950500000001 ,33.98031463623047,86.53405270664396 ,8676.0,10:32:46 AM,1572670966405
3.977 ,6.015 ,5.12,23.568080000000002,87.29950500000001 ,33.98031463623047,86.53405270664396 ,8676.0,10:32:46 AM,1572670966406
3.669 ,12.101 ,9.136,23.568080000000002,87.29950500000001 ,33.98031463623047,86.53405270664396 ,8676.0,10:32:46 AM,1572670966411
1.586 ,15.564 ,8.934,23.568080000000002,87.29950500000001 ,33.98031463623047,86.53405270664396 ,8676.0,10:32:46 AM,1572670966412
-0.089 ,13.381 ,6.614,23.568080000000002,87.29950500000001 ,33.98031463623047,86.53405270664396 ,8676.0,10:32:46 AM,1572670966417
-3.107 ,9.165 ,3.111,23.568080000000002,87.29950500000001 ,33.98031463623047,86.53405270664396 ,8676.0,10:32:46 AM,1572670966418
-4.636 ,6.876 ,1.687,23.568080000000002,87.29950500000001 ,33.98031463623047,86.53405270664396 ,8676.0,10:32:46 AM,1572670966422
-2.281 ,8.205 ,7.417,23.568080000000002,87.29950500000001 ,33.98031463623047,86.53405270664396 ,8676.0,10:32:46 AM,1572670966423
-1.104 ,9.24 ,10.86,23.568080000000002,87.29950500000001 ,33.98031463623047,86.53405270664396 ,8676.0,10:32:46 AM,1572670966425
1.821 ,10.111 ,10.976,23.568080000000002,87.29950500000001 ,33.98031463623047,86.53405270664396 ,8676.0,10:32:46 AM,1572670966426
2.486 ,9.261 ,5.895,23.568080000000002,87.29950500000001 ,33.98031463623047,86.53405270664396 ,8676.0,10:32:46 AM,1572670966431
2.423 ,5.899 ,4.864,23.568080000000002,87.29950500000001 ,33.98031463623047,86.53405270664396 ,8676.0,10:32:46 AM,1572670966432
-0.119 ,4.624 ,-1.004,23.568080000000002,87.29950500000001 ,33.98031463623047,86.53405270664396 ,8676.0,10:32:46 AM,1572670966439
-0.63 ,5.112 ,-0.473,23.568080000000002,87.29950500000001 ,33.98031463623047,86.53405270664396 ,8676.0,10:32:46 AM,1572670966439
-2.409 ,5.594 ,2.849,23.568080000000002,87.29950500000001 ,33.98031463623047,86.53405270664396 ,8676.0,10:32:46 AM,1572670966441
-3.929 ,7.418 ,4.113,23.568080000000002,87.29950500000001 ,33.98031463623047,86.53405270664396 ,8676.0,10:32:46 AM,1572670966442
-3.9 ,7.525 ,9.695,23.568080000000002,87.29950500000001 ,33.98031463623047,86.53405270664396 ,8676.0,10:32:46 AM,1572670966446
-3.103 ,5.615 ,14.312,23.568080000000002,87.29950500000001 ,33.98031463623047,86.53405270664396 ,8676.0,10:32:46 AM,1572670966446
-1.901 ,2.596 ,12.889,23.568080000000002,87.29950500000001 ,33.98031463623047,86.53405270664396 ,8676.0,10:32:46 AM,1572670966453
1.157 ,-1.039 ,9.978,23.568080000000002,87.29950500000001 ,33.98031463623047,86.53405270664396 ,8676.0,10:32:46 AM,1572670966453
2.205 ,-0.996 ,6.972,23.568080000000002,87.29950500000001 ,33.98031463623047,86.53405270664396 ,8676.0,10:32:46 AM,1572670966456
2.135 ,3.878 ,7.071,23.568080000000002,87.29950500000001 ,33.98031463623047,86.53405270664396 ,8676.0,10:32:46 AM,1572670966457
0.22 ,9.672 ,5.753,23.568080000000002,87.29950500000001 ,33.98031463623047,86.53405270664396 ,8676.0,10:32:46 AM,1572670966460
-1.334 ,10.352 ,7.019,23.568080000000002,87.29950500000001 ,33.98031463623047,86.53405270664396 ,8676.0,10:32:46 AM,1572670966461
-4.265 ,8.255 ,0.187,23.568080000000002,87.29950500000001 ,33.98031463623047,86.53405270664396 ,8676.0,10:32:46 AM,1572670966465
-3.041 ,7.91 ,-5.763,23.568080000000002,87.29950500000001 ,33.98031463623047,86.53405270664396 ,8676.0,10:32:46 AM,1572670966466
-0.732 ,9.769 ,-1.565,23.568080000000002,87.29950500000001 ,33.98031463623047,86.53405270664396 ,8676.0,10:32:46 AM,1572670966471
0.031 ,13.403 ,-0.922,23.568080000000002,87.29950500000001 ,33.98031463623047,86.53405270664396 ,8676.0,10:32:46 AM,1572670966471
2.545 ,15.748 ,0.734,23.568080000000002,87.29950500000001 ,33.98031463623047,86.53405270664396 ,8676.0,10:32:46 AM,1572670966476
2.752 ,12.202 ,-0.568,23.568080000000002,87.29950500000001 ,33.98031463623047,86.53405270664396 ,8676.0,10:32:46 AM,1572670966477
2.317 ,8.438 ,-5.869,23.568080000000002,87.29950500000001 ,33.98031463623047,86.53405270664396 ,8676.0,10:32:46 AM,1572670966480
2.219 ,8.547 ,-9.398,23.568080000000002,87.29950500000001 ,33.98031463623047,86.53405270664396 ,8676.0,10:32:46 AM,1572670966481
1.222 ,11.94 ,-4.845,23.568080000000002,87.29950500000001 ,33.98031463623047,86.53405270664396 ,8676.0,10:32:46 AM,1572670966486
-0.58 ,16.872 ,2.905,23.568080000000002,87.29950500000001 ,33.98031463623047,86.53405270664396 ,8676.0,10:32:46 AM,1572670966486
-1.967 ,17.898 ,6.203,23.568080000000002,87.29950500000001 ,33.98031463623047,86.53405270664396 ,8676.0,10:32:46 AM,1572670966490
-2.899 ,11.812 ,4.568,23.568080000000002,87.29950500000001 ,33.98031463623047,86.53405270664396 ,8676.0,10:32:46 AM,1572670966490
-1.497 ,3.749 ,3.547,23.568080000000002,87.29950500000001 ,33.98031463623047,86.53405270664396 ,8676.0,10:32:46 AM,1572670966495
1.378 ,0.949 ,4.034,23.568080000000002,87.29950500000001 ,33.98031463623047,86.53405270664396 ,8676.0,10:32:46 AM,1572670966496
4.703 ,3.453 ,12.306,23.568080000000002,87.29950500000001 ,33.98031463623047,86.53405270664396 ,8676.0,10:32:46 AM,1572670966503
4.968 ,7.369 ,21.19,23.568080000000002,87.29950500000001 ,33.98031463623047,86.53405270664396 ,8676.0,10:32:46 AM,1572670966504
3.324 ,8.037 ,21.248,23.568080000000002,87.29950500000001 ,33.98031463623047,86.53405270664396 ,8676.0,10:32:46 AM,1572670966505
0.649 ,2.747 ,19.755,23.568080000000002,87.29950500000001 ,33.98031463623047,86.53405270664396 ,8676.0,10:32:46 AM,1572670966505
-4.751 ,-3.444 ,13.35,23.568080000000002,87.29950500000001 ,33.98031463623047,86.53405270664396 ,8676.0,10:32:46 AM,1572670966511
-7.588 ,-4.764 ,11.863,23.568080000000002,87.29950500000001 ,33.98031463623047,86.53405270664396 ,8676.0,10:32:46 AM,1572670966513
-8.446 ,-1.752 ,19.553,23.568080000000002,87.29950500000001 ,33.98031463623047,86.53405270664396 ,8676.0,10:32:46 AM,1572670966516
-8.653 ,3.044 ,24.087,23.568080000000002,87.29950500000001 ,33.98031463623047,86.53405270664396 ,8676.0,10:32:46 AM,1572670966516
-6.47 ,5.662 ,20.94,23.568080000000002,87.29950500000001 ,33.98031463623047,86.53405270664396 ,8676.0,10:32:46 AM,1572670966521
-1.967 ,4.149 ,16.499,23.568080000000002,87.29950500000001 ,33.98031463623047,86.53405270664396 ,8676.0,10:32:46 AM,1572670966521
0.088 ,1.832 ,8.339,23.568080000000002,87.29950500000001 ,33.98031463623047,86.53405270664396 ,8676.0,10:32:46 AM,1572670966525
1.834 ,4.053 ,-1.339,23.568080000000002,87.29950500000001 ,33.98031463623047,86.53405270664396 ,8676.0,10:32:46 AM,1572670966526
4.399 ,8.371 ,-2.246,23.568080000000002,87.29950500000001 ,33.98031463623047,86.53405270664396 ,8676.0,10:32:46 AM,1572670966530
0.333 ,8.372 ,-1.855,23.568080000000002,87.29950500000001 ,33.98031463623047,86.53405270664396 ,8676.0,10:32:46 AM,1572670966531
-0.543 ,10.452 ,-0.152,23.568080000000002,87.29950500000001 ,33.98031463623047,86.53405270664396 ,8676.0,10:32:46 AM,1572670966537
-2.851 ,10.847 ,1.793,23.568080000000002,87.29950500000001 ,33.98031463623047,86.53405270664396 ,8676.0,10:32:46 AM,1572670966537
-6.008 ,11.502 ,4.296,23.568080000000002,87.29950500000001 ,33.98031463623047,86.53405270664396 ,8676.0,10:32:46 AM,1572670966541
-5.428 ,11.685 ,6.675,23.568080000000002,87.29950500000001 ,33.98031463623047,86.53405270664396 ,8676.0,10:32:46 AM,1572670966542
-3.859 ,10.212 ,3.947,23.568080000000002,87.29950500000001 ,33.98031463623047,86.53405270664396 ,8676.0,10:32:46 AM,1572670966545
-2.79 ,10.066 ,1.733,23.568080000000002,87.29950500000001 ,33.98031463623047,86.53405270664396 ,8676.0,10:32:46 AM,1572670966546
0.755 ,14.456 ,3.562,23.568080000000002,87.29950500000001 ,33.98031463623047,86.53405270664396 ,8676.0,10:32:46 AM,1572670966555
0.5 ,17.862 ,0.537,23.568080000000002,87.29950500000001 ,33.98031463623047,86.53405270664396 ,8676.0,10:32:46 AM,1572670966556
0.643 ,15.54 ,-2.165,23.568080000000002,87.29950500000001 ,33.98031463623047,86.53405270664396 ,8676.0,10:32:46 AM,1572670966556
1.501 ,10.227 ,-4.709,23.568080000000002,87.29950500000001 ,33.98031463623047,86.53405270664396 ,8676.0,10:32:46 AM,1572670966557
2.564 ,6.8 ,-1.419,23.568080000000002,87.29950500000001 ,33.98031463623047,86.53405270664396 ,8676.0,10:32:46 AM,1572670966561
2.565 ,9.617 ,6.306,23.568080000000002,87.29950500000001 ,33.98031463623047,86.53405270664396 ,8676.0,10:32:46 AM,1572670966561
2.594 ,14.754 ,15.385,23.568080000000002,87.29950500000001 ,33.98031463623047,86.53405270664396 ,8676.0,10:32:46 AM,1572670966565
0.874 ,14.749 ,19.751,23.568080000000002,87.29950500000001 ,33.98031463623047,86.53405270664396 ,8676.0,10:32:46 AM,1572670966565
-0.811 ,7.091 ,17.998,23.568080000000002,87.29950500000001 ,33.98031463623047,86.53405270664396 ,8676.0,10:32:46 AM,1572670966570
-1.571 ,-3.352 ,9.233,23.568080000000002,87.29950500000001 ,33.98031463623047,86.53405270664396 ,8676.0,10:32:46 AM,1572670966571
-1.441 ,-6.372 ,3.299,23.568080000000002,87.29950500000001 ,33.98031463623047,86.53405270664396 ,8676.0,10:32:46 AM,1572670966575
-1.763 ,0.105 ,5.521,23.568080000000002,87.29950500000001 ,33.98031463623047,86.53405270664396 ,8676.0,10:32:46 AM,1572670966576
-1.899 ,11.512 ,11.532,23.568080000000002,87.29950500000001 ,33.98031463623047,86.53405270664396 ,8676.0,10:32:46 AM,1572670966580
-2.859 ,18.526 ,9.031,23.568080000000002,87.29950500000001 ,33.98031463623047,86.53405270664396 ,8676.0,10:32:46 AM,1572670966580
-1.541 ,11.882 ,8.833,23.568080000000002,87.29950500000001 ,33.98031463623047,86.53405270664396 ,8676.0,10:32:46 AM,1572670966585
-1.455 ,3.824 ,-6.051,23.568080000000002,87.29950500000001 ,33.98031463623047,86.53405270664396 ,8676.0,10:32:46 AM,1572670966586
2.197 ,5.17 ,-16.893,23.568080000000002,87.29950500000001 ,33.98031463623047,86.53405270664396 ,8676.0,10:32:46 AM,1572670966590
1.199 ,7.964 ,-9.218,23.568080000000002,87.29950500000001 ,33.98031463623047,86.53405270664396 ,8676.0,10:32:46 AM,1572670966591
2.803 ,12.471 ,6.243,23.568080000000002,87.29950500000001 ,33.98031463623047,86.53405270664396 ,8987.0,10:32:46 AM,1572670966595
3.158 ,15.596 ,12.069,23.568080000000002,87.29950500000001 ,33.98031463623047,86.53405270664396 ,8987.0,10:32:46 AM,1572670966596
1.411 ,10.213 ,11.786,23.568080000000002,87.29950500000001 ,33.98031463623047,86.53405270664396 ,8987.0,10:32:46 AM,1572670966603
0.971 ,3.612 ,11.576,23.568080000000002,87.29950500000001 ,33.98031463623047,86.53405270664396 ,8987.0,10:32:46 AM,1572670966604
