x,y,z,latitude,longitude,speed,sound,light,time,timestamp
-2.204 ,15.544 ,15.297,23.568744999999996,87.30252333333334 ,35.01058158874512,87.50104475204168 ,6194.0,10:32:00 AM,1572670920993
-4.066 ,8.609 ,15.181,23.568744999999996,87.30252333333334 ,35.01058158874512,87.50104475204168 ,6194.0,10:32:00 AM,1572670920994
-5.549 ,-0.193 ,3.914,23.568744999999996,87.30252333333334 ,35.01058158874512,87.50104475204168 ,5892.0,10:32:00 AM,1572670920997
-2.917 ,-0.827 ,-1.709,23.568744999999996,87.30252333333334 ,35.01058158874512,87.50104475204168 ,5892.0,10:32:00 AM,1572670920997
-1.875 ,4.058 ,6.913,23.568744999999996,87.30252333333334 ,35.01058158874512,87.50104475204168 ,5892.0,10:32:01 AM,1572670921002
-0.501 ,14.001 ,11.506,23.568744999999996,87.30252333333334 ,35.01058158874512,87.50104475204168 ,5892.0,10:32:01 AM,1572670921003
0.568 ,16.911 ,12.127,23.568744999999996,87.30252333333334 ,35.01058158874512,87.50104475204168 ,5892.0,10:32:01 AM,1572670921009
0.825 ,10.442 ,5.85,23.568744999999996,87.30252333333334 ,35.01058158874512,87.50104475204168 ,5892.0,10:32:01 AM,1572670921009
0.072 ,3.502 ,-6.077,23.568744999999996,87.30252333333334 ,35.01058158874512,87.50104475204168 ,5892.0,10:32:01 AM,1572670921013
1.183 ,3.26 ,-9.533,23.568744999999996,87.30252333333334 ,35.01058158874512,87.50104475204168 ,5892.0,10:32:01 AM,1572670921014
1.402 ,9.495 ,0.823,23.568744999999996,87.30252333333334 ,35.01058158874512,87.50104475204168 ,5892.0,10:32:01 AM,1572670921017
-0.816 ,16.832 ,9.604,23.568744999999996,87.30252333333334 ,35.01058158874512,87.50104475204168 ,5892.0,10:32:01 AM,1572670921018
-1.723 ,17.473 ,7.94,23.568744999999996,87.30252333333334 ,35.01058158874512,87.50104475204168 ,5892.0,10:32:01 AM,1572670921023
-2.421 ,9.25 ,1.488,23.568744999999996,87.30252333333334 ,35.01058158874512,87.50104475204168 ,5892.0,10:32:01 AM,1572670921023
-3.973 ,2.088 ,-5.991,23.568744999999996,87.30252333333334 ,35.01058158874512,87.50104475204168 ,5892.0,10:32:01 AM,1572670921028
-1.907 ,4.133 ,-3.621,23.568744999999996,87.30252333333334 ,35.01058158874512,87.50104475204168 ,5892.0,10:32:01 AM,1572670921029
-0.538 ,11.947 ,5.043,23.568744999999996,87.30252333333334 ,35.01058158874512,87.50104475204168 ,5892.0,10:32:01 AM,1572670921032
0.082 ,16.618 ,11.351,23.568744999999996,87.30252333333334 ,35.01058158874512,87.50104475204168 ,5892.0,10:32:01 AM,1572670921032
1.337 ,14.132 ,6.407,23.568744999999996,87.30252333333334 ,35.01058158874512,87.50104475204168 ,5892.0,10:32:01 AM,1572670921040
1.8 ,6.132 ,1.707,23.568744999999996,87.30252333333334 ,35.01058158874512,87.50104475204168 ,5892.0,10:32:01 AM,1572670921040
0.855 ,0.778 ,-2.651,23.568744999999996,87.30252333333334 ,35.01058158874512,87.50104475204168 ,5892.0,10:32:01 AM,1572670921042
0.615 ,2.819 ,-0.473,23.568744999999996,87.30252333333334 ,35.01058158874512,87.50104475204168 ,5892.0,10:32:01 AM,1572670921042
0.315 ,6.877 ,8.573,23.568744999999996,87.30252333333334 ,35.01058158874512,87.50104475204168 ,5892.0,10:32:01 AM,1572670921048
-2.215 ,8.788 ,12.011,23.568744999999996,87.30252333333334 ,35.01058158874512,87.50104475204168 ,5892.0,10:32:01 AM,1572670921049
-3.515 ,8.232 ,9.577,23.568744999999996,87.30252333333334 ,35.01058158874512,87.50104475204168 ,5892.0,10:32:01 AM,1572670921056
-3.991 ,6.269 ,8.12,23.568744999999996,87.30252333333334 ,35.01058158874512,87.50104475204168 ,5892.0,10:32:01 AM,1572670921057
-4.2 ,4.962 ,6.098,23.568744999999996,87.30252333333334 ,35.01058158874512,87.50104475204168 ,5892.0,10:32:01 AM,1572670921057
-3.357 ,5.184 ,4.484,23.568744999999996,87.30252333333334 ,35.01058158874512,87.50104475204168 ,5892.0,10:32:01 AM,1572670921058
-1.236 ,5.643 ,4.602,23.568744999999996,87.30252333333334 ,35.01058158874512,87.50104475204168 ,5892.0,10:32:01 AM,1572670921062
-0.582 ,7.091 ,4.008,23.568744999999996,87.30252333333334 ,35.01058158874512,87.50104475204168 ,5892.0,10:32:01 AM,1572670921062
0.007 ,8.844 ,3.305,23.568744999999996,87.30252333333334 ,35.01058158874512,87.50104475204168 ,5892.0,10:32:01 AM,1572670921067
-0.156 ,8.956 ,5.487,23.568744999999996,87.30252333333334 ,35.01058158874512,87.50104475204168 ,5892.0,10:32:01 AM,1572670921067
-2.049 ,6.365 ,4.143,23.568744999999996,87.30252333333334 ,35.01058158874512,87.50104475204168 ,5892.0,10:32:01 AM,1572670921073
-1.869 ,4.948 ,3.541,23.568744999999996,87.30252333333334 ,35.01058158874512,87.50104475204168 ,5892.0,10:32:01 AM,1572670921074
-1.965 ,4.525 ,4.566,23.568744999999996,87.30252333333334 ,35.01058158874512,87.50104475204168 ,5892.0,10:32:01 AM,1572670921080
-1.824 ,6.323 ,10.128,23.568744999999996,87.30252333333334 ,35.01058158874512,87.50104475204168 ,5892.0,10:32:01 AM,1572670921081
-2.227 ,9.771 ,11.57,23.568744999999996,87.30252333333334 ,35.01058158874512,87.50104475204168 ,5892.0,10:32:01 AM,1572670921082
-1.454 ,10.194 ,12.399,23.568744999999996,87.30252333333334 ,35.01058158874512,87.50104475204168 ,5892.0,10:32:01 AM,1572670921083
-0.89 ,6.409 ,8.98,23.568744999999996,87.30252333333334 ,35.01058158874512,87.50104475204168 ,5892.0,10:32:01 AM,1572670921089
-0.01 ,2.481 ,2.484,23.568744999999996,87.30252333333334 ,35.01058158874512,87.50104475204168 ,5892.0,10:32:01 AM,1572670921090
0.725 ,2.792 ,1.57,23.568744999999996,87.30252333333334 ,35.01058158874512,87.50104475204168 ,5892.0,10:32:01 AM,1572670921092
0.801 ,7.931 ,6.986,23.568744999999996,87.30252333333334 ,35.01058158874512,87.50104475204168 ,5892.0,10:32:01 AM,1572670921093
-1.563 ,13.083 ,9.037,23.568744999999996,87.30252333333334 ,35.01058158874512,87.50104475204168 ,5892.0,10:32:01 AM,1572670921097
-2.968 ,12.579 ,10.165,23.568744999999996,87.30252333333334 ,35.01058158874512,87.50104475204168 ,5892.0,10:32:01 AM,1572670921098
-5.163 ,5.121 ,6.594,23.568744999999996,87.30252333333334 ,35.01058158874512,87.50104475204168 ,5892.0,10:32:01 AM,1572670921105
-4.196 ,-0.255 ,0.695,23.568744999999996,87.30252333333334 ,35.01058158874512,87.50104475204168 ,5892.0,10:32:01 AM,1572670921106
-2.334 ,1.872 ,3.379,23.568744999999996,87.30252333333334 ,35.01058158874512,87.50104475204168 ,5892.0,10:32:01 AM,1572670921107
-0.198 ,8.558 ,16.526,23.568744999999996,87.30252333333334 ,35.01058158874512,87.50104475204168 ,5892.0,10:32:01 AM,1572670921107
-0.476 ,14.043 ,20.545,23.568744999999996,87.30252333333334 ,35.01058158874512,87.50104475204168 ,5892.0,10:32:01 AM,1572670921112
-0.661 ,10.612 ,18.769,23.568744999999996,87.30252333333334 ,35.01058158874512,87.50104475204168 ,5892.0,10:32:01 AM,1572670921112
-1.108 ,1.052 ,12.438,23.568744999999996,87.30252333333334 ,35.01058158874512,86.04276195413378 ,5892.0,10:32:01 AM,1572670921117
-2.032 ,-4.465 ,4.428,23.568744999999996,87.30252333333334 ,35.01058158874512,86.04276195413378 ,5892.0,10:32:01 AM,1572670921118
-1.465 ,-0.259 ,8.754,23.568744999999996,87.30252333333334 ,35.01058158874512,86.04276195413378 ,5892.0,10:32:01 AM,1572670921123
-1.684 ,9.125 ,20.482,23.568744999999996,87.30252333333334 ,35.01058158874512,86.04276195413378 ,5892.0,10:32:01 AM,1572670921124
-1.587 ,14.761 ,20.372,23.568744999999996,87.30252333333334 ,35.01058158874512,86.04276195413378 ,5892.0,10:32:01 AM,1572670921127
-1.384 ,10.706 ,11.841,23.568744999999996,87.30252333333334 ,35.01058158874512,86.04276195413378 ,5892.0,10:32:01 AM,1572670921128
0.723 ,2.187 ,3.753,23.568744999999996,87.30252333333334 ,35.01058158874512,86.04276195413378 ,5892.0,10:32:01 AM,1572670921132
-0.37 ,1.233 ,-7.868,23.568744999999996,87.30252333333334 ,35.01058158874512,86.04276195413378 ,5892.0,10:32:01 AM,1572670921132
1.485 ,8.47 ,-3.448,23.568744999999996,87.30252333333334 ,35.01058158874512,86.04276195413378 ,5892.0,10:32:01 AM,1572670921139
1.685 ,16.399 ,5.572,23.568744999999996,87.30252333333334 ,35.01058158874512,86.04276195413378 ,5892.0,10:32:01 AM,1572670921140
-0.959 ,20.053 ,4.026,23.568744999999996,87.30252333333334 ,35.01058158874512,86.04276195413378 ,5892.0,10:32:01 AM,1572670921142
-1.238 ,15.827 ,-0.322,23.568744999999996,87.30252333333334 ,35.01058158874512,86.04276195413378 ,5892.0,10:32:01 AM,1572670921143
-1.805 ,8.17 ,-1.7,23.568744999999996,87.30252333333334 ,35.01058158874512,86.04276195413378 ,5892.0,10:32:01 AM,1572670921146
-3.398 ,5.964 ,-1.055,23.568744999999996,87.30252333333334 ,35.01058158874512,86.04276195413378 ,5892.0,10:32:01 AM,1572670921147
0.468 ,9.743 ,8.953,23.568744999999996,87.30252333333334 ,35.01058158874512,86.04276195413378 ,5892.0,10:32:01 AM,1572670921153
0.203 ,11.705 ,16.778,23.568744999999996,87.30252333333334 ,35.01058158874512,86.04276195413378 ,5892.0,10:32:01 AM,1572670921153
1.566 ,9.964 ,17.452,23.568744999999996,87.30252333333334 ,35.01058158874512,86.04276195413378 ,5892.0,10:32:01 AM,1572670921157
2.39 ,6.587 ,11.21,23.568744999999996,87.30252333333334 ,35.01058158874512,86.04276195413378 ,5892.0,10:32:01 AM,1572670921158
1.922 ,3.486 ,5.46,23.568744999999996,87.30252333333334 ,35.01058158874512,86.04276195413378 ,5892.0,10:32:01 AM,1572670921163
0.474 ,3.927 ,3.846,23.568744999999996,87.30252333333334 ,35.01058158874512,86.04276195413378 ,5892.0,10:32:01 AM,1572670921163
0.342 ,6.624 ,2.741,23.568744999999996,87.30252333333334 ,35.01058158874512,86.04276195413378 ,5892.0,10:32:01 AM,1572670921167
-0.451 ,7.237 ,6.661,23.568744999999996,87.30252333333334 ,35.01058158874512,86.04276195413378 ,5892.0,10:32:01 AM,1572670921169
-1.652 ,6.204 ,7.866,23.568744999999996,87.30252333333334 ,35.01058158874512,86.04276195413378 ,5892.0,10:32:01 AM,1572670921174
-2.956 ,6.476 ,7.132,23.568744999999996,87.30252333333334 ,35.01058158874512,86.04276195413378 ,5892.0,10:32:01 AM,1572670921175
-3.264 ,5.585 ,9.992,23.568744999999996,87.30252333333334 ,35.01058158874512,86.04276195413378 ,5892.0,10:32:01 AM,1572670921177
-4.481 ,3.152 ,12.434,23.568744999999996,87.30252333333334 ,35.01058158874512,86.04276195413378 ,5892.0,10:32:01 AM,1572670921177
-4.529 ,0.861 ,8.762,23.568744999999996,87.30252333333334 ,35.01058158874512,86.04276195413378 ,5892.0,10:32:01 AM,1572670921181
-2.451 ,-0.531 ,12.498,23.568744999999996,87.30252333333334 ,35.01058158874512,86.04276195413378 ,5892.0,10:32:01 AM,1572670921182
-1.898 ,2.626 ,11.005,23.568744999999996,87.30252333333334 ,35.01058158874512,86.04276195413378 ,5892.0,10:32:01 AM,1572670921188
-0.643 ,9.097 ,11.029,23.568744999999996,87.30252333333334 ,35.01058158874512,86.04276195413378 ,5892.0,10:32:01 AM,1572670921189
-0.282 ,11.425 ,11.347,23.568744999999996,87.30252333333334 ,35.01058158874512,86.04276195413378 ,5892.0,10:32:01 AM,1572670921193
-0.609 ,8.545 ,7.379,23.568744999999996,87.30252333333334 ,35.01058158874512,86.04276195413378 ,5892.0,10:32:01 AM,1572670921193
0.007 ,5.407 ,-2.777,23.568744999999996,87.30252333333334 ,35.01058158874512,86.04276195413378 ,5527.0,10:32:01 AM,1572670921197
1.301 ,5.528 ,-5.277,23.568744999999996,87.30252333333334 ,35.01058158874512,86.04276195413378 ,5527.0,10:32:01 AM,1572670921197
1.186 ,8.454 ,-1.538,23.568744999999996,87.30252333333334 ,35.01058158874512,86.04276195413378 ,5527.0,10:32:01 AM,1572670921206
-0.32 ,13.483 ,1.928,23.568744999999996,87.30252333333334 ,35.01058158874512,86.04276195413378 ,5527.0,10:32:01 AM,1572670921207
-2.056 ,13.641 ,6.701,23.568744999999996,87.30252333333334 ,35.01058158874512,86.04276195413378 ,5527.0,10:32:01 AM,1572670921207
-3.768 ,7.388 ,7.074,23.568744999999996,87.30252333333334 ,35.01058158874512,86.04276195413378 ,5527.0,10:32:01 AM,1572670921208
-4.981 ,1.521 ,0.094,23.568744999999996,87.30252333333334 ,35.01058158874512,86.04276195413378 ,5527.0,10:32:01 AM,1572670921212
-2.936 ,2.305 ,3.522,23.568744999999996,87.30252333333334 ,35.01058158874512,86.04276195413378 ,5527.0,10:32:01 AM,1572670921213
-2.383 ,8.369 ,10.233,23.568744999999996,87.30252333333334 ,35.01058158874512,86.04276195413378 ,5527.0,10:32:01 AM,1572670921217
-0.774 ,14.291 ,13.92,23.568744999999996,87.30252333333334 ,35.01058158874512,86.04276195413378 ,5527.0,10:32:01 AM,1572670921217
0.203 ,12.59 ,10.417,23.568744999999996,87.30252333333334 ,35.01058158874512,86.04276195413378 ,5527.0,10:32:01 AM,1572670921223
0.893 ,5.179 ,3.327,23.568744999999996,87.30252333333334 ,35.01058158874512,86.04276195413378 ,5527.0,10:32:01 AM,1572670921224
1.469 ,1.492 ,-3.746,23.568744999999996,87.30252333333334 ,35.01058158874512,86.04276195413378 ,5527.0,10:32:01 AM,1572670921228
2.657 ,4.28 ,2.632,23.568744999999996,87.30252333333334 ,35.01058158874512,86.04276195413378 ,5527.0,10:32:01 AM,1572670921229
2.346 ,9.031 ,15.346,23.568744999999996,87.30252333333334 ,35.01058158874512,86.04276195413378 ,5527.0,10:32:01 AM,1572670921231
0.446 ,10.516 ,17.818,23.568744999999996,87.30252333333334 ,35.01058158874512,86.04276195413378 ,5527.0,10:32:01 AM,1572670921232
-0.879 ,5.642 ,15.024,23.568744999999996,87.30252333333334 ,35.01058158874512,86.04276195413378 ,5527.0,10:32:01 AM,1572670921239
-2.141 ,-1.674 ,9.318,23.568744999999996,87.30252333333334 ,35.01058158874512,86.04276195413378 ,5527.0,10:32:01 AM,1572670921239
