x,y,z,latitude,longitude,speed,sound,light,time,timestamp
2.034 ,4.086 ,0.419,23.569115000000004,87.30251500000001 ,34.436151123046876,85.38413395682633 ,7963.0,10:31:57 AM,1572670917005
3.93 ,3.446 ,-0.187,23.569115000000004,87.30251500000001 ,34.436151123046876,85.38413395682633 ,7963.0,10:31:57 AM,1572670917005
0.443 ,9.261 ,3.041,23.569115000000004,87.30251500000001 ,34.436151123046876,85.38413395682633 ,7963.0,10:31:57 AM,1572670917010
-1.775 ,14.682 ,6.628,23.569115000000004,87.30251500000001 ,34.436151123046876,85.38413395682633 ,7963.0,10:31:57 AM,1572670917010
-3.701 ,12.277 ,8.901,23.569115000000004,87.30251500000001 ,34.436151123046876,85.38413395682633 ,7963.0,10:31:57 AM,1572670917015
-6.287 ,7.057 ,2.305,23.569115000000004,87.30251500000001 ,34.436151123046876,85.38413395682633 ,7963.0,10:31:57 AM,1572670917016
-3.525 ,4.246 ,5.339,23.569115000000004,87.30251500000001 ,34.436151123046876,85.38413395682633 ,7963.0,10:31:57 AM,1572670917021
-2.498 ,5.594 ,10.559,23.569115000000004,87.30251500000001 ,34.436151123046876,85.38413395682633 ,7963.0,10:31:57 AM,1572670917021
0.774 ,8.0 ,13.976,23.569115000000004,87.30251500000001 ,34.436151123046876,85.38413395682633 ,7963.0,10:31:57 AM,1572670917025
3.841 ,7.344 ,13.208,23.569115000000004,87.30251500000001 ,34.436151123046876,85.38413395682633 ,7963.0,10:31:57 AM,1572670917026
2.841 ,3.816 ,2.993,23.569115000000004,87.30251500000001 ,34.436151123046876,85.38413395682633 ,7963.0,10:31:57 AM,1572670917033
2.122 ,3.542 ,-2.415,23.569115000000004,87.30251500000001 ,34.436151123046876,85.38413395682633 ,7963.0,10:31:57 AM,1572670917034
0.688 ,6.926 ,0.905,23.569115000000004,87.30251500000001 ,34.436151123046876,85.38413395682633 ,7963.0,10:31:57 AM,1572670917034
-3.51 ,12.071 ,-0.819,23.569115000000004,87.30251500000001 ,34.436151123046876,85.38413395682633 ,7963.0,10:31:57 AM,1572670917035
-3.164 ,14.557 ,1.075,23.569115000000004,87.30251500000001 ,34.436151123046876,85.38413395682633 ,7963.0,10:31:57 AM,1572670917040
-3.648 ,12.355 ,-1.582,23.569115000000004,87.30251500000001 ,34.436151123046876,85.38413395682633 ,7963.0,10:31:57 AM,1572670917041
-1.994 ,9.749 ,-5.242,23.569115000000004,87.30251500000001 ,34.436151123046876,85.38413395682633 ,7963.0,10:31:57 AM,1572670917046
1.928 ,8.965 ,-0.108,23.569115000000004,87.30251500000001 ,34.436151123046876,85.38413395682633 ,7963.0,10:31:57 AM,1572670917047
2.349 ,10.621 ,0.22,23.569115000000004,87.30251500000001 ,34.436151123046876,85.38413395682633 ,7963.0,10:31:57 AM,1572670917051
4.193 ,11.668 ,3.88,23.569115000000004,87.30251500000001 ,34.436151123046876,85.38413395682633 ,7963.0,10:31:57 AM,1572670917052
2.788 ,9.699 ,3.23,23.569115000000004,87.30251500000001 ,34.436151123046876,85.38413395682633 ,7963.0,10:31:57 AM,1572670917055
0.659 ,6.129 ,1.015,23.569115000000004,87.30251500000001 ,34.436151123046876,85.38413395682633 ,7963.0,10:31:57 AM,1572670917056
-0.417 ,5.974 ,3.142,23.569115000000004,87.30251500000001 ,34.436151123046876,85.38413395682633 ,7963.0,10:31:57 AM,1572670917060
-2.49 ,9.08 ,8.833,23.569115000000004,87.30251500000001 ,34.436151123046876,85.38413395682633 ,7963.0,10:31:57 AM,1572670917060
-2.573 ,13.284 ,14.512,23.569115000000004,87.30251500000001 ,34.436151123046876,85.38413395682633 ,7963.0,10:31:57 AM,1572670917067
-0.516 ,11.992 ,17.844,23.569115000000004,87.30251500000001 ,34.436151123046876,85.38413395682633 ,7963.0,10:31:57 AM,1572670917068
0.011 ,4.953 ,10.545,23.569115000000004,87.30251500000001 ,34.436151123046876,85.38413395682633 ,7963.0,10:31:57 AM,1572670917070
1.774 ,-0.559 ,4.981,23.569115000000004,87.30251500000001 ,34.436151123046876,85.38413395682633 ,7963.0,10:31:57 AM,1572670917071
2.423 ,-1.052 ,7.088,23.569115000000004,87.30251500000001 ,34.436151123046876,85.38413395682633 ,7963.0,10:31:57 AM,1572670917075
-0.048 ,2.525 ,12.208,23.569115000000004,87.30251500000001 ,34.436151123046876,85.38413395682633 ,7963.0,10:31:57 AM,1572670917076
-2.56 ,6.361 ,21.887,23.569115000000004,87.30251500000001 ,34.436151123046876,85.38413395682633 ,7963.0,10:31:57 AM,1572670917082
-5.998 ,4.856 ,20.97,23.569115000000004,87.30251500000001 ,34.436151123046876,85.38413395682633 ,7963.0,10:31:57 AM,1572670917082
-6.645 ,3.76 ,17.152,23.569115000000004,87.30251500000001 ,34.436151123046876,85.38413395682633 ,7963.0,10:31:57 AM,1572670917085
-5.487 ,4.358 ,14.315,23.569115000000004,87.30251500000001 ,34.436151123046876,85.38413395682633 ,7963.0,10:31:57 AM,1572670917085
-4.157 ,8.722 ,11.081,23.569115000000004,87.30251500000001 ,34.436151123046876,85.38413395682633 ,7963.0,10:31:57 AM,1572670917090
-0.708 ,11.364 ,8.482,23.569115000000004,87.30251500000001 ,34.436151123046876,85.38413395682633 ,7963.0,10:31:57 AM,1572670917091
0.697 ,7.848 ,4.484,23.569115000000004,87.30251500000001 ,34.436151123046876,85.38413395682633 ,7963.0,10:31:57 AM,1572670917094
1.21 ,4.509 ,-6.182,23.569115000000004,87.30251500000001 ,34.436151123046876,85.38413395682633 ,7963.0,10:31:57 AM,1572670917095
1.386 ,4.983 ,-7.684,23.569115000000004,87.30251500000001 ,34.436151123046876,85.38413395682633 ,7963.0,10:31:57 AM,1572670917100
-0.897 ,10.545 ,-4.839,23.569115000000004,87.30251500000001 ,34.436151123046876,85.38413395682633 ,7963.0,10:31:57 AM,1572670917101
-1.764 ,15.785 ,2.718,23.569115000000004,87.30251500000001 ,34.436151123046876,85.38413395682633 ,7963.0,10:31:57 AM,1572670917105
-5.039 ,14.988 ,1.787,23.569115000000004,87.30251500000001 ,34.436151123046876,85.38413395682633 ,7963.0,10:31:57 AM,1572670917106
-4.52 ,10.904 ,-2.929,23.569115000000004,87.30251500000001 ,34.436151123046876,85.38413395682633 ,7963.0,10:31:57 AM,1572670917110
-3.51 ,9.001 ,-3.477,23.569115000000004,87.30251500000001 ,34.436151123046876,85.38413395682633 ,7963.0,10:31:57 AM,1572670917110
-2.414 ,11.778 ,0.146,23.569115000000004,87.30251500000001 ,34.436151123046876,85.38413395682633 ,7963.0,10:31:57 AM,1572670917116
0.687 ,16.661 ,5.316,23.569115000000004,87.30251500000001 ,34.436151123046876,85.38413395682633 ,7963.0,10:31:57 AM,1572670917116
2.957 ,14.544 ,9.19,23.569115000000004,87.30251500000001 ,34.436151123046876,85.38413395682633 ,7963.0,10:31:57 AM,1572670917121
3.366 ,7.453 ,2.126,23.569115000000004,87.30251500000001 ,34.436151123046876,85.38413395682633 ,7963.0,10:31:57 AM,1572670917121
4.227 ,4.149 ,-3.129,23.569115000000004,87.30251500000001 ,34.436151123046876,85.38413395682633 ,7963.0,10:31:57 AM,1572670917127
3.149 ,6.012 ,2.861,23.569115000000004,87.30251500000001 ,34.436151123046876,85.38413395682633 ,7963.0,10:31:57 AM,1572670917128
0.934 ,10.939 ,10.735,23.569115000000004,87.30251500000001 ,34.436151123046876,85.38413395682633 ,7963.0,10:31:57 AM,1572670917132
-0.799 ,10.834 ,19.191,23.569115000000004,87.30251500000001 ,34.436151123046876,85.38413395682633 ,7963.0,10:31:57 AM,1572670917132
-3.862 ,4.267 ,12.236,23.569115000000004,87.30251500000001 ,34.436151123046876,85.38413395682633 ,7963.0,10:31:57 AM,1572670917134
-4.556 ,0.752 ,7.648,23.569115000000004,87.30251500000001 ,34.436151123046876,85.38413395682633 ,7963.0,10:31:57 AM,1572670917134
-3.161 ,2.36 ,13.794,23.569115000000004,87.30251500000001 ,34.436151123046876,85.38413395682633 ,7963.0,10:31:57 AM,1572670917141
-4.157 ,7.376 ,17.44,23.569115000000004,87.30251500000001 ,34.436151123046876,85.38413395682633 ,7963.0,10:31:57 AM,1572670917141
-3.102 ,8.109 ,20.679,23.569115000000004,87.30251500000001 ,34.436151123046876,85.38413395682633 ,7963.0,10:31:57 AM,1572670917145
-2.038 ,2.716 ,16.359,23.569115000000004,87.30251500000001 ,34.436151123046876,85.38413395682633 ,7963.0,10:31:57 AM,1572670917145
-1.676 ,-0.422 ,5.81,23.569115000000004,87.30251500000001 ,34.436151123046876,85.38413395682633 ,7963.0,10:31:57 AM,1572670917152
-0.658 ,3.079 ,7.229,23.569115000000004,87.30251500000001 ,34.436151123046876,85.38413395682633 ,7963.0,10:31:57 AM,1572670917152
-1.02 ,10.497 ,9.946,23.569115000000004,87.30251500000001 ,34.436151123046876,85.38413395682633 ,7963.0,10:31:57 AM,1572670917154
0.623 ,14.473 ,13.34,23.569115000000004,87.30251500000001 ,34.436151123046876,85.38413395682633 ,7963.0,10:31:57 AM,1572670917155
0.995 ,9.646 ,6.736,23.569115000000004,87.30251500000001 ,34.436151123046876,85.38413395682633 ,7963.0,10:31:57 AM,1572670917161
1.356 ,5.184 ,-4.704,23.569115000000004,87.30251500000001 ,34.436151123046876,85.38413395682633 ,7963.0,10:31:57 AM,1572670917161
2.145 ,5.895 ,-5.857,23.569115000000004,87.30251500000001 ,34.436151123046876,85.38413395682633 ,7963.0,10:31:57 AM,1572670917166
0.92 ,11.602 ,1.669,23.569115000000004,87.30251500000001 ,34.436151123046876,85.38413395682633 ,7963.0,10:31:57 AM,1572670917166
-1.965 ,16.56 ,8.423,23.569115000000004,87.30251500000001 ,34.436151123046876,85.38413395682633 ,7963.0,10:31:57 AM,1572670917170
-3.111 ,13.919 ,11.339,23.569115000000004,87.30251500000001 ,34.436151123046876,85.38413395682633 ,7963.0,10:31:57 AM,1572670917170
-3.308 ,7.301 ,4.766,23.569115000000004,87.30251500000001 ,34.436151123046876,85.38413395682633 ,7963.0,10:31:57 AM,1572670917174
-1.699 ,5.798 ,-0.503,23.569115000000004,87.30251500000001 ,34.436151123046876,85.38413395682633 ,7963.0,10:31:57 AM,1572670917174
1.04 ,7.711 ,3.892,23.569115000000004,87.30251500000001 ,34.436151123046876,85.38413395682633 ,7963.0,10:31:57 AM,1572670917182
2.467 ,11.578 ,7.059,23.569115000000004,87.30251500000001 ,34.436151123046876,85.38413395682633 ,7963.0,10:31:57 AM,1572670917183
3.159 ,10.377 ,9.657,23.569115000000004,87.30251500000001 ,34.436151123046876,85.38413395682633 ,7963.0,10:31:57 AM,1572670917184
2.129 ,4.245 ,2.452,23.569115000000004,87.30251500000001 ,34.436151123046876,85.38413395682633 ,7963.0,10:31:57 AM,1572670917185
0.288 ,2.372 ,-2.225,23.569115000000004,87.30251500000001 ,34.436151123046876,85.38413395682633 ,7963.0,10:31:57 AM,1572670917189
0.05 ,4.838 ,4.672,23.569115000000004,87.30251500000001 ,34.436151123046876,85.38413395682633 ,7963.0,10:31:57 AM,1572670917190
-2.3 ,10.325 ,9.205,23.569115000000004,87.30251500000001 ,34.436151123046876,85.38413395682633 ,8457.0,10:31:57 AM,1572670917194
-2.27 ,11.206 ,13.967,23.569115000000004,87.30251500000001 ,34.436151123046876,85.38413395682633 ,8457.0,10:31:57 AM,1572670917195
-1.445 ,5.889 ,10.16,23.569115000000004,87.30251500000001 ,34.436151123046876,85.38413395682633 ,8457.0,10:31:57 AM,1572670917200
-1.822 ,1.805 ,-1.091,23.569115000000004,87.30251500000001 ,34.436151123046876,85.38413395682633 ,8457.0,10:31:57 AM,1572670917200
-1.049 ,2.353 ,1.125,23.569115000000004,87.30251500000001 ,34.436151123046876,85.38413395682633 ,8457.0,10:31:57 AM,1572670917204
-0.48 ,6.893 ,5.945,23.569115000000004,87.30251500000001 ,34.436151123046876,85.38413395682633 ,8457.0,10:31:57 AM,1572670917205
-0.12 ,11.791 ,9.111,23.569115000000004,87.30251500000001 ,34.436151123046876,85.38413395682633 ,8457.0,10:31:57 AM,1572670917209
-0.587 ,11.034 ,8.782,23.569115000000004,87.30251500000001 ,34.436151123046876,85.38413395682633 ,8457.0,10:31:57 AM,1572670917209
0.163 ,9.027 ,2.909,23.569115000000004,87.30251500000001 ,34.436151123046876,85.38413395682633 ,8457.0,10:31:57 AM,1572670917215
0.851 ,8.436 ,2.908,23.569115000000004,87.30251500000001 ,34.436151123046876,85.38413395682633 ,8457.0,10:31:57 AM,1572670917216
0.549 ,10.834 ,7.556,23.569115000000004,87.30251500000001 ,34.436151123046876,85.38413395682633 ,8457.0,10:31:57 AM,1572670917220
-0.225 ,13.264 ,9.312,23.569115000000004,87.30251500000001 ,34.436151123046876,85.38413395682633 ,8457.0,10:31:57 AM,1572670917220
-0.525 ,10.228 ,7.278,23.569115000000004,87.30251500000001 ,34.436151123046876,85.38413395682633 ,8457.0,10:31:57 AM,1572670917224
-1.515 ,5.628 ,1.652,23.569115000000004,87.30251500000001 ,34.436151123046876,85.38413395682633 ,8457.0,10:31:57 AM,1572670917225
-1.963 ,5.055 ,2.32,23.569115000000004,87.30251500000001 ,34.436151123046876,85.38413395682633 ,8457.0,10:31:57 AM,1572670917231
-2.043 ,8.375 ,13.029,23.569115000000004,87.30251500000001 ,34.436151123046876,85.38413395682633 ,8457.0,10:31:57 AM,1572670917232
-3.142 ,11.856 ,15.696,23.569115000000004,87.30251500000001 ,34.436151123046876,85.38413395682633 ,8457.0,10:31:57 AM,1572670917234
-1.911 ,10.61 ,18.312,23.569115000000004,87.30251500000001 ,34.436151123046876,85.38413395682633 ,8457.0,10:31:57 AM,1572670917234
-1.857 ,4.428 ,10.118,23.569115000000004,87.30251500000001 ,34.436151123046876,85.38413395682633 ,8457.0,10:31:57 AM,1572670917238
-0.163 ,2.893 ,3.406,23.569115000000004,87.30251500000001 ,34.436151123046876,85.38413395682633 ,8457.0,10:31:57 AM,1572670917239
1.392 ,5.997 ,5.38,23.569115000000004,87.30251500000001 ,34.436151123046876,85.38413395682633 ,8457.0,10:31:57 AM,1572670917246
1.278 ,11.952 ,4.892,23.569115000000004,87.30251500000001 ,34.436151123046876,85.38413395682633 ,8457.0,10:31:57 AM,1572670917246
0.99 ,14.263 ,3.46,23.569115000000004,87.30251500000001 ,34.436151123046876,85.38413395682633 ,8457.0,10:31:57 AM,1572670917251
-0.032 ,9.777 ,-0.971,23.569115000000004,87.30251500000001 ,34.436151123046876,85.38413395682633 ,8457.0,10:31:57 AM,1572670917252
