x,y,z,latitude,longitude,speed,sound,light,time,timestamp
-3.702 ,6.488 ,9.63,23.55128,87.29626333333333 ,19.449088096618652,83.2778149224618 ,50920.0,10:36:25 AM,1572671185201
-3.303 ,6.235 ,13.334,23.55128,87.29626333333333 ,19.449088096618652,83.2778149224618 ,50920.0,10:36:25 AM,1572671185206
-2.222 ,7.198 ,14.881,23.55128,87.29626333333333 ,19.449088096618652,83.2778149224618 ,50920.0,10:36:25 AM,1572671185207
-0.939 ,8.068 ,9.614,23.55128,87.29626333333333 ,19.449088096618652,83.2778149224618 ,50920.0,10:36:25 AM,1572671185210
-0.002 ,7.89 ,6.412,23.55128,87.29626333333333 ,19.449088096618652,83.2778149224618 ,50920.0,10:36:25 AM,1572671185210
0.528 ,8.211 ,3.218,23.55128,87.29626333333333 ,19.449088096618652,83.2778149224618 ,50920.0,10:36:25 AM,1572671185217
-0.095 ,10.331 ,-1.353,23.55128,87.29626333333333 ,19.449088096618652,83.2778149224618 ,50920.0,10:36:25 AM,1572671185217
-1.002 ,11.442 ,1.084,23.55128,87.29626333333333 ,19.449088096618652,83.2778149224618 ,50920.0,10:36:25 AM,1572671185221
-1.97 ,11.927 ,5.9,23.55128,87.29626333333333 ,19.449088096618652,83.2778149224618 ,50920.0,10:36:25 AM,1572671185222
-2.45 ,11.517 ,5.35,23.55128,87.29626333333333 ,19.449088096618652,83.2778149224618 ,50920.0,10:36:25 AM,1572671185226
-2.233 ,8.646 ,6.403,23.55128,87.29626333333333 ,19.449088096618652,83.2778149224618 ,50920.0,10:36:25 AM,1572671185226
-1.615 ,6.714 ,7.362,23.55128,87.29626333333333 ,19.449088096618652,83.2778149224618 ,50920.0,10:36:25 AM,1572671185232
-1.569 ,7.343 ,5.319,23.55128,87.29626333333333 ,19.449088096618652,83.2778149224618 ,50920.0,10:36:25 AM,1572671185233
-1.311 ,8.266 ,3.691,23.55128,87.29626333333333 ,19.449088096618652,83.2778149224618 ,50920.0,10:36:25 AM,1572671185236
-0.465 ,8.836 ,7.687,23.55128,87.29626333333333 ,19.449088096618652,83.2778149224618 ,50920.0,10:36:25 AM,1572671185237
-2.575 ,9.717 ,4.087,23.55128,87.29626333333333 ,19.449088096618652,83.2778149224618 ,50920.0,10:36:25 AM,1572671185241
-2.455 ,9.545 ,2.845,23.55128,87.29626333333333 ,19.449088096618652,83.2778149224618 ,50920.0,10:36:25 AM,1572671185241
-4.28 ,6.877 ,3.882,23.55128,87.29626333333333 ,19.449088096618652,83.2778149224618 ,50920.0,10:36:25 AM,1572671185249
-4.217 ,6.562 ,5.027,23.55128,87.29626333333333 ,19.449088096618652,83.2778149224618 ,50920.0,10:36:25 AM,1572671185249
-4.137 ,7.613 ,7.421,23.55128,87.29626333333333 ,19.449088096618652,83.2778149224618 ,50920.0,10:36:25 AM,1572671185250
-2.632 ,7.422 ,11.583,23.55128,87.29626333333333 ,19.449088096618652,83.2778149224618 ,50920.0,10:36:25 AM,1572671185250
-1.454 ,7.053 ,14.066,23.55128,87.29626333333333 ,19.449088096618652,83.2778149224618 ,50920.0,10:36:25 AM,1572671185256
-0.471 ,5.998 ,11.122,23.55128,87.29626333333333 ,19.449088096618652,83.2778149224618 ,50920.0,10:36:25 AM,1572671185256
0.37 ,4.083 ,7.66,23.55128,87.29626333333333 ,19.449088096618652,83.2778149224618 ,50920.0,10:36:25 AM,1572671185261
-0.783 ,3.914 ,6.286,23.55128,87.29626333333333 ,19.449088096618652,83.2778149224618 ,50920.0,10:36:25 AM,1572671185262
-2.23 ,6.751 ,6.788,23.55128,87.29626333333333 ,19.449088096618652,83.2778149224618 ,50920.0,10:36:25 AM,1572671185266
-4.612 ,8.552 ,6.385,23.55128,87.29626333333333 ,19.449088096618652,83.2778149224618 ,50920.0,10:36:25 AM,1572671185266
-5.99 ,8.865 ,11.83,23.55128,87.29626333333333 ,19.449088096618652,83.2778149224618 ,50920.0,10:36:25 AM,1572671185271
-6.524 ,8.988 ,13.312,23.55128,87.29626333333333 ,19.449088096618652,83.2778149224618 ,50920.0,10:36:25 AM,1572671185272
-5.992 ,9.416 ,9.747,23.55128,87.29626333333333 ,19.449088096618652,83.2778149224618 ,50920.0,10:36:25 AM,1572671185275
-3.6 ,9.024 ,10.389,23.55128,87.29626333333333 ,19.449088096618652,83.2778149224618 ,50920.0,10:36:25 AM,1572671185276
-1.965 ,8.655 ,6.748,23.55128,87.29626333333333 ,19.449088096618652,83.2778149224618 ,50920.0,10:36:25 AM,1572671185281
0.081 ,9.598 ,1.379,23.55128,87.29626333333333 ,19.449088096618652,83.2778149224618 ,50920.0,10:36:25 AM,1572671185281
0.639 ,9.766 ,-0.551,23.55128,87.29626333333333 ,19.449088096618652,83.2778149224618 ,50920.0,10:36:25 AM,1572671185286
0.438 ,10.81 ,1.936,23.55128,87.29626333333333 ,19.449088096618652,83.2778149224618 ,50920.0,10:36:25 AM,1572671185286
-1.506 ,12.063 ,1.25,23.55128,87.29626333333333 ,19.449088096618652,83.2778149224618 ,50920.0,10:36:25 AM,1572671185290
-2.741 ,10.745 ,0.221,23.55128,87.29626333333333 ,19.449088096618652,83.2778149224618 ,50920.0,10:36:25 AM,1572671185290
-3.419 ,8.691 ,3.02,23.55128,87.29626333333333 ,19.449088096618652,83.2778149224618 ,50920.0,10:36:25 AM,1572671185298
-4.347 ,7.907 ,2.571,23.55128,87.29626333333333 ,19.449088096618652,83.2778149224618 ,50920.0,10:36:25 AM,1572671185299
-4.037 ,8.109 ,1.852,23.55128,87.29626333333333 ,19.449088096618652,83.2778149224618 ,50920.0,10:36:25 AM,1572671185300
-2.998 ,7.342 ,7.96,23.55128,87.29626333333333 ,19.449088096618652,83.2778149224618 ,50920.0,10:36:25 AM,1572671185300
-3.127 ,6.98 ,7.792,23.55128,87.29626333333333 ,19.449088096618652,83.2778149224618 ,50920.0,10:36:25 AM,1572671185306
-1.855 ,6.731 ,5.244,23.55128,87.29626333333333 ,19.449088096618652,83.2778149224618 ,50920.0,10:36:25 AM,1572671185306
-2.139 ,5.26 ,5.596,23.55128,87.29626333333333 ,19.449088096618652,83.2778149224618 ,50920.0,10:36:25 AM,1572671185311
-2.394 ,5.794 ,6.189,23.55128,87.29626333333333 ,19.449088096618652,83.2778149224618 ,50920.0,10:36:25 AM,1572671185312
-3.36 ,7.78 ,2.786,23.55128,87.29626333333333 ,19.449088096618652,83.2778149224618 ,50920.0,10:36:25 AM,1572671185316
-3.099 ,8.107 ,5.417,23.55128,87.29626333333333 ,19.449088096618652,83.2778149224618 ,50920.0,10:36:25 AM,1572671185317
-3.082 ,7.339 ,6.738,23.55128,87.29626333333333 ,19.449088096618652,83.2778149224618 ,50920.0,10:36:25 AM,1572671185320
-1.667 ,7.807 ,5.381,23.55128,87.29626333333333 ,19.449088096618652,83.2778149224618 ,50920.0,10:36:25 AM,1572671185321
-0.633 ,7.403 ,4.745,23.55128,87.29626333333333 ,19.449088096618652,83.2778149224618 ,50920.0,10:36:25 AM,1572671185326
0.33 ,7.468 ,7.514,23.55128,87.29626333333333 ,19.449088096618652,83.2778149224618 ,50920.0,10:36:25 AM,1572671185326
-0.354 ,7.992 ,6.425,23.55128,87.29626333333333 ,19.449088096618652,83.2778149224618 ,50920.0,10:36:25 AM,1572671185331
-2.168 ,7.761 ,4.654,23.55128,87.29626333333333 ,19.449088096618652,83.2778149224618 ,50920.0,10:36:25 AM,1572671185331
-3.252 ,7.506 ,10.645,23.55128,87.29626333333333 ,19.449088096618652,83.2778149224618 ,50920.0,10:36:25 AM,1572671185335
-4.591 ,7.822 ,12.621,23.55128,87.29626333333333 ,19.449088096618652,83.2778149224618 ,50920.0,10:36:25 AM,1572671185336
-4.846 ,7.904 ,9.677,23.55128,87.29626333333333 ,19.449088096618652,83.2778149224618 ,50920.0,10:36:25 AM,1572671185341
-2.791 ,6.871 ,11.403,23.55128,87.29626333333333 ,19.449088096618652,83.2778149224618 ,50920.0,10:36:25 AM,1572671185342
-0.871 ,5.736 ,9.215,23.55128,87.29626333333333 ,19.449088096618652,83.2778149224618 ,50920.0,10:36:25 AM,1572671185347
0.913 ,6.477 ,3.554,23.55128,87.29626333333333 ,19.449088096618652,83.2778149224618 ,50920.0,10:36:25 AM,1572671185348
2.997 ,7.417 ,4.769,23.55128,87.29626333333333 ,19.449088096618652,83.2778149224618 ,50920.0,10:36:25 AM,1572671185350
3.201 ,8.169 ,8.052,23.55128,87.29626333333333 ,19.449088096618652,83.2778149224618 ,50920.0,10:36:25 AM,1572671185350
1.013 ,8.758 ,5.81,23.55128,87.29626333333333 ,19.449088096618652,83.2778149224618 ,50920.0,10:36:25 AM,1572671185355
-0.678 ,6.533 ,6.346,23.55128,87.29626333333333 ,19.449088096618652,83.2778149224618 ,50920.0,10:36:25 AM,1572671185356
-2.924 ,5.047 ,7.52,23.55128,87.29626333333333 ,19.449088096618652,83.2778149224618 ,50920.0,10:36:25 AM,1572671185361
-4.704 ,6.017 ,7.38,23.55128,87.29626333333333 ,19.449088096618652,83.2778149224618 ,50920.0,10:36:25 AM,1572671185362
-5.959 ,7.355 ,7.126,23.55128,87.29626333333333 ,19.449088096618652,83.2778149224618 ,50920.0,10:36:25 AM,1572671185367
-5.208 ,7.167 ,12.946,23.55128,87.29626333333333 ,19.449088096618652,83.2778149224618 ,50920.0,10:36:25 AM,1572671185367
-4.717 ,6.882 ,10.517,23.55128,87.29626333333333 ,19.449088096618652,83.2778149224618 ,50920.0,10:36:25 AM,1572671185370
-3.041 ,6.725 ,8.034,23.55128,87.29626333333333 ,19.449088096618652,83.2778149224618 ,50920.0,10:36:25 AM,1572671185370
-1.158 ,6.621 ,8.62,23.55128,87.29626333333333 ,19.449088096618652,83.2778149224618 ,50920.0,10:36:25 AM,1572671185375
-0.077 ,7.929 ,6.351,23.55128,87.29626333333333 ,19.449088096618652,83.2778149224618 ,50920.0,10:36:25 AM,1572671185376
0.378 ,9.766 ,3.673,23.55128,87.29626333333333 ,19.449088096618652,83.2778149224618 ,50920.0,10:36:25 AM,1572671185380
1.011 ,10.19 ,3.918,23.55128,87.29626333333333 ,19.449088096618652,83.2778149224618 ,50920.0,10:36:25 AM,1572671185381
0.422 ,10.221 ,3.448,23.55128,87.29626333333333 ,19.449088096618652,83.2778149224618 ,50920.0,10:36:25 AM,1572671185386
0.135 ,10.452 ,2.186,23.55128,87.29626333333333 ,19.449088096618652,83.2778149224618 ,50920.0,10:36:25 AM,1572671185386
-0.908 ,9.814 ,2.562,23.55128,87.29626333333333 ,19.449088096618652,83.2778149224618 ,50920.0,10:36:25 AM,1572671185390
-1.498 ,10.043 ,7.808,23.55128,87.29626333333333 ,19.449088096618652,83.2778149224618 ,50920.0,10:36:25 AM,1572671185391
-2.811 ,10.65 ,7.481,23.55128,87.29626333333333 ,19.449088096618652,83.2778149224618 ,50920.0,10:36:25 AM,1572671185396
-3.396 ,9.688 ,4.664,23.55128,87.29626333333333 ,19.449088096618652,83.2778149224618 ,50920.0,10:36:25 AM,1572671185396
-2.197 ,8.844 ,9.834,23.55128,87.29626333333333 ,19.449088096618652,83.2778149224618 ,50920.0,10:36:25 AM,1572671185401
-3.257 ,9.435 ,5.856,23.55128,87.29626333333333 ,19.449088096618652,83.2778149224618 ,50920.0,10:36:25 AM,1572671185402
-2.113 ,10.284 ,4.049,23.55128,87.29626333333333 ,19.449088096618652,83.2778149224618 ,50920.0,10:36:25 AM,1572671185406
-2.179 ,8.819 ,3.895,23.55128,87.29626333333333 ,19.449088096618652,83.2778149224618 ,50920.0,10:36:25 AM,1572671185407
-3.392 ,8.03 ,-0.259,23.55128,87.29626333333333 ,19.449088096618652,83.2778149224618 ,50920.0,10:36:25 AM,1572671185410
-3.336 ,8.138 ,-0.187,23.55128,87.29626333333333 ,19.449088096618652,83.2778149224618 ,50920.0,10:36:25 AM,1572671185410
-3.465 ,8.22 ,3.723,23.55128,87.29626333333333 ,19.449088096618652,83.2778149224618 ,50920.0,10:36:25 AM,1572671185416
-3.24 ,8.303 ,8.616,23.55128,87.29626333333333 ,19.449088096618652,83.2778149224618 ,50920.0,10:36:25 AM,1572671185416
-2.416 ,6.899 ,9.461,23.55128,87.29626333333333 ,19.449088096618652,83.2778149224618 ,50920.0,10:36:25 AM,1572671185420
-1.681 ,3.413 ,9.282,23.55128,87.29626333333333 ,19.449088096618652,83.2778149224618 ,50920.0,10:36:25 AM,1572671185420
-1.101 ,1.857 ,10.341,23.55128,87.29626333333333 ,19.449088096618652,83.2778149224618 ,50920.0,10:36:25 AM,1572671185425
-1.08 ,4.477 ,8.022,23.55128,87.29626333333333 ,19.449088096618652,83.2778149224618 ,50920.0,10:36:25 AM,1572671185425
-1.852 ,6.949 ,5.838,23.55128,87.29626333333333 ,19.449088096618652,83.2778149224618 ,50920.0,10:36:25 AM,1572671185430
-2.164 ,7.29 ,10.342,23.55128,87.29626333333333 ,19.449088096618652,83.2778149224618 ,50920.0,10:36:25 AM,1572671185431
-3.786 ,7.792 ,6.637,23.55128,87.29626333333333 ,19.449088096618652,83.2778149224618 ,50920.0,10:36:25 AM,1572671185436
-3.429 ,8.387 ,3.207,23.55128,87.29626333333333 ,19.449088096618652,83.2778149224618 ,50920.0,10:36:25 AM,1572671185437
-3.655 ,7.437 ,6.236,23.55128,87.29626333333333 ,19.449088096618652,83.2778149224618 ,50920.0,10:36:25 AM,1572671185441
-3.562 ,8.646 ,6.127,23.55128,87.29626333333333 ,19.449088096618652,83.2778149224618 ,50920.0,10:36:25 AM,1572671185441
-1.952 ,10.563 ,6.849,23.55128,87.29626333333333 ,19.449088096618652,83.2778149224618 ,50920.0,10:36:25 AM,1572671185448
-0.775 ,10.727 ,10.044,23.55128,87.29626333333333 ,19.449088096618652,83.2778149224618 ,50920.0,10:36:25 AM,1572671185448
-0.047 ,9.222 ,9.225,23.55128,87.29626333333333 ,19.449088096618652,83.2778149224618 ,50920.0,10:36:25 AM,1572671185449
