x,y,z,latitude,longitude,speed,sound,light,time,timestamp
2.868 ,14.76 ,9.377,23.553518333333333,87.29792 ,37.076677322387695,87.56792203830138 ,5819.0,10:35:46 AM,1572671146060
0.975 ,8.505 ,3.158,23.553518333333333,87.29792 ,37.076677322387695,87.56792203830138 ,5819.0,10:35:46 AM,1572671146063
0.623 ,3.153 ,-2.243,23.553518333333333,87.29792 ,37.076677322387695,87.56792203830138 ,5819.0,10:35:46 AM,1572671146063
0.256 ,3.026 ,1.63,23.553518333333333,87.29792 ,37.076677322387695,87.56792203830138 ,5819.0,10:35:46 AM,1572671146069
-0.607 ,8.358 ,6.674,23.553518333333333,87.29792 ,37.076677322387695,87.56792203830138 ,5819.0,10:35:46 AM,1572671146070
-1.278 ,11.816 ,12.42,23.553518333333333,87.29792 ,37.076677322387695,87.56792203830138 ,5819.0,10:35:46 AM,1572671146075
-2.654 ,9.534 ,13.317,23.553518333333333,87.29792 ,37.076677322387695,87.56792203830138 ,5819.0,10:35:46 AM,1572671146076
-4.867 ,3.158 ,6.063,23.553518333333333,87.29792 ,37.076677322387695,87.56792203830138 ,5819.0,10:35:46 AM,1572671146078
-3.558 ,-0.452 ,5.656,23.553518333333333,87.29792 ,37.076677322387695,87.56792203830138 ,5819.0,10:35:46 AM,1572671146079
-2.9 ,0.931 ,12.674,23.553518333333333,87.29792 ,37.076677322387695,87.56792203830138 ,5819.0,10:35:46 AM,1572671146084
-2.652 ,6.074 ,12.34,23.553518333333333,87.29792 ,37.076677322387695,87.56792203830138 ,5819.0,10:35:46 AM,1572671146084
-0.217 ,9.466 ,12.333,23.553518333333333,87.29792 ,37.076677322387695,87.56792203830138 ,5819.0,10:35:46 AM,1572671146089
-0.594 ,7.607 ,9.106,23.553518333333333,87.29792 ,37.076677322387695,87.56792203830138 ,5819.0,10:35:46 AM,1572671146090
-0.867 ,5.78 ,1.016,23.553518333333333,87.29792 ,37.076677322387695,87.56792203830138 ,5819.0,10:35:46 AM,1572671146093
0.368 ,5.423 ,-0.211,23.553518333333333,87.29792 ,37.076677322387695,87.56792203830138 ,5819.0,10:35:46 AM,1572671146093
0.547 ,6.623 ,2.849,23.553518333333333,87.29792 ,37.076677322387695,87.56792203830138 ,5819.0,10:35:46 AM,1572671146101
-0.113 ,9.871 ,4.713,23.553518333333333,87.29792 ,37.076677322387695,87.56792203830138 ,5819.0,10:35:46 AM,1572671146101
0.931 ,11.852 ,9.719,23.553518333333333,87.29792 ,37.076677322387695,87.56792203830138 ,5819.0,10:35:46 AM,1572671146103
0.021 ,9.739 ,8.468,23.553518333333333,87.29792 ,37.076677322387695,87.56792203830138 ,5819.0,10:35:46 AM,1572671146103
0.414 ,7.066 ,4.246,23.553518333333333,87.29792 ,37.076677322387695,87.56792203830138 ,5819.0,10:35:46 AM,1572671146109
1.054 ,6.439 ,0.249,23.553518333333333,87.29792 ,37.076677322387695,87.56792203830138 ,5819.0,10:35:46 AM,1572671146109
0.773 ,8.949 ,-0.108,23.553518333333333,87.29792 ,37.076677322387695,87.56792203830138 ,5819.0,10:35:46 AM,1572671146113
-1.28 ,13.089 ,1.259,23.553518333333333,87.29792 ,37.076677322387695,87.56792203830138 ,5819.0,10:35:46 AM,1572671146114
-1.785 ,14.241 ,4.141,23.553518333333333,87.29792 ,37.076677322387695,87.56792203830138 ,5819.0,10:35:46 AM,1572671146120
-4.02 ,9.947 ,1.198,23.553518333333333,87.29792 ,37.076677322387695,87.56792203830138 ,5819.0,10:35:46 AM,1572671146120
-3.115 ,5.364 ,-3.01,23.553518333333333,87.29792 ,37.076677322387695,87.56792203830138 ,5819.0,10:35:46 AM,1572671146123
-0.162 ,4.37 ,0.931,23.553518333333333,87.29792 ,37.076677322387695,87.56792203830138 ,5819.0,10:35:46 AM,1572671146124
0.294 ,7.78 ,2.924,23.553518333333333,87.29792 ,37.076677322387695,87.56792203830138 ,5819.0,10:35:46 AM,1572671146128
2.085 ,11.02 ,11.934,23.553518333333333,87.29792 ,37.076677322387695,87.56792203830138 ,5819.0,10:35:46 AM,1572671146128
0.926 ,8.408 ,13.464,23.553518333333333,87.29792 ,37.076677322387695,87.56792203830138 ,5819.0,10:35:46 AM,1572671146134
-0.411 ,2.913 ,8.313,23.553518333333333,87.29792 ,37.076677322387695,87.56792203830138 ,5819.0,10:35:46 AM,1572671146134
-0.495 ,0.405 ,5.339,23.553518333333333,87.29792 ,37.076677322387695,87.56792203830138 ,5819.0,10:35:46 AM,1572671146138
-0.14 ,2.804 ,11.343,23.553518333333333,87.29792 ,37.076677322387695,87.56792203830138 ,5819.0,10:35:46 AM,1572671146138
-1.005 ,7.722 ,15.722,23.553518333333333,87.29792 ,37.076677322387695,87.56792203830138 ,5819.0,10:35:46 AM,1572671146144
-1.763 ,8.666 ,18.017,23.553518333333333,87.29792 ,37.076677322387695,87.56792203830138 ,5819.0,10:35:46 AM,1572671146145
-2.5 ,3.721 ,14.571,23.553518333333333,87.29792 ,37.076677322387695,87.56792203830138 ,5819.0,10:35:46 AM,1572671146150
-2.836 ,-0.566 ,9.129,23.553518333333333,87.29792 ,37.076677322387695,87.56792203830138 ,5819.0,10:35:46 AM,1572671146151
-2.728 ,0.761 ,7.052,23.553518333333333,87.29792 ,37.076677322387695,87.56792203830138 ,5819.0,10:35:46 AM,1572671146152
-0.771 ,5.876 ,15.257,23.553518333333333,87.29792 ,37.076677322387695,87.56792203830138 ,5819.0,10:35:46 AM,1572671146153
-1.655 ,9.905 ,16.299,23.553518333333333,87.29792 ,37.076677322387695,87.56792203830138 ,5819.0,10:35:46 AM,1572671146157
-1.552 ,9.39 ,14.079,23.553518333333333,87.29792 ,37.076677322387695,87.56792203830138 ,5819.0,10:35:46 AM,1572671146157
-2.34 ,4.98 ,6.231,23.553518333333333,87.29792 ,37.076677322387695,87.56792203830138 ,5819.0,10:35:46 AM,1572671146163
-2.689 ,2.827 ,-2.635,23.553518333333333,87.29792 ,37.076677322387695,87.56792203830138 ,5819.0,10:35:46 AM,1572671146164
-1.259 ,5.567 ,-2.239,23.553518333333333,87.29792 ,37.076677322387695,87.56792203830138 ,5819.0,10:35:46 AM,1572671146168
-0.984 ,11.079 ,3.049,23.553518333333333,87.29792 ,37.076677322387695,87.56792203830138 ,5819.0,10:35:46 AM,1572671146169
-1.473 ,16.004 ,3.206,23.553518333333333,87.29792 ,37.076677322387695,87.56792203830138 ,5819.0,10:35:46 AM,1572671146174
-0.648 ,15.391 ,4.086,23.553518333333333,87.29792 ,37.076677322387695,87.56792203830138 ,5819.0,10:35:46 AM,1572671146175
-2.762 ,10.509 ,-1.505,23.553518333333333,87.29792 ,37.076677322387695,87.56792203830138 ,5819.0,10:35:46 AM,1572671146178
-1.661 ,7.342 ,-2.426,23.553518333333333,87.29792 ,37.076677322387695,87.56792203830138 ,5819.0,10:35:46 AM,1572671146178
-0.544 ,8.214 ,0.592,23.553518333333333,87.29792 ,37.076677322387695,87.56792203830138 ,5819.0,10:35:46 AM,1572671146183
1.078 ,11.139 ,7.093,23.553518333333333,87.29792 ,37.076677322387695,87.56792203830138 ,5819.0,10:35:46 AM,1572671146184
2.351 ,14.545 ,7.351,23.553518333333333,87.29792 ,37.076677322387695,87.56792203830138 ,5819.0,10:35:46 AM,1572671146188
2.841 ,14.583 ,6.507,23.553518333333333,87.29792 ,37.076677322387695,87.56792203830138 ,5819.0,10:35:46 AM,1572671146188
2.319 ,10.824 ,0.477,23.553518333333333,87.29792 ,37.076677322387695,87.56792203830138 ,5819.0,10:35:46 AM,1572671146192
1.518 ,7.34 ,-4.01,23.553518333333333,87.29792 ,37.076677322387695,87.56792203830138 ,5819.0,10:35:46 AM,1572671146193
0.643 ,6.353 ,-4.447,23.553518333333333,87.29792 ,37.076677322387695,87.56792203830138 ,4912.0,10:35:46 AM,1572671146199
-0.47 ,8.279 ,0.503,23.553518333333333,87.29792 ,37.076677322387695,87.56792203830138 ,4912.0,10:35:46 AM,1572671146200
-1.556 ,11.479 ,11.546,23.553518333333333,87.29792 ,37.076677322387695,87.56792203830138 ,4912.0,10:35:46 AM,1572671146203
-3.465 ,11.536 ,17.467,23.553518333333333,87.29792 ,37.076677322387695,87.56792203830138 ,4912.0,10:35:46 AM,1572671146203
-4.159 ,6.754 ,16.909,23.553518333333333,87.29792 ,37.076677322387695,87.56792203830138 ,4912.0,10:35:46 AM,1572671146208
-2.368 ,-0.439 ,15.754,23.553518333333333,87.29792 ,37.076677322387695,87.56792203830138 ,4912.0,10:35:46 AM,1572671146209
-1.266 ,-2.588 ,11.956,23.553518333333333,87.29792 ,37.076677322387695,87.56792203830138 ,4912.0,10:35:46 AM,1572671146213
-0.933 ,1.519 ,14.491,23.553518333333333,87.29792 ,37.076677322387695,87.56792203830138 ,4912.0,10:35:46 AM,1572671146213
-0.503 ,6.453 ,20.949,23.553518333333333,87.29792 ,37.076677322387695,87.56792203830138 ,4912.0,10:35:46 AM,1572671146218
-1.274 ,6.657 ,20.427,23.553518333333333,87.29792 ,37.076677322387695,87.56792203830138 ,4912.0,10:35:46 AM,1572671146218
-2.979 ,3.104 ,10.587,23.553518333333333,87.29792 ,37.076677322387695,87.56792203830138 ,4912.0,10:35:46 AM,1572671146222
-1.602 ,1.235 ,3.85,23.553518333333333,87.29792 ,37.076677322387695,87.56792203830138 ,4912.0,10:35:46 AM,1572671146223
-0.835 ,3.124 ,2.115,23.553518333333333,87.29792 ,37.076677322387695,87.56792203830138 ,4912.0,10:35:46 AM,1572671146229
-0.319 ,8.754 ,6.422,23.553518333333333,87.29792 ,37.076677322387695,87.56792203830138 ,4912.0,10:35:46 AM,1572671146229
1.238 ,12.599 ,7.988,23.553518333333333,87.29792 ,37.076677322387695,88.1669651825301 ,4912.0,10:35:46 AM,1572671146234
-0.108 ,9.17 ,5.811,23.553518333333333,87.29792 ,37.076677322387695,88.1669651825301 ,4912.0,10:35:46 AM,1572671146234
-0.509 ,5.211 ,-1.249,23.553518333333333,87.29792 ,37.076677322387695,88.1669651825301 ,4912.0,10:35:46 AM,1572671146239
0.046 ,4.792 ,-2.823,23.553518333333333,87.29792 ,37.076677322387695,88.1669651825301 ,4912.0,10:35:46 AM,1572671146240
-0.427 ,8.195 ,4.134,23.553518333333333,87.29792 ,37.076677322387695,88.1669651825301 ,4912.0,10:35:46 AM,1572671146243
-3.167 ,13.205 ,6.524,23.553518333333333,87.29792 ,37.076677322387695,88.1669651825301 ,4912.0,10:35:46 AM,1572671146243
-2.395 ,12.918 ,10.659,23.553518333333333,87.29792 ,37.076677322387695,88.1669651825301 ,4912.0,10:35:46 AM,1572671146250
-3.828 ,7.866 ,3.616,23.553518333333333,87.29792 ,37.076677322387695,88.1669651825301 ,4912.0,10:35:46 AM,1572671146251
-3.218 ,4.351 ,-1.911,23.553518333333333,87.29792 ,37.076677322387695,88.1669651825301 ,4912.0,10:35:46 AM,1572671146253
-0.282 ,6.79 ,-1.469,23.553518333333333,87.29792 ,37.076677322387695,88.1669651825301 ,4912.0,10:35:46 AM,1572671146254
2.217 ,11.801 ,4.912,23.553518333333333,87.29792 ,37.076677322387695,88.1669651825301 ,4912.0,10:35:46 AM,1572671146258
2.24 ,15.03 ,6.995,23.553518333333333,87.29792 ,37.076677322387695,88.1669651825301 ,4912.0,10:35:46 AM,1572671146259
2.982 ,11.401 ,6.561,23.553518333333333,87.29792 ,37.076677322387695,88.1669651825301 ,4912.0,10:35:46 AM,1572671146264
0.834 ,5.485 ,2.025,23.553518333333333,87.29792 ,37.076677322387695,88.1669651825301 ,4912.0,10:35:46 AM,1572671146264
1.108 ,2.758 ,4.609,23.553518333333333,87.29792 ,37.076677322387695,88.1669651825301 ,4912.0,10:35:46 AM,1572671146269
0.644 ,4.267 ,9.688,23.553518333333333,87.29792 ,37.076677322387695,88.1669651825301 ,4912.0,10:35:46 AM,1572671146269
0.679 ,6.457 ,18.917,23.553518333333333,87.29792 ,37.076677322387695,88.1669651825301 ,4912.0,10:35:46 AM,1572671146273
-0.454 ,7.436 ,19.476,23.553518333333333,87.29792 ,37.076677322387695,88.1669651825301 ,4912.0,10:35:46 AM,1572671146274
-1.03 ,4.585 ,17.526,23.553518333333333,87.29792 ,37.076677322387695,88.1669651825301 ,4912.0,10:35:46 AM,1572671146279
-2.926 ,0.356 ,11.654,23.553518333333333,87.29792 ,37.076677322387695,88.1669651825301 ,4912.0,10:35:46 AM,1572671146279
-3.739 ,-0.234 ,7.576,23.553518333333333,87.29792 ,37.076677322387695,88.1669651825301 ,4912.0,10:35:46 AM,1572671146284
-3.088 ,2.926 ,10.573,23.553518333333333,87.29792 ,37.076677322387695,88.1669651825301 ,4912.0,10:35:46 AM,1572671146285
-3.521 ,7.559 ,13.372,23.553518333333333,87.29792 ,37.076677322387695,88.1669651825301 ,4912.0,10:35:46 AM,1572671146290
-3.835 ,11.605 ,9.621,23.553518333333333,87.29792 ,37.076677322387695,88.1669651825301 ,4912.0,10:35:46 AM,1572671146290
-2.434 ,11.086 ,7.658,23.553518333333333,87.29792 ,37.076677322387695,88.1669651825301 ,4912.0,10:35:46 AM,1572671146293
-3.29 ,7.236 ,0.084,23.553518333333333,87.29792 ,37.076677322387695,88.1669651825301 ,4912.0,10:35:46 AM,1572671146293
-0.872 ,5.488 ,-4.105,23.553518333333333,87.29792 ,37.076677322387695,88.1669651825301 ,4912.0,10:35:46 AM,1572671146300
0.034 ,6.573 ,-4.954,23.553518333333333,87.29792 ,37.076677322387695,88.1669651825301 ,4912.0,10:35:46 AM,1572671146300
0.261 ,11.297 ,-1.195,23.553518333333333,87.29792 ,37.076677322387695,88.1669651825301 ,4912.0,10:35:46 AM,1572671146303
1.274 ,15.2 ,2.499,23.553518333333333,87.29792 ,37.076677322387695,88.1669651825301 ,4912.0,10:35:46 AM,1572671146304
-1.405 ,13.901 ,1.91,23.553518333333333,87.29792 ,37.076677322387695,88.1669651825301 ,4912.0,10:35:46 AM,1572671146308
