x,y,z,latitude,longitude,speed,sound,light,time,timestamp
-3.757 ,1.456 ,10.226,23.569460000000003,87.30252666666665 ,35.30150299072266,87.71467401369235 ,9738.0,10:31:53 AM,1572670913517
-2.481 ,-0.014 ,5.711,23.569460000000003,87.30252666666665 ,35.30150299072266,87.71467401369235 ,9738.0,10:31:53 AM,1572670913517
-1.821 ,0.531 ,4.86,23.569460000000003,87.30252666666665 ,35.30150299072266,87.71467401369235 ,9738.0,10:31:53 AM,1572670913521
-2.625 ,5.341 ,3.301,23.569460000000003,87.30252666666665 ,35.30150299072266,87.71467401369235 ,9738.0,10:31:53 AM,1572670913521
-2.458 ,11.552 ,7.294,23.569460000000003,87.30252666666665 ,35.30150299072266,87.71467401369235 ,9738.0,10:31:53 AM,1572670913526
-3.089 ,12.681 ,10.961,23.569460000000003,87.30252666666665 ,35.30150299072266,87.71467401369235 ,9738.0,10:31:53 AM,1572670913527
-4.281 ,10.193 ,2.211,23.569460000000003,87.30252666666665 ,35.30150299072266,87.71467401369235 ,9738.0,10:31:53 AM,1572670913530
-2.526 ,5.6 ,-3.859,23.569460000000003,87.30252666666665 ,35.30150299072266,87.71467401369235 ,9738.0,10:31:53 AM,1572670913531
-1.468 ,3.958 ,-2.871,23.569460000000003,87.30252666666665 ,35.30150299072266,87.71467401369235 ,9738.0,10:31:53 AM,1572670913537
-1.935 ,8.305 ,1.428,23.569460000000003,87.30252666666665 ,35.30150299072266,87.71467401369235 ,9738.0,10:31:53 AM,1572670913538
0.376 ,12.83 ,13.524,23.569460000000003,87.30252666666665 ,35.30150299072266,87.71467401369235 ,9738.0,10:31:53 AM,1572670913544
1.126 ,11.551 ,15.559,23.569460000000003,87.30252666666665 ,35.30150299072266,87.71467401369235 ,9738.0,10:31:53 AM,1572670913545
2.373 ,6.383 ,8.734,23.569460000000003,87.30252666666665 ,35.30150299072266,87.71467401369235 ,9738.0,10:31:53 AM,1572670913546
5.383 ,3.117 ,1.715,23.569460000000003,87.30252666666665 ,35.30150299072266,87.71467401369235 ,9738.0,10:31:53 AM,1572670913546
3.716 ,5.364 ,1.597,23.569460000000003,87.30252666666665 ,35.30150299072266,87.71467401369235 ,9738.0,10:31:53 AM,1572670913552
2.329 ,11.3 ,4.855,23.569460000000003,87.30252666666665 ,35.30150299072266,87.71467401369235 ,9738.0,10:31:53 AM,1572670913553
-1.451 ,12.154 ,6.157,23.569460000000003,87.30252666666665 ,35.30150299072266,87.71467401369235 ,9738.0,10:31:53 AM,1572670913559
-5.024 ,5.6 ,7.142,23.569460000000003,87.30252666666665 ,35.30150299072266,87.71467401369235 ,9738.0,10:31:53 AM,1572670913560
-6.888 ,2.06 ,0.726,23.569460000000003,87.30252666666665 ,35.30150299072266,87.71467401369235 ,9738.0,10:31:53 AM,1572670913561
-6.224 ,3.302 ,6.499,23.569460000000003,87.30252666666665 ,35.30150299072266,87.71467401369235 ,9738.0,10:31:53 AM,1572670913561
-3.57 ,9.073 ,15.01,23.569460000000003,87.30252666666665 ,35.30150299072266,87.71467401369235 ,9738.0,10:31:53 AM,1572670913566
-0.478 ,13.374 ,15.542,23.569460000000003,87.30252666666665 ,35.30150299072266,87.71467401369235 ,9738.0,10:31:53 AM,1572670913567
3.159 ,11.115 ,9.87,23.569460000000003,87.30252666666665 ,35.30150299072266,87.71467401369235 ,9738.0,10:31:53 AM,1572670913572
4.351 ,3.803 ,1.424,23.569460000000003,87.30252666666665 ,35.30150299072266,87.71467401369235 ,9738.0,10:31:53 AM,1572670913572
3.894 ,0.689 ,-7.943,23.569460000000003,87.30252666666665 ,35.30150299072266,87.71467401369235 ,9738.0,10:31:53 AM,1572670913576
3.791 ,5.7 ,-2.191,23.569460000000003,87.30252666666665 ,35.30150299072266,87.71467401369235 ,9738.0,10:31:53 AM,1572670913577
1.41 ,12.859 ,10.269,23.569460000000003,87.30252666666665 ,35.30150299072266,87.71467401369235 ,9738.0,10:31:53 AM,1572670913581
-3.226 ,15.152 ,16.018,23.569460000000003,87.30252666666665 ,35.30150299072266,87.71467401369235 ,9738.0,10:31:53 AM,1572670913582
-2.948 ,11.096 ,14.569,23.569460000000003,87.30252666666665 ,35.30150299072266,87.71467401369235 ,9738.0,10:31:53 AM,1572670913587
-3.009 ,2.703 ,10.933,23.569460000000003,87.30252666666665 ,35.30150299072266,87.71467401369235 ,9738.0,10:31:53 AM,1572670913588
-1.217 ,-0.098 ,6.288,23.569460000000003,87.30252666666665 ,35.30150299072266,87.71467401369235 ,9738.0,10:31:53 AM,1572670913592
2.496 ,4.375 ,7.16,23.569460000000003,87.30252666666665 ,35.30150299072266,87.71467401369235 ,9738.0,10:31:53 AM,1572670913592
4.617 ,8.842 ,9.826,23.569460000000003,87.30252666666665 ,35.30150299072266,87.71467401369235 ,9997.0,10:31:53 AM,1572670913596
2.762 ,11.443 ,4.67,23.569460000000003,87.30252666666665 ,35.30150299072266,87.71467401369235 ,9997.0,10:31:53 AM,1572670913597
2.26 ,10.923 ,-4.761,23.569460000000003,87.30252666666665 ,35.30150299072266,87.71467401369235 ,9997.0,10:31:53 AM,1572670913602
-2.006 ,8.816 ,-11.602,23.569460000000003,87.30252666666665 ,35.30150299072266,87.71467401369235 ,9997.0,10:31:53 AM,1572670913603
-5.075 ,9.674 ,-13.351,23.569460000000003,87.30252666666665 ,35.30150299072266,87.71467401369235 ,9997.0,10:31:53 AM,1572670913607
-6.336 ,11.833 ,-7.874,23.569460000000003,87.30252666666665 ,35.30150299072266,87.71467401369235 ,9997.0,10:31:53 AM,1572670913608
-6.06 ,12.352 ,0.281,23.569460000000003,87.30252666666665 ,35.30150299072266,87.71467401369235 ,9997.0,10:31:53 AM,1572670913611
-6.167 ,11.618 ,0.305,23.569460000000003,87.30252666666665 ,35.30150299072266,87.71467401369235 ,9997.0,10:31:53 AM,1572670913611
-1.909 ,8.029 ,4.28,23.569460000000003,87.30252666666665 ,35.30150299072266,87.71467401369235 ,9997.0,10:31:53 AM,1572670913619
-0.568 ,5.001 ,5.729,23.569460000000003,87.30252666666665 ,35.30150299072266,87.71467401369235 ,9997.0,10:31:53 AM,1572670913620
2.639 ,4.996 ,7.757,23.569460000000003,87.30252666666665 ,35.30150299072266,87.71467401369235 ,9997.0,10:31:53 AM,1572670913620
5.179 ,7.157 ,5.612,23.569460000000003,87.30252666666665 ,35.30150299072266,87.71467401369235 ,9997.0,10:31:53 AM,1572670913621
6.636 ,7.634 ,7.349,23.569460000000003,87.30252666666665 ,35.30150299072266,87.71467401369235 ,9997.0,10:31:53 AM,1572670913626
4.817 ,7.535 ,4.333,23.569460000000003,87.30252666666665 ,35.30150299072266,87.71467401369235 ,9997.0,10:31:53 AM,1572670913626
2.179 ,8.091 ,2.234,23.569460000000003,87.30252666666665 ,35.30150299072266,87.71467401369235 ,9997.0,10:31:53 AM,1572670913631
-0.34 ,6.855 ,8.863,23.569460000000003,87.30252666666665 ,35.30150299072266,87.71467401369235 ,9997.0,10:31:53 AM,1572670913631
-3.55 ,3.208 ,12.063,23.569460000000003,87.30252666666665 ,35.30150299072266,87.71467401369235 ,9997.0,10:31:53 AM,1572670913637
-4.745 ,0.29 ,11.173,23.569460000000003,87.30252666666665 ,35.30150299072266,87.71467401369235 ,9997.0,10:31:53 AM,1572670913637
-2.799 ,-0.908 ,16.705,23.569460000000003,87.30252666666665 ,35.30150299072266,87.71467401369235 ,9997.0,10:31:53 AM,1572670913643
-3.519 ,2.13 ,20.874,23.569460000000003,87.30252666666665 ,35.30150299072266,87.71467401369235 ,9997.0,10:31:53 AM,1572670913644
-3.087 ,7.534 ,23.586,23.569460000000003,87.30252666666665 ,35.30150299072266,87.71467401369235 ,9997.0,10:31:53 AM,1572670913646
-2.469 ,7.02 ,26.177,23.569460000000003,87.30252666666665 ,35.30150299072266,87.71467401369235 ,9997.0,10:31:53 AM,1572670913646
-3.196 ,2.761 ,15.955,23.569460000000003,87.30252666666665 ,35.30150299072266,87.71467401369235 ,9997.0,10:31:53 AM,1572670913651
-1.263 ,3.685 ,5.592,23.569460000000003,87.30252666666665 ,35.30150299072266,87.71467401369235 ,9997.0,10:31:53 AM,1572670913652
0.206 ,5.129 ,3.517,23.569460000000003,87.30252666666665 ,35.30150299072266,87.71467401369235 ,9997.0,10:31:53 AM,1572670913657
0.341 ,10.617 ,7.471,23.569460000000003,87.30252666666665 ,35.30150299072266,87.71467401369235 ,9997.0,10:31:53 AM,1572670913658
-0.206 ,14.172 ,9.539,23.569460000000003,87.30252666666665 ,35.30150299072266,87.71467401369235 ,9997.0,10:31:53 AM,1572670913660
-0.695 ,11.769 ,11.163,23.569460000000003,87.30252666666665 ,35.30150299072266,87.71467401369235 ,9997.0,10:31:53 AM,1572670913661
-2.214 ,6.822 ,6.68,23.569460000000003,87.30252666666665 ,35.30150299072266,87.71467401369235 ,9997.0,10:31:53 AM,1572670913665
-2.544 ,4.492 ,1.05,23.569460000000003,87.30252666666665 ,35.30150299072266,87.71467401369235 ,9997.0,10:31:53 AM,1572670913666
-0.7 ,7.204 ,3.736,23.569460000000003,87.30252666666665 ,35.30150299072266,87.71467401369235 ,9997.0,10:31:53 AM,1572670913670
-1.146 ,12.801 ,6.263,23.569460000000003,87.30252666666665 ,35.30150299072266,87.71467401369235 ,9997.0,10:31:53 AM,1572670913670
-1.384 ,15.846 ,4.361,23.569460000000003,87.30252666666665 ,35.30150299072266,87.71467401369235 ,9997.0,10:31:53 AM,1572670913676
-0.623 ,12.834 ,-0.277,23.569460000000003,87.30252666666665 ,35.30150299072266,87.71467401369235 ,9997.0,10:31:53 AM,1572670913677
-2.471 ,7.496 ,-6.815,23.569460000000003,87.30252666666665 ,35.30150299072266,87.71467401369235 ,9997.0,10:31:53 AM,1572670913680
-2.968 ,6.969 ,-10.357,23.569460000000003,87.30252666666665 ,35.30150299072266,87.71467401369235 ,9997.0,10:31:53 AM,1572670913681
-0.58 ,10.647 ,3.451,23.569460000000003,87.30252666666665 ,35.30150299072266,87.71467401369235 ,9997.0,10:31:53 AM,1572670913685
-2.215 ,12.453 ,12.106,23.569460000000003,87.30252666666665 ,35.30150299072266,87.71467401369235 ,9997.0,10:31:53 AM,1572670913686
-0.349 ,9.641 ,16.437,23.569460000000003,87.30252666666665 ,35.30150299072266,87.71467401369235 ,9997.0,10:31:53 AM,1572670913690
0.975 ,2.217 ,15.788,23.569460000000003,87.30252666666665 ,35.30150299072266,87.71467401369235 ,9997.0,10:31:53 AM,1572670913691
0.94 ,-2.642 ,15.825,23.569460000000003,87.30252666666665 ,35.30150299072266,87.71467401369235 ,9997.0,10:31:53 AM,1572670913696
2.444 ,-0.988 ,18.618,23.569460000000003,87.30252666666665 ,35.30150299072266,87.71467401369235 ,9997.0,10:31:53 AM,1572670913696
1.623 ,3.429 ,23.095,23.569460000000003,87.30252666666665 ,35.30150299072266,87.71467401369235 ,9997.0,10:31:53 AM,1572670913700
-0.777 ,6.015 ,22.749,23.569460000000003,87.30252666666665 ,35.30150299072266,87.71467401369235 ,9997.0,10:31:53 AM,1572670913700
-3.569 ,5.109 ,14.382,23.569460000000003,87.30252666666665 ,35.30150299072266,87.71467401369235 ,9997.0,10:31:53 AM,1572670913708
-4.782 ,2.487 ,6.831,23.569460000000003,87.30252666666665 ,35.30150299072266,87.71467401369235 ,9997.0,10:31:53 AM,1572670913708
-6.484 ,2.115 ,4.228,23.569460000000003,87.30252666666665 ,35.30150299072266,87.71467401369235 ,9997.0,10:31:53 AM,1572670913710
-5.753 ,7.34 ,3.299,23.569460000000003,87.30252666666665 ,35.30150299072266,87.71467401369235 ,9997.0,10:31:53 AM,1572670913710
-2.429 ,11.243 ,7.337,23.569460000000003,87.30252666666665 ,35.30150299072266,87.71467401369235 ,9997.0,10:31:53 AM,1572670913717
-0.368 ,12.392 ,5.35,23.569460000000003,87.30252666666665 ,35.30150299072266,87.71467401369235 ,9997.0,10:31:53 AM,1572670913717
1.92 ,12.136 ,2.535,23.569460000000003,87.30252666666665 ,35.30150299072266,87.71467401369235 ,9997.0,10:31:53 AM,1572670913720
4.616 ,11.886 ,0.282,23.569460000000003,87.30252666666665 ,35.30150299072266,87.71467401369235 ,9997.0,10:31:53 AM,1572670913721
3.649 ,12.158 ,-1.74,23.569460000000003,87.30252666666665 ,35.30150299072266,87.71467401369235 ,9997.0,10:31:53 AM,1572670913725
2.916 ,12.216 ,-2.836,23.569460000000003,87.30252666666665 ,35.30150299072266,87.71467401369235 ,9997.0,10:31:53 AM,1572670913726
2.013 ,12.105 ,-4.918,23.569460000000003,87.30252666666665 ,35.30150299072266,87.71467401369235 ,9997.0,10:31:53 AM,1572670913729
-1.36 ,12.252 ,-4.921,23.569460000000003,87.30252666666665 ,35.30150299072266,87.71467401369235 ,9997.0,10:31:53 AM,1572670913730
-1.783 ,15.39 ,0.055,23.569460000000003,87.30252666666665 ,35.30150299072266,87.71467401369235 ,9997.0,10:31:53 AM,1572670913735
-3.489 ,18.295 ,2.42,23.569460000000003,87.30252666666665 ,35.30150299072266,87.71467401369235 ,9997.0,10:31:53 AM,1572670913736
-2.441 ,17.17 ,3.865,23.569460000000003,87.30252666666665 ,35.30150299072266,87.71467401369235 ,9997.0,10:31:53 AM,1572670913741
-1.17 ,11.646 ,-1.814,23.569460000000003,87.30252666666665 ,35.30150299072266,87.71467401369235 ,9997.0,10:31:53 AM,1572670913741
3.207 ,6.702 ,-3.512,23.569460000000003,87.30252666666665 ,35.30150299072266,87.71467401369235 ,9997.0,10:31:53 AM,1572670913745
3.699 ,5.784 ,-0.611,23.569460000000003,87.30252666666665 ,35.30150299072266,87.71467401369235 ,9997.0,10:31:53 AM,1572670913746
3.709 ,9.596 ,5.648,23.569460000000003,87.30252666666665 ,35.30150299072266,87.71467401369235 ,9997.0,10:31:53 AM,1572670913750
3.042 ,10.864 ,11.744,23.569460000000003,87.30252666666665 ,35.30150299072266,87.71467401369235 ,9997.0,10:31:53 AM,1572670913751
0.012 ,5.947 ,12.207,23.569460000000003,87.30252666666665 ,35.30150299072266,87.71467401369235 ,9997.0,10:31:53 AM,1572670913758
-3.112 ,-0.426 ,5.337,23.569460000000003,87.30252666666665 ,35.30150299072266,87.71467401369235 ,9997.0,10:31:53 AM,1572670913759
-2.317 ,-2.259 ,5.709,23.569460000000003,87.30252666666665 ,35.30150299072266,87.71467401369235 ,9997.0,10:31:53 AM,1572670913760
-4.754 ,0.192 ,11.406,23.569460000000003,87.30252666666665 ,35.30150299072266,87.71467401369235 ,9997.0,10:31:53 AM,1572670913760
