x,y,z,latitude,longitude,speed,sound,light,time,timestamp
0.852 ,13.931 ,-1.583,23.551525,87.29626833333332 ,21.25576229095459,82.43688465627925 ,49645.0,10:36:29 AM,1572671189938
-1.797 ,13.884 ,-4.697,23.551525,87.29626833333332 ,21.25576229095459,82.43688465627925 ,49645.0,10:36:29 AM,1572671189943
-1.864 ,12.225 ,-5.174,23.551525,87.29626833333332 ,21.25576229095459,82.43688465627925 ,49645.0,10:36:29 AM,1572671189943
-4.811 ,10.72 ,-6.228,23.551525,87.29626833333332 ,21.25576229095459,82.43688465627925 ,49645.0,10:36:29 AM,1572671189946
-4.067 ,11.177 ,-4.631,23.551525,87.29626833333332 ,21.25576229095459,82.43688465627925 ,49645.0,10:36:29 AM,1572671189947
-2.172 ,11.36 ,-1.141,23.551525,87.29626833333332 ,21.25576229095459,82.43688465627925 ,49645.0,10:36:29 AM,1572671189952
-2.473 ,9.857 ,1.154,23.551525,87.29626833333332 ,21.25576229095459,82.43688465627925 ,49645.0,10:36:29 AM,1572671189952
-1.05 ,8.654 ,3.278,23.551525,87.29626833333332 ,21.25576229095459,82.43688465627925 ,49645.0,10:36:29 AM,1572671189958
0.189 ,8.582 ,4.019,23.551525,87.29626833333332 ,21.25576229095459,82.43688465627925 ,49645.0,10:36:29 AM,1572671189958
0.289 ,7.636 ,4.588,23.551525,87.29626833333332 ,21.25576229095459,82.43688465627925 ,49645.0,10:36:29 AM,1572671189963
0.995 ,6.355 ,6.026,23.551525,87.29626833333332 ,21.25576229095459,82.43688465627925 ,49645.0,10:36:29 AM,1572671189964
1.726 ,5.267 ,4.645,23.551525,87.29626833333332 ,21.25576229095459,82.43688465627925 ,49645.0,10:36:29 AM,1572671189969
0.975 ,4.181 ,4.144,23.551525,87.29626833333332 ,21.25576229095459,82.43688465627925 ,49645.0,10:36:29 AM,1572671189970
-0.722 ,3.757 ,7.791,23.551525,87.29626833333332 ,21.25576229095459,82.43688465627925 ,49645.0,10:36:29 AM,1572671189974
-2.866 ,4.322 ,7.691,23.551525,87.29626833333332 ,21.25576229095459,82.43688465627925 ,49645.0,10:36:29 AM,1572671189974
-4.607 ,4.072 ,11.865,23.551525,87.29626833333332 ,21.25576229095459,82.43688465627925 ,49645.0,10:36:29 AM,1572671189977
-6.591 ,3.702 ,16.986,23.551525,87.29626833333332 ,21.25576229095459,82.43688465627925 ,49645.0,10:36:29 AM,1572671189977
-5.562 ,4.516 ,15.879,23.551525,87.29626833333332 ,21.25576229095459,82.43688465627925 ,49645.0,10:36:29 AM,1572671189986
-4.68 ,4.52 ,12.474,23.551525,87.29626833333332 ,21.25576229095459,82.43688465627925 ,49645.0,10:36:29 AM,1572671189986
-2.968 ,3.802 ,10.861,23.551525,87.29626833333332 ,21.25576229095459,82.43688465627925 ,49645.0,10:36:29 AM,1572671189987
-1.427 ,5.797 ,2.753,23.551525,87.29626833333332 ,21.25576229095459,82.43688465627925 ,49645.0,10:36:29 AM,1572671189987
-0.7 ,7.456 ,1.724,23.551525,87.29626833333332 ,21.25576229095459,82.43688465627925 ,49645.0,10:36:29 AM,1572671189992
0.029 ,8.443 ,5.068,23.551525,87.29626833333332 ,21.25576229095459,82.43688465627925 ,49645.0,10:36:29 AM,1572671189993
0.146 ,10.2 ,3.998,23.551525,87.29626833333332 ,21.25576229095459,82.43688465627925 ,48205.0,10:36:29 AM,1572671189997
-0.598 ,10.101 ,5.41,23.551525,87.29626833333332 ,21.25576229095459,82.43688465627925 ,48205.0,10:36:29 AM,1572671189997
-0.994 ,8.424 ,10.536,23.551525,87.29626833333332 ,21.25576229095459,82.43688465627925 ,48205.0,10:36:30 AM,1572671190002
-2.835 ,7.27 ,8.079,23.551525,87.29626833333332 ,21.25576229095459,82.43688465627925 ,48205.0,10:36:30 AM,1572671190003
-3.763 ,6.414 ,7.536,23.551525,87.29626833333332 ,21.25576229095459,82.43688465627925 ,48205.0,10:36:30 AM,1572671190009
-3.606 ,6.177 ,13.656,23.551525,87.29626833333332 ,21.25576229095459,82.43688465627925 ,48205.0,10:36:30 AM,1572671190009
-4.091 ,7.801 ,12.535,23.551525,87.29626833333332 ,21.25576229095459,82.43688465627925 ,48205.0,10:36:30 AM,1572671190012
-3.472 ,8.424 ,12.253,23.551525,87.29626833333332 ,21.25576229095459,82.43688465627925 ,48205.0,10:36:30 AM,1572671190012
-2.93 ,6.381 ,12.46,23.551525,87.29626833333332 ,21.25576229095459,82.43688465627925 ,48205.0,10:36:30 AM,1572671190018
-3.459 ,5.509 ,7.831,23.551525,87.29626833333332 ,21.25576229095459,82.43688465627925 ,48205.0,10:36:30 AM,1572671190019
-3.481 ,5.351 ,5.534,23.551525,87.29626833333332 ,21.25576229095459,82.43688465627925 ,48205.0,10:36:30 AM,1572671190021
-3.168 ,5.051 ,8.252,23.551525,87.29626833333332 ,21.25576229095459,82.43688465627925 ,48205.0,10:36:30 AM,1572671190022
-3.017 ,5.679 ,9.812,23.551525,87.29626833333332 ,21.25576229095459,82.43688465627925 ,48205.0,10:36:30 AM,1572671190027
-2.444 ,5.686 ,9.151,23.551525,87.29626833333332 ,21.25576229095459,82.43688465627925 ,48205.0,10:36:30 AM,1572671190028
-0.971 ,4.484 ,7.702,23.551525,87.29626833333332 ,21.25576229095459,82.43688465627925 ,48205.0,10:36:30 AM,1572671190032
-1.48 ,4.114 ,4.224,23.551525,87.29626833333332 ,21.25576229095459,82.43688465627925 ,48205.0,10:36:30 AM,1572671190032
-2.474 ,5.438 ,2.541,23.551525,87.29626833333332 ,21.25576229095459,82.43688465627925 ,48205.0,10:36:30 AM,1572671190038
-2.434 ,7.212 ,3.756,23.551525,87.29626833333332 ,21.25576229095459,82.43688465627925 ,48205.0,10:36:30 AM,1572671190039
-3.958 ,8.02 ,3.063,23.551525,87.29626833333332 ,21.25576229095459,82.43688465627925 ,48205.0,10:36:30 AM,1572671190042
-3.695 ,8.224 ,1.851,23.551525,87.29626833333332 ,21.25576229095459,82.43688465627925 ,48205.0,10:36:30 AM,1572671190042
-1.94 ,8.419 ,0.989,23.551525,87.29626833333332 ,21.25576229095459,82.43688465627925 ,48205.0,10:36:30 AM,1572671190048
-1.583 ,8.109 ,3.181,23.551525,87.29626833333332 ,21.25576229095459,82.43688465627925 ,48205.0,10:36:30 AM,1572671190049
0.295 ,8.815 ,3.778,23.551525,87.29626833333332 ,21.25576229095459,82.43688465627925 ,48205.0,10:36:30 AM,1572671190054
2.07 ,8.991 ,5.051,23.551525,87.29626833333332 ,21.25576229095459,82.43688465627925 ,48205.0,10:36:30 AM,1572671190054
2.685 ,8.102 ,8.025,23.551525,87.29626833333332 ,21.25576229095459,82.43688465627925 ,48205.0,10:36:30 AM,1572671190057
4.925 ,7.922 ,6.003,23.551525,87.29626833333332 ,21.25576229095459,82.43688465627925 ,48205.0,10:36:30 AM,1572671190057
4.277 ,7.607 ,2.807,23.551525,87.29626833333332 ,21.25576229095459,82.43688465627925 ,48205.0,10:36:30 AM,1572671190061
3.055 ,7.638 ,2.908,23.551525,87.29626833333332 ,21.25576229095459,82.43688465627925 ,48205.0,10:36:30 AM,1572671190061
0.056 ,8.842 ,-0.223,23.551525,87.29626833333332 ,21.25576229095459,82.43688465627925 ,48205.0,10:36:30 AM,1572671190069
-2.384 ,9.532 ,-0.551,23.551525,87.29626833333332 ,21.25576229095459,82.43688465627925 ,48205.0,10:36:30 AM,1572671190069
-5.256 ,9.735 ,5.97,23.551525,87.29626833333332 ,21.25576229095459,82.43688465627925 ,48205.0,10:36:30 AM,1572671190071
-5.22 ,11.579 ,7.749,23.551525,87.29626833333332 ,21.25576229095459,82.43688465627925 ,48205.0,10:36:30 AM,1572671190072
-2.601 ,12.008 ,10.92,23.551525,87.29626833333332 ,21.25576229095459,82.43688465627925 ,48205.0,10:36:30 AM,1572671190076
-0.302 ,9.329 ,9.607,23.551525,87.29626833333332 ,21.25576229095459,82.43688465627925 ,48205.0,10:36:30 AM,1572671190076
1.95 ,7.35 ,1.949,23.551525,87.29626833333332 ,21.25576229095459,82.43688465627925 ,48205.0,10:36:30 AM,1572671190081
4.411 ,7.046 ,-0.929,23.551525,87.29626833333332 ,21.25576229095459,82.43688465627925 ,48205.0,10:36:30 AM,1572671190081
4.509 ,9.274 ,1.467,23.551525,87.29626833333332 ,21.25576229095459,82.43688465627925 ,48205.0,10:36:30 AM,1572671190087
3.498 ,12.452 ,2.933,23.551525,87.29626833333332 ,21.25576229095459,82.43688465627925 ,48205.0,10:36:30 AM,1572671190088
1.87 ,13.905 ,2.004,23.551525,87.29626833333332 ,21.25576229095459,82.43688465627925 ,48205.0,10:36:30 AM,1572671190095
-0.149 ,11.104 ,3.019,23.551525,87.29626833333332 ,21.25576229095459,82.43688465627925 ,48205.0,10:36:30 AM,1572671190095
-3.946 ,7.345 ,0.981,23.551525,87.29626833333332 ,21.25576229095459,82.43688465627925 ,48205.0,10:36:30 AM,1572671190096
-5.667 ,6.148 ,1.423,23.551525,87.29626833333332 ,21.25576229095459,82.43688465627925 ,48205.0,10:36:30 AM,1572671190096
-5.76 ,6.021 ,9.724,23.551525,87.29626833333332 ,21.25576229095459,82.43688465627925 ,48205.0,10:36:30 AM,1572671190102
-6.68 ,6.935 ,14.739,23.551525,87.29626833333332 ,21.25576229095459,82.43688465627925 ,48205.0,10:36:30 AM,1572671190102
-4.243 ,8.117 ,15.336,23.551525,87.29626833333332 ,21.25576229095459,82.43688465627925 ,48205.0,10:36:30 AM,1572671190106
-1.45 ,6.622 ,14.964,23.551525,87.29626833333332 ,21.25576229095459,82.43688465627925 ,48205.0,10:36:30 AM,1572671190106
-1.436 ,5.359 ,9.357,23.551525,87.29626833333332 ,21.25576229095459,82.43688465627925 ,48205.0,10:36:30 AM,1572671190112
-0.947 ,6.122 ,4.393,23.551525,87.29626833333332 ,21.25576229095459,82.43688465627925 ,48205.0,10:36:30 AM,1572671190113
-1.111 ,5.831 ,5.873,23.551525,87.29626833333332 ,21.25576229095459,82.43688465627925 ,48205.0,10:36:30 AM,1572671190118
-2.799 ,5.788 ,9.776,23.551525,87.29626833333332 ,21.25576229095459,82.43688465627925 ,48205.0,10:36:30 AM,1572671190119
-3.126 ,7.124 ,11.614,23.551525,87.29626833333332 ,21.25576229095459,82.43688465627925 ,48205.0,10:36:30 AM,1572671190121
-2.841 ,6.854 ,13.873,23.551525,87.29626833333332 ,21.25576229095459,82.43688465627925 ,48205.0,10:36:30 AM,1572671190122
-2.778 ,5.257 ,16.63,23.551525,87.29626833333332 ,21.25576229095459,82.43688465627925 ,48205.0,10:36:30 AM,1572671190126
-4.261 ,4.213 ,13.686,23.551525,87.29626833333332 ,21.25576229095459,82.43688465627925 ,48205.0,10:36:30 AM,1572671190126
-2.613 ,3.731 ,12.411,23.551525,87.29626833333332 ,21.25576229095459,82.43688465627925 ,48205.0,10:36:30 AM,1572671190133
-1.39 ,3.381 ,11.987,23.551525,87.29626833333332 ,21.25576229095459,82.43688465627925 ,48205.0,10:36:30 AM,1572671190133
-1.892 ,5.118 ,4.889,23.551525,87.29626833333332 ,21.25576229095459,82.43688465627925 ,48205.0,10:36:30 AM,1572671190136
1.046 ,8.718 ,2.669,23.551525,87.29626833333332 ,21.25576229095459,82.43688465627925 ,48205.0,10:36:30 AM,1572671190137
-0.838 ,10.828 ,-3.299,23.551525,87.29626833333332 ,21.25576229095459,82.43688465627925 ,48205.0,10:36:30 AM,1572671190141
-2.252 ,12.198 ,-4.38,23.551525,87.29626833333332 ,21.25576229095459,82.43688465627925 ,48205.0,10:36:30 AM,1572671190141
-4.517 ,11.846 ,-7.252,23.551525,87.29626833333332 ,21.25576229095459,82.43688465627925 ,48205.0,10:36:30 AM,1572671190147
-6.516 ,10.632 ,-3.315,23.551525,87.29626833333332 ,21.25576229095459,82.43688465627925 ,48205.0,10:36:30 AM,1572671190147
-4.263 ,10.261 ,6.722,23.551525,87.29626833333332 ,21.25576229095459,82.43688465627925 ,48205.0,10:36:30 AM,1572671190152
-3.0 ,9.575 ,8.593,23.551525,87.29626833333332 ,21.25576229095459,82.43688465627925 ,48205.0,10:36:30 AM,1572671190152
0.55 ,7.052 ,13.128,23.551525,87.29626833333332 ,21.25576229095459,82.43688465627925 ,48205.0,10:36:30 AM,1572671190158
3.315 ,3.622 ,14.512,23.551525,87.29626833333332 ,21.25576229095459,82.43688465627925 ,48205.0,10:36:30 AM,1572671190158
2.927 ,2.67 ,10.982,23.551525,87.29626833333332 ,21.25576229095459,82.43688465627925 ,48205.0,10:36:30 AM,1572671190162
1.994 ,2.673 ,10.618,23.551525,87.29626833333332 ,21.25576229095459,82.43688465627925 ,48205.0,10:36:30 AM,1572671190162
-0.419 ,4.976 ,11.265,23.551525,87.29626833333332 ,21.25576229095459,82.43688465627925 ,48205.0,10:36:30 AM,1572671190167
-2.629 ,8.01 ,9.065,23.551525,87.29626833333332 ,21.25576229095459,82.43688465627925 ,48205.0,10:36:30 AM,1572671190167
-4.708 ,8.868 ,7.369,23.551525,87.29626833333332 ,21.25576229095459,82.43688465627925 ,48205.0,10:36:30 AM,1572671190171
-4.794 ,7.312 ,7.861,23.551525,87.29626833333332 ,21.25576229095459,82.43688465627925 ,48205.0,10:36:30 AM,1572671190172
-3.72 ,7.662 ,4.124,23.551525,87.29626833333332 ,21.25576229095459,82.43688465627925 ,48205.0,10:36:30 AM,1572671190176
-1.703 ,7.103 ,6.639,23.551525,87.29626833333332 ,21.25576229095459,82.43688465627925 ,48205.0,10:36:30 AM,1572671190176
0.078 ,6.343 ,8.727,23.551525,87.29626833333332 ,21.25576229095459,82.43688465627925 ,48205.0,10:36:30 AM,1572671190183
2.103 ,6.05 ,7.21,23.551525,87.29626833333332 ,21.25576229095459,82.43688465627925 ,48205.0,10:36:30 AM,1572671190184
2.113 ,6.742 ,3.895,23.551525,87.29626833333332 ,21.25576229095459,82.43688465627925 ,48205.0,10:36:30 AM,1572671190186
