x,y,z,latitude,longitude,speed,sound,light,time,timestamp
2.771 ,-0.013 ,2.632,23.567111666666666,87.29885666666665 ,37.59366302490235,85.56827784267556 ,6896.0,10:33:09 AM,1572670989533
3.37 ,3.329 ,5.786,23.567111666666666,87.29885666666665 ,37.59366302490235,85.56827784267556 ,6896.0,10:33:09 AM,1572670989533
1.926 ,6.119 ,14.458,23.567111666666666,87.29885666666665 ,37.59366302490235,85.56827784267556 ,6896.0,10:33:09 AM,1572670989538
-1.648 ,5.375 ,13.836,23.567111666666666,87.29885666666665 ,37.59366302490235,85.56827784267556 ,6896.0,10:33:09 AM,1572670989538
-1.618 ,4.71 ,15.427,23.567111666666666,87.29885666666665 ,37.59366302490235,85.56827784267556 ,6896.0,10:33:09 AM,1572670989543
-4.931 ,4.607 ,12.777,23.567111666666666,87.29885666666665 ,37.59366302490235,85.56827784267556 ,6896.0,10:33:09 AM,1572670989543
-4.559 ,8.439 ,12.288,23.567111666666666,87.29885666666665 ,37.59366302490235,85.56827784267556 ,6896.0,10:33:09 AM,1572670989548
-3.531 ,8.153 ,16.128,23.567111666666666,87.29885666666665 ,37.59366302490235,85.56827784267556 ,6896.0,10:33:09 AM,1572670989549
-2.524 ,6.589 ,12.049,23.567111666666666,87.29885666666665 ,37.59366302490235,85.56827784267556 ,6896.0,10:33:09 AM,1572670989553
0.729 ,6.501 ,7.108,23.567111666666666,87.29885666666665 ,37.59366302490235,85.56827784267556 ,6896.0,10:33:09 AM,1572670989553
1.793 ,6.028 ,0.92,23.567111666666666,87.29885666666665 ,37.59366302490235,85.56827784267556 ,6896.0,10:33:09 AM,1572670989559
4.245 ,9.604 ,-3.55,23.567111666666666,87.29885666666665 ,37.59366302490235,85.56827784267556 ,6896.0,10:33:09 AM,1572670989560
3.127 ,12.028 ,-0.187,23.567111666666666,87.29885666666665 ,37.59366302490235,85.56827784267556 ,6896.0,10:33:09 AM,1572670989563
0.708 ,13.386 ,-2.066,23.567111666666666,87.29885666666665 ,37.59366302490235,85.56827784267556 ,6896.0,10:33:09 AM,1572670989563
-0.458 ,13.793 ,-0.552,23.567111666666666,87.29885666666665 ,37.59366302490235,85.56827784267556 ,6896.0,10:33:09 AM,1572670989567
-4.551 ,12.305 ,-5.358,23.567111666666666,87.29885666666665 ,37.59366302490235,85.56827784267556 ,6896.0,10:33:09 AM,1572670989568
-3.883 ,12.031 ,-0.508,23.567111666666666,87.29885666666665 ,37.59366302490235,85.56827784267556 ,6896.0,10:33:09 AM,1572670989573
-4.311 ,11.8 ,6.239,23.567111666666666,87.29885666666665 ,37.59366302490235,85.56827784267556 ,6896.0,10:33:09 AM,1572670989573
-2.942 ,11.676 ,5.535,23.567111666666666,87.29885666666665 ,37.59366302490235,85.56827784267556 ,6896.0,10:33:09 AM,1572670989578
0.621 ,9.792 ,6.983,23.567111666666666,87.29885666666665 ,37.59366302490235,85.56827784267556 ,6896.0,10:33:09 AM,1572670989578
0.633 ,6.439 ,2.483,23.567111666666666,87.29885666666665 ,37.59366302490235,85.56827784267556 ,6896.0,10:33:09 AM,1572670989586
3.222 ,5.777 ,6.138,23.567111666666666,87.29885666666665 ,37.59366302490235,85.56827784267556 ,6896.0,10:33:09 AM,1572670989587
2.112 ,5.466 ,9.262,23.567111666666666,87.29885666666665 ,37.59366302490235,85.56827784267556 ,6896.0,10:33:09 AM,1572670989588
0.724 ,6.433 ,9.558,23.567111666666666,87.29885666666665 ,37.59366302490235,85.56827784267556 ,6896.0,10:33:09 AM,1572670989589
1.455 ,7.263 ,14.16,23.567111666666666,87.29885666666665 ,37.59366302490235,85.56827784267556 ,6896.0,10:33:09 AM,1572670989593
-2.002 ,7.441 ,8.527,23.567111666666666,87.29885666666665 ,37.59366302490235,85.56827784267556 ,6896.0,10:33:09 AM,1572670989594
-0.805 ,7.441 ,12.12,23.567111666666666,87.29885666666665 ,37.59366302490235,85.56827784267556 ,6118.0,10:33:09 AM,1572670989598
-3.343 ,4.383 ,12.007,23.567111666666666,87.29885666666665 ,37.59366302490235,85.56827784267556 ,6118.0,10:33:09 AM,1572670989598
-3.078 ,4.608 ,7.266,23.567111666666666,87.29885666666665 ,37.59366302490235,85.56827784267556 ,6118.0,10:33:09 AM,1572670989603
-3.224 ,5.073 ,6.788,23.567111666666666,87.29885666666665 ,37.59366302490235,85.56827784267556 ,6118.0,10:33:09 AM,1572670989604
-4.668 ,6.483 ,3.068,23.567111666666666,87.29885666666665 ,37.59366302490235,85.56827784267556 ,6118.0,10:33:09 AM,1572670989611
-3.344 ,8.83 ,7.271,23.567111666666666,87.29885666666665 ,37.59366302490235,85.56827784267556 ,6118.0,10:33:09 AM,1572670989614
-4.902 ,9.987 ,4.556,23.567111666666666,87.29885666666665 ,37.59366302490235,85.56827784267556 ,6118.0,10:33:09 AM,1572670989615
-3.345 ,9.028 ,1.673,23.567111666666666,87.29885666666665 ,37.59366302490235,85.56827784267556 ,6118.0,10:33:09 AM,1572670989615
-1.565 ,7.852 ,-0.925,23.567111666666666,87.29885666666665 ,37.59366302490235,85.56827784267556 ,6118.0,10:33:09 AM,1572670989618
-0.688 ,9.757 ,-3.977,23.567111666666666,87.29885666666665 ,37.59366302490235,85.56827784267556 ,6118.0,10:33:09 AM,1572670989618
2.203 ,12.323 ,3.027,23.567111666666666,87.29885666666665 ,37.59366302490235,85.56827784267556 ,6118.0,10:33:09 AM,1572670989623
2.213 ,12.773 ,4.479,23.567111666666666,87.29885666666665 ,37.59366302490235,85.56827784267556 ,6118.0,10:33:09 AM,1572670989623
3.735 ,10.703 ,0.959,23.567111666666666,87.29885666666665 ,37.59366302490235,85.56827784267556 ,6118.0,10:33:09 AM,1572670989628
2.703 ,6.544 ,-3.776,23.567111666666666,87.29885666666665 ,37.59366302490235,85.56827784267556 ,6118.0,10:33:09 AM,1572670989629
2.356 ,7.27 ,-1.681,23.567111666666666,87.29885666666665 ,37.59366302490235,85.56827784267556 ,6118.0,10:33:09 AM,1572670989632
0.542 ,10.84 ,5.455,23.567111666666666,87.29885666666665 ,37.59366302490235,85.56827784267556 ,6118.0,10:33:09 AM,1572670989633
-1.667 ,12.238 ,9.207,23.567111666666666,87.29885666666665 ,37.59366302490235,85.56827784267556 ,6118.0,10:33:09 AM,1572670989638
-1.9 ,9.447 ,10.938,23.567111666666666,87.29885666666665 ,37.59366302490235,85.56827784267556 ,6118.0,10:33:09 AM,1572670989638
-3.532 ,4.503 ,7.395,23.567111666666666,87.29885666666665 ,37.59366302490235,85.56827784267556 ,6118.0,10:33:09 AM,1572670989643
-2.797 ,4.49 ,7.751,23.567111666666666,87.29885666666665 ,37.59366302490235,85.56827784267556 ,6118.0,10:33:09 AM,1572670989644
-2.208 ,5.229 ,14.655,23.567111666666666,87.29885666666665 ,37.59366302490235,85.56827784267556 ,6118.0,10:33:09 AM,1572670989648
-2.277 ,3.92 ,16.963,23.567111666666666,87.29885666666665 ,37.59366302490235,85.56827784267556 ,6118.0,10:33:09 AM,1572670989649
-0.81 ,2.024 ,14.128,23.567111666666666,87.29885666666665 ,37.59366302490235,85.56827784267556 ,6118.0,10:33:09 AM,1572670989653
-1.364 ,1.375 ,10.047,23.567111666666666,87.29885666666665 ,37.59366302490235,85.56827784267556 ,6118.0,10:33:09 AM,1572670989654
0.04 ,4.247 ,10.11,23.567111666666666,87.29885666666665 ,37.59366302490235,85.56827784267556 ,6118.0,10:33:09 AM,1572670989659
-0.765 ,7.191 ,13.371,23.567111666666666,87.29885666666665 ,37.59366302490235,85.56827784267556 ,6118.0,10:33:09 AM,1572670989660
-1.779 ,7.277 ,11.63,23.567111666666666,87.29885666666665 ,37.59366302490235,85.56827784267556 ,6118.0,10:33:09 AM,1572670989663
-0.314 ,6.696 ,13.593,23.567111666666666,87.29885666666665 ,37.59366302490235,85.56827784267556 ,6118.0,10:33:09 AM,1572670989664
-2.385 ,6.595 ,8.168,23.567111666666666,87.29885666666665 ,37.59366302490235,85.56827784267556 ,6118.0,10:33:09 AM,1572670989669
-1.013 ,9.985 ,9.018,23.567111666666666,87.29885666666665 ,37.59366302490235,85.56827784267556 ,6118.0,10:33:09 AM,1572670989670
-0.133 ,9.75 ,11.274,23.567111666666666,87.29885666666665 ,37.59366302490235,85.56827784267556 ,6118.0,10:33:09 AM,1572670989673
0.566 ,6.753 ,7.361,23.567111666666666,87.29885666666665 ,37.59366302490235,85.56827784267556 ,6118.0,10:33:09 AM,1572670989674
1.408 ,6.155 ,1.269,23.567111666666666,87.29885666666665 ,37.59366302490235,85.56827784267556 ,6118.0,10:33:09 AM,1572670989679
1.54 ,8.238 ,-5.609,23.567111666666666,87.29885666666665 ,37.59366302490235,85.56827784267556 ,6118.0,10:33:09 AM,1572670989680
1.958 ,12.997 ,-3.872,23.567111666666666,87.29885666666665 ,37.59366302490235,85.56827784267556 ,6118.0,10:33:09 AM,1572670989682
-1.72 ,14.957 ,-2.597,23.567111666666666,87.29885666666665 ,37.59366302490235,85.56827784267556 ,6118.0,10:33:09 AM,1572670989683
-1.625 ,14.382 ,-1.923,23.567111666666666,87.29885666666665 ,37.59366302490235,85.56827784267556 ,6118.0,10:33:09 AM,1572670989688
-4.326 ,12.84 ,-3.374,23.567111666666666,87.29885666666665 ,37.59366302490235,85.56827784267556 ,6118.0,10:33:09 AM,1572670989689
-3.922 ,11.43 ,-0.861,23.567111666666666,87.29885666666665 ,37.59366302490235,85.56827784267556 ,6118.0,10:33:09 AM,1572670989700
-2.127 ,12.258 ,5.9,23.567111666666666,87.29885666666665 ,37.59366302490235,85.56827784267556 ,6118.0,10:33:09 AM,1572670989700
-2.268 ,9.669 ,10.317,23.567111666666666,87.29885666666665 ,37.59366302490235,85.56827784267556 ,6118.0,10:33:09 AM,1572670989702
0.972 ,7.295 ,9.394,23.567111666666666,87.29885666666665 ,37.59366302490235,85.56827784267556 ,6118.0,10:33:09 AM,1572670989703
2.07 ,5.849 ,5.306,23.567111666666666,87.29885666666665 ,37.59366302490235,85.56827784267556 ,6118.0,10:33:09 AM,1572670989704
2.647 ,5.911 ,1.315,23.567111666666666,87.29885666666665 ,37.59366302490235,85.56827784267556 ,6118.0,10:33:09 AM,1572670989705
2.343 ,7.075 ,6.0,23.567111666666666,87.29885666666665 ,37.59366302490235,85.56827784267556 ,6118.0,10:33:09 AM,1572670989711
-0.961 ,8.286 ,4.687,23.567111666666666,87.29885666666665 ,37.59366302490235,85.56827784267556 ,6118.0,10:33:09 AM,1572670989711
-0.692 ,9.925 ,7.768,23.567111666666666,87.29885666666665 ,37.59366302490235,85.56827784267556 ,6118.0,10:33:09 AM,1572670989712
-2.751 ,9.488 ,8.301,23.567111666666666,87.29885666666665 ,37.59366302490235,85.56827784267556 ,6118.0,10:33:09 AM,1572670989712
-2.969 ,9.281 ,5.655,23.567111666666666,87.29885666666665 ,37.59366302490235,85.56827784267556 ,6118.0,10:33:09 AM,1572670989718
-1.802 ,7.899 ,11.301,23.567111666666666,87.29885666666665 ,37.59366302490235,85.56827784267556 ,6118.0,10:33:09 AM,1572670989718
-2.416 ,6.02 ,10.046,23.567111666666666,87.29885666666665 ,37.59366302490235,85.56827784267556 ,6118.0,10:33:09 AM,1572670989723
-0.575 ,6.259 ,7.931,23.567111666666666,87.29885666666665 ,37.59366302490235,85.56827784267556 ,6118.0,10:33:09 AM,1572670989723
-1.334 ,6.123 ,5.434,23.567111666666666,87.29885666666665 ,37.59366302490235,85.56827784267556 ,6118.0,10:33:09 AM,1572670989728
-1.746 ,7.484 ,2.917,23.567111666666666,87.29885666666665 ,37.59366302490235,85.56827784267556 ,6118.0,10:33:09 AM,1572670989728
-2.729 ,8.086 ,6.303,23.567111666666666,87.29885666666665 ,37.59366302490235,85.56827784267556 ,6118.0,10:33:09 AM,1572670989733
-3.737 ,7.307 ,3.015,23.567111666666666,87.29885666666665 ,37.59366302490235,85.56827784267556 ,6118.0,10:33:09 AM,1572670989733
-2.583 ,8.042 ,4.335,23.567111666666666,87.29885666666665 ,37.59366302490235,85.56827784267556 ,6118.0,10:33:09 AM,1572670989738
-3.041 ,9.116 ,3.645,23.567111666666666,87.29885666666665 ,37.59366302490235,85.56827784267556 ,6118.0,10:33:09 AM,1572670989738
-0.112 ,11.793 ,5.515,23.567111666666666,87.29885666666665 ,37.59366302490235,85.56827784267556 ,6118.0,10:33:09 AM,1572670989746
0.632 ,10.986 ,8.866,23.567111666666666,87.29885666666665 ,37.59366302490235,85.56827784267556 ,6118.0,10:33:09 AM,1572670989747
0.799 ,7.974 ,1.529,23.567111666666666,87.29885666666665 ,37.59366302490235,85.56827784267556 ,6118.0,10:33:09 AM,1572670989747
2.27 ,4.793 ,1.12,23.567111666666666,87.29885666666665 ,37.59366302490235,85.56827784267556 ,6118.0,10:33:09 AM,1572670989748
-0.571 ,4.115 ,-0.746,23.567111666666666,87.29885666666665 ,37.59366302490235,85.56827784267556 ,6118.0,10:33:09 AM,1572670989754
-0.554 ,7.622 ,8.563,23.567111666666666,87.29885666666665 ,37.59366302490235,85.12079379825795 ,6118.0,10:33:09 AM,1572670989754
-3.66 ,8.899 ,13.318,23.567111666666666,87.29885666666665 ,37.59366302490235,85.12079379825795 ,6118.0,10:33:09 AM,1572670989759
-3.988 ,7.204 ,12.268,23.567111666666666,87.29885666666665 ,37.59366302490235,85.12079379825795 ,6118.0,10:33:09 AM,1572670989760
-2.803 ,3.559 ,13.018,23.567111666666666,87.29885666666665 ,37.59366302490235,85.12079379825795 ,6118.0,10:33:09 AM,1572670989763
-2.959 ,3.756 ,7.228,23.567111666666666,87.29885666666665 ,37.59366302490235,85.12079379825795 ,6118.0,10:33:09 AM,1572670989764
0.45 ,8.345 ,12.919,23.567111666666666,87.29885666666665 ,37.59366302490235,85.12079379825795 ,6118.0,10:33:09 AM,1572670989767
-0.428 ,9.66 ,14.039,23.567111666666666,87.29885666666665 ,37.59366302490235,85.12079379825795 ,6118.0,10:33:09 AM,1572670989768
0.881 ,7.61 ,9.358,23.567111666666666,87.29885666666665 ,37.59366302490235,85.12079379825795 ,6118.0,10:33:09 AM,1572670989773
1.159 ,3.379 ,4.031,23.567111666666666,87.29885666666665 ,37.59366302490235,85.12079379825795 ,6118.0,10:33:09 AM,1572670989773
-0.466 ,4.537 ,-1.063,23.567111666666666,87.29885666666665 ,37.59366302490235,85.12079379825795 ,6118.0,10:33:09 AM,1572670989778
0.724 ,9.726 ,5.334,23.567111666666666,87.29885666666665 ,37.59366302490235,85.12079379825795 ,6118.0,10:33:09 AM,1572670989779
