x,y,z,latitude,longitude,speed,sound,light,time,timestamp
3.542 ,2.727 ,27.436,23.572923333333332,87.30261833333334 ,16.5565544128418,87.82901488941094 ,7420.0,10:31:06 AM,1572670866670
-1.684 ,-0.591 ,25.595,23.572923333333332,87.30261833333334 ,16.5565544128418,87.82901488941094 ,7420.0,10:31:06 AM,1572670866670
-2.323 ,-7.512 ,24.332,23.572923333333332,87.30261833333334 ,16.5565544128418,87.82901488941094 ,7420.0,10:31:06 AM,1572670866671
-4.5 ,-9.877 ,17.351,23.572923333333332,87.30261833333334 ,16.5565544128418,87.82901488941094 ,7420.0,10:31:06 AM,1572670866671
-6.749 ,-2.704 ,16.92,23.572923333333332,87.30261833333334 ,16.5565544128418,87.82901488941094 ,7420.0,10:31:06 AM,1572670866672
-7.274 ,7.478 ,21.54,23.572923333333332,87.30261833333334 ,16.5565544128418,87.82901488941094 ,7420.0,10:31:06 AM,1572670866677
-8.669 ,11.989 ,19.379,23.572923333333332,87.30261833333334 ,16.5565544128418,87.82901488941094 ,7420.0,10:31:06 AM,1572670866677
-5.857 ,10.451 ,7.484,23.572923333333332,87.30261833333334 ,16.5565544128418,87.82901488941094 ,7420.0,10:31:06 AM,1572670866689
-0.589 ,6.893 ,-4.405,23.572923333333332,87.30261833333334 ,16.5565544128418,87.82901488941094 ,7420.0,10:31:06 AM,1572670866690
0.626 ,7.903 ,-22.084,23.572923333333332,87.30261833333334 ,16.5565544128418,87.82901488941094 ,7420.0,10:31:06 AM,1572670866690
5.541 ,11.563 ,-19.436,23.572923333333332,87.30261833333334 ,16.5565544128418,87.82901488941094 ,7420.0,10:31:06 AM,1572670866691
7.714 ,16.933 ,-10.492,23.572923333333332,87.30261833333334 ,16.5565544128418,87.82901488941094 ,7420.0,10:31:06 AM,1572670866692
6.816 ,22.818 ,-9.375,23.572923333333332,87.30261833333334 ,16.5565544128418,87.82901488941094 ,7420.0,10:31:06 AM,1572670866692
2.76 ,20.777 ,-4.538,23.572923333333332,87.30261833333334 ,16.5565544128418,87.82901488941094 ,7420.0,10:31:06 AM,1572670866705
-4.45 ,16.475 ,-0.178,23.572923333333332,87.30261833333334 ,16.5565544128418,87.82901488941094 ,7420.0,10:31:06 AM,1572670866706
-7.128 ,13.92 ,-3.771,23.572923333333332,87.30261833333334 ,16.5565544128418,87.82901488941094 ,7420.0,10:31:06 AM,1572670866707
-7.086 ,11.02 ,1.934,23.572923333333332,87.30261833333334 ,16.5565544128418,87.82901488941094 ,7420.0,10:31:06 AM,1572670866707
-7.706 ,13.409 ,6.771,23.572923333333332,87.30261833333334 ,16.5565544128418,87.82901488941094 ,7420.0,10:31:06 AM,1572670866708
-1.898 ,18.926 ,12.67,23.572923333333332,87.30261833333334 ,16.5565544128418,87.82901488941094 ,7420.0,10:31:06 AM,1572670866708
5.097 ,24.554 ,19.948,23.572923333333332,87.30261833333334 ,16.5565544128418,87.82901488941094 ,7420.0,10:31:06 AM,1572670866722
7.384 ,19.856 ,4.119,23.572923333333332,87.30261833333334 ,16.5565544128418,87.82901488941094 ,7420.0,10:31:06 AM,1572670866723
10.069 ,11.549 ,-8.477,23.572923333333332,87.30261833333334 ,16.5565544128418,87.82901488941094 ,7420.0,10:31:06 AM,1572670866723
7.736 ,2.74 ,-14.258,23.572923333333332,87.30261833333334 ,16.5565544128418,87.82901488941094 ,7420.0,10:31:06 AM,1572670866724
1.858 ,1.666 ,-6.56,23.572923333333332,87.30261833333334 ,16.5565544128418,87.82901488941094 ,7420.0,10:31:06 AM,1572670866724
-5.143 ,6.471 ,11.322,23.572923333333332,87.30261833333334 ,16.5565544128418,87.82901488941094 ,7420.0,10:31:06 AM,1572670866725
-9.321 ,11.018 ,24.278,23.572923333333332,87.30261833333334 ,16.5565544128418,87.82901488941094 ,7420.0,10:31:06 AM,1572670866725
-13.841 ,8.64 ,25.21,23.572923333333332,87.30261833333334 ,16.5565544128418,87.82901488941094 ,7420.0,10:31:06 AM,1572670866727
-11.202 ,1.465 ,20.37,23.572923333333332,87.30261833333334 ,16.5565544128418,87.82901488941094 ,7420.0,10:31:06 AM,1572670866739
-8.33 ,-6.536 ,13.865,23.572923333333332,87.30261833333334 ,16.5565544128418,87.82901488941094 ,7420.0,10:31:06 AM,1572670866740
-4.879 ,-9.444 ,7.861,23.572923333333332,87.30261833333334 ,16.5565544128418,87.82901488941094 ,7420.0,10:31:06 AM,1572670866740
-0.793 ,-5.725 ,3.29,23.572923333333332,87.30261833333334 ,16.5565544128418,87.82901488941094 ,7420.0,10:31:06 AM,1572670866741
-1.998 ,-2.14 ,3.719,23.572923333333332,87.30261833333334 ,16.5565544128418,87.82901488941094 ,7420.0,10:31:06 AM,1572670866742
-0.014 ,1.412 ,6.363,23.572923333333332,87.30261833333334 ,16.5565544128418,87.82901488941094 ,7420.0,10:31:06 AM,1572670866742
1.27 ,4.722 ,5.987,23.572923333333332,87.30261833333334 ,16.5565544128418,87.82901488941094 ,7420.0,10:31:06 AM,1572670866756
4.171 ,6.796 ,5.271,23.572923333333332,87.30261833333334 ,16.5565544128418,87.82901488941094 ,7420.0,10:31:06 AM,1572670866756
5.881 ,7.776 ,-2.334,23.572923333333332,87.30261833333334 ,16.5565544128418,87.82901488941094 ,7420.0,10:31:06 AM,1572670866757
9.014 ,6.241 ,-5.216,23.572923333333332,87.30261833333334 ,16.5565544128418,87.82901488941094 ,7420.0,10:31:06 AM,1572670866757
8.507 ,4.732 ,-5.012,23.572923333333332,87.30261833333334 ,16.5565544128418,87.82901488941094 ,7420.0,10:31:06 AM,1572670866758
4.998 ,6.95 ,-0.542,23.572923333333332,87.30261833333334 ,16.5565544128418,87.82901488941094 ,7420.0,10:31:06 AM,1572670866758
2.18 ,11.745 ,12.026,23.572923333333332,87.30261833333334 ,16.5565544128418,87.82901488941094 ,7420.0,10:31:06 AM,1572670866772
-1.402 ,13.536 ,16.862,23.572923333333332,87.30261833333334 ,16.5565544128418,87.82901488941094 ,7420.0,10:31:06 AM,1572670866772
-4.41 ,10.454 ,12.196,23.572923333333332,87.30261833333334 ,16.5565544128418,87.82901488941094 ,7420.0,10:31:06 AM,1572670866773
-3.789 ,8.777 ,16.286,23.572923333333332,87.30261833333334 ,16.5565544128418,87.82901488941094 ,7420.0,10:31:06 AM,1572670866773
-3.076 ,9.45 ,14.565,23.572923333333332,87.30261833333334 ,16.5565544128418,87.82901488941094 ,7420.0,10:31:06 AM,1572670866774
-1.46 ,12.595 ,11.104,23.572923333333332,87.30261833333334 ,16.5565544128418,87.82901488941094 ,7420.0,10:31:06 AM,1572670866774
1.278 ,12.726 ,15.824,23.572923333333332,87.30261833333334 ,16.5565544128418,87.82901488941094 ,7420.0,10:31:06 AM,1572670866777
-0.063 ,9.917 ,9.33,23.572923333333332,87.30261833333334 ,16.5565544128418,87.82901488941094 ,7420.0,10:31:06 AM,1572670866778
-0.755 ,7.725 ,6.965,23.572923333333332,87.30261833333334 ,16.5565544128418,87.82901488941094 ,7420.0,10:31:06 AM,1572670866788
-2.127 ,8.093 ,9.77,23.572923333333332,87.30261833333334 ,16.5565544128418,87.82901488941094 ,7420.0,10:31:06 AM,1572670866789
-5.749 ,11.828 ,2.776,23.572923333333332,87.30261833333334 ,16.5565544128418,87.82901488941094 ,7420.0,10:31:06 AM,1572670866789
-5.018 ,17.553 ,1.931,23.572923333333332,87.30261833333334 ,16.5565544128418,87.82901488941094 ,7420.0,10:31:06 AM,1572670866790
-5.56 ,19.293 ,-3.745,23.572923333333332,87.30261833333334 ,16.5565544128418,87.82901488941094 ,7420.0,10:31:06 AM,1572670866790
-1.383 ,16.728 ,-8.918,23.572923333333332,87.30261833333334 ,16.5565544128418,87.82901488941094 ,7420.0,10:31:06 AM,1572670866791
-2.868 ,16.482 ,-27.046,23.572923333333332,87.30261833333334 ,16.5565544128418,87.82901488941094 ,7038.0,10:31:06 AM,1572670866806
-0.164 ,13.334 ,-25.58,23.572923333333332,87.30261833333334 ,16.5565544128418,87.82901488941094 ,7038.0,10:31:06 AM,1572670866807
-1.261 ,11.291 ,-24.884,23.572923333333332,87.30261833333334 ,16.5565544128418,87.82901488941094 ,7038.0,10:31:06 AM,1572670866807
-5.318 ,15.459 ,-23.93,23.572923333333332,87.30261833333334 ,16.5565544128418,87.82901488941094 ,7038.0,10:31:06 AM,1572670866808
-4.741 ,15.908 ,3.11,23.572923333333332,87.30261833333334 ,16.5565544128418,87.82901488941094 ,7038.0,10:31:06 AM,1572670866808
-7.179 ,19.92 ,9.655,23.572923333333332,87.30261833333334 ,16.5565544128418,87.82901488941094 ,7038.0,10:31:06 AM,1572670866809
-1.582 ,23.228 ,20.666,23.572923333333332,87.30261833333334 ,16.5565544128418,87.82901488941094 ,7038.0,10:31:06 AM,1572670866822
10.584 ,12.676 ,28.679,23.572923333333332,87.30261833333334 ,16.5565544128418,87.82901488941094 ,7038.0,10:31:06 AM,1572670866823
17.138 ,3.363 ,4.696,23.572923333333332,87.30261833333334 ,16.5565544128418,87.82901488941094 ,7038.0,10:31:06 AM,1572670866823
18.156 ,1.365 ,-9.026,23.572923333333332,87.30261833333334 ,16.5565544128418,87.82901488941094 ,7038.0,10:31:06 AM,1572670866824
21.687 ,-2.962 ,7.363,23.572923333333332,87.30261833333334 ,16.5565544128418,87.82901488941094 ,7038.0,10:31:06 AM,1572670866824
4.655 ,-4.345 ,1.077,23.572923333333332,87.30261833333334 ,16.5565544128418,87.82901488941094 ,7038.0,10:31:06 AM,1572670866825
-5.693 ,-6.246 ,12.912,23.572923333333332,87.30261833333334 ,16.5565544128418,87.82901488941094 ,7038.0,10:31:06 AM,1572670866825
-20.842 ,-7.633 ,18.758,23.572923333333332,87.30261833333334 ,16.5565544128418,87.82901488941094 ,7038.0,10:31:06 AM,1572670866826
-29.718 ,-5.378 ,37.578,23.572923333333332,87.30261833333334 ,16.5565544128418,87.82901488941094 ,7038.0,10:31:06 AM,1572670866836
-27.325 ,2.988 ,39.204,23.572923333333332,87.30261833333334 ,16.5565544128418,87.82901488941094 ,7038.0,10:31:06 AM,1572670866837
-22.045 ,7.455 ,39.204,23.572923333333332,87.30261833333334 ,16.5565544128418,87.82901488941094 ,7038.0,10:31:06 AM,1572670866838
-9.299 ,5.309 ,38.45,23.572923333333332,87.30261833333334 ,16.5565544128418,87.82901488941094 ,7038.0,10:31:06 AM,1572670866838
4.939 ,-1.711 ,21.672,23.572923333333332,87.30261833333334 ,16.5565544128418,87.82901488941094 ,7038.0,10:31:06 AM,1572670866841
11.437 ,-7.497 ,1.278,23.572923333333332,87.30261833333334 ,16.5565544128418,87.82901488941094 ,7038.0,10:31:06 AM,1572670866841
17.162 ,-5.972 ,-4.989,23.572923333333332,87.30261833333334 ,16.5565544128418,87.82901488941094 ,7038.0,10:31:06 AM,1572670866853
14.612 ,-0.086 ,-1.925,23.572923333333332,87.30261833333334 ,16.5565544128418,87.82901488941094 ,7038.0,10:31:06 AM,1572670866853
3.944 ,6.573 ,0.901,23.572923333333332,87.30261833333334 ,16.5565544128418,87.82901488941094 ,7038.0,10:31:06 AM,1572670866853
-1.414 ,12.802 ,10.463,23.572923333333332,87.30261833333334 ,16.5565544128418,87.82901488941094 ,7038.0,10:31:06 AM,1572670866854
-8.919 ,13.714 ,8.394,23.572923333333332,87.30261833333334 ,16.5565544128418,87.82901488941094 ,7038.0,10:31:06 AM,1572670866856
-13.855 ,9.881 ,3.62,23.572923333333332,87.30261833333334 ,16.5565544128418,87.82901488941094 ,7038.0,10:31:06 AM,1572670866857
-7.948 ,7.175 ,14.018,23.57286,87.30261666666665 ,18.140870475769045,87.82901488941094 ,7038.0,10:31:06 AM,1572670866868
-5.061 ,8.296 ,9.852,23.57286,87.30261666666665 ,18.140870475769045,87.82901488941094 ,7038.0,10:31:06 AM,1572670866869
0.189 ,13.266 ,7.13,23.57286,87.30261666666665 ,18.140870475769045,87.82901488941094 ,7038.0,10:31:06 AM,1572670866869
7.257 ,16.659 ,15.515,23.57286,87.30261666666665 ,18.140870475769045,87.82901488941094 ,7038.0,10:31:06 AM,1572670866870
9.586 ,15.927 ,11.054,23.57286,87.30261666666665 ,18.140870475769045,87.82901488941094 ,7038.0,10:31:06 AM,1572670866871
8.8 ,13.077 ,-5.262,23.57286,87.30261666666665 ,18.140870475769045,87.82901488941094 ,7038.0,10:31:06 AM,1572670866871
8.24 ,9.851 ,-12.259,23.57286,87.30261666666665 ,18.140870475769045,84.50243271779904 ,7038.0,10:31:06 AM,1572670866875
5.147 ,10.791 ,-17.124,23.57286,87.30261666666665 ,18.140870475769045,84.50243271779904 ,7038.0,10:31:06 AM,1572670866876
2.098 ,13.893 ,-13.222,23.57286,87.30261666666665 ,18.140870475769045,84.50243271779904 ,7038.0,10:31:06 AM,1572670866886
-2.057 ,16.252 ,0.942,23.57286,87.30261666666665 ,18.140870475769045,84.50243271779904 ,7038.0,10:31:06 AM,1572670866887
-4.84 ,15.392 ,7.241,23.57286,87.30261666666665 ,18.140870475769045,84.50243271779904 ,7038.0,10:31:06 AM,1572670866887
-3.205 ,13.093 ,13.174,23.57286,87.30261666666665 ,18.140870475769045,84.50243271779904 ,7038.0,10:31:06 AM,1572670866888
0.024 ,7.382 ,18.401,23.57286,87.30261666666665 ,18.140870475769045,84.50243271779904 ,7038.0,10:31:06 AM,1572670866890
0.445 ,2.167 ,15.77,23.57286,87.30261666666665 ,18.140870475769045,84.50243271779904 ,7038.0,10:31:06 AM,1572670866891
3.044 ,-2.747 ,19.787,23.57286,87.30261666666665 ,18.140870475769045,84.50243271779904 ,7038.0,10:31:06 AM,1572670866903
1.63 ,-4.18 ,22.091,23.57286,87.30261666666665 ,18.140870475769045,84.50243271779904 ,7038.0,10:31:06 AM,1572670866904
-2.724 ,-1.913 ,17.891,23.57286,87.30261666666665 ,18.140870475769045,84.50243271779904 ,7038.0,10:31:06 AM,1572670866904
-4.771 ,2.414 ,22.609,23.57286,87.30261666666665 ,18.140870475769045,84.50243271779904 ,7038.0,10:31:06 AM,1572670866905
-9.459 ,6.344 ,22.627,23.57286,87.30261666666665 ,18.140870475769045,84.50243271779904 ,7038.0,10:31:06 AM,1572670866905
-11.298 ,10.259 ,19.815,23.57286,87.30261666666665 ,18.140870475769045,84.50243271779904 ,7038.0,10:31:06 AM,1572670866906
-7.201 ,11.73 ,18.812,23.57286,87.30261666666665 ,18.140870475769045,84.50243271779904 ,7038.0,10:31:06 AM,1572670866918
