x,y,z,latitude,longitude,speed,sound,light,time,timestamp
-0.48 ,15.548 ,19.571,23.553299999999997,87.29777 ,32.86666145324707,87.24606072053331 ,4598.0,10:35:49 AM,1572671149799
-1.451 ,11.285 ,13.705,23.553299999999997,87.29777 ,32.86666145324707,87.24606072053331 ,4598.0,10:35:49 AM,1572671149804
-1.419 ,2.25 ,7.044,23.553299999999997,87.29777 ,32.86666145324707,87.24606072053331 ,4598.0,10:35:49 AM,1572671149804
-2.514 ,-1.806 ,-1.809,23.553299999999997,87.29777 ,32.86666145324707,87.24606072053331 ,4598.0,10:35:49 AM,1572671149809
-0.968 ,3.907 ,5.1,23.553299999999997,87.29777 ,32.86666145324707,87.24606072053331 ,4598.0,10:35:49 AM,1572671149810
-1.539 ,12.413 ,12.328,23.553299999999997,87.29777 ,32.86666145324707,87.24606072053331 ,4598.0,10:35:49 AM,1572671149813
-1.322 ,15.836 ,11.788,23.553299999999997,87.29777 ,32.86666145324707,87.24606072053331 ,4598.0,10:35:49 AM,1572671149813
-1.397 ,11.189 ,5.248,23.553299999999997,87.29777 ,32.86666145324707,87.24606072053331 ,4598.0,10:35:49 AM,1572671149817
-1.072 ,5.481 ,-5.931,23.553299999999997,87.29777 ,32.86666145324707,87.24606072053331 ,4598.0,10:35:49 AM,1572671149818
1.382 ,5.937 ,-7.708,23.553299999999997,87.29777 ,32.86666145324707,87.24606072053331 ,4598.0,10:35:49 AM,1572671149824
1.351 ,10.343 ,-1.277,23.553299999999997,87.29777 ,32.86666145324707,87.24606072053331 ,4598.0,10:35:49 AM,1572671149825
1.106 ,15.514 ,3.513,23.553299999999997,87.29777 ,32.86666145324707,87.24606072053331 ,4598.0,10:35:49 AM,1572671149831
0.917 ,14.291 ,5.539,23.553299999999997,87.29777 ,32.86666145324707,87.24606072053331 ,4598.0,10:35:49 AM,1572671149832
-0.872 ,8.25 ,3.626,23.553299999999997,87.29777 ,32.86666145324707,87.24606072053331 ,4598.0,10:35:49 AM,1572671149833
-0.303 ,5.402 ,0.943,23.553299999999997,87.29777 ,32.86666145324707,87.24606072053331 ,4598.0,10:35:49 AM,1572671149833
0.94 ,7.628 ,3.615,23.553299999999997,87.29777 ,32.86666145324707,87.24606072053331 ,4598.0,10:35:49 AM,1572671149841
2.102 ,11.277 ,8.89,23.553299999999997,87.29777 ,32.86666145324707,87.24606072053331 ,4598.0,10:35:49 AM,1572671149841
1.277 ,11.227 ,4.094,23.553299999999997,87.29777 ,32.86666145324707,87.24606072053331 ,4598.0,10:35:49 AM,1572671149844
1.734 ,7.403 ,2.461,23.553299999999997,87.29777 ,32.86666145324707,87.24606072053331 ,4598.0,10:35:49 AM,1572671149845
-1.94 ,4.565 ,-3.072,23.553299999999997,87.29777 ,32.86666145324707,87.24606072053331 ,4598.0,10:35:49 AM,1572671149848
-2.095 ,6.413 ,-0.277,23.553299999999997,87.29777 ,32.86666145324707,87.24606072053331 ,4598.0,10:35:49 AM,1572671149849
-4.101 ,10.51 ,6.305,23.553299999999997,87.29777 ,32.86666145324707,87.24606072053331 ,4598.0,10:35:49 AM,1572671149853
-5.225 ,12.042 ,11.374,23.553299999999997,87.29777 ,32.86666145324707,87.24606072053331 ,4598.0,10:35:49 AM,1572671149854
-3.667 ,9.802 ,9.794,23.553226666666667,87.29772333333334 ,32.92595672607422,87.24606072053331 ,4598.0,10:35:49 AM,1572671149859
-2.439 ,4.981 ,8.643,23.553226666666667,87.29772333333334 ,32.92595672607422,87.24606072053331 ,4598.0,10:35:49 AM,1572671149859
-0.479 ,3.472 ,4.616,23.553226666666667,87.29772333333334 ,32.92595672607422,87.24606072053331 ,4598.0,10:35:49 AM,1572671149863
2.838 ,5.341 ,8.246,23.553226666666667,87.29772333333334 ,32.92595672607422,87.24606072053331 ,4598.0,10:35:49 AM,1572671149863
2.532 ,6.615 ,12.042,23.553226666666667,87.29772333333334 ,32.92595672607422,87.24606072053331 ,4598.0,10:35:49 AM,1572671149868
1.479 ,6.539 ,8.083,23.553226666666667,87.29772333333334 ,32.92595672607422,87.24606072053331 ,4598.0,10:35:49 AM,1572671149868
0.467 ,6.134 ,6.999,23.553226666666667,87.29772333333334 ,32.92595672607422,87.24606072053331 ,4598.0,10:35:49 AM,1572671149874
-2.52 ,5.554 ,3.764,23.553226666666667,87.29772333333334 ,32.92595672607422,87.24606072053331 ,4598.0,10:35:49 AM,1572671149875
-3.732 ,8.887 ,4.141,23.553226666666667,87.29772333333334 ,32.92595672607422,87.24606072053331 ,4598.0,10:35:49 AM,1572671149878
-4.007 ,11.184 ,8.589,23.553226666666667,87.29772333333334 ,32.92595672607422,87.24606072053331 ,4598.0,10:35:49 AM,1572671149878
-3.938 ,11.435 ,7.16,23.553226666666667,87.29772333333334 ,32.92595672607422,87.24606072053331 ,4598.0,10:35:49 AM,1572671149882
-2.617 ,9.454 ,1.772,23.553226666666667,87.29772333333334 ,32.92595672607422,87.24606072053331 ,4598.0,10:35:49 AM,1572671149883
-0.879 ,6.918 ,-0.951,23.553226666666667,87.29772333333334 ,32.92595672607422,87.24606072053331 ,4598.0,10:35:49 AM,1572671149890
0.645 ,6.604 ,-2.512,23.553226666666667,87.29772333333334 ,32.92595672607422,87.24606072053331 ,4598.0,10:35:49 AM,1572671149891
1.706 ,9.611 ,0.149,23.553226666666667,87.29772333333334 ,32.92595672607422,87.24606072053331 ,4598.0,10:35:49 AM,1572671149892
1.005 ,11.906 ,1.568,23.553226666666667,87.29772333333334 ,32.92595672607422,87.24606072053331 ,4598.0,10:35:49 AM,1572671149893
-0.599 ,12.074 ,-2.261,23.553226666666667,87.29772333333334 ,32.92595672607422,87.24606072053331 ,4598.0,10:35:49 AM,1572671149897
-2.534 ,9.823 ,-2.356,23.553226666666667,87.29772333333334 ,32.92595672607422,87.24606072053331 ,4598.0,10:35:49 AM,1572671149898
-5.231 ,7.622 ,-4.678,23.553226666666667,87.29772333333334 ,32.92595672607422,87.24606072053331 ,4598.0,10:35:49 AM,1572671149902
-4.447 ,7.164 ,0.179,23.553226666666667,87.29772333333334 ,32.92595672607422,87.24606072053331 ,4598.0,10:35:49 AM,1572671149903
-3.952 ,8.286 ,6.707,23.553226666666667,87.29772333333334 ,32.92595672607422,87.24606072053331 ,4598.0,10:35:49 AM,1572671149909
-1.718 ,9.435 ,11.537,23.553226666666667,87.29772333333334 ,32.92595672607422,87.24606072053331 ,4598.0,10:35:49 AM,1572671149909
0.415 ,8.64 ,11.27,23.553226666666667,87.29772333333334 ,32.92595672607422,87.24606072053331 ,4598.0,10:35:49 AM,1572671149913
2.981 ,4.69 ,11.356,23.553226666666667,87.29772333333334 ,32.92595672607422,87.24606072053331 ,4598.0,10:35:49 AM,1572671149914
2.302 ,0.73 ,5.838,23.553226666666667,87.29772333333334 ,32.92595672607422,87.24606072053331 ,4598.0,10:35:49 AM,1572671149917
4.347 ,0.611 ,5.741,23.553226666666667,87.29772333333334 ,32.92595672607422,87.24606072053331 ,4598.0,10:35:49 AM,1572671149918
1.719 ,3.888 ,8.786,23.553226666666667,87.29772333333334 ,32.92595672607422,87.24606072053331 ,4598.0,10:35:49 AM,1572671149923
-0.167 ,6.79 ,11.075,23.553226666666667,87.29772333333334 ,32.92595672607422,87.24606072053331 ,4598.0,10:35:49 AM,1572671149924
-2.899 ,7.376 ,11.836,23.553226666666667,87.29772333333334 ,32.92595672607422,87.24606072053331 ,4598.0,10:35:49 AM,1572671149929
-5.136 ,4.46 ,8.978,23.553226666666667,87.29772333333334 ,32.92595672607422,87.24606072053331 ,4598.0,10:35:49 AM,1572671149930
-4.796 ,3.803 ,5.589,23.553226666666667,87.29772333333334 ,32.92595672607422,87.24606072053331 ,4598.0,10:35:49 AM,1572671149933
-2.942 ,5.482 ,7.43,23.553226666666667,87.29772333333334 ,32.92595672607422,87.24606072053331 ,4598.0,10:35:49 AM,1572671149934
-2.183 ,8.879 ,7.131,23.553226666666667,87.29772333333334 ,32.92595672607422,87.24606072053331 ,4598.0,10:35:49 AM,1572671149941
0.129 ,10.234 ,7.406,23.553226666666667,87.29772333333334 ,32.92595672607422,87.24606072053331 ,4598.0,10:35:49 AM,1572671149942
-0.026 ,7.695 ,6.905,23.553226666666667,87.29772333333334 ,32.92595672607422,87.24606072053331 ,4598.0,10:35:49 AM,1572671149943
-1.041 ,5.561 ,0.244,23.553226666666667,87.29772333333334 ,32.92595672607422,87.24606072053331 ,4598.0,10:35:49 AM,1572671149944
0.511 ,6.69 ,2.616,23.553226666666667,87.29772333333334 ,32.92595672607422,87.24606072053331 ,4598.0,10:35:49 AM,1572671149948
-0.278 ,11.163 ,7.354,23.553226666666667,87.29772333333334 ,32.92595672607422,87.24606072053331 ,4598.0,10:35:49 AM,1572671149949
-0.931 ,15.526 ,10.451,23.553226666666667,87.29772333333334 ,32.92595672607422,87.24606072053331 ,4598.0,10:35:49 AM,1572671149953
0.008 ,14.868 ,12.18,23.553226666666667,87.29772333333334 ,32.92595672607422,87.24606072053331 ,4598.0,10:35:49 AM,1572671149954
-0.542 ,7.992 ,6.997,23.553226666666667,87.29772333333334 ,32.92595672607422,87.24606072053331 ,4598.0,10:35:49 AM,1572671149958
0.778 ,4.35 ,-1.354,23.553226666666667,87.29772333333334 ,32.92595672607422,87.24606072053331 ,4598.0,10:35:49 AM,1572671149958
2.173 ,6.15 ,4.24,23.553226666666667,87.29772333333334 ,32.92595672607422,87.24606072053331 ,4598.0,10:35:49 AM,1572671149962
1.272 ,11.802 ,10.63,23.553226666666667,87.29772333333334 ,32.92595672607422,87.24606072053331 ,4598.0,10:35:49 AM,1572671149962
-0.094 ,14.754 ,13.636,23.553226666666667,87.29772333333334 ,32.92595672607422,87.24606072053331 ,4598.0,10:35:49 AM,1572671149967
-1.081 ,9.056 ,12.798,23.553226666666667,87.29772333333334 ,32.92595672607422,87.24606072053331 ,4598.0,10:35:49 AM,1572671149968
-3.545 ,2.609 ,4.189,23.553226666666667,87.29772333333334 ,32.92595672607422,87.24606072053331 ,4598.0,10:35:49 AM,1572671149973
-2.368 ,2.066 ,4.175,23.553226666666667,87.29772333333334 ,32.92595672607422,87.24606072053331 ,4598.0,10:35:49 AM,1572671149974
-2.965 ,6.01 ,12.589,23.553226666666667,87.29772333333334 ,32.92595672607422,87.24606072053331 ,4598.0,10:35:49 AM,1572671149977
-3.212 ,9.885 ,15.907,23.553226666666667,87.29772333333334 ,32.92595672607422,87.24606072053331 ,4598.0,10:35:49 AM,1572671149978
-1.991 ,6.318 ,16.018,23.553226666666667,87.29772333333334 ,32.92595672607422,87.24606072053331 ,4598.0,10:35:49 AM,1572671149982
-3.276 ,0.264 ,3.813,23.553226666666667,87.29772333333334 ,32.92595672607422,87.24606072053331 ,4598.0,10:35:49 AM,1572671149983
-1.181 ,0.434 ,0.969,23.553226666666667,87.29772333333334 ,32.92595672607422,87.24606072053331 ,4598.0,10:35:49 AM,1572671149991
-0.788 ,7.344 ,6.099,23.553226666666667,87.29772333333334 ,32.92595672607422,87.24606072053331 ,4598.0,10:35:49 AM,1572671149992
-2.198 ,13.662 ,9.917,23.553226666666667,87.29772333333334 ,32.92595672607422,87.24606072053331 ,4598.0,10:35:49 AM,1572671149993
-1.887 ,12.322 ,7.439,23.553226666666667,87.29772333333334 ,32.92595672607422,87.24606072053331 ,4598.0,10:35:49 AM,1572671149994
-3.105 ,4.883 ,1.101,23.553226666666667,87.29772333333334 ,32.92595672607422,87.24606072053331 ,4819.0,10:35:49 AM,1572671149998
-2.051 ,1.407 ,-4.119,23.553226666666667,87.29772333333334 ,32.92595672607422,87.24606072053331 ,4819.0,10:35:49 AM,1572671149998
1.008 ,5.95 ,3.317,23.553226666666667,87.29772333333334 ,32.92595672607422,87.24606072053331 ,4819.0,10:35:50 AM,1572671150003
0.797 ,13.405 ,11.49,23.553226666666667,87.29772333333334 ,32.92595672607422,87.24606072053331 ,4819.0,10:35:50 AM,1572671150003
2.278 ,15.505 ,12.916,23.553226666666667,87.29772333333334 ,32.92595672607422,87.24606072053331 ,4819.0,10:35:50 AM,1572671150008
2.473 ,9.58 ,6.663,23.553226666666667,87.29772333333334 ,32.92595672607422,87.24606072053331 ,4819.0,10:35:50 AM,1572671150008
-0.531 ,2.049 ,-5.343,23.553226666666667,87.29772333333334 ,32.92595672607422,87.24606072053331 ,4819.0,10:35:50 AM,1572671150013
1.393 ,3.897 ,-5.942,23.553226666666667,87.29772333333334 ,32.92595672607422,87.24606072053331 ,4819.0,10:35:50 AM,1572671150014
-0.909 ,11.585 ,1.514,23.553226666666667,87.29772333333334 ,32.92595672607422,87.24606072053331 ,4819.0,10:35:50 AM,1572671150017
-2.453 ,18.382 ,10.025,23.553226666666667,87.29772333333334 ,32.92595672607422,87.24606072053331 ,4819.0,10:35:50 AM,1572671150017
-3.36 ,16.512 ,9.401,23.553226666666667,87.29772333333334 ,32.92595672607422,87.24606072053331 ,4819.0,10:35:50 AM,1572671150025
-3.879 ,7.963 ,3.782,23.553226666666667,87.29772333333334 ,32.92595672607422,87.24606072053331 ,4819.0,10:35:50 AM,1572671150025
-2.508 ,2.215 ,0.276,23.553226666666667,87.29772333333334 ,32.92595672607422,87.24606072053331 ,4819.0,10:35:50 AM,1572671150028
0.464 ,5.292 ,4.858,23.553226666666667,87.29772333333334 ,32.92595672607422,87.24606072053331 ,4819.0,10:35:50 AM,1572671150029
2.329 ,11.318 ,13.193,23.553226666666667,87.29772333333334 ,32.92595672607422,87.24606072053331 ,4819.0,10:35:50 AM,1572671150033
2.624 ,12.692 ,11.492,23.553226666666667,87.29772333333334 ,32.92595672607422,87.24606072053331 ,4819.0,10:35:50 AM,1572671150034
2.091 ,6.993 ,7.661,23.553226666666667,87.29772333333334 ,32.92595672607422,87.24606072053331 ,4819.0,10:35:50 AM,1572671150040
-0.516 ,1.602 ,0.777,23.553226666666667,87.29772333333334 ,32.92595672607422,87.24606072053331 ,4819.0,10:35:50 AM,1572671150040
-2.4 ,3.379 ,2.916,23.553226666666667,87.29772333333334 ,32.92595672607422,87.24606072053331 ,4819.0,10:35:50 AM,1572671150043
-3.981 ,9.004 ,14.198,23.553226666666667,87.29772333333334 ,32.92595672607422,87.24606072053331 ,4819.0,10:35:50 AM,1572671150043
-5.801 ,10.952 ,22.562,23.553226666666667,87.29772333333334 ,32.92595672607422,87.24606072053331 ,4819.0,10:35:50 AM,1572671150047
