x,y,z,latitude,longitude,speed,sound,light,time,timestamp
3.724 ,9.16 ,10.207,23.573034999999997,87.30262333333333 ,14.07724142074585,80.09521757221768 ,8605.0,10:31:03 AM,1572670863929
5.454 ,5.535 ,5.391,23.573034999999997,87.30262333333333 ,14.07724142074585,80.09521757221768 ,8605.0,10:31:03 AM,1572670863930
1.554 ,6.92 ,-2.396,23.573034999999997,87.30262333333333 ,14.07724142074585,80.09521757221768 ,8605.0,10:31:03 AM,1572670863930
0.152 ,12.524 ,-2.034,23.573034999999997,87.30262333333333 ,14.07724142074585,80.09521757221768 ,8605.0,10:31:03 AM,1572670863931
-1.564 ,14.496 ,6.546,23.573034999999997,87.30262333333333 ,14.07724142074585,80.09521757221768 ,8605.0,10:31:03 AM,1572670863931
-5.845 ,11.443 ,7.144,23.573034999999997,87.30262333333333 ,14.07724142074585,80.09521757221768 ,8605.0,10:31:03 AM,1572670863943
-5.78 ,7.021 ,8.256,23.573034999999997,87.30262333333333 ,14.07724142074585,80.09521757221768 ,8605.0,10:31:03 AM,1572670863943
-5.661 ,2.699 ,10.981,23.573034999999997,87.30262333333333 ,14.07724142074585,80.09521757221768 ,8605.0,10:31:03 AM,1572670863944
-7.671 ,1.618 ,10.379,23.573034999999997,87.30262333333333 ,14.07724142074585,80.09521757221768 ,8605.0,10:31:03 AM,1572670863944
-4.001 ,4.62 ,15.719,23.573034999999997,87.30262333333333 ,14.07724142074585,80.09521757221768 ,8605.0,10:31:03 AM,1572670863944
-2.377 ,6.317 ,15.673,23.573034999999997,87.30262333333333 ,14.07724142074585,80.09521757221768 ,8605.0,10:31:03 AM,1572670863945
-0.811 ,6.802 ,1.894,23.573034999999997,87.30262333333333 ,14.07724142074585,80.09521757221768 ,8605.0,10:31:03 AM,1572670863953
2.328 ,6.323 ,-2.834,23.573034999999997,87.30262333333333 ,14.07724142074585,80.09521757221768 ,8605.0,10:31:03 AM,1572670863954
0.216 ,7.629 ,-7.961,23.573034999999997,87.30262333333333 ,14.07724142074585,80.09521757221768 ,8605.0,10:31:03 AM,1572670863955
-1.257 ,11.686 ,-8.416,23.573034999999997,87.30262333333333 ,14.07724142074585,80.09521757221768 ,8605.0,10:31:03 AM,1572670863955
-3.208 ,13.759 ,-2.25,23.573034999999997,87.30262333333333 ,14.07724142074585,80.09521757221768 ,8605.0,10:31:03 AM,1572670863962
-7.101 ,10.817 ,0.553,23.573034999999997,87.30262333333333 ,14.07724142074585,80.09521757221768 ,8605.0,10:31:03 AM,1572670863963
-7.163 ,8.279 ,-0.777,23.573034999999997,87.30262333333333 ,14.07724142074585,80.09521757221768 ,8605.0,10:31:03 AM,1572670863965
-3.2 ,9.065 ,6.808,23.573034999999997,87.30262333333333 ,14.07724142074585,80.09521757221768 ,8605.0,10:31:03 AM,1572670863965
-0.295 ,12.792 ,10.004,23.573034999999997,87.30262333333333 ,14.07724142074585,80.09521757221768 ,8605.0,10:31:03 AM,1572670863979
4.509 ,17.238 ,9.62,23.573034999999997,87.30262333333333 ,14.07724142074585,80.09521757221768 ,8605.0,10:31:03 AM,1572670863980
7.778 ,15.171 ,8.282,23.573034999999997,87.30262333333333 ,14.07724142074585,80.09521757221768 ,8605.0,10:31:03 AM,1572670863980
5.76 ,9.059 ,-3.872,23.573034999999997,87.30262333333333 ,14.07724142074585,80.09521757221768 ,8605.0,10:31:03 AM,1572670863980
5.007 ,5.372 ,-8.617,23.573034999999997,87.30262333333333 ,14.07724142074585,80.09521757221768 ,8605.0,10:31:03 AM,1572670863981
0.859 ,5.979 ,-3.441,23.573034999999997,87.30262333333333 ,14.07724142074585,80.09521757221768 ,8605.0,10:31:03 AM,1572670863981
-3.251 ,10.804 ,-0.46,23.573034999999997,87.30262333333333 ,14.07724142074585,80.09521757221768 ,8605.0,10:31:03 AM,1572670863985
-3.442 ,13.326 ,7.578,23.573034999999997,87.30262333333333 ,14.07724142074585,80.09521757221768 ,8605.0,10:31:03 AM,1572670863986
-3.481 ,9.76 ,10.708,23.573034999999997,87.30262333333333 ,14.07724142074585,81.73601109495742 ,8605.0,10:31:03 AM,1572670863998
-4.038 ,3.837 ,4.816,23.573034999999997,87.30262333333333 ,14.07724142074585,81.73601109495742 ,8605.0,10:31:03 AM,1572670863998
-1.284 ,-0.261 ,10.508,23.573034999999997,87.30262333333333 ,14.07724142074585,81.73601109495742 ,8605.0,10:31:03 AM,1572670863999
-2.656 ,-1.441 ,14.266,23.573034999999997,87.30262333333333 ,14.07724142074585,81.73601109495742 ,8605.0,10:31:03 AM,1572670863999
-0.99 ,1.853 ,17.338,23.573034999999997,87.30262333333333 ,14.07724142074585,81.73601109495742 ,8605.0,10:31:04 AM,1572670864000
0.94 ,4.829 ,20.91,23.573034999999997,87.30262333333333 ,14.07724142074585,81.73601109495742 ,8605.0,10:31:04 AM,1572670864000
2.011 ,4.081 ,17.661,23.573034999999997,87.30262333333333 ,14.07724142074585,81.73601109495742 ,8579.0,10:31:04 AM,1572670864014
5.513 ,4.067 ,9.9,23.573034999999997,87.30262333333333 ,14.07724142074585,81.73601109495742 ,8579.0,10:31:04 AM,1572670864014
6.804 ,2.806 ,6.33,23.573034999999997,87.30262333333333 ,14.07724142074585,81.73601109495742 ,8579.0,10:31:04 AM,1572670864015
3.443 ,1.686 ,2.033,23.573034999999997,87.30262333333333 ,14.07724142074585,81.73601109495742 ,8579.0,10:31:04 AM,1572670864015
0.269 ,1.143 ,2.244,23.573034999999997,87.30262333333333 ,14.07724142074585,81.73601109495742 ,8579.0,10:31:04 AM,1572670864016
-5.42 ,0.003 ,8.103,23.573034999999997,87.30262333333333 ,14.07724142074585,81.73601109495742 ,8579.0,10:31:04 AM,1572670864016
-12.847 ,3.013 ,8.015,23.573034999999997,87.30262333333333 ,14.07724142074585,81.73601109495742 ,8579.0,10:31:04 AM,1572670864030
-12.438 ,7.222 ,14.185,23.573034999999997,87.30262333333333 ,14.07724142074585,81.73601109495742 ,8579.0,10:31:04 AM,1572670864031
-15.217 ,7.525 ,10.396,23.573034999999997,87.30262333333333 ,14.07724142074585,81.73601109495742 ,8579.0,10:31:04 AM,1572670864031
-12.217 ,8.948 ,4.155,23.573034999999997,87.30262333333333 ,14.07724142074585,81.73601109495742 ,8579.0,10:31:04 AM,1572670864032
-4.222 ,13.036 ,5.869,23.573034999999997,87.30262333333333 ,14.07724142074585,81.73601109495742 ,8579.0,10:31:04 AM,1572670864032
1.015 ,17.307 ,2.526,23.573034999999997,87.30262333333333 ,14.07724142074585,81.73601109495742 ,8579.0,10:31:04 AM,1572670864033
6.894 ,21.173 ,-6.855,23.573034999999997,87.30262333333333 ,14.07724142074585,81.73601109495742 ,8579.0,10:31:04 AM,1572670864044
12.804 ,19.765 ,-12.359,23.573034999999997,87.30262333333333 ,14.07724142074585,81.73601109495742 ,8579.0,10:31:04 AM,1572670864046
10.173 ,14.93 ,-16.54,23.573034999999997,87.30262333333333 ,14.07724142074585,81.73601109495742 ,8579.0,10:31:04 AM,1572670864047
7.781 ,11.986 ,-16.003,23.573034999999997,87.30262333333333 ,14.07724142074585,81.73601109495742 ,8579.0,10:31:04 AM,1572670864047
2.552 ,10.597 ,-4.269,23.573034999999997,87.30262333333333 ,14.07724142074585,81.73601109495742 ,8579.0,10:31:04 AM,1572670864048
-5.595 ,10.26 ,7.058,23.573034999999997,87.30262333333333 ,14.07724142074585,81.73601109495742 ,8579.0,10:31:04 AM,1572670864048
-8.579 ,10.35 ,16.487,23.573034999999997,87.30262333333333 ,14.07724142074585,81.73601109495742 ,8579.0,10:31:04 AM,1572670864049
-9.323 ,6.955 ,22.174,23.573034999999997,87.30262333333333 ,14.07724142074585,81.73601109495742 ,8579.0,10:31:04 AM,1572670864050
-10.23 ,3.247 ,16.118,23.573034999999997,87.30262333333333 ,14.07724142074585,81.73601109495742 ,8579.0,10:31:04 AM,1572670864062
-4.823 ,3.499 ,10.293,23.573034999999997,87.30262333333333 ,14.07724142074585,81.73601109495742 ,8579.0,10:31:04 AM,1572670864062
0.641 ,4.604 ,9.341,23.573034999999997,87.30262333333333 ,14.07724142074585,81.73601109495742 ,8579.0,10:31:04 AM,1572670864063
2.987 ,4.838 ,-0.348,23.573034999999997,87.30262333333333 ,14.07724142074585,81.73601109495742 ,8579.0,10:31:04 AM,1572670864064
7.549 ,6.017 ,-4.68,23.573034999999997,87.30262333333333 ,14.07724142074585,81.73601109495742 ,8579.0,10:31:04 AM,1572670864064
6.03 ,5.153 ,-3.516,23.573034999999997,87.30262333333333 ,14.07724142074585,81.73601109495742 ,8579.0,10:31:04 AM,1572670864065
2.311 ,5.061 ,-1.8,23.573034999999997,87.30262333333333 ,14.07724142074585,81.73601109495742 ,8579.0,10:31:04 AM,1572670864080
-2.598 ,4.861 ,11.775,23.573034999999997,87.30262333333333 ,14.07724142074585,81.73601109495742 ,8579.0,10:31:04 AM,1572670864081
-8.169 ,2.381 ,23.64,23.573034999999997,87.30262333333333 ,14.07724142074585,81.73601109495742 ,8579.0,10:31:04 AM,1572670864081
-9.868 ,-0.545 ,22.768,23.573034999999997,87.30262333333333 ,14.07724142074585,81.73601109495742 ,8579.0,10:31:04 AM,1572670864082
-7.971 ,-4.959 ,23.409,23.573034999999997,87.30262333333333 ,14.07724142074585,81.73601109495742 ,8579.0,10:31:04 AM,1572670864082
-4.966 ,-5.742 ,20.743,23.573034999999997,87.30262333333333 ,14.07724142074585,81.73601109495742 ,8579.0,10:31:04 AM,1572670864083
1.526 ,1.185 ,15.669,23.573034999999997,87.30262333333333 ,14.07724142074585,81.73601109495742 ,8579.0,10:31:04 AM,1572670864084
7.487 ,9.507 ,13.45,23.573034999999997,87.30262333333333 ,14.07724142074585,81.73601109495742 ,8579.0,10:31:04 AM,1572670864085
8.647 ,13.082 ,0.774,23.573034999999997,87.30262333333333 ,14.07724142074585,81.73601109495742 ,8579.0,10:31:04 AM,1572670864092
8.391 ,12.748 ,-11.334,23.573034999999997,87.30262333333333 ,14.07724142074585,81.73601109495742 ,8579.0,10:31:04 AM,1572670864093
4.068 ,10.604 ,-17.905,23.573034999999997,87.30262333333333 ,14.07724142074585,81.73601109495742 ,8579.0,10:31:04 AM,1572670864094
-2.517 ,12.298 ,-20.321,23.573034999999997,87.30262333333333 ,14.07724142074585,81.73601109495742 ,8579.0,10:31:04 AM,1572670864095
-5.718 ,17.607 ,-12.429,23.573034999999997,87.30262333333333 ,14.07724142074585,81.73601109495742 ,8579.0,10:31:04 AM,1572670864100
-8.256 ,19.754 ,-1.685,23.573034999999997,87.30262333333333 ,14.07724142074585,81.73601109495742 ,8579.0,10:31:04 AM,1572670864100
-7.796 ,19.22 ,1.651,23.573034999999997,87.30262333333333 ,14.07724142074585,81.73601109495742 ,8579.0,10:31:04 AM,1572670864111
-2.955 ,14.852 ,4.26,23.573034999999997,87.30262333333333 ,14.07724142074585,81.73601109495742 ,8579.0,10:31:04 AM,1572670864112
0.467 ,9.771 ,3.98,23.573034999999997,87.30262333333333 ,14.07724142074585,81.73601109495742 ,8579.0,10:31:04 AM,1572670864112
3.9 ,8.172 ,1.898,23.573034999999997,87.30262333333333 ,14.07724142074585,81.73601109495742 ,8579.0,10:31:04 AM,1572670864113
8.377 ,9.026 ,8.581,23.573034999999997,87.30262333333333 ,14.07724142074585,81.73601109495742 ,8579.0,10:31:04 AM,1572670864115
6.269 ,10.715 ,10.627,23.573034999999997,87.30262333333333 ,14.07724142074585,81.73601109495742 ,8579.0,10:31:04 AM,1572670864115
6.182 ,13.124 ,11.151,23.573034999999997,87.30262333333333 ,14.07724142074585,81.73601109495742 ,8579.0,10:31:04 AM,1572670864129
5.935 ,12.396 ,13.818,23.573034999999997,87.30262333333333 ,14.07724142074585,81.73601109495742 ,8579.0,10:31:04 AM,1572670864129
-0.519 ,9.544 ,9.05,23.573034999999997,87.30262333333333 ,14.07724142074585,81.73601109495742 ,8579.0,10:31:04 AM,1572670864130
-3.328 ,7.381 ,10.082,23.573034999999997,87.30262333333333 ,14.07724142074585,81.73601109495742 ,8579.0,10:31:04 AM,1572670864130
-6.285 ,3.549 ,15.479,23.573034999999997,87.30262333333333 ,14.07724142074585,81.73601109495742 ,8579.0,10:31:04 AM,1572670864131
-9.33 ,-0.062 ,16.343,23.573034999999997,87.30262333333333 ,14.07724142074585,81.73601109495742 ,8579.0,10:31:04 AM,1572670864132
-8.51 ,-0.642 ,12.109,23.573034999999997,87.30262333333333 ,14.07724142074585,81.73601109495742 ,8579.0,10:31:04 AM,1572670864135
-6.831 ,0.999 ,12.813,23.573034999999997,87.30262333333333 ,14.07724142074585,81.73601109495742 ,8579.0,10:31:04 AM,1572670864136
-7.111 ,5.602 ,6.875,23.573034999999997,87.30262333333333 ,14.07724142074585,81.73601109495742 ,8579.0,10:31:04 AM,1572670864146
-3.652 ,9.506 ,3.406,23.573034999999997,87.30262333333333 ,14.07724142074585,81.73601109495742 ,8579.0,10:31:04 AM,1572670864147
-5.797 ,7.781 ,-0.901,23.573034999999997,87.30262333333333 ,14.07724142074585,81.73601109495742 ,8579.0,10:31:04 AM,1572670864147
-7.263 ,9.018 ,-9.599,23.573034999999997,87.30262333333333 ,14.07724142074585,81.73601109495742 ,8579.0,10:31:04 AM,1572670864148
-4.008 ,10.207 ,-9.027,23.573034999999997,87.30262333333333 ,14.07724142074585,81.73601109495742 ,8579.0,10:31:04 AM,1572670864149
-4.736 ,9.264 ,-1.729,23.573034999999997,87.30262333333333 ,14.07724142074585,81.73601109495742 ,8579.0,10:31:04 AM,1572670864149
0.747 ,10.624 ,8.034,23.573034999999997,87.30262333333333 ,14.07724142074585,81.73601109495742 ,8579.0,10:31:04 AM,1572670864163
6.733 ,12.878 ,12.916,23.573034999999997,87.30262333333333 ,14.07724142074585,81.73601109495742 ,8579.0,10:31:04 AM,1572670864164
10.372 ,9.021 ,21.759,23.573034999999997,87.30262333333333 ,14.07724142074585,81.73601109495742 ,8579.0,10:31:04 AM,1572670864165
11.966 ,2.196 ,18.047,23.573034999999997,87.30262333333333 ,14.07724142074585,81.73601109495742 ,8579.0,10:31:04 AM,1572670864166
8.197 ,-2.691 ,10.49,23.573034999999997,87.30262333333333 ,14.07724142074585,81.73601109495742 ,8579.0,10:31:04 AM,1572670864167
2.408 ,-2.713 ,10.499,23.573034999999997,87.30262333333333 ,14.07724142074585,81.73601109495742 ,8579.0,10:31:04 AM,1572670864167
-4.867 ,5.299 ,13.511,23.573034999999997,87.30262333333333 ,14.07724142074585,81.73601109495742 ,8579.0,10:31:04 AM,1572670864177
