x,y,z,latitude,longitude,speed,sound,light,time,timestamp
-1.224 ,5.858 ,-0.439,23.553731666666668,87.29809666666667 ,35.83516731262207,88.97403372079879 ,3861.0,10:35:43 AM,1572671143815
-4.304 ,10.989 ,6.124,23.553731666666668,87.29809666666667 ,35.83516731262207,88.97403372079879 ,3861.0,10:35:43 AM,1572671143823
-4.152 ,13.759 ,11.259,23.553731666666668,87.29809666666667 ,35.83516731262207,88.97403372079879 ,3861.0,10:35:43 AM,1572671143824
-4.432 ,7.889 ,9.918,23.553731666666668,87.29809666666667 ,35.83516731262207,88.97403372079879 ,3861.0,10:35:43 AM,1572671143824
-3.612 ,2.323 ,0.092,23.553731666666668,87.29809666666667 ,35.83516731262207,88.97403372079879 ,3861.0,10:35:43 AM,1572671143825
-0.649 ,3.172 ,-0.417,23.553731666666668,87.29809666666667 ,35.83516731262207,88.97403372079879 ,3861.0,10:35:43 AM,1572671143830
0.334 ,8.879 ,6.144,23.553731666666668,87.29809666666667 ,35.83516731262207,88.97403372079879 ,3861.0,10:35:43 AM,1572671143831
0.449 ,13.986 ,10.55,23.553731666666668,87.29809666666667 ,35.83516731262207,88.07496515549474 ,3861.0,10:35:43 AM,1572671143834
1.232 ,11.005 ,12.248,23.553731666666668,87.29809666666667 ,35.83516731262207,88.07496515549474 ,3861.0,10:35:43 AM,1572671143835
0.729 ,3.972 ,5.4,23.553731666666668,87.29809666666667 ,35.83516731262207,88.07496515549474 ,3861.0,10:35:43 AM,1572671143843
1.793 ,1.083 ,3.815,23.553731666666668,87.29809666666667 ,35.83516731262207,88.07496515549474 ,3861.0,10:35:43 AM,1572671143844
2.144 ,3.956 ,11.098,23.553731666666668,87.29809666666667 ,35.83516731262207,88.07496515549474 ,3861.0,10:35:43 AM,1572671143845
1.277 ,7.501 ,18.888,23.553731666666668,87.29809666666667 ,35.83516731262207,88.07496515549474 ,3861.0,10:35:43 AM,1572671143845
-0.488 ,6.63 ,21.465,23.553658333333335,87.29804333333335 ,36.51892547607422,88.07496515549474 ,3861.0,10:35:43 AM,1572671143850
-2.41 ,1.534 ,15.059,23.553658333333335,87.29804333333335 ,36.51892547607422,88.07496515549474 ,3861.0,10:35:43 AM,1572671143851
-3.727 ,-0.693 ,8.908,23.553658333333335,87.29804333333335 ,36.51892547607422,88.07496515549474 ,3861.0,10:35:43 AM,1572671143856
-4.523 ,3.567 ,11.175,23.553658333333335,87.29804333333335 ,36.51892547607422,88.07496515549474 ,3861.0,10:35:43 AM,1572671143856
-5.386 ,9.119 ,15.533,23.553658333333335,87.29804333333335 ,36.51892547607422,88.07496515549474 ,3861.0,10:35:43 AM,1572671143859
-5.225 ,11.029 ,13.426,23.553658333333335,87.29804333333335 ,36.51892547607422,88.07496515549474 ,3861.0,10:35:43 AM,1572671143860
-3.484 ,7.114 ,7.729,23.553658333333335,87.29804333333335 ,36.51892547607422,88.07496515549474 ,3861.0,10:35:43 AM,1572671143864
-2.828 ,4.565 ,-5.391,23.553658333333335,87.29804333333335 ,36.51892547607422,88.07496515549474 ,3861.0,10:35:43 AM,1572671143864
0.708 ,6.566 ,-4.699,23.553658333333335,87.29804333333335 ,36.51892547607422,88.07496515549474 ,3861.0,10:35:43 AM,1572671143871
1.301 ,11.693 ,-2.584,23.553658333333335,87.29804333333335 ,36.51892547607422,88.07496515549474 ,3861.0,10:35:43 AM,1572671143872
1.776 ,16.017 ,-1.314,23.553658333333335,87.29804333333335 ,36.51892547607422,88.07496515549474 ,3861.0,10:35:43 AM,1572671143874
-0.243 ,13.956 ,-3.629,23.553658333333335,87.29804333333335 ,36.51892547607422,88.07496515549474 ,3861.0,10:35:43 AM,1572671143875
-1.755 ,9.292 ,-6.868,23.553658333333335,87.29804333333335 ,36.51892547607422,88.07496515549474 ,3861.0,10:35:43 AM,1572671143879
-2.567 ,6.428 ,-4.911,23.553658333333335,87.29804333333335 ,36.51892547607422,88.07496515549474 ,3861.0,10:35:43 AM,1572671143880
-2.378 ,8.597 ,4.017,23.553658333333335,87.29804333333335 ,36.51892547607422,88.07496515549474 ,3861.0,10:35:43 AM,1572671143884
-2.371 ,12.512 ,12.625,23.553658333333335,87.29804333333335 ,36.51892547607422,88.07496515549474 ,3861.0,10:35:43 AM,1572671143885
0.179 ,13.179 ,18.496,23.553658333333335,87.29804333333335 ,36.51892547607422,88.07496515549474 ,3861.0,10:35:43 AM,1572671143890
2.004 ,9.932 ,16.876,23.553658333333335,87.29804333333335 ,36.51892547607422,88.07496515549474 ,3861.0,10:35:43 AM,1572671143890
3.821 ,5.736 ,10.363,23.553658333333335,87.29804333333335 ,36.51892547607422,88.07496515549474 ,3861.0,10:35:43 AM,1572671143894
5.697 ,3.266 ,5.495,23.553658333333335,87.29804333333335 ,36.51892547607422,88.07496515549474 ,3861.0,10:35:43 AM,1572671143895
4.575 ,4.86 ,1.778,23.553658333333335,87.29804333333335 ,36.51892547607422,88.07496515549474 ,3861.0,10:35:43 AM,1572671143899
2.141 ,6.023 ,5.28,23.553658333333335,87.29804333333335 ,36.51892547607422,88.07496515549474 ,3861.0,10:35:43 AM,1572671143900
-1.715 ,5.755 ,13.421,23.553658333333335,87.29804333333335 ,36.51892547607422,88.07496515549474 ,3861.0,10:35:43 AM,1572671143906
-5.706 ,3.567 ,14.099,23.553658333333335,87.29804333333335 ,36.51892547607422,88.07496515549474 ,3861.0,10:35:43 AM,1572671143906
-6.113 ,1.859 ,14.544,23.553658333333335,87.29804333333335 ,36.51892547607422,88.07496515549474 ,3861.0,10:35:43 AM,1572671143909
-5.321 ,1.143 ,16.982,23.553658333333335,87.29804333333335 ,36.51892547607422,88.07496515549474 ,3861.0,10:35:43 AM,1572671143909
-3.112 ,3.472 ,15.956,23.553658333333335,87.29804333333335 ,36.51892547607422,88.07496515549474 ,3861.0,10:35:43 AM,1572671143914
-1.31 ,5.784 ,13.986,23.553658333333335,87.29804333333335 ,36.51892547607422,88.07496515549474 ,3861.0,10:35:43 AM,1572671143915
0.045 ,4.292 ,12.172,23.553658333333335,87.29804333333335 ,36.51892547607422,88.07496515549474 ,3861.0,10:35:43 AM,1572671143922
0.679 ,3.597 ,4.014,23.553658333333335,87.29804333333335 ,36.51892547607422,88.07496515549474 ,3861.0,10:35:43 AM,1572671143923
1.772 ,4.539 ,1.882,23.553658333333335,87.29804333333335 ,36.51892547607422,88.07496515549474 ,3861.0,10:35:43 AM,1572671143924
2.297 ,7.901 ,4.394,23.553658333333335,87.29804333333335 ,36.51892547607422,88.07496515549474 ,3861.0,10:35:43 AM,1572671143925
2.153 ,12.197 ,6.233,23.553658333333335,87.29804333333335 ,36.51892547607422,88.07496515549474 ,3861.0,10:35:43 AM,1572671143929
1.728 ,12.629 ,10.055,23.553658333333335,87.29804333333335 ,36.51892547607422,88.07496515549474 ,3861.0,10:35:43 AM,1572671143930
0.152 ,8.674 ,5.794,23.553658333333335,87.29804333333335 ,36.51892547607422,88.07496515549474 ,3861.0,10:35:43 AM,1572671143935
0.96 ,6.681 ,3.179,23.553658333333335,87.29804333333335 ,36.51892547607422,88.07496515549474 ,3861.0,10:35:43 AM,1572671143935
0.292 ,8.108 ,0.956,23.553658333333335,87.29804333333335 ,36.51892547607422,88.07496515549474 ,3861.0,10:35:43 AM,1572671143941
0.823 ,11.755 ,0.109,23.553658333333335,87.29804333333335 ,36.51892547607422,88.07496515549474 ,3861.0,10:35:43 AM,1572671143941
0.113 ,14.53 ,0.798,23.553658333333335,87.29804333333335 ,36.51892547607422,88.07496515549474 ,3861.0,10:35:43 AM,1572671143945
-1.722 ,12.347 ,-2.121,23.553658333333335,87.29804333333335 ,36.51892547607422,88.07496515549474 ,3861.0,10:35:43 AM,1572671143946
-2.189 ,11.235 ,-9.612,23.553658333333335,87.29804333333335 ,36.51892547607422,88.07496515549474 ,3861.0,10:35:43 AM,1572671143949
-2.875 ,10.453 ,-6.411,23.553658333333335,87.29804333333335 ,36.51892547607422,88.07496515549474 ,3861.0,10:35:43 AM,1572671143950
-3.502 ,12.61 ,-4.211,23.553658333333335,87.29804333333335 ,36.51892547607422,88.07496515549474 ,3861.0,10:35:43 AM,1572671143956
-2.431 ,14.138 ,1.705,23.553658333333335,87.29804333333335 ,36.51892547607422,88.07496515549474 ,3861.0,10:35:43 AM,1572671143957
-2.593 ,10.307 ,6.053,23.553658333333335,87.29804333333335 ,36.51892547607422,88.07496515549474 ,3861.0,10:35:43 AM,1572671143959
-1.382 ,6.308 ,3.991,23.553658333333335,87.29804333333335 ,36.51892547607422,88.07496515549474 ,3861.0,10:35:43 AM,1572671143960
1.501 ,6.347 ,9.764,23.553658333333335,87.29804333333335 ,36.51892547607422,88.07496515549474 ,3861.0,10:35:43 AM,1572671143964
3.032 ,8.274 ,14.201,23.553658333333335,87.29804333333335 ,36.51892547607422,88.07496515549474 ,3861.0,10:35:43 AM,1572671143965
3.152 ,8.585 ,14.838,23.553658333333335,87.29804333333335 ,36.51892547607422,88.07496515549474 ,3861.0,10:35:43 AM,1572671143972
1.726 ,4.431 ,10.508,23.553658333333335,87.29804333333335 ,36.51892547607422,88.07496515549474 ,3861.0,10:35:43 AM,1572671143973
0.718 ,-0.294 ,8.351,23.553658333333335,87.29804333333335 ,36.51892547607422,88.07496515549474 ,3861.0,10:35:43 AM,1572671143974
-1.857 ,1.26 ,8.422,23.553658333333335,87.29804333333335 ,36.51892547607422,88.07496515549474 ,3861.0,10:35:43 AM,1572671143975
-3.925 ,5.679 ,14.231,23.553658333333335,87.29804333333335 ,36.51892547607422,88.07496515549474 ,3861.0,10:35:43 AM,1572671143979
-5.252 ,9.548 ,16.255,23.553658333333335,87.29804333333335 ,36.51892547607422,88.07496515549474 ,3861.0,10:35:43 AM,1572671143980
-6.794 ,6.112 ,17.103,23.553658333333335,87.29804333333335 ,36.51892547607422,88.07496515549474 ,3861.0,10:35:43 AM,1572671143984
-6.404 ,2.779 ,8.539,23.553658333333335,87.29804333333335 ,36.51892547607422,88.07496515549474 ,3861.0,10:35:43 AM,1572671143985
-4.141 ,2.885 ,1.569,23.553658333333335,87.29804333333335 ,36.51892547607422,88.07496515549474 ,3861.0,10:35:43 AM,1572671143990
-2.106 ,4.452 ,6.923,23.553658333333335,87.29804333333335 ,36.51892547607422,88.07496515549474 ,3861.0,10:35:43 AM,1572671143990
-1.212 ,9.877 ,7.691,23.553658333333335,87.29804333333335 ,36.51892547607422,88.07496515549474 ,3347.0,10:35:43 AM,1572671143997
0.212 ,12.786 ,8.476,23.553658333333335,87.29804333333335 ,36.51892547607422,88.07496515549474 ,3347.0,10:35:43 AM,1572671143998
-0.692 ,9.951 ,4.671,23.553658333333335,87.29804333333335 ,36.51892547607422,88.07496515549474 ,3347.0,10:35:43 AM,1572671143999
0.136 ,8.068 ,-4.228,23.553658333333335,87.29804333333335 ,36.51892547607422,88.07496515549474 ,3347.0,10:35:43 AM,1572671143999
0.947 ,8.371 ,-8.92,23.553658333333335,87.29804333333335 ,36.51892547607422,88.07496515549474 ,3347.0,10:35:44 AM,1572671144008
1.375 ,11.273 ,-5.813,23.553658333333335,87.29804333333335 ,36.51892547607422,88.07496515549474 ,3347.0,10:35:44 AM,1572671144009
0.828 ,14.666 ,-0.771,23.553658333333335,87.29804333333335 ,36.51892547607422,88.07496515549474 ,3347.0,10:35:44 AM,1572671144009
-0.682 ,14.733 ,3.689,23.553658333333335,87.29804333333335 ,36.51892547607422,88.07496515549474 ,3347.0,10:35:44 AM,1572671144010
-0.859 ,11.274 ,3.856,23.553658333333335,87.29804333333335 ,36.51892547607422,88.07496515549474 ,3347.0,10:35:44 AM,1572671144015
0.628 ,6.897 ,3.971,23.553658333333335,87.29804333333335 ,36.51892547607422,88.07496515549474 ,3347.0,10:35:44 AM,1572671144016
1.356 ,5.157 ,4.493,23.553658333333335,87.29804333333335 ,36.51892547607422,88.07496515549474 ,3347.0,10:35:44 AM,1572671144022
3.476 ,9.306 ,6.092,23.553658333333335,87.29804333333335 ,36.51892547607422,88.07496515549474 ,3347.0,10:35:44 AM,1572671144023
3.366 ,12.993 ,9.397,23.553658333333335,87.29804333333335 ,36.51892547607422,88.07496515549474 ,3347.0,10:35:44 AM,1572671144025
0.889 ,12.037 ,8.304,23.553658333333335,87.29804333333335 ,36.51892547607422,88.07496515549474 ,3347.0,10:35:44 AM,1572671144026
-0.482 ,8.158 ,1.645,23.553658333333335,87.29804333333335 ,36.51892547607422,88.07496515549474 ,3347.0,10:35:44 AM,1572671144029
-1.553 ,4.511 ,-1.674,23.553658333333335,87.29804333333335 ,36.51892547607422,88.07496515549474 ,3347.0,10:35:44 AM,1572671144030
-2.646 ,5.215 ,0.989,23.553658333333335,87.29804333333335 ,36.51892547607422,88.07496515549474 ,3347.0,10:35:44 AM,1572671144036
-3.266 ,7.95 ,7.565,23.553658333333335,87.29804333333335 ,36.51892547607422,88.07496515549474 ,3347.0,10:35:44 AM,1572671144037
-2.487 ,7.685 ,18.121,23.553658333333335,87.29804333333335 ,36.51892547607422,88.07496515549474 ,3347.0,10:35:44 AM,1572671144043
-3.111 ,3.214 ,16.368,23.553658333333335,87.29804333333335 ,36.51892547607422,88.07496515549474 ,3347.0,10:35:44 AM,1572671144044
-0.611 ,-0.551 ,13.142,23.553658333333335,87.29804333333335 ,36.51892547607422,88.07496515549474 ,3347.0,10:35:44 AM,1572671144044
1.133 ,1.058 ,12.668,23.553658333333335,87.29804333333335 ,36.51892547607422,88.07496515549474 ,3347.0,10:35:44 AM,1572671144045
2.167 ,7.125 ,13.848,23.553658333333335,87.29804333333335 ,36.51892547607422,88.07496515549474 ,3347.0,10:35:44 AM,1572671144050
1.509 ,11.254 ,13.64,23.553658333333335,87.29804333333335 ,36.51892547607422,88.07496515549474 ,3347.0,10:35:44 AM,1572671144050
0.406 ,9.687 ,10.715,23.553658333333335,87.29804333333335 ,36.51892547607422,88.07496515549474 ,3347.0,10:35:44 AM,1572671144056
-0.263 ,6.209 ,3.612,23.553658333333335,87.29804333333335 ,36.51892547607422,88.07496515549474 ,3347.0,10:35:44 AM,1572671144057
0.037 ,5.983 ,5.037,23.553658333333335,87.29804333333335 ,36.51892547607422,88.07496515549474 ,3347.0,10:35:44 AM,1572671144061
0.044 ,10.355 ,9.415,23.553658333333335,87.29804333333335 ,36.51892547607422,88.07496515549474 ,3347.0,10:35:44 AM,1572671144061
1.228 ,14.527 ,13.008,23.553658333333335,87.29804333333335 ,36.51892547607422,88.07496515549474 ,3347.0,10:35:44 AM,1572671144067
