x,y,z,latitude,longitude,speed,sound,light,time,timestamp
-2.589 ,5.675 ,14.103,23.551488333333335,87.29659333333332 ,22.97164134979248,85.64903864664088 ,9395.0,10:36:15 AM,1572671175478
-0.848 ,4.999 ,14.865,23.551488333333335,87.29659333333332 ,22.97164134979248,85.64903864664088 ,9395.0,10:36:15 AM,1572671175482
-0.65 ,3.853 ,13.492,23.551488333333335,87.29659333333332 ,22.97164134979248,85.64903864664088 ,9395.0,10:36:15 AM,1572671175482
-0.046 ,4.259 ,9.306,23.551488333333335,87.29659333333332 ,22.97164134979248,85.64903864664088 ,9395.0,10:36:15 AM,1572671175490
0.179 ,4.598 ,5.635,23.551488333333335,87.29659333333332 ,22.97164134979248,85.64903864664088 ,9395.0,10:36:15 AM,1572671175491
0.28 ,5.733 ,3.859,23.551488333333335,87.29659333333332 ,22.97164134979248,85.64903864664088 ,9395.0,10:36:15 AM,1572671175493
-0.484 ,7.858 ,-0.307,23.551488333333335,87.29659333333332 ,22.97164134979248,85.64903864664088 ,9395.0,10:36:15 AM,1572671175493
-0.055 ,10.039 ,-1.17,23.551488333333335,87.29659333333332 ,22.97164134979248,85.64903864664088 ,9395.0,10:36:15 AM,1572671175497
-0.7 ,12.307 ,-3.094,23.551488333333335,87.29659333333332 ,22.97164134979248,85.64903864664088 ,9395.0,10:36:15 AM,1572671175498
-2.512 ,12.979 ,-5.413,23.551488333333335,87.29659333333332 ,22.97164134979248,85.64903864664088 ,9395.0,10:36:15 AM,1572671175502
-2.18 ,12.019 ,-8.923,23.551488333333335,87.29659333333332 ,22.97164134979248,85.64903864664088 ,9395.0,10:36:15 AM,1572671175502
-3.798 ,8.583 ,-9.828,23.551488333333335,87.29659333333332 ,22.97164134979248,85.64903864664088 ,9395.0,10:36:15 AM,1572671175509
-3.898 ,7.917 ,-4.675,23.551488333333335,87.29659333333332 ,22.97164134979248,85.64903864664088 ,9395.0,10:36:15 AM,1572671175509
-1.631 ,10.04 ,1.135,23.551488333333335,87.29659333333332 ,22.97164134979248,85.64903864664088 ,9395.0,10:36:15 AM,1572671175514
0.555 ,12.516 ,6.579,23.551488333333335,87.29659333333332 ,22.97164134979248,84.48280382362539 ,9395.0,10:36:15 AM,1572671175515
2.182 ,12.751 ,7.427,23.551488333333335,87.29659333333332 ,22.97164134979248,84.48280382362539 ,9395.0,10:36:15 AM,1572671175518
4.448 ,11.743 ,4.943,23.551488333333335,87.29659333333332 ,22.97164134979248,84.48280382362539 ,9395.0,10:36:15 AM,1572671175518
5.572 ,10.812 ,-1.627,23.551488333333335,87.29659333333332 ,22.97164134979248,84.48280382362539 ,9395.0,10:36:15 AM,1572671175526
6.139 ,8.154 ,-3.816,23.551488333333335,87.29659333333332 ,22.97164134979248,84.48280382362539 ,9395.0,10:36:15 AM,1572671175526
4.278 ,6.755 ,-6.636,23.551488333333335,87.29659333333332 ,22.97164134979248,84.48280382362539 ,9395.0,10:36:15 AM,1572671175528
3.426 ,7.46 ,-1.408,23.551488333333335,87.29659333333332 ,22.97164134979248,84.48280382362539 ,9395.0,10:36:15 AM,1572671175529
0.042 ,7.507 ,10.223,23.551488333333335,87.29659333333332 ,22.97164134979248,84.48280382362539 ,9395.0,10:36:15 AM,1572671175533
-3.368 ,7.456 ,18.99,23.551488333333335,87.29659333333332 ,22.97164134979248,84.48280382362539 ,9395.0,10:36:15 AM,1572671175533
-5.609 ,5.593 ,21.055,23.551488333333335,87.29659333333332 ,22.97164134979248,84.48280382362539 ,9395.0,10:36:15 AM,1572671175540
-4.366 ,1.001 ,23.659,23.551488333333335,87.29659333333332 ,22.97164134979248,84.48280382362539 ,9395.0,10:36:15 AM,1572671175541
-3.852 ,-1.512 ,22.603,23.551488333333335,87.29659333333332 ,22.97164134979248,84.48280382362539 ,9395.0,10:36:15 AM,1572671175542
-1.058 ,0.836 ,18.679,23.551488333333335,87.29659333333332 ,22.97164134979248,84.48280382362539 ,9395.0,10:36:15 AM,1572671175543
-0.072 ,3.397 ,18.275,23.551488333333335,87.29659333333332 ,22.97164134979248,84.48280382362539 ,9395.0,10:36:15 AM,1572671175547
-0.746 ,4.735 ,14.866,23.551488333333335,87.29659333333332 ,22.97164134979248,84.48280382362539 ,9395.0,10:36:15 AM,1572671175548
-2.936 ,4.926 ,7.362,23.551488333333335,87.29659333333332 ,22.97164134979248,84.48280382362539 ,9395.0,10:36:15 AM,1572671175552
-3.894 ,5.383 ,5.15,23.551488333333335,87.29659333333332 ,22.97164134979248,84.48280382362539 ,9395.0,10:36:15 AM,1572671175553
-5.224 ,7.437 ,5.774,23.551488333333335,87.29659333333332 ,22.97164134979248,84.48280382362539 ,9395.0,10:36:15 AM,1572671175559
-4.638 ,9.5 ,6.81,23.551488333333335,87.29659333333332 ,22.97164134979248,84.48280382362539 ,9395.0,10:36:15 AM,1572671175559
-2.288 ,9.908 ,7.213,23.551488333333335,87.29659333333332 ,22.97164134979248,84.48280382362539 ,9395.0,10:36:15 AM,1572671175562
-2.249 ,9.263 ,5.4,23.551488333333335,87.29659333333332 ,22.97164134979248,84.48280382362539 ,9395.0,10:36:15 AM,1572671175563
-0.958 ,9.289 ,3.146,23.551488333333335,87.29659333333332 ,22.97164134979248,84.48280382362539 ,9395.0,10:36:15 AM,1572671175567
-0.376 ,9.292 ,0.549,23.551488333333335,87.29659333333332 ,22.97164134979248,84.48280382362539 ,9395.0,10:36:15 AM,1572671175568
-2.342 ,9.75 ,0.354,23.551488333333335,87.29659333333332 ,22.97164134979248,84.48280382362539 ,9395.0,10:36:15 AM,1572671175573
-3.168 ,12.058 ,1.617,23.551488333333335,87.29659333333332 ,22.97164134979248,84.48280382362539 ,9395.0,10:36:15 AM,1572671175574
-2.595 ,13.187 ,3.16,23.551488333333335,87.29659333333332 ,22.97164134979248,84.48280382362539 ,9395.0,10:36:15 AM,1572671175578
-3.806 ,12.549 ,2.419,23.551488333333335,87.29659333333332 ,22.97164134979248,84.48280382362539 ,9395.0,10:36:15 AM,1572671175579
-3.247 ,10.762 ,1.952,23.551488333333335,87.29659333333332 ,22.97164134979248,84.48280382362539 ,9395.0,10:36:15 AM,1572671175583
-0.922 ,9.252 ,0.274,23.551488333333335,87.29659333333332 ,22.97164134979248,84.48280382362539 ,9395.0,10:36:15 AM,1572671175583
0.361 ,8.652 ,1.351,23.551488333333335,87.29659333333332 ,22.97164134979248,84.48280382362539 ,9395.0,10:36:15 AM,1572671175589
1.562 ,8.646 ,5.113,23.551488333333335,87.29659333333332 ,22.97164134979248,84.48280382362539 ,9395.0,10:36:15 AM,1572671175590
2.792 ,9.079 ,8.101,23.551488333333335,87.29659333333332 ,22.97164134979248,84.48280382362539 ,9395.0,10:36:15 AM,1572671175592
1.291 ,8.183 ,8.165,23.551488333333335,87.29659333333332 ,22.97164134979248,84.48280382362539 ,9395.0,10:36:15 AM,1572671175593
-1.05 ,6.173 ,8.236,23.551488333333335,87.29659333333332 ,22.97164134979248,84.48280382362539 ,9791.0,10:36:15 AM,1572671175597
-3.515 ,5.354 ,6.096,23.551488333333335,87.29659333333332 ,22.97164134979248,84.48280382362539 ,9791.0,10:36:15 AM,1572671175597
-4.779 ,5.302 ,4.215,23.551488333333335,87.29659333333332 ,22.97164134979248,84.48280382362539 ,9791.0,10:36:15 AM,1572671175602
-5.111 ,5.34 ,9.148,23.551488333333335,87.29659333333332 ,22.97164134979248,84.48280382362539 ,9791.0,10:36:15 AM,1572671175603
-3.372 ,8.26 ,8.1,23.551488333333335,87.29659333333332 ,22.97164134979248,84.48280382362539 ,9791.0,10:36:15 AM,1572671175608
-0.855 ,11.207 ,5.606,23.551488333333335,87.29659333333332 ,22.97164134979248,84.48280382362539 ,9791.0,10:36:15 AM,1572671175608
0.99 ,10.221 ,7.04,23.551488333333335,87.29659333333332 ,22.97164134979248,84.48280382362539 ,9791.0,10:36:15 AM,1572671175612
1.297 ,8.721 ,1.338,23.551488333333335,87.29659333333332 ,22.97164134979248,84.48280382362539 ,9791.0,10:36:15 AM,1572671175613
1.989 ,7.878 ,-3.265,23.551488333333335,87.29659333333332 ,22.97164134979248,84.48280382362539 ,9791.0,10:36:15 AM,1572671175617
1.368 ,7.179 ,-1.007,23.551488333333335,87.29659333333332 ,22.97164134979248,84.48280382362539 ,9791.0,10:36:15 AM,1572671175618
1.05 ,9.346 ,2.631,23.551488333333335,87.29659333333332 ,22.97164134979248,84.48280382362539 ,9791.0,10:36:15 AM,1572671175624
0.644 ,12.737 ,3.187,23.551488333333335,87.29659333333332 ,22.97164134979248,84.48280382362539 ,9791.0,10:36:15 AM,1572671175624
0.562 ,12.632 ,6.612,23.551488333333335,87.29659333333332 ,22.97164134979248,84.48280382362539 ,9791.0,10:36:15 AM,1572671175628
-0.704 ,10.437 ,5.149,23.551488333333335,87.29659333333332 ,22.97164134979248,84.48280382362539 ,9791.0,10:36:15 AM,1572671175628
-1.273 ,8.715 ,1.206,23.551488333333335,87.29659333333332 ,22.97164134979248,84.48280382362539 ,9791.0,10:36:15 AM,1572671175633
-1.765 ,8.098 ,0.409,23.551488333333335,87.29659333333332 ,22.97164134979248,84.48280382362539 ,9791.0,10:36:15 AM,1572671175634
-0.905 ,8.529 ,7.336,23.551488333333335,87.29659333333332 ,22.97164134979248,84.48280382362539 ,9791.0,10:36:15 AM,1572671175639
-1.675 ,9.775 ,7.497,23.551488333333335,87.29659333333332 ,22.97164134979248,84.48280382362539 ,9791.0,10:36:15 AM,1572671175640
-1.016 ,9.324 ,7.744,23.551488333333335,87.29659333333332 ,22.97164134979248,84.48280382362539 ,9791.0,10:36:15 AM,1572671175643
-1.202 ,5.95 ,8.872,23.551488333333335,87.29659333333332 ,22.97164134979248,84.48280382362539 ,9791.0,10:36:15 AM,1572671175643
-2.183 ,4.868 ,6.16,23.551488333333335,87.29659333333332 ,22.97164134979248,84.48280382362539 ,9791.0,10:36:15 AM,1572671175648
-2.275 ,5.528 ,7.489,23.551488333333335,87.29659333333332 ,22.97164134979248,84.48280382362539 ,9791.0,10:36:15 AM,1572671175649
-1.758 ,6.221 ,15.189,23.551488333333335,87.29659333333332 ,22.97164134979248,84.48280382362539 ,9791.0,10:36:15 AM,1572671175654
-2.161 ,6.429 ,16.42,23.551488333333335,87.29659333333332 ,22.97164134979248,84.48280382362539 ,9791.0,10:36:15 AM,1572671175654
-0.846 ,4.995 ,12.265,23.551488333333335,87.29659333333332 ,22.97164134979248,84.48280382362539 ,9791.0,10:36:15 AM,1572671175659
-0.782 ,2.328 ,9.384,23.551488333333335,87.29659333333332 ,22.97164134979248,84.48280382362539 ,9791.0,10:36:15 AM,1572671175659
-1.864 ,2.643 ,8.992,23.551488333333335,87.29659333333332 ,22.97164134979248,84.48280382362539 ,9791.0,10:36:15 AM,1572671175662
-2.693 ,6.568 ,8.539,23.551488333333335,87.29659333333332 ,22.97164134979248,84.48280382362539 ,9791.0,10:36:15 AM,1572671175662
-3.251 ,9.289 ,13.223,23.551488333333335,87.29659333333332 ,22.97164134979248,84.48280382362539 ,9791.0,10:36:15 AM,1572671175668
-4.279 ,8.954 ,14.192,23.551488333333335,87.29659333333332 ,22.97164134979248,84.48280382362539 ,9791.0,10:36:15 AM,1572671175669
-3.103 ,8.385 ,6.294,23.551488333333335,87.29659333333332 ,22.97164134979248,84.48280382362539 ,9791.0,10:36:15 AM,1572671175673
-1.765 ,7.09 ,3.221,23.551488333333335,87.29659333333332 ,22.97164134979248,84.48280382362539 ,9791.0,10:36:15 AM,1572671175673
-0.877 ,7.738 ,3.461,23.551488333333335,87.29659333333332 ,22.97164134979248,84.48280382362539 ,9791.0,10:36:15 AM,1572671175677
-0.752 ,10.855 ,1.438,23.551488333333335,87.29659333333332 ,22.97164134979248,84.48280382362539 ,9791.0,10:36:15 AM,1572671175677
-0.568 ,12.536 ,1.408,23.551488333333335,87.29659333333332 ,22.97164134979248,84.48280382362539 ,9791.0,10:36:15 AM,1572671175682
-0.773 ,12.229 ,4.076,23.551488333333335,87.29659333333332 ,22.97164134979248,84.48280382362539 ,9791.0,10:36:15 AM,1572671175682
-1.193 ,12.689 ,2.788,23.551488333333335,87.29659333333332 ,22.97164134979248,84.48280382362539 ,9791.0,10:36:15 AM,1572671175689
-0.854 ,13.439 ,3.096,23.551488333333335,87.29659333333332 ,22.97164134979248,84.48280382362539 ,9791.0,10:36:15 AM,1572671175689
-1.017 ,12.02 ,6.175,23.551488333333335,87.29659333333332 ,22.97164134979248,84.48280382362539 ,9791.0,10:36:15 AM,1572671175692
-1.073 ,10.646 ,6.363,23.551488333333335,87.29659333333332 ,22.97164134979248,84.48280382362539 ,9791.0,10:36:15 AM,1572671175693
-1.447 ,9.869 ,2.73,23.551488333333335,87.29659333333332 ,22.97164134979248,84.48280382362539 ,9791.0,10:36:15 AM,1572671175697
-0.3 ,8.588 ,5.596,23.551488333333335,87.29659333333332 ,22.97164134979248,84.48280382362539 ,9791.0,10:36:15 AM,1572671175697
-0.205 ,8.317 ,6.353,23.551488333333335,87.29659333333332 ,22.97164134979248,84.48280382362539 ,9791.0,10:36:15 AM,1572671175702
0.699 ,9.931 ,3.977,23.551488333333335,87.29659333333332 ,22.97164134979248,84.48280382362539 ,9791.0,10:36:15 AM,1572671175702
1.224 ,9.751 ,6.438,23.551488333333335,87.29659333333332 ,22.97164134979248,84.48280382362539 ,9791.0,10:36:15 AM,1572671175708
0.202 ,8.259 ,5.666,23.551488333333335,87.29659333333332 ,22.97164134979248,84.48280382362539 ,9791.0,10:36:15 AM,1572671175708
-0.683 ,7.625 ,2.185,23.551488333333335,87.29659333333332 ,22.97164134979248,84.48280382362539 ,9791.0,10:36:15 AM,1572671175713
-1.126 ,5.679 ,3.284,23.551488333333335,87.29659333333332 ,22.97164134979248,84.48280382362539 ,9791.0,10:36:15 AM,1572671175713
-1.043 ,4.735 ,7.165,23.551488333333335,87.29659333333332 ,22.97164134979248,84.48280382362539 ,9791.0,10:36:15 AM,1572671175717
-0.354 ,5.928 ,6.127,23.551488333333335,87.29659333333332 ,22.97164134979248,84.48280382362539 ,9791.0,10:36:15 AM,1572671175718
1.841 ,6.765 ,7.837,23.551488333333335,87.29659333333332 ,22.97164134979248,84.48280382362539 ,9791.0,10:36:15 AM,1572671175722
1.718 ,6.861 ,8.636,23.551488333333335,87.29659333333332 ,22.97164134979248,84.48280382362539 ,9791.0,10:36:15 AM,1572671175723
0.844 ,7.037 ,6.948,23.551488333333335,87.29659333333332 ,22.97164134979248,84.48280382362539 ,9791.0,10:36:15 AM,1572671175727
