x,y,z,latitude,longitude,speed,sound,light,time,timestamp
3.4432526 ,12.664673 ,-4.3270416,23.55044771,87.29806895 ,24.515999794006348,81.58531404466366 ,1.0,21:30:57 PM,1574006457123
2.0928802 ,9.629608 ,0.04449463,23.55044771,87.29806895 ,24.515999794006348,81.58531404466366 ,0.0,21:30:57 PM,1574006457128
1.1506195 ,7.8788757 ,2.110489,23.55044771,87.29806895 ,24.515999794006348,81.58531404466366 ,0.0,21:30:57 PM,1574006457137
-0.14216614 ,7.968704 ,2.8338165,23.55044771,87.29806895 ,24.515999794006348,81.58531404466366 ,0.0,21:30:57 PM,1574006457139
-0.49897766 ,8.002182 ,-1.3147583,23.55044771,87.29806895 ,24.515999794006348,81.58531404466366 ,0.0,21:30:57 PM,1574006457144
-0.021408081 ,8.938202 ,-2.620636,23.55044771,87.29806895 ,24.515999794006348,81.58531404466366 ,0.0,21:30:57 PM,1574006457149
-0.5706482 ,11.279526 ,2.032837,23.55044771,87.29806895 ,24.515999794006348,81.58531404466366 ,0.0,21:30:57 PM,1574006457156
-1.7046204 ,9.144226 ,-3.3196564,23.55044771,87.29806895 ,24.515999794006348,81.58531404466366 ,0.0,21:30:57 PM,1574006457158
-1.2844391 ,8.382217 ,-5.7875977,23.55044771,87.29806895 ,24.515999794006348,81.58531404466366 ,0.0,21:30:57 PM,1574006457163
0.20747375 ,8.152206 ,-2.3743896,23.55044771,87.29806895 ,24.515999794006348,81.58531404466366 ,0.0,21:30:57 PM,1574006457170
1.6377869 ,7.188858 ,-0.4686432,23.55044771,87.29806895 ,24.515999794006348,81.58531404466366 ,0.0,21:30:57 PM,1574006457172
2.6316833 ,7.0644226 ,-4.140869,23.55044771,87.29806895 ,24.515999794006348,81.58531404466366 ,0.0,21:30:57 PM,1574006457176
1.4639893 ,10.342163 ,-2.973465,23.55044771,87.29806895 ,24.515999794006348,81.58531404466366 ,0.0,21:30:57 PM,1574006457181
-1.336853 ,12.32666 ,-3.1450195,23.55044771,87.29806895 ,24.515999794006348,81.58531404466366 ,0.0,21:30:57 PM,1574006457187
-1.4786072 ,12.797256 ,-5.9305573,23.55044771,87.29806895 ,24.515999794006348,81.58531404466366 ,0.0,21:30:57 PM,1574006457192
0.9410553 ,14.566284 ,-3.2962494,23.55044771,87.29806895 ,24.515999794006348,81.58531404466366 ,0.0,21:30:57 PM,1574006457194
1.8378601 ,12.666428 ,-2.9293518,23.55044771,87.29806895 ,24.515999794006348,81.58531404466366 ,0.0,21:30:57 PM,1574006457201
1.9621887 ,10.479218 ,1.8465576,23.55044771,87.29806895 ,24.515999794006348,81.58531404466366 ,0.0,21:30:57 PM,1574006457204
2.3588715 ,6.43515 ,-0.7506714,23.55044771,87.29806895 ,24.515999794006348,81.58531404466366 ,0.0,21:30:57 PM,1574006457209
0.478714 ,6.2651825 ,3.5215454,23.55044771,87.29806895 ,24.515999794006348,81.58531404466366 ,0.0,21:30:57 PM,1574006457214
-3.063446 ,4.9949646 ,1.6631927,23.55044771,87.29806895 ,24.515999794006348,81.58531404466366 ,0.0,21:30:57 PM,1574006457222
-3.0106049 ,6.663162 ,-1.8394928,23.55044771,87.29806895 ,24.515999794006348,81.58531404466366 ,0.0,21:30:57 PM,1574006457225
-0.12376404 ,12.101517 ,-1.0170593,23.55044771,87.29806895 ,24.515999794006348,81.58531404466366 ,0.0,21:30:57 PM,1574006457229
0.31280518 ,12.724075 ,-7.7819366,23.55044771,87.29806895 ,24.515999794006348,81.58531404466366 ,0.0,21:30:57 PM,1574006457236
-0.717453 ,13.579407 ,-4.682663,23.55044771,87.29806895 ,24.515999794006348,81.58531404466366 ,0.0,21:30:57 PM,1574006457238
0.6726532 ,12.937256 ,-4.054657,23.55044771,87.29806895 ,24.515999794006348,81.58531404466366 ,0.0,21:30:57 PM,1574006457242
1.7030792 ,8.772186 ,-6.271408,23.55044771,87.29806895 ,24.515999794006348,81.58531404466366 ,0.0,21:30:57 PM,1574006457252
0.6836853 ,6.618759 ,1.2442932,23.55044771,87.29806895 ,24.515999794006348,81.58531404466366 ,0.0,21:30:57 PM,1574006457257
0.08605957 ,3.4768524 ,-0.92855835,23.55044771,87.29806895 ,24.515999794006348,81.58531404466366 ,0.0,21:30:57 PM,1574006457261
1.6129608 ,7.673813 ,4.2099457,23.55044771,87.29806895 ,24.515999794006348,81.58531404466366 ,0.0,21:30:57 PM,1574006457270
1.8234406 ,8.644424 ,-2.0428772,23.55044771,87.29806895 ,24.515999794006348,81.58531404466366 ,0.0,21:30:57 PM,1574006457272
-0.6385193 ,11.400879 ,1.0741577,23.55044771,87.29806895 ,24.515999794006348,84.49910107473038 ,0.0,21:30:57 PM,1574006457276
-2.563095 ,10.71962 ,-1.098526,23.55044771,87.29806895 ,24.515999794006348,84.49910107473038 ,0.0,21:30:57 PM,1574006457280
-0.8318176 ,9.896454 ,-1.6998291,23.55044771,87.29806895 ,24.515999794006348,84.49910107473038 ,0.0,21:30:57 PM,1574006457286
2.3900452 ,9.353485 ,0.78793335,23.55044771,87.29806895 ,24.515999794006348,84.49910107473038 ,0.0,21:30:57 PM,1574006457290
3.1146698 ,7.358246 ,0.36195374,23.55044771,87.29806895 ,24.515999794006348,84.49910107473038 ,0.0,21:30:57 PM,1574006457295
1.8569794 ,6.763199 ,0.19750977,23.55044771,87.29806895 ,24.515999794006348,84.49910107473038 ,0.0,21:30:57 PM,1574006457302
1.1737671 ,7.8838043 ,-3.6872253,23.55044771,87.29806895 ,24.515999794006348,84.49910107473038 ,0.0,21:30:57 PM,1574006457305
0.61468506 ,12.068268 ,-3.8942719,23.55044771,87.29806895 ,24.515999794006348,84.49910107473038 ,0.0,21:30:57 PM,1574006457310
-0.71894836 ,14.67865 ,-3.7779999,23.55044771,87.29806895 ,24.515999794006348,84.49910107473038 ,0.0,21:30:57 PM,1574006457314
-0.6903076 ,13.259964 ,-5.355789,23.55044771,87.29806895 ,24.515999794006348,84.49910107473038 ,0.0,21:30:57 PM,1574006457320
0.94659424 ,11.888138 ,-0.95596313,23.55044771,87.29806895 ,24.515999794006348,84.49910107473038 ,0.0,21:30:57 PM,1574006457324
1.3204346 ,7.7779083 ,-0.061553955,23.55044771,87.29806895 ,24.515999794006348,84.49910107473038 ,0.0,21:30:57 PM,1574006457328
0.3782196 ,4.8067017 ,1.3655243,23.55044771,87.29806895 ,24.515999794006348,84.49910107473038 ,0.0,21:30:57 PM,1574006457337
-0.06336975 ,2.9958954 ,-0.9755249,23.55044771,87.29806895 ,24.515999794006348,84.49910107473038 ,0.0,21:30:57 PM,1574006457339
-0.08036804 ,6.223114 ,2.556137,23.55044771,87.29806895 ,24.515999794006348,84.49910107473038 ,0.0,21:30:57 PM,1574006457344
-0.9684601 ,7.329956 ,-3.9971466,23.55044771,87.29806895 ,24.515999794006348,84.49910107473038 ,0.0,21:30:57 PM,1574006457349
-1.3375397 ,9.639908 ,-9.49118,23.55044771,87.29806895 ,24.515999794006348,84.49910107473038 ,0.0,21:30:57 PM,1574006457355
0.35816956 ,12.405426 ,-9.22023,23.55044771,87.29806895 ,24.515999794006348,84.49910107473038 ,0.0,21:30:57 PM,1574006457358
2.7232819 ,11.493942 ,-8.103867,23.55044771,87.29806895 ,24.515999794006348,84.49910107473038 ,0.0,21:30:57 PM,1574006457363
3.636444 ,11.259216 ,1.6028442,23.55044771,87.29806895 ,24.515999794006348,84.49910107473038 ,0.0,21:30:57 PM,1574006457370
1.5768127 ,7.2143707 ,-0.2743225,23.55044771,87.29806895 ,24.515999794006348,84.49910107473038 ,0.0,21:30:57 PM,1574006457373
-1.8897247 ,8.105652 ,6.3519287,23.55044771,87.29806895 ,24.515999794006348,84.49910107473038 ,0.0,21:30:57 PM,1574006457382
-2.2396698 ,8.201294 ,4.8337555,23.55044771,87.29806895 ,24.515999794006348,84.49910107473038 ,0.0,21:30:57 PM,1574006457388
0.6867676 ,8.343613 ,-4.8392334,23.55044771,87.29806895 ,24.515999794006348,84.49910107473038 ,0.0,21:30:57 PM,1574006457392
1.1868286 ,13.14917 ,3.4184875,23.55044771,87.29806895 ,24.515999794006348,84.49910107473038 ,0.0,21:30:57 PM,1574006457396
-0.19851685 ,9.739853 ,-1.1339111,23.55044771,87.29806895 ,24.515999794006348,84.49910107473038 ,0.0,21:30:57 PM,1574006457404
1.3636932 ,9.077316 ,-1.6882324,23.55044771,87.29806895 ,24.515999794006348,84.49910107473038 ,0.0,21:30:57 PM,1574006457406
2.3582916 ,9.576965 ,-2.5604858,23.55044771,87.29806895 ,24.515999794006348,84.49910107473038 ,0.0,21:30:57 PM,1574006457410
-1.2478485 ,9.3815 ,0.1600647,23.55044771,87.29806895 ,24.515999794006348,84.49910107473038 ,0.0,21:30:57 PM,1574006457416
-3.8178406 ,8.818207 ,0.28709412,23.55044771,87.29806895 ,24.515999794006348,84.49910107473038 ,0.0,21:30:57 PM,1574006457423
-1.5074768 ,11.180206 ,-1.031784,23.55044771,87.29806895 ,24.515999794006348,84.49910107473038 ,0.0,21:30:57 PM,1574006457426
0.8404541 ,13.80928 ,-2.1897736,23.55044771,87.29806895 ,24.515999794006348,84.49910107473038 ,0.0,21:30:57 PM,1574006457431
1.2771912 ,12.613083 ,-6.4333496,23.55044771,87.29806895 ,24.515999794006348,84.49910107473038 ,0.0,21:30:57 PM,1574006457440
3.0008698 ,11.22998 ,-6.9512634,23.55044771,87.29806895 ,24.515999794006348,84.49910107473038 ,0.0,21:30:57 PM,1574006457442
4.271744 ,8.781723 ,-4.8897552,23.55044771,87.29806895 ,24.515999794006348,84.49910107473038 ,0.0,21:30:57 PM,1574006457444
2.0258026 ,5.5074615 ,0.89746094,23.55044771,87.29806895 ,24.515999794006348,84.49910107473038 ,0.0,21:30:57 PM,1574006457449
-1.1209564 ,4.4197693 ,6.8935547,23.55044771,87.29806895 ,24.515999794006348,84.49910107473038 ,0.0,21:30:57 PM,1574006457455
-2.1299438 ,4.953949 ,4.736908,23.55044771,87.29806895 ,24.515999794006348,84.49910107473038 ,0.0,21:30:57 PM,1574006457459
-1.5677795 ,7.5657043 ,0.98612976,23.55044771,87.29806895 ,24.515999794006348,84.49910107473038 ,0.0,21:30:57 PM,1574006457464
-0.29093933 ,9.267761 ,-3.7084045,23.55044771,87.29806895 ,24.515999794006348,84.49910107473038 ,0.0,21:30:57 PM,1574006457471
2.3643494 ,12.366211 ,-3.9141388,23.55044771,87.29806895 ,24.515999794006348,84.49910107473038 ,0.0,21:30:57 PM,1574006457473
5.0575256 ,12.677673 ,-5.681427,23.55044771,87.29806895 ,24.515999794006348,84.49910107473038 ,0.0,21:30:57 PM,1574006457478
4.5749817 ,12.3763275 ,-2.128601,23.55044771,87.29806895 ,24.515999794006348,84.49910107473038 ,0.0,21:30:57 PM,1574006457483
0.7771301 ,11.385269 ,0.8304138,23.55044771,87.29806895 ,24.515999794006348,84.49910107473038 ,0.0,21:30:57 PM,1574006457488
-2.2575684 ,9.79068 ,-3.51503,23.55044771,87.29806895 ,24.515999794006348,84.49910107473038 ,0.0,21:30:57 PM,1574006457492
-1.3455048 ,11.195801 ,-3.0539246,23.55044771,87.29806895 ,24.515999794006348,84.49910107473038 ,0.0,21:30:57 PM,1574006457496
0.80615234 ,9.175537 ,-6.484192,23.55044771,87.29806895 ,24.515999794006348,84.49910107473038 ,0.0,21:30:57 PM,1574006457504
2.2683105 ,9.420227 ,0.4778595,23.55044771,87.29806895 ,24.515999794006348,84.49910107473038 ,0.0,21:30:57 PM,1574006457506
2.157486 ,8.191208 ,-0.81752014,23.55044771,87.29806895 ,24.515999794006348,84.49910107473038 ,0.0,21:30:57 PM,1574006457517
0.029830933 ,9.16185 ,-2.7588806,23.55044771,87.29806895 ,24.515999794006348,84.49910107473038 ,0.0,21:30:57 PM,1574006457525
-3.7587433 ,10.772781 ,1.7595062,23.55044771,87.29806895 ,24.515999794006348,84.49910107473038 ,0.0,21:30:57 PM,1574006457527
-4.0039825 ,8.051758 ,-2.6928406,23.55044771,87.29806895 ,24.515999794006348,84.49910107473038 ,0.0,21:30:57 PM,1574006457532
1.1893005 ,9.5876465 ,0.93618774,23.55044771,87.29806895 ,24.515999794006348,84.49910107473038 ,0.0,21:30:57 PM,1574006457541
5.142273 ,9.834808 ,-0.55633545,23.55044771,87.29806895 ,24.515999794006348,84.49910107473038 ,0.0,21:30:57 PM,1574006457544
4.4312286 ,8.397186 ,-2.6410828,23.55044771,87.29806895 ,24.515999794006348,84.49910107473038 ,0.0,21:30:57 PM,1574006457547
2.1448212 ,8.101028 ,-4.361786,23.55044771,87.29806895 ,24.515999794006348,84.49910107473038 ,0.0,21:30:57 PM,1574006457550
-0.31948853 ,9.167984 ,-5.8526917,23.55044771,87.29806895 ,24.515999794006348,84.49910107473038 ,0.0,21:30:57 PM,1574006457556
-3.5194702 ,10.099548 ,-4.035324,23.55044771,87.29806895 ,24.515999794006348,84.49910107473038 ,0.0,21:30:57 PM,1574006457559
-4.074524 ,7.771347 ,-6.499069,23.55044771,87.29806895 ,24.515999794006348,84.49910107473038 ,0.0,21:30:57 PM,1574006457563
0.15034485 ,9.211029 ,-0.22087097,23.55044771,87.29806895 ,24.515999794006348,84.49910107473038 ,0.0,21:30:57 PM,1574006457570
3.8928986 ,9.721069 ,1.1598511,23.55044771,87.29806895 ,24.515999794006348,84.49910107473038 ,0.0,21:30:57 PM,1574006457573
3.4367218 ,9.553253 ,0.12265015,23.55044771,87.29806895 ,24.515999794006348,84.49910107473038 ,0.0,21:30:57 PM,1574006457578
1.0142975 ,9.649414 ,-1.789856,23.55044771,87.29806895 ,24.515999794006348,84.49910107473038 ,0.0,21:30:57 PM,1574006457583
-0.65592957 ,10.383606 ,-0.4220581,23.55044771,87.29806895 ,24.515999794006348,84.49910107473038 ,0.0,21:30:57 PM,1574006457590
-0.6898041 ,10.517197 ,0.6747894,23.55044771,87.29806895 ,24.515999794006348,84.49910107473038 ,0.0,21:30:57 PM,1574006457592
0.4132843 ,9.277069 ,-2.2445526,23.55044771,87.29806895 ,24.515999794006348,84.49910107473038 ,0.0,21:30:57 PM,1574006457597
0.19233704 ,11.063751 ,2.2009735,23.55044771,87.29806895 ,24.515999794006348,84.49910107473038 ,0.0,21:30:57 PM,1574006457605
-1.4716339 ,10.060776 ,1.2405243,23.55044771,87.29806895 ,24.515999794006348,84.49910107473038 ,0.0,21:30:57 PM,1574006457607
-0.90966797 ,9.272171 ,-2.937271,23.55044771,87.29806895 ,24.515999794006348,84.49910107473038 ,0.0,21:30:57 PM,1574006457611
