x,y,z,latitude,longitude,speed,sound,light,time,timestamp
-4.946167 ,12.504242 ,-12.513641,23.54915605,87.30025297 ,22.463999176025393,82.03903892091581 ,0.0,21:31:37 PM,1574006497412
0.9407501 ,12.783524 ,-5.701126,23.54915605,87.30025297 ,22.463999176025393,82.03903892091581 ,0.0,21:31:37 PM,1574006497419
6.8119354 ,9.938736 ,-0.934906,23.54915605,87.30025297 ,22.463999176025393,82.03903892091581 ,0.0,21:31:37 PM,1574006497423
6.6787415 ,9.270172 ,5.5153046,23.54915605,87.30025297 ,22.463999176025393,82.03903892091581 ,0.0,21:31:37 PM,1574006497428
1.5997772 ,8.784271 ,2.0302887,23.54915605,87.30025297 ,22.463999176025393,82.03903892091581 ,0.0,21:31:37 PM,1574006497435
-4.4055176 ,11.037964 ,1.6637268,23.54915605,87.30025297 ,22.463999176025393,82.03903892091581 ,0.0,21:31:37 PM,1574006497437
-7.4034576 ,8.550354 ,-5.9188995,23.54915605,87.30025297 ,22.463999176025393,82.03903892091581 ,0.0,21:31:37 PM,1574006497441
-4.824753 ,6.5141144 ,-6.2594147,23.54915605,87.30025297 ,22.463999176025393,82.03903892091581 ,0.0,21:31:37 PM,1574006497446
0.42893982 ,5.701248 ,-0.65953064,23.54915605,87.30025297 ,22.463999176025393,82.03903892091581 ,0.0,21:31:37 PM,1574006497452
4.0822906 ,3.5272064 ,-0.41079712,23.54915605,87.30025297 ,22.463999176025393,82.03903892091581 ,0.0,21:31:37 PM,1574006497456
4.782135 ,7.490036 ,6.6525116,23.54915605,87.30025297 ,22.463999176025393,82.03903892091581 ,0.0,21:31:37 PM,1574006497461
2.0313263 ,10.306229 ,0.32139587,23.54915605,87.30025297 ,22.463999176025393,82.03903892091581 ,0.0,21:31:37 PM,1574006497471
-2.1305084 ,14.2499695 ,-3.962555,23.54915605,87.30025297 ,22.463999176025393,82.03903892091581 ,0.0,21:31:37 PM,1574006497476
-2.600891 ,16.340134 ,-4.84993,23.54915605,87.30025297 ,22.463999176025393,82.03903892091581 ,0.0,21:31:37 PM,1574006497480
1.2989349 ,14.697693 ,-7.190872,23.54915605,87.30025297 ,22.463999176025393,82.03903892091581 ,0.0,21:31:37 PM,1574006497486
4.248474 ,12.918671 ,-1.4400177,23.54915605,87.30025297 ,22.463999176025393,82.03903892091581 ,0.0,21:31:37 PM,1574006497490
4.379013 ,7.7523346 ,-3.1253357,23.54915605,87.30025297 ,22.463999176025393,82.03903892091581 ,0.0,21:31:37 PM,1574006497495
3.3748474 ,5.1779327 ,-2.7548828,23.54915605,87.30025297 ,22.463999176025393,82.03903892091581 ,0.0,21:31:37 PM,1574006497501
0.6093445 ,6.9283905 ,2.2620544,23.54915605,87.30025297 ,22.463999176025393,82.03903892091581 ,0.0,21:31:37 PM,1574006497504
-3.4626007 ,7.287567 ,2.441269,23.54915605,87.30025297 ,22.463999176025393,82.03903892091581 ,0.0,21:31:37 PM,1574006497508
-4.547989 ,9.280884 ,1.871933,23.54915605,87.30025297 ,22.463999176025393,82.03903892091581 ,0.0,21:31:37 PM,1574006497514
-1.1864777 ,11.984711 ,0.3529663,23.54915605,87.30025297 ,22.463999176025393,82.03903892091581 ,0.0,21:31:37 PM,1574006497521
3.0835114 ,12.865448 ,-0.76457214,23.54915605,87.30025297 ,22.463999176025393,82.03903892091581 ,0.0,21:31:37 PM,1574006497524
5.399643 ,9.403595 ,-4.0258484,23.54915605,87.30025297 ,22.463999176025393,82.03903892091581 ,0.0,21:31:37 PM,1574006497528
5.1587677 ,6.649872 ,-2.030548,23.54915605,87.30025297 ,22.463999176025393,82.03903892091581 ,0.0,21:31:37 PM,1574006497534
2.2043 ,4.6483917 ,-0.62789917,23.54915605,87.30025297 ,22.463999176025393,82.03903892091581 ,0.0,21:31:37 PM,1574006497541
-2.0600739 ,3.8388214 ,-3.1785736,23.54915605,87.30025297 ,22.463999176025393,82.03903892091581 ,0.0,21:31:37 PM,1574006497543
-4.4734497 ,6.9191284 ,-5.1950073,23.54915605,87.30025297 ,22.463999176025393,82.03903892091581 ,0.0,21:31:37 PM,1574006497547
-3.5621338 ,11.419876 ,-6.776062,23.54915605,87.30025297 ,22.463999176025393,82.03903892091581 ,0.0,21:31:37 PM,1574006497552
0.26481628 ,15.163315 ,-10.2230835,23.54915605,87.30025297 ,22.463999176025393,82.03903892091581 ,0.0,21:31:37 PM,1574006497557
5.0869293 ,16.683533 ,-12.507187,23.54915605,87.30025297 ,22.463999176025393,82.03903892091581 ,0.0,21:31:37 PM,1574006497561
6.9248962 ,16.996689 ,-6.6000977,23.54915605,87.30025297 ,22.463999176025393,82.03903892091581 ,0.0,21:31:37 PM,1574006497567
3.8146515 ,12.681702 ,0.2811432,23.54915605,87.30025297 ,22.463999176025393,82.03903892091581 ,0.0,21:31:37 PM,1574006497571
-1.7944489 ,6.1822357 ,0.18188477,23.54915605,87.30025297 ,22.463999176025393,82.03903892091581 ,0.0,21:31:37 PM,1574006497576
-6.626526 ,5.2253265 ,6.2651825,23.54915605,87.30025297 ,22.463999176025393,82.03903892091581 ,0.0,21:31:37 PM,1574006497581
-8.386826 ,2.3425903 ,0.80766296,23.54915605,87.30025297 ,22.463999176025393,84.1032897619712 ,0.0,21:31:37 PM,1574006497586
-3.7761383 ,3.914917 ,-0.57766724,23.54915605,87.30025297 ,22.463999176025393,84.1032897619712 ,0.0,21:31:37 PM,1574006497591
4.3021393 ,6.1831207 ,-1.2480927,23.54915605,87.30025297 ,22.463999176025393,84.1032897619712 ,0.0,21:31:37 PM,1574006497595
7.067398 ,10.98259 ,4.8201904,23.54915605,87.30025297 ,22.463999176025393,84.1032897619712 ,0.0,21:31:37 PM,1574006497605
3.349472 ,11.146042 ,0.08621216,23.54915605,87.30025297 ,22.463999176025393,84.1032897619712 ,0.0,21:31:37 PM,1574006497609
-0.41384888 ,11.653 ,-3.226883,23.54915605,87.30025297 ,22.463999176025393,84.1032897619712 ,0.0,21:31:37 PM,1574006497618
-1.684906 ,13.057098 ,-0.6191864,23.54915605,87.30025297 ,22.463999176025393,84.1032897619712 ,0.0,21:31:37 PM,1574006497620
-0.44070435 ,11.099472 ,-1.9950256,23.54915605,87.30025297 ,22.463999176025393,84.1032897619712 ,0.0,21:31:37 PM,1574006497624
2.170868 ,11.200302 ,0.19747925,23.54915605,87.30025297 ,22.463999176025393,84.1032897619712 ,0.0,21:31:37 PM,1574006497629
2.8013153 ,10.334915 ,-3.0323486,23.54915605,87.30025297 ,22.463999176025393,84.1032897619712 ,0.0,21:31:37 PM,1574006497635
-0.36779785 ,10.326477 ,-3.4327393,23.54915605,87.30025297 ,22.463999176025393,84.1032897619712 ,0.0,21:31:37 PM,1574006497637
-3.6653442 ,8.5850525 ,-9.227142,23.54915605,87.30025297 ,22.463999176025393,84.1032897619712 ,0.0,21:31:37 PM,1574006497643
-3.5592957 ,9.6523285 ,-8.115097,23.54915605,87.30025297 ,22.463999176025393,84.1032897619712 ,0.0,21:31:37 PM,1574006497647
-1.084549 ,9.69249 ,-4.4828186,23.54915605,87.30025297 ,22.463999176025393,84.1032897619712 ,0.0,21:31:37 PM,1574006497653
2.3840942 ,6.9983673 ,-4.196747,23.54915605,87.30025297 ,22.463999176025393,84.1032897619712 ,0.0,21:31:37 PM,1574006497657
5.318924 ,8.610062 ,3.3272095,23.54915605,87.30025297 ,22.463999176025393,84.1032897619712 ,0.0,21:31:37 PM,1574006497662
4.859619 ,9.992828 ,3.5297394,23.54915605,87.30025297 ,22.463999176025393,84.1032897619712 ,0.0,21:31:37 PM,1574006497668
1.0408478 ,11.433121 ,2.648758,23.54915605,87.30025297 ,22.463999176025393,84.1032897619712 ,0.0,21:31:37 PM,1574006497673
-2.6411896 ,10.638397 ,-3.2130585,23.54915605,87.30025297 ,22.463999176025393,84.1032897619712 ,0.0,21:31:37 PM,1574006497676
-3.0283356 ,11.647522 ,-2.0668945,23.54915605,87.30025297 ,22.463999176025393,84.1032897619712 ,0.0,21:31:37 PM,1574006497681
-0.67211914 ,9.666534 ,-2.762146,23.54915605,87.30025297 ,22.463999176025393,84.1032897619712 ,0.0,21:31:37 PM,1574006497686
2.4616241 ,5.660843 ,-5.5321198,23.54915605,87.30025297 ,22.463999176025393,84.1032897619712 ,0.0,21:31:37 PM,1574006497691
3.504486 ,7.2538605 ,3.0690155,23.54915605,87.30025297 ,22.463999176025393,84.1032897619712 ,0.0,21:31:37 PM,1574006497696
0.15458679 ,6.9112396 ,3.3924103,23.54915605,87.30025297 ,22.463999176025393,84.1032897619712 ,0.0,21:31:37 PM,1574006497702
-3.6003418 ,6.1566467 ,-4.157181,23.54915605,87.30025297 ,22.463999176025393,84.1032897619712 ,0.0,21:31:37 PM,1574006497705
-2.106598 ,8.75296 ,-8.083252,23.54915605,87.30025297 ,22.463999176025393,84.1032897619712 ,0.0,21:31:37 PM,1574006497710
2.4419098 ,11.666122 ,-6.712494,23.54915605,87.30025297 ,22.463999176025393,84.1032897619712 ,0.0,21:31:37 PM,1574006497719
5.1819763 ,13.445892 ,-2.888794,23.54915605,87.30025297 ,22.463999176025393,84.1032897619712 ,0.0,21:31:37 PM,1574006497721
5.331238 ,11.675354 ,-3.7616577,23.54915605,87.30025297 ,22.463999176025393,84.1032897619712 ,0.0,21:31:37 PM,1574006497725
2.0894012 ,11.501556 ,2.1139984,23.54915605,87.30025297 ,22.463999176025393,84.1032897619712 ,0.0,21:31:37 PM,1574006497736
-2.501892 ,4.932205 ,-3.3932037,23.54915605,87.30025297 ,22.463999176025393,84.1032897619712 ,0.0,21:31:37 PM,1574006497739
-2.1031342 ,4.487213 ,-1.163208,23.54915605,87.30025297 ,22.463999176025393,84.1032897619712 ,0.0,21:31:37 PM,1574006497743
1.9597778 ,8.841171 ,2.0471344,23.54915605,87.30025297 ,22.463999176025393,84.1032897619712 ,0.0,21:31:37 PM,1574006497753
2.8943787 ,9.436966 ,-2.2868958,23.54915605,87.30025297 ,22.463999176025393,84.1032897619712 ,0.0,21:31:37 PM,1574006497755
0.30903625 ,12.9857025 ,1.0393677,23.54915605,87.30025297 ,22.463999176025393,84.1032897619712 ,0.0,21:31:37 PM,1574006497758
-1.3572998 ,12.049011 ,-7.5274963,23.54915605,87.30025297 ,22.463999176025393,84.1032897619712 ,0.0,21:31:37 PM,1574006497762
-1.1620483 ,14.253387 ,-4.5759277,23.54915605,87.30025297 ,22.463999176025393,84.1032897619712 ,0.0,21:31:37 PM,1574006497769
-0.713501 ,9.856506 ,-5.9583282,23.54915605,87.30025297 ,22.463999176025393,84.1032897619712 ,0.0,21:31:37 PM,1574006497772
-0.08268738 ,7.4369354 ,0.3388672,23.54915605,87.30025297 ,22.463999176025393,84.1032897619712 ,0.0,21:31:37 PM,1574006497777
0.1068573 ,6.19191 ,5.3636475,23.54915605,87.30025297 ,22.463999176025393,84.1032897619712 ,0.0,21:31:37 PM,1574006497782
0.0046539307 ,5.6360016 ,1.2198334,23.54915605,87.30025297 ,22.463999176025393,84.1032897619712 ,0.0,21:31:37 PM,1574006497787
-0.06161499 ,8.232086 ,-2.4015503,23.54915605,87.30025297 ,22.463999176025393,84.1032897619712 ,0.0,21:31:37 PM,1574006497791
-0.5776825 ,11.447113 ,-2.890091,23.54915605,87.30025297 ,22.463999176025393,84.1032897619712 ,0.0,21:31:37 PM,1574006497795
-0.20523071 ,13.115448 ,-0.39141846,23.54915605,87.30025297 ,22.463999176025393,84.1032897619712 ,0.0,21:31:37 PM,1574006497802
2.0102386 ,11.245026 ,-3.688202,23.54915605,87.30025297 ,22.463999176025393,84.1032897619712 ,0.0,21:31:37 PM,1574006497806
3.5448303 ,11.053375 ,-0.40834045,23.54915605,87.30025297 ,22.463999176025393,84.1032897619712 ,0.0,21:31:37 PM,1574006497810
2.2756348 ,8.130325 ,-1.8096008,23.54915605,87.30025297 ,22.463999176025393,84.1032897619712 ,0.0,21:31:37 PM,1574006497816
1.502121 ,6.7951965 ,-1.8989563,23.54915605,87.30025297 ,22.463999176025393,84.1032897619712 ,0.0,21:31:37 PM,1574006497821
1.6455383 ,8.278503 ,-1.7361298,23.54915605,87.30025297 ,22.463999176025393,84.1032897619712 ,0.0,21:31:37 PM,1574006497826
-1.5695953 ,10.232986 ,-1.3569489,23.54915605,87.30025297 ,22.463999176025393,84.1032897619712 ,0.0,21:31:37 PM,1574006497830
-5.996292 ,11.118683 ,-2.1771545,23.54915605,87.30025297 ,22.463999176025393,84.1032897619712 ,0.0,21:31:37 PM,1574006497841
-5.5131073 ,10.526749 ,-4.8486176,23.54915605,87.30025297 ,22.463999176025393,84.1032897619712 ,0.0,21:31:37 PM,1574006497844
-0.4591217 ,11.307983 ,-1.1130371,23.54915605,87.30025297 ,22.463999176025393,84.1032897619712 ,0.0,21:31:37 PM,1574006497846
4.0655518 ,7.9469757 ,-3.3128967,23.54915605,87.30025297 ,22.463999176025393,84.1032897619712 ,0.0,21:31:37 PM,1574006497851
5.6632996 ,4.812317 ,-4.724884,23.54915605,87.30025297 ,22.463999176025393,84.1032897619712 ,0.0,21:31:37 PM,1574006497859
5.0511627 ,7.5442505 ,3.60289,23.54915605,87.30025297 ,22.463999176025393,84.1032897619712 ,0.0,21:31:37 PM,1574006497861
2.3033752 ,7.6364594 ,-1.1407318,23.54915605,87.30025297 ,22.463999176025393,84.1032897619712 ,0.0,21:31:37 PM,1574006497871
-1.6920929 ,11.552368 ,-1.0979767,23.54915605,87.30025297 ,22.463999176025393,84.1032897619712 ,0.0,21:31:37 PM,1574006497874
-4.5291443 ,13.655945 ,-6.343994,23.54912314,87.30030394 ,22.068000411987306,84.1032897619712 ,0.0,21:31:37 PM,1574006497877
-3.0930634 ,15.263947 ,-3.2803497,23.54912314,87.30030394 ,22.068000411987306,84.1032897619712 ,0.0,21:31:37 PM,1574006497882
2.1995087 ,11.546677 ,-5.552597,23.54912314,87.30030394 ,22.068000411987306,84.1032897619712 ,0.0,21:31:37 PM,1574006497887
6.4807434 ,8.920593 ,0.20440674,23.54912314,87.30030394 ,22.068000411987306,84.1032897619712 ,0.0,21:31:37 PM,1574006497891
4.3861847 ,7.360031 ,7.1483917,23.54912314,87.30030394 ,22.068000411987306,84.1032897619712 ,0.0,21:31:37 PM,1574006497896
-1.3360443 ,3.208725 ,1.5288849,23.54912314,87.30030394 ,22.068000411987306,84.1032897619712 ,0.0,21:31:37 PM,1574006497902
-4.1102295 ,4.9236145 ,-0.24476624,23.54912314,87.30030394 ,22.068000411987306,84.1032897619712 ,0.0,21:31:37 PM,1574006497906
