x,y,z,latitude,longitude,speed,sound,light,time,timestamp
0.007843018 ,7.4010468 ,-5.467621,23.55116644,87.29683292 ,19.8,76.87999214812949 ,0.0,21:30:34 PM,1574006434237
-3.340454 ,9.645157 ,4.0455627,23.55116644,87.29683292 ,19.8,76.87999214812949 ,0.0,21:30:34 PM,1574006434241
-1.548233 ,12.429474 ,7.607147,23.55116644,87.29683292 ,19.8,76.87999214812949 ,0.0,21:30:34 PM,1574006434252
1.4491119 ,12.066727 ,3.4332733,23.55116644,87.29683292 ,19.8,76.87999214812949 ,0.0,21:30:34 PM,1574006434255
2.0225525 ,12.270996 ,4.101166,23.55116644,87.29683292 ,19.8,76.87999214812949 ,0.0,21:30:34 PM,1574006434260
2.0674744 ,11.123886 ,1.1247711,23.55116644,87.29683292 ,19.8,76.87999214812949 ,0.0,21:30:34 PM,1574006434266
1.86586 ,6.613785 ,-4.2183533,23.55116644,87.29683292 ,19.8,76.87999214812949 ,0.0,21:30:34 PM,1574006434270
0.83595276 ,3.1595306 ,0.8916931,23.55116644,87.29683292 ,19.8,76.87999214812949 ,0.0,21:30:34 PM,1574006434274
0.46739197 ,0.81573486 ,0.8748779,23.55116644,87.29683292 ,19.8,76.87999214812949 ,0.0,21:30:34 PM,1574006434279
-0.42375183 ,6.0386047 ,1.7529144,23.55116644,87.29683292 ,19.8,76.87999214812949 ,0.0,21:30:34 PM,1574006434286
-4.66893 ,11.869339 ,-2.4253082,23.55116644,87.29683292 ,19.8,76.87999214812949 ,0.0,21:30:34 PM,1574006434289
-8.656021 ,14.672943 ,-9.028824,23.55116644,87.29683292 ,19.8,76.87999214812949 ,0.0,21:30:34 PM,1574006434294
-5.019745 ,15.03479 ,-11.721634,23.55116644,87.29683292 ,19.8,76.87999214812949 ,0.0,21:30:34 PM,1574006434300
4.4606934 ,13.426147 ,-10.306168,23.55116644,87.29683292 ,19.8,76.87999214812949 ,0.0,21:30:34 PM,1574006434304
10.552948 ,12.228821 ,-0.09005737,23.55116644,87.29683292 ,19.8,76.87999214812949 ,0.0,21:30:34 PM,1574006434308
7.9151154 ,9.322235 ,8.560715,23.55116644,87.29683292 ,19.8,76.87999214812949 ,0.0,21:30:34 PM,1574006434313
-0.5055847 ,6.292923 ,7.8507996,23.55116644,87.29683292 ,19.8,76.87999214812949 ,0.0,21:30:34 PM,1574006434319
-7.777466 ,7.582672 ,4.0742035,23.55116644,87.29683292 ,19.8,76.87999214812949 ,0.0,21:30:34 PM,1574006434323
-9.821716 ,10.87561 ,-0.547348,23.55116644,87.29683292 ,19.8,76.87999214812949 ,0.0,21:30:34 PM,1574006434328
-5.622772 ,11.255234 ,-6.780319,23.55116644,87.29683292 ,19.8,76.87999214812949 ,0.0,21:30:34 PM,1574006434334
2.5896606 ,10.431335 ,-6.4178314,23.55116644,87.29683292 ,19.8,76.87999214812949 ,0.0,21:30:34 PM,1574006434338
8.472565 ,8.520004 ,-5.1032104,23.55116644,87.29683292 ,19.8,76.87999214812949 ,0.0,21:30:34 PM,1574006434343
7.5079803 ,6.899063 ,-4.863907,23.55116644,87.29683292 ,19.8,76.87999214812949 ,0.0,21:30:34 PM,1574006434351
0.3471985 ,8.519745 ,2.576645,23.55116644,87.29683292 ,19.8,76.87999214812949 ,0.0,21:30:34 PM,1574006434353
-7.337555 ,9.050705 ,6.5911407,23.55116644,87.29683292 ,19.8,76.87999214812949 ,0.0,21:30:34 PM,1574006434357
-9.670853 ,9.92543 ,0.21484375,23.55116644,87.29683292 ,19.8,76.87999214812949 ,0.0,21:30:34 PM,1574006434362
-4.1264496 ,12.143509 ,-3.8453064,23.55116644,87.29683292 ,19.8,76.87999214812949 ,0.0,21:30:34 PM,1574006434370
4.4680023 ,14.008606 ,-6.638199,23.55116644,87.29683292 ,19.8,76.87999214812949 ,0.0,21:30:34 PM,1574006434373
11.384399 ,12.033325 ,-6.121353,23.55116644,87.29683292 ,19.8,76.87999214812949 ,0.0,21:30:34 PM,1574006434380
11.392929 ,6.608917 ,-8.225296,23.55116644,87.29683292 ,19.8,76.87999214812949 ,0.0,21:30:34 PM,1574006434385
2.6014404 ,4.727371 ,0.045715332,23.55116644,87.29683292 ,19.8,76.87999214812949 ,0.0,21:30:34 PM,1574006434389
-8.567673 ,4.1528625 ,2.4948578,23.55116644,87.29683292 ,19.8,76.87999214812949 ,0.0,21:30:34 PM,1574006434394
-13.285187 ,6.423065 ,1.9089966,23.55116644,87.29683292 ,19.8,76.87999214812949 ,0.0,21:30:34 PM,1574006434400
-8.766037 ,10.6202545 ,1.6589508,23.55116644,87.29683292 ,19.8,76.87999214812949 ,0.0,21:30:34 PM,1574006434405
0.10447693 ,11.736694 ,-3.977539,23.55116644,87.29683292 ,19.8,76.87999214812949 ,0.0,21:30:34 PM,1574006434409
7.8339386 ,12.365723 ,-6.156967,23.55116644,87.29683292 ,19.8,76.87999214812949 ,0.0,21:30:34 PM,1574006434414
10.89238 ,12.361099 ,-3.342743,23.55116644,87.29683292 ,19.8,76.87999214812949 ,0.0,21:30:34 PM,1574006434420
6.796982 ,9.526535 ,-0.13885498,23.55116644,87.29683292 ,19.8,76.87999214812949 ,0.0,21:30:34 PM,1574006434424
-1.8877411 ,5.624298 ,0.44558716,23.55116644,87.29683292 ,19.8,76.87999214812949 ,0.0,21:30:34 PM,1574006434428
-8.873947 ,3.8281555 ,-2.3731842,23.55116644,87.29683292 ,19.8,76.87999214812949 ,0.0,21:30:34 PM,1574006434435
-9.32132 ,5.746002 ,-4.901764,23.55116644,87.29683292 ,19.8,76.87999214812949 ,0.0,21:30:34 PM,1574006434438
-3.3567657 ,8.863342 ,-8.348297,23.55116644,87.29683292 ,19.8,76.87999214812949 ,0.0,21:30:34 PM,1574006434443
3.4981537 ,13.254562 ,-4.082611,23.55116644,87.29683292 ,19.8,76.87999214812949 ,0.0,21:30:34 PM,1574006434447
5.4375 ,13.474274 ,-5.8512726,23.55116644,87.29683292 ,19.8,76.87999214812949 ,0.0,21:30:34 PM,1574006434459
2.5272827 ,12.632935 ,-5.8174896,23.55116644,87.29683292 ,19.8,76.87999214812949 ,0.0,21:30:34 PM,1574006434462
-2.0210419 ,11.086075 ,-2.427353,23.55116644,87.29683292 ,19.8,76.87999214812949 ,0.0,21:30:34 PM,1574006434464
-4.8886414 ,8.984131 ,4.821747,23.55116644,87.29683292 ,19.8,76.87999214812949 ,0.0,21:30:34 PM,1574006434470
-4.2470703 ,5.134857 ,9.889618,23.55116644,87.29683292 ,19.8,76.87999214812949 ,0.0,21:30:34 PM,1574006434472
-0.5056 ,5.6558228 ,16.495422,23.55116644,87.29683292 ,19.8,76.87999214812949 ,0.0,21:30:34 PM,1574006434476
3.6190033 ,5.428482 ,6.322891,23.55116644,87.29683292 ,19.8,76.87999214812949 ,0.0,21:30:34 PM,1574006434481
5.622696 ,10.079926 ,-0.87667847,23.55116644,87.29683292 ,19.8,76.87999214812949 ,0.0,21:30:34 PM,1574006434485
4.227951 ,12.433914 ,-9.811157,23.55116644,87.29683292 ,19.8,76.87999214812949 ,0.0,21:30:34 PM,1574006434490
-0.23826599 ,15.696823 ,-5.0676575,23.55116644,87.29683292 ,19.8,76.87999214812949 ,0.0,21:30:34 PM,1574006434494
-4.660431 ,13.252991 ,-7.6379395,23.55116644,87.29683292 ,19.8,76.87999214812949 ,0.0,21:30:34 PM,1574006434499
-6.7278748 ,11.862106 ,-9.152832,23.55116644,87.29683292 ,19.8,76.87999214812949 ,0.0,21:30:34 PM,1574006434509
-5.265915 ,10.925934 ,-6.654846,23.55116644,87.29683292 ,19.8,76.87999214812949 ,0.0,21:30:34 PM,1574006434515
-0.345932 ,10.745026 ,-2.3594055,23.55116644,87.29683292 ,19.8,76.87999214812949 ,0.0,21:30:34 PM,1574006434519
3.9139557 ,9.71817 ,0.055099487,23.55116644,87.29683292 ,19.8,76.87999214812949 ,0.0,21:30:34 PM,1574006434523
2.7262878 ,9.279892 ,2.1204224,23.55116644,87.29683292 ,19.8,76.87999214812949 ,0.0,21:30:34 PM,1574006434528
-1.2311859 ,7.016266 ,-0.30018616,23.55116644,87.29683292 ,19.8,76.87999214812949 ,0.0,21:30:34 PM,1574006434534
-2.9022522 ,5.3119354 ,-1.8680115,23.55116644,87.29683292 ,19.8,76.87999214812949 ,0.0,21:30:34 PM,1574006434538
-1.8926239 ,4.582062 ,-2.2871857,23.55116644,87.29683292 ,19.8,76.87999214812949 ,0.0,21:30:34 PM,1574006434543
-0.8784485 ,4.5481567 ,-0.087677,23.55116644,87.29683292 ,19.8,76.87999214812949 ,0.0,21:30:34 PM,1574006434548
0.16812134 ,6.3752594 ,0.34620667,23.55116644,87.29683292 ,19.8,76.87999214812949 ,0.0,21:30:34 PM,1574006434553
2.1706085 ,11.2933655 ,1.5089722,23.55116644,87.29683292 ,19.8,76.87999214812949 ,0.0,21:30:34 PM,1574006434558
2.6787872 ,13.621384 ,-5.4531555,23.55116644,87.29683292 ,19.8,76.87999214812949 ,0.0,21:30:34 PM,1574006434562
0.51290894 ,14.920883 ,-8.00592,23.55116644,87.29683292 ,19.8,76.87999214812949 ,0.0,21:30:34 PM,1574006434568
-1.9075317 ,13.72374 ,-6.8488464,23.55116644,87.29683292 ,19.8,76.87999214812949 ,0.0,21:30:34 PM,1574006434572
-1.2963562 ,11.25531 ,-3.1709442,23.55116644,87.29683292 ,19.8,76.87999214812949 ,0.0,21:30:34 PM,1574006434577
1.3127594 ,7.8497467 ,-2.1844482,23.55116644,87.29683292 ,19.8,76.87999214812949 ,0.0,21:30:34 PM,1574006434582
1.4891663 ,7.4856415 ,3.264511,23.55116644,87.29683292 ,19.8,76.87999214812949 ,0.0,21:30:34 PM,1574006434587
-1.5145416 ,7.45549 ,5.3940125,23.55116644,87.29683292 ,19.8,76.87999214812949 ,0.0,21:30:34 PM,1574006434592
-4.0023193 ,7.4733124 ,0.92155457,23.55116644,87.29683292 ,19.8,76.87999214812949 ,0.0,21:30:34 PM,1574006434597
-4.0023956 ,10.380447 ,1.9514618,23.55116644,87.29683292 ,19.8,76.87999214812949 ,0.0,21:30:34 PM,1574006434607
-2.3312836 ,10.146851 ,-2.1844788,23.55116644,87.29683292 ,19.8,76.87999214812949 ,0.0,21:30:34 PM,1574006434608
1.6972656 ,9.934753 ,-1.7059479,23.55116644,87.29683292 ,19.8,76.87999214812949 ,0.0,21:30:34 PM,1574006434610
5.4960938 ,10.277512 ,1.5952606,23.55116644,87.29683292 ,19.8,76.87999214812949 ,0.0,21:30:34 PM,1574006434621
4.8332977 ,10.018784 ,4.126419,23.55116644,87.29683292 ,19.8,76.87999214812949 ,0.0,21:30:34 PM,1574006434624
-0.5530243 ,6.2487946 ,-3.9113312,23.55116644,87.29683292 ,19.8,76.87999214812949 ,0.0,21:30:34 PM,1574006434626
-5.774811 ,8.580261 ,-2.2683258,23.55116644,87.29683292 ,19.8,76.87999214812949 ,0.0,21:30:34 PM,1574006434629
-5.9132843 ,9.665314 ,-5.901352,23.55116644,87.29683292 ,19.8,76.87999214812949 ,0.0,21:30:34 PM,1574006434636
-0.9934845 ,13.216675 ,-7.7883606,23.55116644,87.29683292 ,19.8,76.87999214812949 ,0.0,21:30:34 PM,1574006434643
1.9662323 ,14.766464 ,-7.16185,23.55116644,87.29683292 ,19.8,76.87999214812949 ,0.0,21:30:34 PM,1574006434648
0.72494507 ,12.074661 ,-7.0889587,23.55116644,87.29683292 ,19.8,76.87999214812949 ,0.0,21:30:34 PM,1574006434655
-0.20152283 ,7.8722534 ,-7.3038177,23.55116644,87.29683292 ,19.8,76.87999214812949 ,0.0,21:30:34 PM,1574006434661
0.023025513 ,5.8911896 ,-1.8160095,23.55116644,87.29683292 ,19.8,76.87999214812949 ,0.0,21:30:34 PM,1574006434664
-1.5854492 ,3.610962 ,1.096817,23.55116644,87.29683292 ,19.8,76.87999214812949 ,0.0,21:30:34 PM,1574006434672
-3.3439484 ,3.226181 ,1.2709045,23.55116644,87.29683292 ,19.8,76.87999214812949 ,0.0,21:30:34 PM,1574006434674
-1.5185394 ,7.6609497 ,4.1228485,23.55116644,87.29683292 ,19.8,76.87999214812949 ,0.0,21:30:34 PM,1574006434678
1.5481567 ,11.595352 ,0.03062439,23.55116644,87.29683292 ,19.8,76.87999214812949 ,0.0,21:30:34 PM,1574006434682
1.7084198 ,12.279205 ,-4.4668274,23.55116644,87.29683292 ,19.8,76.87999214812949 ,0.0,21:30:34 PM,1574006434687
-0.54260254 ,10.329697 ,-3.7329865,23.55116644,87.29683292 ,19.8,76.87999214812949 ,0.0,21:30:34 PM,1574006434692
-1.2383575 ,8.7313385 ,1.0420837,23.55116644,87.29683292 ,19.8,76.87999214812949 ,0.0,21:30:34 PM,1574006434698
0.68769836 ,7.023773 ,1.6274872,23.55116644,87.29683292 ,19.8,76.87999214812949 ,0.0,21:30:34 PM,1574006434704
1.864914 ,7.1912537 ,1.0783081,23.55116644,87.29683292 ,19.8,76.87999214812949 ,0.0,21:30:34 PM,1574006434707
-0.017959595 ,9.187225 ,1.0371399,23.55116644,87.29683292 ,19.8,82.20075227711209 ,0.0,21:30:34 PM,1574006434713
-2.2174225 ,11.780609 ,-2.2852478,23.55116644,87.29683292 ,19.8,82.20075227711209 ,0.0,21:30:34 PM,1574006434716
-2.3641052 ,14.931259 ,-6.428604,23.55116644,87.29683292 ,19.8,82.20075227711209 ,0.0,21:30:34 PM,1574006434720
-2.3105621 ,15.388901 ,-7.650223,23.55116644,87.29683292 ,19.8,82.20075227711209 ,0.0,21:30:34 PM,1574006434725
-2.3625793 ,12.534531 ,-5.23526,23.55116644,87.29683292 ,19.8,82.20075227711209 ,0.0,21:30:34 PM,1574006434730
