x,y,z,latitude,longitude,speed,sound,light,time,timestamp
0.005783081 ,9.334808 ,-1.9965515,23.54891167,87.30068346 ,0.0,60.3019743857515 ,0.0,21:31:58 PM,1574006518806
0.035247803 ,9.371658 ,-1.9844971,23.54891167,87.30068346 ,0.0,60.3019743857515 ,0.0,21:31:58 PM,1574006518814
0.059417725 ,9.431519 ,-1.9518738,23.54891167,87.30068346 ,0.0,60.3019743857515 ,0.0,21:31:58 PM,1574006518817
0.07369995 ,9.419617 ,-1.9543457,23.54891167,87.30068346 ,0.0,60.3019743857515 ,0.0,21:31:58 PM,1574006518821
0.13052368 ,9.409439 ,-1.9953766,23.54891167,87.30068346 ,0.0,60.3019743857515 ,0.0,21:31:58 PM,1574006518825
0.19500732 ,9.423798 ,-2.0475464,23.54891167,87.30068346 ,0.0,60.3019743857515 ,0.0,21:31:58 PM,1574006518835
0.17529297 ,9.421722 ,-2.0085907,23.54891167,87.30068346 ,0.0,60.3019743857515 ,0.0,21:31:58 PM,1574006518842
0.08123779 ,9.406265 ,-1.9680023,23.54891167,87.30068346 ,0.0,60.3019743857515 ,0.0,21:31:58 PM,1574006518845
0.036819458 ,9.3849945 ,-1.9744415,23.54891167,87.30068346 ,0.0,60.3019743857515 ,0.0,21:31:58 PM,1574006518848
0.08721924 ,9.389435 ,-2.0138092,23.54891167,87.30068346 ,0.0,60.3019743857515 ,0.0,21:31:58 PM,1574006518854
0.14509583 ,9.384232 ,-1.9815826,23.54891167,87.30068346 ,0.0,60.3019743857515 ,0.0,21:31:58 PM,1574006518856
0.17779541 ,9.355972 ,-1.9428558,23.54891167,87.30068346 ,0.0,60.3019743857515 ,0.0,21:31:58 PM,1574006518857
0.17845154 ,9.377014 ,-1.9060059,23.54891167,87.30068346 ,0.0,60.3019743857515 ,0.0,21:31:58 PM,1574006518861
0.14503479 ,9.386337 ,-1.9141846,23.54891031,87.30068222 ,0.0,60.3019743857515 ,0.0,21:31:58 PM,1574006518865
0.1073761 ,9.357483 ,-1.9277954,23.54891031,87.30068222 ,0.0,60.3019743857515 ,0.0,21:31:58 PM,1574006518870
0.07446289 ,9.3706665 ,-1.9053345,23.54891031,87.30068222 ,0.0,60.3019743857515 ,0.0,21:31:58 PM,1574006518875
0.123931885 ,9.390533 ,-1.8893585,23.54891031,87.30068222 ,0.0,60.3019743857515 ,0.0,21:31:58 PM,1574006518880
0.1503601 ,9.417496 ,-1.9288025,23.54891031,87.30068222 ,0.0,60.3019743857515 ,0.0,21:31:58 PM,1574006518885
0.19337463 ,9.403046 ,-1.949234,23.54891031,87.30068222 ,0.0,60.3019743857515 ,0.0,21:31:58 PM,1574006518896
0.17892456 ,9.387482 ,-1.9794159,23.54891031,87.30068222 ,0.0,60.3019743857515 ,0.0,21:31:58 PM,1574006518899
0.17073059 ,9.398697 ,-1.9791107,23.54891031,87.30068222 ,0.0,60.3019743857515 ,0.0,21:31:58 PM,1574006518903
0.15751648 ,9.398697 ,-2.0003357,23.54891031,87.30068222 ,0.0,60.3019743857515 ,0.0,21:31:58 PM,1574006518908
0.15032959 ,9.395706 ,-2.0331268,23.54891031,87.30068222 ,0.0,60.3019743857515 ,0.0,21:31:58 PM,1574006518915
0.13865662 ,9.428574 ,-1.9932709,23.54891031,87.30068222 ,0.0,60.3019743857515 ,0.0,21:31:58 PM,1574006518919
0.18664551 ,9.609482 ,-1.9712219,23.54891031,87.30068222 ,0.0,60.3019743857515 ,0.0,21:31:58 PM,1574006518924
0.20932007 ,9.685104 ,-2.7019958,23.54891031,87.30068222 ,0.0,60.3019743857515 ,0.0,21:31:58 PM,1574006518930
0.22407532 ,9.688812 ,-2.5980377,23.54891031,87.30068222 ,0.0,60.3019743857515 ,0.0,21:31:58 PM,1574006518935
0.18635559 ,9.484787 ,-2.2650604,23.54891031,87.30068222 ,0.0,60.3019743857515 ,0.0,21:31:58 PM,1574006518937
0.08842468 ,9.384903 ,-1.9620667,23.54891031,87.30068222 ,0.0,60.3019743857515 ,0.0,21:31:58 PM,1574006518942
0.0033416748 ,9.289978 ,-2.0384064,23.54891031,87.30068222 ,0.0,60.3019743857515 ,0.0,21:31:58 PM,1574006518948
0.07728577 ,9.255402 ,-1.9481354,23.54891031,87.30068222 ,0.0,60.3019743857515 ,0.0,21:31:58 PM,1574006518952
0.25558472 ,9.242035 ,-1.7533417,23.54891031,87.30068222 ,0.0,60.3019743857515 ,0.0,21:31:58 PM,1574006518957
0.30548096 ,9.292816 ,-1.8072662,23.54891031,87.30068222 ,0.0,60.3019743857515 ,0.0,21:31:58 PM,1574006518963
0.1806488 ,9.391388 ,-2.1547852,23.54891031,87.30068222 ,0.0,60.3019743857515 ,0.0,21:31:58 PM,1574006518967
0.09124756 ,9.492691 ,-2.319397,23.54891031,87.30068222 ,0.0,60.3019743857515 ,0.0,21:31:58 PM,1574006518971
0.11088562 ,9.537521 ,-2.255249,23.54891031,87.30068222 ,0.0,60.3019743857515 ,0.0,21:31:58 PM,1574006518981
0.1267395 ,9.577484 ,-2.2302704,23.54891031,87.30068222 ,0.0,60.3019743857515 ,0.0,21:31:58 PM,1574006518990
0.17666626 ,9.522354 ,-2.3628082,23.54891031,87.30068222 ,0.0,60.3019743857515 ,0.0,21:31:58 PM,1574006518992
0.30245972 ,9.501053 ,-2.261139,23.54891031,87.30068222 ,0.0,60.3019743857515 ,0.0,21:31:58 PM,1574006518995
0.33251953 ,9.424896 ,-2.1878052,23.54891031,87.30068222 ,0.0,60.3019743857515 ,0.0,21:31:58 PM,1574006518998
0.14115906 ,9.375336 ,-2.1394043,23.54891031,87.30068222 ,0.0,60.3019743857515 ,0.0,21:31:59 PM,1574006519001
-0.025405884 ,9.385025 ,-2.1692352,23.54891031,87.30068222 ,0.0,60.3019743857515 ,0.0,21:31:59 PM,1574006519008
0.019729614 ,9.397934 ,-2.1711273,23.54891031,87.30068222 ,0.0,60.3019743857515 ,0.0,21:31:59 PM,1574006519011
0.2407074 ,9.382355 ,-2.0753784,23.54891031,87.30068222 ,0.0,60.3019743857515 ,0.0,21:31:59 PM,1574006519017
0.27467346 ,9.391541 ,-1.9859619,23.54891031,87.30068222 ,0.0,60.3019743857515 ,0.0,21:31:59 PM,1574006519024
0.23744202 ,9.397919 ,-2.11409,23.54891031,87.30068222 ,0.0,60.3019743857515 ,0.0,21:31:59 PM,1574006519031
0.1478424 ,9.47287 ,-2.171997,23.54891031,87.30068222 ,0.0,60.3019743857515 ,0.0,21:31:59 PM,1574006519034
0.016571045 ,9.469513 ,-2.2080994,23.54891031,87.30068222 ,0.0,60.3019743857515 ,0.0,21:31:59 PM,1574006519039
-0.011688232 ,9.443375 ,-2.2148743,23.54891031,87.30068222 ,0.0,60.3019743857515 ,0.0,21:31:59 PM,1574006519044
0.059631348 ,9.424484 ,-2.2044373,23.54891031,87.30068222 ,0.0,60.3019743857515 ,0.0,21:31:59 PM,1574006519049
0.2644348 ,9.413055 ,-2.1615295,23.54891031,87.30068222 ,0.0,60.3019743857515 ,0.0,21:31:59 PM,1574006519054
0.31430054 ,9.397324 ,-2.0482635,23.54891031,87.30068222 ,0.0,60.3019743857515 ,0.0,21:31:59 PM,1574006519060
0.15252686 ,9.361588 ,-2.0416107,23.54891031,87.30068222 ,0.0,60.3019743857515 ,0.0,21:31:59 PM,1574006519065
-0.017578125 ,9.3923645 ,-2.1198273,23.54891031,87.30068222 ,0.0,60.3019743857515 ,0.0,21:31:59 PM,1574006519067
-0.07107544 ,9.441742 ,-2.2189636,23.54891031,87.30068222 ,0.0,60.3019743857515 ,0.0,21:31:59 PM,1574006519072
-0.035751343 ,9.471146 ,-2.2298126,23.54891031,87.30068222 ,0.0,60.3019743857515 ,0.0,21:31:59 PM,1574006519077
0.051086426 ,9.481934 ,-2.1921387,23.54891031,87.30068222 ,0.0,60.3019743857515 ,0.0,21:31:59 PM,1574006519083
0.14730835 ,9.511276 ,-2.1469574,23.54891031,87.30068222 ,0.0,60.3019743857515 ,0.0,21:31:59 PM,1574006519087
0.16343689 ,9.496414 ,-2.110672,23.54891031,87.30068222 ,0.0,60.3019743857515 ,0.0,21:31:59 PM,1574006519091
0.025222778 ,9.419922 ,-2.0323792,23.54891031,87.30068222 ,0.0,60.3019743857515 ,0.0,21:31:59 PM,1574006519099
-0.11846924 ,9.352722 ,-2.0260925,23.54891031,87.30068222 ,0.0,60.3019743857515 ,0.0,21:31:59 PM,1574006519101
-0.12339783 ,9.294006 ,-2.1195984,23.54891031,87.30068222 ,0.0,60.3019743857515 ,0.0,21:31:59 PM,1574006519106
-0.06124878 ,9.290878 ,-2.3210907,23.54891031,87.30068222 ,0.0,60.3019743857515 ,0.0,21:31:59 PM,1574006519113
0.022323608 ,9.610168 ,-2.0832977,23.54891031,87.30068222 ,0.0,60.3019743857515 ,0.0,21:31:59 PM,1574006519118
0.17077637 ,9.432739 ,-2.5693512,23.54891031,87.30068222 ,0.0,60.3019743857515 ,0.0,21:31:59 PM,1574006519120
0.23693848 ,9.422974 ,-1.7532806,23.54891031,87.30068222 ,0.0,60.3019743857515 ,0.0,21:31:59 PM,1574006519125
0.06694031 ,9.292877 ,-1.7177734,23.54891031,87.30068222 ,0.0,60.3019743857515 ,0.0,21:31:59 PM,1574006519129
-0.20635986 ,9.641174 ,-2.2723236,23.54891031,87.30068222 ,0.0,60.3019743857515 ,0.0,21:31:59 PM,1574006519134
-0.2635193 ,9.517426 ,-2.4815216,23.54891031,87.30068222 ,0.0,60.3019743857515 ,0.0,21:31:59 PM,1574006519138
-0.13310242 ,9.176941 ,-1.8584747,23.54891031,87.30068222 ,0.0,60.3019743857515 ,0.0,21:31:59 PM,1574006519143
-0.119766235 ,9.173691 ,-1.2914734,23.54891031,87.30068222 ,0.0,60.3019743857515 ,0.0,21:31:59 PM,1574006519148
-0.13546753 ,9.320709 ,-1.9184265,23.54891031,87.30068222 ,0.0,60.3019743857515 ,0.0,21:31:59 PM,1574006519157
0.05987549 ,9.365906 ,-2.3971405,23.54891031,87.30068222 ,0.0,60.3019743857515 ,0.0,21:31:59 PM,1574006519163
0.3110962 ,9.533798 ,-1.6202698,23.54891031,87.30068222 ,0.0,60.3019743857515 ,0.0,21:31:59 PM,1574006519168
0.21592712 ,9.306793 ,-2.1285553,23.54891031,87.30068222 ,0.0,60.3019743857515 ,0.0,21:31:59 PM,1574006519172
-0.1565857 ,9.542847 ,-2.117691,23.54891031,87.30068222 ,0.0,60.3019743857515 ,0.0,21:31:59 PM,1574006519181
-0.28616333 ,9.5504 ,-2.6203613,23.54891031,87.30068222 ,0.0,60.3019743857515 ,0.0,21:31:59 PM,1574006519183
-0.035354614 ,9.553497 ,-2.3711395,23.54891031,87.30068222 ,0.0,60.3019743857515 ,0.0,21:31:59 PM,1574006519187
0.15333557 ,9.572311 ,-1.8831482,23.54891031,87.30068222 ,0.0,60.3019743857515 ,0.0,21:31:59 PM,1574006519192
0.12844849 ,9.458374 ,-2.100296,23.54891031,87.30068222 ,0.0,61.46763501929374 ,0.0,21:31:59 PM,1574006519198
0.10700989 ,9.475937 ,-1.9342804,23.54891031,87.30068222 ,0.0,61.46763501929374 ,0.0,21:31:59 PM,1574006519202
0.10845947 ,9.3405 ,-1.8188934,23.54891031,87.30068222 ,0.0,61.46763501929374 ,0.0,21:31:59 PM,1574006519207
-0.006958008 ,9.205124 ,-1.7487946,23.54891031,87.30068222 ,0.0,61.46763501929374 ,0.0,21:31:59 PM,1574006519211
-0.10971069 ,9.195526 ,-1.697998,23.54891031,87.30068222 ,0.0,61.46763501929374 ,0.0,21:31:59 PM,1574006519218
-0.02078247 ,9.2331085 ,-1.8423309,23.54891031,87.30068222 ,0.0,61.46763501929374 ,0.0,21:31:59 PM,1574006519222
0.13847351 ,9.339981 ,-1.8075409,23.54891031,87.30068222 ,0.0,61.46763501929374 ,0.0,21:31:59 PM,1574006519226
0.1158905 ,9.417297 ,-1.9718323,23.54891031,87.30068222 ,0.0,61.46763501929374 ,0.0,21:31:59 PM,1574006519233
0.022720337 ,9.567169 ,-2.2726898,23.54891031,87.30068222 ,0.0,61.46763501929374 ,0.0,21:31:59 PM,1574006519236
0.003982544 ,9.684753 ,-2.449051,23.54891031,87.30068222 ,0.0,61.46763501929374 ,0.0,21:31:59 PM,1574006519241
0.022460938 ,9.640091 ,-2.5243988,23.54891031,87.30068222 ,0.0,61.46763501929374 ,0.0,21:31:59 PM,1574006519245
0.028640747 ,9.558289 ,-2.2649384,23.54891031,87.30068222 ,0.0,61.46763501929374 ,0.0,21:31:59 PM,1574006519251
0.07209778 ,9.449158 ,-2.1436462,23.54891031,87.30068222 ,0.0,61.46763501929374 ,0.0,21:31:59 PM,1574006519255
0.17678833 ,9.389343 ,-2.0221558,23.54891031,87.30068222 ,0.0,61.46763501929374 ,0.0,21:31:59 PM,1574006519259
0.11114502 ,9.311462 ,-1.8204346,23.54891031,87.30068222 ,0.0,61.46763501929374 ,0.0,21:31:59 PM,1574006519268
-0.09458923 ,9.218338 ,-1.7561188,23.54891031,87.30068222 ,0.0,61.46763501929374 ,0.0,21:31:59 PM,1574006519271
-0.14878845 ,9.207397 ,-1.9056244,23.54891031,87.30068222 ,0.0,61.46763501929374 ,0.0,21:31:59 PM,1574006519274
-0.002960205 ,9.3363495 ,-1.9219971,23.54891031,87.30068222 ,0.0,61.46763501929374 ,0.0,21:31:59 PM,1574006519277
0.08293152 ,9.37645 ,-2.101883,23.54891031,87.30068222 ,0.0,61.46763501929374 ,0.0,21:31:59 PM,1574006519288
0.045791626 ,9.462875 ,-2.0043488,23.54891031,87.30068222 ,0.0,61.46763501929374 ,0.0,21:31:59 PM,1574006519292
0.054382324 ,9.464111 ,-2.1837769,23.54891031,87.30068222 ,0.0,61.46763501929374 ,0.0,21:31:59 PM,1574006519298
