x,y,z,latitude,longitude,speed,sound,light,time,timestamp
-0.36436462 ,21.060104 ,-9.106186,23.54931042,87.29998092 ,23.831999588012696,83.18022471756362 ,0.0,21:31:32 PM,1574006492437
4.177841 ,14.072601 ,-3.1967773,23.54931042,87.29998092 ,23.831999588012696,83.18022471756362 ,0.0,21:31:32 PM,1574006492445
6.8589783 ,5.863632 ,8.127853,23.54931042,87.29998092 ,23.831999588012696,83.18022471756362 ,0.0,21:31:32 PM,1574006492447
6.384369 ,0.15441895 ,19.448486,23.54931042,87.29998092 ,23.831999588012696,83.18022471756362 ,0.0,21:31:32 PM,1574006492452
4.283432 ,-5.2573395 ,10.283218,23.54931042,87.29998092 ,23.831999588012696,83.18022471756362 ,0.0,21:31:32 PM,1574006492457
1.6319122 ,0.68595886 ,9.348312,23.54931042,87.29998092 ,23.831999588012696,83.18022471756362 ,0.0,21:31:32 PM,1574006492462
-3.0594025 ,3.8899384 ,-5.614914,23.54931042,87.29998092 ,23.831999588012696,83.18022471756362 ,0.0,21:31:32 PM,1574006492466
-7.2436523 ,9.140686 ,-15.453796,23.54931042,87.29998092 ,23.831999588012696,83.18022471756362 ,0.0,21:31:32 PM,1574006492479
-6.057846 ,14.444824 ,-16.00505,23.54931042,87.29998092 ,23.831999588012696,83.18022471756362 ,0.0,21:31:32 PM,1574006492482
-0.07136536 ,18.838593 ,-1.9199524,23.54931042,87.29998092 ,23.831999588012696,83.18022471756362 ,0.0,21:31:32 PM,1574006492486
4.608368 ,13.154938 ,-2.4814758,23.54931042,87.29998092 ,23.831999588012696,83.18022471756362 ,0.0,21:31:32 PM,1574006492491
5.4080963 ,11.877945 ,7.1481323,23.54931042,87.29998092 ,23.831999588012696,83.18022471756362 ,0.0,21:31:32 PM,1574006492495
3.7953339 ,9.102951 ,5.787796,23.54931042,87.29998092 ,23.831999588012696,83.18022471756362 ,0.0,21:31:32 PM,1574006492501
1.9135437 ,9.696899 ,7.4404144,23.54931042,87.29998092 ,23.831999588012696,83.18022471756362 ,0.0,21:31:32 PM,1574006492504
0.041748047 ,5.393753 ,-7.1541443,23.54931042,87.29998092 ,23.831999588012696,83.18022471756362 ,0.0,21:31:32 PM,1574006492510
-1.1085052 ,7.727768 ,-7.3035736,23.54931042,87.29998092 ,23.831999588012696,83.18022471756362 ,0.0,21:31:32 PM,1574006492513
-1.1219482 ,7.444763 ,-12.914398,23.54931042,87.29998092 ,23.831999588012696,83.18022471756362 ,0.0,21:31:32 PM,1574006492518
-0.7077179 ,10.122757 ,-11.427032,23.54931042,87.29998092 ,23.831999588012696,83.18022471756362 ,0.0,21:31:32 PM,1574006492522
-1.8214111 ,12.791306 ,-2.6000214,23.54931042,87.29998092 ,23.831999588012696,83.18022471756362 ,0.0,21:31:32 PM,1574006492528
-3.3605652 ,10.000397 ,-1.7658539,23.54931042,87.29998092 ,23.831999588012696,83.18022471756362 ,0.0,21:31:32 PM,1574006492532
-1.655838 ,8.287735 ,-0.7421112,23.54931042,87.29998092 ,23.831999588012696,83.18022471756362 ,0.0,21:31:32 PM,1574006492537
3.2257843 ,7.5461273 ,-2.8155212,23.54931042,87.29998092 ,23.831999588012696,83.18022471756362 ,0.0,21:31:32 PM,1574006492542
6.974655 ,7.7377777 ,-3.184143,23.54931042,87.29998092 ,23.831999588012696,83.18022471756362 ,0.0,21:31:32 PM,1574006492547
5.646042 ,8.704987 ,-0.40852356,23.54931042,87.29998092 ,23.831999588012696,83.18022471756362 ,0.0,21:31:32 PM,1574006492551
0.07545471 ,9.564545 ,0.73017883,23.54931042,87.29998092 ,23.831999588012696,83.18022471756362 ,0.0,21:31:32 PM,1574006492556
-4.831253 ,11.033539 ,1.3450775,23.54931042,87.29998092 ,23.831999588012696,83.18022471756362 ,0.0,21:31:32 PM,1574006492561
-5.0160065 ,11.553848 ,0.089782715,23.54931042,87.29998092 ,23.831999588012696,83.18022471756362 ,0.0,21:31:32 PM,1574006492565
-1.0480804 ,13.865799 ,7.7158203,23.54931042,87.29998092 ,23.831999588012696,83.18022471756362 ,0.0,21:31:32 PM,1574006492570
3.45784 ,11.906021 ,10.1480255,23.54931042,87.29998092 ,23.831999588012696,83.18022471756362 ,0.0,21:31:32 PM,1574006492578
4.7134857 ,8.174713 ,6.2783203,23.54931042,87.29998092 ,23.831999588012696,83.18022471756362 ,0.0,21:31:32 PM,1574006492581
2.2099457 ,4.165909 ,-1.7710419,23.54931042,87.29998092 ,23.831999588012696,83.18022471756362 ,0.0,21:31:32 PM,1574006492586
-1.4442444 ,3.9180603 ,-5.2192383,23.54931042,87.29998092 ,23.831999588012696,83.18022471756362 ,0.0,21:31:32 PM,1574006492589
-2.7662506 ,1.9218903 ,-12.819229,23.54931042,87.29998092 ,23.831999588012696,83.18022471756362 ,0.0,21:31:32 PM,1574006492595
-2.7569733 ,4.5786743 ,-17.700073,23.54931042,87.29998092 ,23.831999588012696,83.18022471756362 ,0.0,21:31:32 PM,1574006492600
-3.0683289 ,13.569336 ,-3.1904907,23.54931042,87.29998092 ,23.831999588012696,83.18022471756362 ,0.0,21:31:32 PM,1574006492610
-3.2129364 ,15.050079 ,-12.368347,23.54931042,87.29998092 ,23.831999588012696,83.18022471756362 ,0.0,21:31:32 PM,1574006492615
-0.51168823 ,21.071701 ,-9.498169,23.54931042,87.29998092 ,23.831999588012696,83.18022471756362 ,0.0,21:31:32 PM,1574006492623
4.054474 ,19.549057 ,-7.3529816,23.54931042,87.29998092 ,23.831999588012696,83.18022471756362 ,0.0,21:31:32 PM,1574006492624
6.5259705 ,15.700653 ,3.5000916,23.54931042,87.29998092 ,23.831999588012696,83.18022471756362 ,0.0,21:31:32 PM,1574006492630
5.400131 ,9.33168 ,13.026901,23.54931042,87.29998092 ,23.831999588012696,83.18022471756362 ,0.0,21:31:32 PM,1574006492633
2.7103271 ,6.841797 ,21.496323,23.54931042,87.29998092 ,23.831999588012696,83.18022471756362 ,0.0,21:31:32 PM,1574006492638
1.214325 ,3.4087982 ,11.950073,23.54931042,87.29998092 ,23.831999588012696,83.18022471756362 ,0.0,21:31:32 PM,1574006492644
1.0724487 ,4.8591156 ,4.212784,23.54931042,87.29998092 ,23.831999588012696,83.18022471756362 ,0.0,21:31:32 PM,1574006492649
0.1416626 ,6.28862 ,-5.337311,23.54931042,87.29998092 ,23.831999588012696,83.18022471756362 ,0.0,21:31:32 PM,1574006492654
-1.3403625 ,6.4904633 ,-13.616119,23.54931042,87.29998092 ,23.831999588012696,83.18022471756362 ,0.0,21:31:32 PM,1574006492658
-1.1594086 ,6.858536 ,-17.68518,23.54931042,87.29998092 ,23.831999588012696,83.18022471756362 ,0.0,21:31:32 PM,1574006492664
-0.2735138 ,9.678452 ,-13.869583,23.54931042,87.29998092 ,23.831999588012696,83.18022471756362 ,0.0,21:31:32 PM,1574006492668
-1.393631 ,12.766922 ,-5.5345764,23.54931042,87.29998092 ,23.831999588012696,83.18022471756362 ,0.0,21:31:32 PM,1574006492673
-4.1933746 ,15.198776 ,0.02255249,23.54931042,87.29998092 ,23.831999588012696,83.18022471756362 ,0.0,21:31:32 PM,1574006492677
-3.061554 ,17.5522 ,3.6828308,23.54931042,87.29998092 ,23.831999588012696,83.18022471756362 ,0.0,21:31:32 PM,1574006492682
3.3190613 ,17.302246 ,3.2871094,23.54931042,87.29998092 ,23.831999588012696,83.18022471756362 ,0.0,21:31:32 PM,1574006492686
8.542923 ,13.204147 ,-2.364441,23.54931042,87.29998092 ,23.831999588012696,83.18022471756362 ,0.0,21:31:32 PM,1574006492691
8.018036 ,10.097 ,2.7811737,23.54931042,87.29998092 ,23.831999588012696,83.18022471756362 ,0.0,21:31:32 PM,1574006492697
3.7436829 ,2.0374146 ,-2.8049164,23.54931042,87.29998092 ,23.831999588012696,83.18022471756362 ,0.0,21:31:32 PM,1574006492701
0.099105835 ,-0.97416687 ,-2.9484863,23.54931042,87.29998092 ,23.831999588012696,83.18022471756362 ,0.0,21:31:32 PM,1574006492705
-2.51474 ,-2.1650543 ,-3.9311066,23.54931042,87.29998092 ,23.831999588012696,83.18022471756362 ,0.0,21:31:32 PM,1574006492714
-6.7832794 ,-3.641739 ,-18.29396,23.54931042,87.29998092 ,23.831999588012696,83.18022471756362 ,0.0,21:31:32 PM,1574006492715
-8.377258 ,4.409668 ,-9.224609,23.54931042,87.29998092 ,23.831999588012696,83.18022471756362 ,0.0,21:31:32 PM,1574006492720
-3.4367676 ,13.477661 ,-4.2960663,23.54931042,87.29998092 ,23.831999588012696,83.18022471756362 ,0.0,21:31:32 PM,1574006492725
3.3880157 ,19.240723 ,-10.926758,23.54931042,87.29998092 ,23.831999588012696,83.18022471756362 ,0.0,21:31:32 PM,1574006492731
6.480133 ,26.230438 ,4.6336517,23.54931042,87.29998092 ,23.831999588012696,83.18022471756362 ,0.0,21:31:32 PM,1574006492740
4.904114 ,20.650177 ,9.722092,23.54931042,87.29998092 ,23.831999588012696,83.18022471756362 ,0.0,21:31:32 PM,1574006492745
2.805893 ,15.170227 ,12.466156,23.54931042,87.29998092 ,23.831999588012696,83.18022471756362 ,0.0,21:31:32 PM,1574006492749
2.3993378 ,13.018387 ,22.539413,23.54931042,87.29998092 ,23.831999588012696,83.18022471756362 ,0.0,21:31:32 PM,1574006492754
1.8020325 ,2.1817474 ,-0.15498352,23.54931042,87.29998092 ,23.831999588012696,83.18022471756362 ,0.0,21:31:32 PM,1574006492758
1.2738647 ,-0.702301 ,-1.6535339,23.54931042,87.29998092 ,23.831999588012696,83.18022471756362 ,0.0,21:31:32 PM,1574006492764
0.44708252 ,-2.4417267 ,-5.668167,23.54931042,87.29998092 ,23.831999588012696,83.18022471756362 ,0.0,21:31:32 PM,1574006492769
-0.40870667 ,1.7893066 ,-10.011139,23.54931042,87.29998092 ,23.831999588012696,83.18022471756362 ,0.0,21:31:32 PM,1574006492774
-4.026123 ,5.999359 ,-20.40416,23.54931042,87.29998092 ,23.831999588012696,83.18022471756362 ,0.0,21:31:32 PM,1574006492778
-10.033966 ,16.57048 ,-7.2189026,23.54931042,87.29998092 ,23.831999588012696,83.18022471756362 ,0.0,21:31:32 PM,1574006492784
-12.658859 ,16.140884 ,-14.219147,23.54931042,87.29998092 ,23.831999588012696,83.18022471756362 ,0.0,21:31:32 PM,1574006492788
-5.900299 ,16.57547 ,-12.275467,23.54931042,87.29998092 ,23.831999588012696,83.18022471756362 ,0.0,21:31:32 PM,1574006492792
6.0704346 ,15.05246 ,-3.8019714,23.54931042,87.29998092 ,23.831999588012696,81.5223777453643 ,0.0,21:31:32 PM,1574006492801
13.405029 ,9.507492 ,2.5144196,23.54931042,87.29998092 ,23.831999588012696,81.5223777453643 ,0.0,21:31:32 PM,1574006492805
11.619171 ,4.3047028 ,8.195465,23.54931042,87.29998092 ,23.831999588012696,81.5223777453643 ,0.0,21:31:32 PM,1574006492807
5.358322 ,2.1401825 ,7.133484,23.54931042,87.29998092 ,23.831999588012696,81.5223777453643 ,0.0,21:31:32 PM,1574006492812
0.53512573 ,4.1722107 ,0.9323578,23.54931042,87.29998092 ,23.831999588012696,81.5223777453643 ,0.0,21:31:32 PM,1574006492817
-2.5464172 ,7.5132294 ,-1.4344635,23.54931042,87.29998092 ,23.831999588012696,81.5223777453643 ,0.0,21:31:32 PM,1574006492821
-4.747406 ,8.536758 ,-0.88423157,23.54931042,87.29998092 ,23.831999588012696,81.5223777453643 ,0.0,21:31:32 PM,1574006492825
-3.9748383 ,9.339767 ,2.2002258,23.54931042,87.29998092 ,23.831999588012696,81.5223777453643 ,0.0,21:31:32 PM,1574006492831
0.045135498 ,8.596817 ,-1.0475006,23.54931042,87.29998092 ,23.831999588012696,81.5223777453643 ,0.0,21:31:32 PM,1574006492835
3.9682312 ,8.626587 ,-1.5979309,23.54931042,87.29998092 ,23.831999588012696,81.5223777453643 ,0.0,21:31:32 PM,1574006492839
4.630554 ,10.75209 ,1.7937927,23.54931042,87.29998092 ,23.831999588012696,81.5223777453643 ,0.0,21:31:32 PM,1574006492844
3.0769196 ,12.831131 ,0.66999817,23.54931042,87.29998092 ,23.831999588012696,81.5223777453643 ,0.0,21:31:32 PM,1574006492850
1.5390778 ,15.277939 ,-7.7607574,23.54931042,87.29998092 ,23.831999588012696,81.5223777453643 ,0.0,21:31:32 PM,1574006492854
0.5585022 ,20.683884 ,-8.025925,23.54931042,87.29998092 ,23.831999588012696,81.5223777453643 ,0.0,21:31:32 PM,1574006492860
-0.08143616 ,15.543457 ,-19.523743,23.54931042,87.29998092 ,23.831999588012696,81.5223777453643 ,0.0,21:31:32 PM,1574006492869
0.34376526 ,11.518509 ,-14.528488,23.54927987,87.30003054 ,23.903999519348144,81.5223777453643 ,0.0,21:31:32 PM,1574006492873
0.031417847 ,7.5700226 ,-3.3461456,23.54927987,87.30003054 ,23.903999519348144,81.5223777453643 ,0.0,21:31:32 PM,1574006492879
-3.1956482 ,6.595581 ,12.267105,23.54927987,87.30003054 ,23.903999519348144,81.5223777453643 ,0.0,21:31:32 PM,1574006492884
-6.134506 ,2.254303 ,8.981598,23.54927987,87.30003054 ,23.903999519348144,81.5223777453643 ,0.0,21:31:32 PM,1574006492888
-4.442978 ,5.2671967 ,9.991623,23.54927987,87.30003054 ,23.903999519348144,81.5223777453643 ,0.0,21:31:32 PM,1574006492892
0.77337646 ,8.566086 ,2.39122,23.54927987,87.30003054 ,23.903999519348144,81.5223777453643 ,0.0,21:31:32 PM,1574006492898
5.7517853 ,11.545197 ,-2.6628418,23.54927987,87.30003054 ,23.903999519348144,81.5223777453643 ,0.0,21:31:32 PM,1574006492902
6.955353 ,9.005066 ,-11.214035,23.54927987,87.30003054 ,23.903999519348144,81.5223777453643 ,0.0,21:31:32 PM,1574006492907
3.7487946 ,8.476822 ,-8.306381,23.54927987,87.30003054 ,23.903999519348144,81.5223777453643 ,0.0,21:31:32 PM,1574006492911
-1.1689911 ,4.991745 ,-10.460663,23.54927987,87.30003054 ,23.903999519348144,81.5223777453643 ,0.0,21:31:32 PM,1574006492917
-4.4873047 ,5.5822144 ,-7.5744324,23.54927987,87.30003054 ,23.903999519348144,81.5223777453643 ,0.0,21:31:32 PM,1574006492921
-4.5081024 ,8.818954 ,0.35916138,23.54927987,87.30003054 ,23.903999519348144,81.5223777453643 ,0.0,21:31:32 PM,1574006492927
-1.3264618 ,10.234314 ,-0.85276794,23.54927987,87.30003054 ,23.903999519348144,81.5223777453643 ,0.0,21:31:32 PM,1574006492932
