x,y,z,latitude,longitude,speed,sound,light,time,timestamp
-10.877777 ,4.8502502 ,-16.1707,23.54958927,87.29950992 ,31.7879997253418,86.35803080217866 ,0.0,21:07:38 PM,1574005058516
-1.2203369 ,1.8975067 ,-22.442291,23.54958927,87.29950992 ,31.7879997253418,86.35803080217866 ,0.0,21:07:38 PM,1574005058523
4.8789673 ,-8.482559 ,-28.429123,23.54958927,87.29950992 ,31.7879997253418,86.35803080217866 ,0.0,21:07:38 PM,1574005058526
-3.349945 ,2.0219421 ,-0.1268158,23.54958927,87.29950992 ,31.7879997253418,86.35803080217866 ,0.0,21:07:38 PM,1574005058531
-10.066605 ,15.457642 ,3.5102692,23.54958927,87.29950992 ,31.7879997253418,86.35803080217866 ,0.0,21:07:38 PM,1574005058539
-2.4335022 ,18.070602 ,-2.1726837,23.54958927,87.29950992 ,31.7879997253418,86.35803080217866 ,0.0,21:07:38 PM,1574005058541
12.691528 ,17.778671 ,21.253052,23.54958927,87.29950992 ,31.7879997253418,86.35803080217866 ,0.0,21:07:38 PM,1574005058546
13.579269 ,17.209183 ,16.977081,23.54958927,87.29950992 ,31.7879997253418,86.35803080217866 ,0.0,21:07:38 PM,1574005058550
5.8336945 ,18.317062 ,12.34697,23.54958927,87.29950992 ,31.7879997253418,86.35803080217866 ,0.0,21:07:38 PM,1574005058557
2.1750793 ,12.047867 ,10.549957,23.54958927,87.29950992 ,31.7879997253418,86.35803080217866 ,0.0,21:07:38 PM,1574005058560
2.6081696 ,2.0482635 ,3.349945,23.54958927,87.29950992 ,31.7879997253418,86.35803080217866 ,0.0,21:07:38 PM,1574005058565
3.0101776 ,7.520645 ,1.6079712,23.54958927,87.29950992 ,31.7879997253418,86.35803080217866 ,0.0,21:07:38 PM,1574005058572
-0.71066284 ,4.4769745 ,-15.598816,23.54958927,87.29950992 ,31.7879997253418,86.35803080217866 ,0.0,21:07:38 PM,1574005058575
-3.270996 ,-3.7160492 ,-25.390244,23.54958927,87.29950992 ,31.7879997253418,86.35803080217866 ,0.0,21:07:38 PM,1574005058579
-7.475174 ,2.033905 ,-17.307281,23.54958927,87.29950992 ,31.7879997253418,86.35803080217866 ,0.0,21:07:38 PM,1574005058584
-16.060623 ,8.673981 ,-6.0107727,23.54958927,87.29950992 ,31.7879997253418,86.35803080217866 ,0.0,21:07:38 PM,1574005058590
-13.540985 ,18.218948 ,5.3694916,23.54958927,87.29950992 ,31.7879997253418,86.35803080217866 ,0.0,21:07:38 PM,1574005058595
4.010376 ,18.575485 ,-11.75354,23.54958927,87.29950992 ,31.7879997253418,86.35803080217866 ,0.0,21:07:38 PM,1574005058599
18.637695 ,18.111282 ,-1.6797638,23.54958927,87.29950992 ,31.7879997253418,86.35803080217866 ,0.0,21:07:38 PM,1574005058605
16.546371 ,13.770691 ,4.7760773,23.54958927,87.29950992 ,31.7879997253418,86.35803080217866 ,0.0,21:07:38 PM,1574005058611
2.3114624 ,18.032318 ,20.63092,23.54958927,87.29950992 ,31.7879997253418,86.35803080217866 ,0.0,21:07:38 PM,1574005058614
-5.5872345 ,19.776688 ,10.466202,23.54958927,87.29950992 ,31.7879997253418,86.35803080217866 ,0.0,21:07:38 PM,1574005058623
2.9216309 ,10.073776 ,-2.6033936,23.54958927,87.29950992 ,31.7879997253418,86.35803080217866 ,0.0,21:07:38 PM,1574005058625
8.496918 ,4.467407 ,-2.354538,23.54958927,87.29950992 ,31.7879997253418,86.35803080217866 ,0.0,21:07:38 PM,1574005058630
4.2927246 ,5.268997 ,4.096512,23.54958927,87.29950992 ,31.7879997253418,86.35803080217866 ,0.0,21:07:38 PM,1574005058634
-11.655441 ,11.952148 ,4.6133575,23.54958927,87.29950992 ,31.7879997253418,86.35803080217866 ,0.0,21:07:38 PM,1574005058641
-18.38884 ,9.96611 ,5.326416,23.54958927,87.29950992 ,31.7879997253418,86.35803080217866 ,0.0,21:07:38 PM,1574005058645
-9.2482605 ,5.441284 ,5.108673,23.54958927,87.29950992 ,31.7879997253418,86.35803080217866 ,0.0,21:07:38 PM,1574005058649
0.7800598 ,0.93559265 ,-6.037094,23.54958927,87.29950992 ,31.7879997253418,86.35803080217866 ,0.0,21:07:38 PM,1574005058656
11.131409 ,-0.62931824 ,-6.20459,23.54958927,87.29950992 ,31.7879997253418,86.35803080217866 ,0.0,21:07:38 PM,1574005058659
12.94278 ,7.00618 ,-18.077774,23.54958927,87.29950992 ,31.7879997253418,86.35803080217866 ,0.0,21:07:38 PM,1574005058664
2.675171 ,12.997818 ,-16.677979,23.54958927,87.29950992 ,31.7879997253418,86.35803080217866 ,0.0,21:07:38 PM,1574005058668
-3.3308105 ,24.954742 ,8.614166,23.54958927,87.29950992 ,31.7879997253418,86.35803080217866 ,0.0,21:07:38 PM,1574005058675
-4.0462646 ,21.16452 ,1.208374,23.54958927,87.29950992 ,31.7879997253418,86.35803080217866 ,0.0,21:07:38 PM,1574005058679
2.5651093 ,13.8137665 ,14.969498,23.54958927,87.29950992 ,31.7879997253418,86.35803080217866 ,0.0,21:07:38 PM,1574005058683
11.186447 ,5.42453 ,15.299713,23.54958927,87.29950992 ,31.7879997253418,86.35803080217866 ,0.0,21:07:38 PM,1574005058690
3.4217377 ,12.57428 ,2.0769653,23.54958927,87.29950992 ,31.7879997253418,86.35803080217866 ,0.0,21:07:38 PM,1574005058694
-5.0345 ,13.447662 ,-15.505493,23.54958927,87.29950992 ,31.7879997253418,86.35803080217866 ,0.0,21:07:38 PM,1574005058698
-4.311859 ,7.7982025 ,-12.071793,23.54958927,87.29950992 ,31.7879997253418,86.35803080217866 ,0.0,21:07:38 PM,1574005058706
0.20100403 ,0.9786682 ,6.295517,23.54958927,87.29950992 ,31.7879997253418,86.35803080217866 ,0.0,21:07:38 PM,1574005058709
0.16989136 ,7.3459625 ,12.325424,23.54958927,87.29950992 ,31.7879997253418,86.35803080217866 ,0.0,21:07:38 PM,1574005058713
-4.4650116 ,17.376678 ,6.666397,23.54958927,87.29950992 ,31.7879997253418,86.35803080217866 ,0.0,21:07:38 PM,1574005058718
0.7393799 ,10.87059 ,10.415955,23.54958927,87.29950992 ,31.7879997253418,86.35803080217866 ,0.0,21:07:38 PM,1574005058724
4.1228333 ,6.9104767 ,4.1036835,23.54958927,87.29950992 ,31.7879997253418,86.35803080217866 ,0.0,21:07:38 PM,1574005058729
3.144165 ,-0.72502136 ,-25.301712,23.54958927,87.29950992 ,31.7879997253418,86.35803080217866 ,0.0,21:07:38 PM,1574005058734
3.2159576 ,3.3188477 ,-25.232315,23.54958927,87.29950992 ,31.7879997253418,86.282276966399 ,0.0,21:07:38 PM,1574005058741
-0.5383911 ,10.566711 ,-9.856033,23.54958927,87.29950992 ,31.7879997253418,86.282276966399 ,0.0,21:07:38 PM,1574005058743
-5.9413757 ,9.784256 ,-3.4743805,23.54958927,87.29950992 ,31.7879997253418,86.282276966399 ,0.0,21:07:38 PM,1574005058748
-3.5988007 ,12.722641 ,-1.6486511,23.54958927,87.29950992 ,31.7879997253418,86.282276966399 ,0.0,21:07:38 PM,1574005058752
5.927017 ,11.351547 ,-4.1108704,23.54958927,87.29950992 ,31.7879997253418,86.282276966399 ,0.0,21:07:38 PM,1574005058758
7.063614 ,6.7501526 ,4.840683,23.54958927,87.29950992 ,31.7879997253418,86.282276966399 ,0.0,21:07:38 PM,1574005058762
-1.2227325 ,7.738388 ,5.5345917,23.54958927,87.29950992 ,31.7879997253418,86.282276966399 ,0.0,21:07:38 PM,1574005058767
-5.9892426 ,12.856644 ,-0.0765686,23.54958927,87.29950992 ,31.7879997253418,86.282276966399 ,0.0,21:07:38 PM,1574005058773
-1.174881 ,13.418945 ,-2.4693909,23.54958927,87.29950992 ,31.7879997253418,86.282276966399 ,0.0,21:07:38 PM,1574005058777
6.077774 ,6.3146667 ,5.580063,23.54958927,87.29950992 ,31.7879997253418,86.282276966399 ,0.0,21:07:38 PM,1574005058782
6.7812653 ,4.9124603 ,10.494919,23.54958927,87.29950992 ,31.7879997253418,86.282276966399 ,0.0,21:07:38 PM,1574005058789
-1.9142609 ,14.072189 ,12.198608,23.54958927,87.29950992 ,31.7879997253418,86.282276966399 ,0.0,21:07:38 PM,1574005058793
-10.186249 ,13.694122 ,4.584656,23.54958927,87.29950992 ,31.7879997253418,86.282276966399 ,0.0,21:07:38 PM,1574005058797
-5.2331085 ,12.667603 ,2.0697937,23.54958927,87.29950992 ,31.7879997253418,86.282276966399 ,0.0,21:07:38 PM,1574005058802
8.154739 ,15.151352 ,0.79681396,23.54958927,87.29950992 ,31.7879997253418,86.282276966399 ,0.0,21:07:38 PM,1574005058808
7.8747864 ,11.473587 ,-12.973877,23.54958927,87.29950992 ,31.7879997253418,86.282276966399 ,0.0,21:07:38 PM,1574005058812
-1.6701965 ,9.705292 ,-4.6253204,23.54958927,87.29950992 ,31.7879997253418,86.282276966399 ,0.0,21:07:38 PM,1574005058817
-1.8640137 ,2.7230377 ,0.42591858,23.54958927,87.29950992 ,31.7879997253418,86.282276966399 ,0.0,21:07:38 PM,1574005058823
-4.7114716 ,2.864212 ,-14.222931,23.54958927,87.29950992 ,31.7879997253418,86.282276966399 ,0.0,21:07:38 PM,1574005058827
-2.7517395 ,4.689926 ,-16.570297,23.54958927,87.29950992 ,31.7879997253418,86.282276966399 ,0.0,21:07:38 PM,1574005058831
4.1084747 ,4.472183 ,-6.8530426,23.54958927,87.29950992 ,31.7879997253418,86.282276966399 ,0.0,21:07:38 PM,1574005058839
5.30011 ,7.733597 ,4.2017975,23.54958927,87.29950992 ,31.7879997253418,86.282276966399 ,0.0,21:07:38 PM,1574005058842
4.1683044 ,6.0394897 ,6.130417,23.54958927,87.29950992 ,31.7879997253418,86.282276966399 ,0.0,21:07:38 PM,1574005058846
3.775879 ,8.011169 ,6.620941,23.54958927,87.29950992 ,31.7879997253418,86.282276966399 ,0.0,21:07:38 PM,1574005058851
2.8450623 ,9.011368 ,-3.929016,23.54958927,87.29950992 ,31.7879997253418,86.282276966399 ,0.0,21:07:38 PM,1574005058857
-0.38523865 ,9.559326 ,3.2039948,23.54958927,87.29950992 ,31.7879997253418,86.282276966399 ,0.0,21:07:38 PM,1574005058861
-4.598999 ,13.933411 ,7.1497498,23.54958927,87.29950992 ,31.7879997253418,86.282276966399 ,0.0,21:07:38 PM,1574005058866
-1.1772614 ,15.010178 ,6.508484,23.54958927,87.29950992 ,31.7879997253418,86.282276966399 ,0.0,21:07:38 PM,1574005058873
2.1343994 ,11.71048 ,-1.7922211,23.54958927,87.29950992 ,31.7879997253418,86.282276966399 ,0.0,21:07:38 PM,1574005058876
0.4857483 ,14.266006 ,-5.190033,23.54958927,87.29950992 ,31.7879997253418,86.282276966399 ,0.0,21:07:38 PM,1574005058881
-0.653244 ,14.969498 ,-4.5559387,23.54958927,87.29950992 ,31.7879997253418,86.282276966399 ,0.0,21:07:38 PM,1574005058889
-5.9126587 ,15.089142 ,-5.934204,23.54958927,87.29950992 ,31.7879997253418,86.282276966399 ,0.0,21:07:38 PM,1574005058891
-4.7162476 ,8.456238 ,-1.6941223,23.54958927,87.29950992 ,31.7879997253418,86.282276966399 ,0.0,21:07:38 PM,1574005058896
-1.1102753 ,4.285553 ,-4.319046,23.54958927,87.29950992 ,31.7879997253418,86.282276966399 ,0.0,21:07:38 PM,1574005058901
-0.63409424 ,9.585648 ,-13.450058,23.54958927,87.29950992 ,31.7879997253418,86.282276966399 ,0.0,21:07:38 PM,1574005058907
-2.222931 ,11.002197 ,-4.8430786,23.54958927,87.29950992 ,31.7879997253418,86.282276966399 ,0.0,21:07:38 PM,1574005058911
1.5984039 ,7.0779724 ,7.470398,23.54958927,87.29950992 ,31.7879997253418,86.282276966399 ,0.0,21:07:38 PM,1574005058915
6.2117615 ,8.530411 ,6.029907,23.54958927,87.29950992 ,31.7879997253418,86.282276966399 ,0.0,21:07:38 PM,1574005058923
2.313858 ,10.1814575 ,5.967697,23.54958927,87.29950992 ,31.7879997253418,86.282276966399 ,0.0,21:07:38 PM,1574005058925
-0.0382843 ,9.698105 ,8.166702,23.54958927,87.29950992 ,31.7879997253418,86.282276966399 ,0.0,21:07:38 PM,1574005058930
1.4811554 ,10.214966 ,14.500504,23.54958927,87.29950992 ,31.7879997253418,86.282276966399 ,0.0,21:07:38 PM,1574005058935
0.07417297 ,12.428314 ,9.174088,23.54958927,87.29950992 ,31.7879997253418,86.282276966399 ,0.0,21:07:38 PM,1574005058941
-0.29431152 ,3.5820618 ,-0.3756714,23.54958927,87.29950992 ,31.7879997253418,86.282276966399 ,0.0,21:07:38 PM,1574005058945
-0.8111725 ,1.4883423 ,-0.46180725,23.54958927,87.29950992 ,31.7879997253418,86.282276966399 ,0.0,21:07:38 PM,1574005058950
-1.8735809 ,3.9481506 ,-8.003998,23.54958927,87.29950992 ,31.7879997253418,86.282276966399 ,0.0,21:07:38 PM,1574005058956
-4.273575 ,10.19104 ,-10.073776,23.54958927,87.29950992 ,31.7879997253418,86.282276966399 ,0.0,21:07:38 PM,1574005058960
-2.4406738 ,16.060623 ,-1.1174469,23.54958927,87.29950992 ,31.7879997253418,86.282276966399 ,0.0,21:07:38 PM,1574005058965
3.4791565 ,21.135803 ,8.941986,23.54958927,87.29950992 ,31.7879997253418,86.282276966399 ,0.0,21:07:38 PM,1574005058972
4.718643 ,21.978073 ,1.0959167,23.54958927,87.29950992 ,31.7879997253418,86.282276966399 ,0.0,21:07:38 PM,1574005058974
5.132599 ,16.058228 ,-9.092728,23.54958927,87.29950992 ,31.7879997253418,86.282276966399 ,0.0,21:07:38 PM,1574005058979
4.816757 ,6.6137695 ,-2.0578308,23.54958927,87.29950992 ,31.7879997253418,86.282276966399 ,0.0,21:07:38 PM,1574005058984
-3.8285217 ,7.2263184 ,-6.02034,23.54958927,87.29950992 ,31.7879997253418,86.282276966399 ,0.0,21:07:38 PM,1574005058989
-8.516052 ,14.794815 ,-7.5373993,23.54958927,87.29950992 ,31.7879997253418,86.282276966399 ,0.0,21:07:38 PM,1574005058994
2.6823578 ,16.517654 ,6.47258,23.54958927,87.29950992 ,31.7879997253418,86.282276966399 ,0.0,21:07:38 PM,1574005058998
13.976471 ,10.607376 ,13.550552,23.54958927,87.29950992 ,31.7879997253418,86.282276966399 ,0.0,21:07:39 PM,1574005059005
