x,y,z,latitude,longitude,speed,sound,light,time,timestamp
0.21534729 ,9.0711975 ,0.17228699,23.5489289,87.3006847 ,0.0,73.65106279889223 ,2.0,21:08:03 PM,1574005083173
0.33499146 ,9.600006 ,-0.64367676,23.5489289,87.3006847 ,0.0,73.65106279889223 ,2.0,21:08:03 PM,1574005083177
0.28234863 ,9.035294 ,-1.8592224,23.5489289,87.3006847 ,0.0,73.65106279889223 ,2.0,21:08:03 PM,1574005083181
0.28234863 ,8.839081 ,-1.3974152,23.5489289,87.3006847 ,0.0,73.65106279889223 ,2.0,21:08:03 PM,1574005083190
0.7896271 ,8.941986 ,-0.83509827,23.5489289,87.3006847 ,0.0,73.65106279889223 ,2.0,21:08:03 PM,1574005083192
0.1268158 ,9.647858 ,-1.5984039,23.5489289,87.3006847 ,0.0,73.65106279889223 ,2.0,21:08:03 PM,1574005083196
-0.32781982 ,10.231705 ,-1.9525452,23.5489289,87.3006847 ,0.0,73.65106279889223 ,2.0,21:08:03 PM,1574005083201
1.179657 ,10.856232 ,-1.8185425,23.5489289,87.3006847 ,0.0,73.65106279889223 ,2.0,21:08:03 PM,1574005083207
1.8711853 ,10.485352 ,-1.7922211,23.5489289,87.3006847 ,0.0,73.65106279889223 ,2.0,21:08:03 PM,1574005083211
0.6197357 ,8.819946 ,-4.1324005,23.5489289,87.3006847 ,0.0,73.65106279889223 ,2.0,21:08:03 PM,1574005083216
0.2632141 ,10.169495 ,-0.55992126,23.5489289,87.3006847 ,0.0,72.59622097186681 ,2.0,21:08:03 PM,1574005083223
0.42591858 ,10.487747 ,-1.6175537,23.5489289,87.3006847 ,0.0,72.59622097186681 ,2.0,21:08:03 PM,1574005083226
-0.37327576 ,8.288742 ,-3.7662964,23.5489289,87.3006847 ,0.0,72.59622097186681 ,2.0,21:08:03 PM,1574005083230
-0.04547119 ,8.824738 ,-1.931015,23.5489289,87.3006847 ,0.0,72.59622097186681 ,2.0,21:08:03 PM,1574005083235
0.72502136 ,10.853836 ,0.8614197,23.5489289,87.3006847 ,0.0,72.59622097186681 ,2.0,21:08:03 PM,1574005083244
0.9714813 ,9.643082 ,0.21774292,23.5489289,87.3006847 ,0.0,72.59622097186681 ,2.0,21:08:03 PM,1574005083247
1.2370911 ,8.193024 ,0.028717041,23.54892685,87.30068245 ,0.0,72.59622097186681 ,2.0,21:08:03 PM,1574005083252
0.830307 ,8.965912 ,0.112457275,23.54892685,87.30068245 ,0.0,72.59622097186681 ,2.0,21:08:03 PM,1574005083257
0.20578003 ,9.578476 ,-0.7537384,23.54892685,87.30068245 ,0.0,72.59622097186681 ,2.0,21:08:03 PM,1574005083261
-0.2536316 ,9.195618 ,-1.0600128,23.54892685,87.30068245 ,0.0,72.59622097186681 ,2.0,21:08:03 PM,1574005083265
-0.6269226 ,9.006592 ,-1.0432739,23.54892685,87.30068245 ,0.0,72.59622097186681 ,2.0,21:08:03 PM,1574005083273
-0.20817566 ,9.035294 ,-0.9834442,23.54892685,87.30068245 ,0.0,72.59622097186681 ,2.0,21:08:03 PM,1574005083275
0.59580994 ,9.578476 ,-0.8566284,23.54892685,87.30068245 ,0.0,72.59622097186681 ,2.0,21:08:03 PM,1574005083280
0.7346039 ,10.224533 ,-2.646469,23.54892685,87.30068245 ,0.0,72.59622097186681 ,2.0,21:08:03 PM,1574005083285
0.79441833 ,10.482956 ,-2.634491,23.54892685,87.30068245 ,0.0,72.59622097186681 ,2.0,21:08:03 PM,1574005083290
0.81355286 ,9.533005 ,-2.1320038,23.54892685,87.30068245 ,0.0,72.59622097186681 ,2.0,21:08:03 PM,1574005083295
0.5359955 ,9.219543 ,-2.8857422,23.54892685,87.30068245 ,0.0,72.59622097186681 ,2.0,21:08:03 PM,1574005083300
0.1483612 ,11.315659 ,-1.4811554,23.54892685,87.30068245 ,0.0,72.59622097186681 ,2.0,21:08:03 PM,1574005083306
-0.102890015 ,10.72702 ,-2.979065,23.54892685,87.30068245 ,0.0,72.59622097186681 ,2.0,21:08:03 PM,1574005083310
0.19381714 ,8.420349 ,-2.8426666,23.54892685,87.30068245 ,0.0,72.59622097186681 ,2.0,21:08:03 PM,1574005083315
0.33738708 ,9.023331 ,-1.0337067,23.54892685,87.30068245 ,0.0,72.59622097186681 ,2.0,21:08:03 PM,1574005083323
0.28234863 ,10.995026 ,-0.38285828,23.54892685,87.30068245 ,0.0,72.59622097186681 ,2.0,21:08:03 PM,1574005083326
1.0456696 ,10.305893 ,-0.2368927,23.54892685,87.30068245 ,0.0,72.59622097186681 ,2.0,21:08:03 PM,1574005083329
1.3160553 ,8.391632 ,0.071777344,23.54892685,87.30068245 ,0.0,72.59622097186681 ,2.0,21:08:03 PM,1574005083334
0.8183441 ,8.231308 ,-0.2033844,23.54892685,87.30068245 ,0.0,72.59622097186681 ,2.0,21:08:03 PM,1574005083340
0.48812866 ,9.556931 ,-0.66760254,23.54892685,87.30068245 ,0.0,72.59622097186681 ,2.0,21:08:03 PM,1574005083345
-0.33259583 ,9.817749 ,-2.1224365,23.54892685,87.30068245 ,0.0,72.59622097186681 ,2.0,21:08:03 PM,1574005083349
-0.8638153 ,8.915665 ,-1.7946167,23.54892685,87.30068245 ,0.0,72.59622097186681 ,2.0,21:08:03 PM,1574005083356
0.21534729 ,9.066406 ,-1.002594,23.54892685,87.30068245 ,0.0,72.59622097186681 ,2.0,21:08:03 PM,1574005083359
1.1294098 ,10.1766815 ,-3.3666992,23.54892685,87.30068245 ,0.0,72.59622097186681 ,2.0,21:08:03 PM,1574005083364
0.8231354 ,11.018951 ,-3.4432678,23.54892685,87.30068245 ,0.0,72.59622097186681 ,2.0,21:08:03 PM,1574005083369
1.0959167 ,10.442276 ,-2.1056824,23.54892685,87.30068245 ,0.0,72.59622097186681 ,2.0,21:08:03 PM,1574005083375
1.4715881 ,10.755737 ,-0.122039795,23.54892685,87.30068245 ,0.0,72.59622097186681 ,2.0,21:08:03 PM,1574005083379
0.48812866 ,10.10968 ,-2.067398,23.54892685,87.30068245 ,0.0,72.59622097186681 ,2.0,21:08:03 PM,1574005083383
-0.14117432 ,8.729019 ,-4.508072,23.54892685,87.30068245 ,0.0,72.59622097186681 ,2.0,21:08:03 PM,1574005083390
0.97387695 ,9.267395 ,-0.550354,23.54892685,87.30068245 ,0.0,72.59622097186681 ,2.0,21:08:03 PM,1574005083394
0.58384705 ,9.253052 ,-0.119644165,23.54892685,87.30068245 ,0.0,72.59622097186681 ,2.0,21:08:03 PM,1574005083399
-0.6125641 ,8.087738 ,-2.5770721,23.54892685,87.30068245 ,0.0,72.59622097186681 ,2.0,21:08:03 PM,1574005083406
-0.009567261 ,9.990036 ,-2.2707825,23.54892685,87.30068245 ,0.0,72.59622097186681 ,2.0,21:08:03 PM,1574005083409
1.1557312 ,11.4592285 ,1.7850494,23.54892685,87.30068245 ,0.0,72.59622097186681 ,2.0,21:08:03 PM,1574005083413
2.1056824 ,9.466003 ,0.098098755,23.54892685,87.30068245 ,0.0,72.59622097186681 ,2.0,21:08:03 PM,1574005083418
2.136795 ,8.226532 ,-1.8448639,23.54892685,87.30068245 ,0.0,72.59622097186681 ,2.0,21:08:03 PM,1574005083424
0.61016846 ,9.84407 ,-3.000595,23.54892685,87.30068245 ,0.0,72.59622097186681 ,2.0,21:08:03 PM,1574005083428
-0.44984436 ,9.714859 ,-1.5003052,23.54892685,87.30068245 ,0.0,72.59622097186681 ,2.0,21:08:03 PM,1574005083432
-0.4857483 ,9.623932 ,-1.6366882,23.54892685,87.30068245 ,0.0,72.59622097186681 ,2.0,21:08:03 PM,1574005083439
-0.19621277 ,9.640686 ,-2.2348938,23.54892685,87.30068245 ,0.0,72.59622097186681 ,2.0,21:08:03 PM,1574005083443
0.7010956 ,9.408585 ,-0.69869995,23.54892685,87.30068245 ,0.0,72.59622097186681 ,2.0,21:08:03 PM,1574005083448
1.6438751 ,8.965912 ,0.38763428,23.54892685,87.30068245 ,0.0,72.59622097186681 ,2.0,21:08:03 PM,1574005083452
-0.19381714 ,9.537796 ,-2.7541351,23.54892685,87.30068245 ,0.0,72.59622097186681 ,2.0,21:08:03 PM,1574005083459
-1.0193481 ,10.200607 ,-2.1463623,23.54892685,87.30068245 ,0.0,72.59622097186681 ,2.0,21:08:03 PM,1574005083463
1.0576324 ,9.037689 ,-2.244461,23.54892685,87.30068245 ,0.0,72.59622097186681 ,2.0,21:08:03 PM,1574005083467
2.050644 ,9.18605 ,-1.6821594,23.54892685,87.30068245 ,0.0,72.59622097186681 ,2.0,21:08:03 PM,1574005083473
0.7082825 ,11.406586 ,-2.1678925,23.54892685,87.30068245 ,0.0,72.59622097186681 ,2.0,21:08:03 PM,1574005083478
0.071777344 ,10.616959 ,-2.5914307,23.54892685,87.30068245 ,0.0,72.59622097186681 ,2.0,21:08:03 PM,1574005083482
0.24645996 ,8.987442 ,-2.6488495,23.54892685,87.30068245 ,0.0,72.59622097186681 ,2.0,21:08:03 PM,1574005083490
-0.3254242 ,9.755539 ,-1.7970123,23.54892685,87.30068245 ,0.0,72.59622097186681 ,2.0,21:08:03 PM,1574005083492
0.06460571 ,10.987839 ,-1.4452667,23.54892685,87.30068245 ,0.0,72.59622097186681 ,2.0,21:08:03 PM,1574005083497
1.7084808 ,9.231506 ,-0.8063812,23.54892685,87.30068245 ,0.0,72.59622097186681 ,2.0,21:08:03 PM,1574005083502
1.6438751 ,8.231308 ,0.8231354,23.54892685,87.30068245 ,0.0,72.59622097186681 ,2.0,21:08:03 PM,1574005083508
0.3254242 ,8.621338 ,0.18185425,23.54892685,87.30068245 ,0.0,72.59622097186681 ,2.0,21:08:03 PM,1574005083512
-0.28474426 ,9.57608 ,-0.7513428,23.54892685,87.30068245 ,0.0,72.59622097186681 ,2.0,21:08:03 PM,1574005083516
-0.44267273 ,9.243469 ,-2.0315094,23.54892685,87.30068245 ,0.0,72.59622097186681 ,2.0,21:08:03 PM,1574005083522
-0.1986084 ,8.769699 ,-0.43070984,23.54892685,87.30068245 ,0.0,72.59622097186681 ,2.0,21:08:03 PM,1574005083527
0.76330566 ,8.752945 ,-0.8494568,23.54892685,87.30068245 ,0.0,72.59622097186681 ,2.0,21:08:03 PM,1574005083531
0.54556274 ,10.229324 ,-2.9312134,23.54892685,87.30068245 ,0.0,72.59622097186681 ,2.0,21:08:03 PM,1574005083539
-0.15792847 ,10.734207 ,-3.9673004,23.54892685,87.30068245 ,0.0,72.59622097186681 ,2.0,21:08:03 PM,1574005083541
0.8422699 ,11.267807 ,-1.2945099,23.54892685,87.30068245 ,0.0,72.59622097186681 ,2.0,21:08:03 PM,1574005083546
1.5433655 ,9.559326 ,-2.589035,23.54892685,87.30068245 ,0.0,72.59622097186681 ,2.0,21:08:03 PM,1574005083551
0.69869995 ,8.915665 ,-2.778061,23.54892685,87.30068245 ,0.0,72.59622097186681 ,2.0,21:08:03 PM,1574005083557
0.5694885 ,10.9088745 ,-0.6963043,23.54892685,87.30068245 ,0.0,72.59622097186681 ,2.0,21:08:03 PM,1574005083562
0.20100403 ,9.499512 ,-2.938385,23.54892685,87.30068245 ,0.0,72.59622097186681 ,2.0,21:08:03 PM,1574005083566
-0.5407715 ,7.688141 ,-3.2398834,23.54892685,87.30068245 ,0.0,72.59622097186681 ,2.0,21:08:03 PM,1574005083573
0.15074158 ,9.353546 ,0.40438843,23.54892685,87.30068245 ,0.0,72.59622097186681 ,2.0,21:08:03 PM,1574005083576
0.6125641 ,11.430511 ,1.076767,23.54892685,87.30068245 ,0.0,72.59622097186681 ,2.0,21:08:03 PM,1574005083581
1.4309082 ,8.571091 ,-0.9906311,23.54892685,87.30068245 ,0.0,72.59622097186681 ,2.0,21:08:03 PM,1574005083586
1.7754669 ,8.147568 ,0.25842285,23.54892685,87.30068245 ,0.0,72.59622097186681 ,2.0,21:08:03 PM,1574005083591
0.3014984 ,9.769897 ,-1.2753754,23.54892685,87.30068245 ,0.0,72.59622097186681 ,2.0,21:08:03 PM,1574005083596
-1.0695953 ,9.961319 ,-1.8233337,23.54892685,87.30068245 ,0.0,72.59622097186681 ,2.0,21:08:03 PM,1574005083600
-0.5359955 ,9.547363 ,-3.1250305,23.54892685,87.30068245 ,0.0,72.59622097186681 ,2.0,21:08:03 PM,1574005083606
0.3637085 ,9.6957245 ,-3.1680908,23.54892685,87.30068245 ,0.0,72.59622097186681 ,2.0,21:08:03 PM,1574005083610
1.3878326 ,9.336792 ,-1.6725769,23.54892685,87.30068245 ,0.0,72.59622097186681 ,2.0,21:08:03 PM,1574005083615
1.4021912 ,9.592819 ,-1.0097656,23.54892685,87.30068245 ,0.0,72.59622097186681 ,2.0,21:08:03 PM,1574005083621
-0.5240326 ,10.679169 ,-3.8620148,23.54892685,87.30068245 ,0.0,72.59622097186681 ,2.0,21:08:03 PM,1574005083625
-0.6125641 ,9.1453705 ,-5.201996,23.54892685,87.30068245 ,0.0,72.59622097186681 ,2.0,21:08:03 PM,1574005083630
1.6199341 ,7.824524 ,-1.8113708,23.54892685,87.30068245 ,0.0,72.59622097186681 ,2.0,21:08:03 PM,1574005083635
1.5673065 ,10.013962 ,-0.83987427,23.54892685,87.30068245 ,0.0,72.59622097186681 ,2.0,21:08:03 PM,1574005083641
-0.5312042 ,11.07399 ,-4.010376,23.54892685,87.30068245 ,0.0,72.59622097186681 ,2.0,21:08:03 PM,1574005083646
-0.093322754 ,8.846268 ,-2.967102,23.54892685,87.30068245 ,0.0,72.59622097186681 ,2.0,21:08:03 PM,1574005083650
1.0815582 ,8.554337 ,-0.65802,23.54892685,87.30068245 ,0.0,72.59622097186681 ,2.0,21:08:03 PM,1574005083656
0.29431152 ,10.748566 ,-0.928421,23.54892685,87.30068245 ,0.0,72.59622097186681 ,2.0,21:08:03 PM,1574005083661
