x,y,z,latitude,longitude,speed,sound,light,time,timestamp
0.15074158 ,-2.5459595 ,7.6737823,23.54288472,87.29718318 ,14.292000102996827,70.804714573974 ,35.0,21:46:04 PM,1574007364730
9.745972 ,-5.4915314 ,5.190033,23.54288472,87.29718318 ,14.292000102996827,70.804714573974 ,35.0,21:46:04 PM,1574007364734
10.640884 ,-9.640686 ,4.015152,23.54288472,87.29718318 ,14.292000102996827,69.10180055343601 ,35.0,21:46:04 PM,1574007364741
3.4959106 ,-11.571686 ,8.750549,23.54288472,87.29718318 ,14.292000102996827,69.10180055343601 ,35.0,21:46:04 PM,1574007364745
-2.5698853 ,-10.360916 ,19.755142,23.54288472,87.29718318 ,14.292000102996827,69.10180055343601 ,35.0,21:46:04 PM,1574007364750
-5.149353 ,-9.540192 ,23.21756,23.54288472,87.29718318 ,14.292000102996827,69.10180055343601 ,35.0,21:46:04 PM,1574007364756
-3.8907318 ,-9.317657 ,18.314667,23.54288472,87.29718318 ,14.292000102996827,69.10180055343601 ,35.0,21:46:04 PM,1574007364760
1.6366882 ,-7.2933197 ,18.192627,23.54288472,87.29718318 ,14.292000102996827,69.10180055343601 ,35.0,21:46:04 PM,1574007364764
8.030319 ,-7.4560394 ,23.294128,23.54288472,87.29718318 ,14.292000102996827,69.10180055343601 ,35.0,21:46:04 PM,1574007364773
8.434708 ,-7.7024994 ,28.776093,23.54288472,87.29718318 ,14.292000102996827,69.10180055343601 ,35.0,21:46:04 PM,1574007364775
3.3810577 ,-7.836487 ,27.577286,23.54288472,87.29718318 ,14.292000102996827,69.10180055343601 ,35.0,21:46:04 PM,1574007364779
-1.0528412 ,-2.6416779 ,25.143784,23.54288472,87.29718318 ,14.292000102996827,69.10180055343601 ,35.0,21:46:04 PM,1574007364784
0.03111267 ,-3.7543335 ,14.316254,23.54288472,87.29718318 ,14.292000102996827,69.10180055343601 ,35.0,21:46:04 PM,1574007364790
4.2424774 ,-4.118042 ,14.282761,23.54288472,87.29718318 ,14.292000102996827,69.10180055343601 ,35.0,21:46:04 PM,1574007364794
3.3403778 ,-3.0771637 ,17.522644,23.54288472,87.29718318 ,14.292000102996827,69.10180055343601 ,35.0,21:46:04 PM,1574007364799
-1.0552368 ,-0.41635132 ,11.626724,23.54288472,87.29718318 ,14.292000102996827,69.10180055343601 ,35.0,21:46:04 PM,1574007364806
0.0047912598 ,5.5322113 ,5.7667084,23.54288472,87.29718318 ,14.292000102996827,69.10180055343601 ,35.0,21:46:04 PM,1574007364810
5.0321045 ,10.195816 ,2.8139648,23.54288472,87.29718318 ,14.292000102996827,69.10180055343601 ,35.0,21:46:04 PM,1574007364814
5.8336945 ,11.487946 ,0.37088013,23.54288472,87.29718318 ,14.292000102996827,69.10180055343601 ,35.0,21:46:04 PM,1574007364818
2.005188 ,11.913864 ,-3.5317993,23.54288472,87.29718318 ,14.292000102996827,69.10180055343601 ,35.0,21:46:04 PM,1574007364824
-0.63648987 ,10.657639 ,-7.5397797,23.54288472,87.29718318 ,14.292000102996827,69.10180055343601 ,35.0,21:46:04 PM,1574007364830
3.7016907 ,9.162125 ,-2.7086792,23.54288472,87.29718318 ,14.292000102996827,69.10180055343601 ,35.0,21:46:04 PM,1574007364834
4.8023987 ,10.463806 ,1.1294098,23.54288472,87.29718318 ,14.292000102996827,69.10180055343601 ,35.0,21:46:04 PM,1574007364840
0.9667053 ,12.583847 ,-1.3639069,23.54288472,87.29718318 ,14.292000102996827,69.10180055343601 ,35.0,21:46:04 PM,1574007364844
0.2536316 ,14.289932 ,-2.4095764,23.54288472,87.29718318 ,14.292000102996827,69.10180055343601 ,35.0,21:46:04 PM,1574007364848
3.768692 ,9.729218 ,-1.8855438,23.54288472,87.29718318 ,14.292000102996827,69.10180055343601 ,35.0,21:46:04 PM,1574007364855
4.3788605 ,3.3643036 ,0.21534729,23.54288472,87.29718318 ,14.292000102996827,69.10180055343601 ,34.0,21:46:04 PM,1574007364858
0.70588684 ,3.1274261 ,5.9365997,23.54288472,87.29718318 ,14.292000102996827,69.10180055343601 ,34.0,21:46:04 PM,1574007364863
-1.3232269 ,3.007782 ,9.236298,23.54288472,87.29718318 ,14.292000102996827,69.10180055343601 ,34.0,21:46:04 PM,1574007364867
0.63409424 ,1.2251282 ,9.47319,23.54288472,87.29718318 ,14.292000102996827,69.10180055343601 ,34.0,21:46:04 PM,1574007364874
2.5986023 ,-0.17945862 ,10.492523,23.54288472,87.29718318 ,14.292000102996827,69.10180055343601 ,34.0,21:46:04 PM,1574007364878
2.5005035 ,-0.61016846 ,11.861221,23.54288472,87.29718318 ,14.292000102996827,69.10180055343601 ,34.0,21:46:04 PM,1574007364882
1.6797638 ,-2.6440735 ,14.084152,23.54288472,87.29718318 ,14.292000102996827,69.10180055343601 ,34.0,21:46:04 PM,1574007364888
0.0 ,-4.0366974 ,15.507889,23.54288472,87.29718318 ,14.292000102996827,69.10180055343601 ,34.0,21:46:04 PM,1574007364893
-3.3714905 ,-2.703888 ,12.339783,23.54288472,87.29718318 ,14.292000102996827,69.10180055343601 ,34.0,21:46:04 PM,1574007364897
-4.2927246 ,-0.4402771 ,8.781662,23.54288472,87.29718318 ,14.292000102996827,69.10180055343601 ,34.0,21:46:04 PM,1574007364902
-1.0576324 ,1.3088684 ,9.181259,23.54288472,87.29718318 ,14.292000102996827,69.10180055343601 ,34.0,21:46:04 PM,1574007364909
1.6175537 ,0.91166687 ,8.702698,23.54288472,87.29718318 ,14.292000102996827,69.10180055343601 ,34.0,21:46:04 PM,1574007364913
0.3637085 ,0.8159485 ,6.0514526,23.54288472,87.29718318 ,14.292000102996827,69.10180055343601 ,34.0,21:46:04 PM,1574007364917
-1.6319122 ,2.7421722 ,3.0867462,23.54288472,87.29718318 ,14.292000102996827,69.10180055343601 ,34.0,21:46:04 PM,1574007364924
-0.8805542 ,4.6947174 ,0.1268158,23.54288472,87.29718318 ,14.292000102996827,69.10180055343601 ,34.0,21:46:04 PM,1574007364928
2.2372894 ,5.654236 ,-0.5096741,23.54288472,87.29718318 ,14.292000102996827,69.10180055343601 ,34.0,21:46:04 PM,1574007364932
5.2570343 ,5.067993 ,0.91166687,23.54288472,87.29718318 ,14.292000102996827,69.10180055343601 ,34.0,21:46:04 PM,1574007364939
6.04187 ,4.9411774 ,4.8502502,23.54288472,87.29718318 ,14.292000102996827,69.10180055343601 ,34.0,21:46:04 PM,1574007364943
3.5461578 ,4.1611176 ,4.8047943,23.54288472,87.29718318 ,14.292000102996827,69.10180055343601 ,34.0,21:46:04 PM,1574007364947
0.3254242 ,3.7016907 ,1.385437,23.54288472,87.29718318 ,14.292000102996827,69.10180055343601 ,34.0,21:46:04 PM,1574007364952
-0.41874695 ,4.0917206 ,3.373886,23.54288472,87.29718318 ,14.292000102996827,69.10180055343601 ,34.0,21:46:04 PM,1574007364958
-0.0143585205 ,2.9288177 ,8.025528,23.54288472,87.29718318 ,14.292000102996827,69.10180055343601 ,34.0,21:46:04 PM,1574007364963
0.6915283 ,0.5120697 ,8.458633,23.54288472,87.29718318 ,14.292000102996827,69.10180055343601 ,34.0,21:46:04 PM,1574007364967
2.9934235 ,-0.14356995 ,8.669189,23.54288472,87.29718318 ,14.292000102996827,69.10180055343601 ,34.0,21:46:04 PM,1574007364973
4.76651 ,-0.31825256 ,9.171692,23.54288472,87.29718318 ,14.292000102996827,69.10180055343601 ,34.0,21:46:04 PM,1574007364977
2.4263153 ,-0.4402771 ,6.1423798,23.54288472,87.29718318 ,14.292000102996827,69.10180055343601 ,34.0,21:46:04 PM,1574007364981
-0.37806702 ,-0.5766754 ,4.62294,23.54288472,87.29718318 ,14.292000102996827,69.10180055343601 ,34.0,21:46:04 PM,1574007364989
0.8063812 ,0.1603241 ,9.643082,23.54288472,87.29718318 ,14.292000102996827,69.10180055343601 ,34.0,21:46:04 PM,1574007364991
2.0889282 ,-1.1222382 ,10.815552,23.54288472,87.29718318 ,14.292000102996827,69.10180055343601 ,34.0,21:46:04 PM,1574007364997
0.12921143 ,-0.114852905 ,6.788437,23.54288472,87.29718318 ,14.292000102996827,69.10180055343601 ,34.0,21:46:05 PM,1574007365001
-1.1365967 ,2.703888 ,3.5030975,23.54288472,87.29718318 ,14.292000102996827,69.10180055343601 ,34.0,21:46:05 PM,1574007365008
0.77049255 ,5.477173 ,6.027527,23.54288472,87.29718318 ,14.292000102996827,69.10180055343601 ,34.0,21:46:05 PM,1574007365011
1.134201 ,4.6037903 ,3.625122,23.54288472,87.29718318 ,14.292000102996827,69.10180055343601 ,34.0,21:46:05 PM,1574007365016
-0.8159485 ,4.125229 ,0.8039856,23.54288472,87.29718318 ,14.292000102996827,69.10180055343601 ,34.0,21:46:05 PM,1574007365023
-1.4165497 ,0.9188385 ,-1.758728,23.54288472,87.29718318 ,14.292000102996827,69.10180055343601 ,34.0,21:46:05 PM,1574007365026
1.5074768 ,-1.5984039 ,-2.141571,23.54288472,87.29718318 ,14.292000102996827,69.10180055343601 ,34.0,21:46:05 PM,1574007365031
7.1641083 ,-1.105484 ,6.180664,23.54288472,87.29718318 ,14.292000102996827,69.10180055343601 ,34.0,21:46:05 PM,1574007365035
4.977066 ,1.5050812 ,12.545563,23.54288472,87.29718318 ,14.292000102996827,69.10180055343601 ,34.0,21:46:05 PM,1574007365042
-5.515457 ,-7.893921 ,9.702896,23.54288472,87.29718318 ,14.292000102996827,69.10180055343601 ,34.0,21:46:05 PM,1574007365046
-12.301498 ,-1.8400879 ,30.647278,23.54288472,87.29718318 ,14.292000102996827,69.10180055343601 ,34.0,21:46:05 PM,1574007365050
-8.874985 ,-0.90448 ,34.25804,23.54288472,87.29718318 ,14.292000102996827,69.10180055343601 ,33.0,21:46:05 PM,1574007365056
1.3663025 ,-2.7421722 ,14.447861,23.54288472,87.29718318 ,14.292000102996827,69.10180055343601 ,33.0,21:46:05 PM,1574007365061
12.117249 ,-7.0205383 ,5.60878,23.54288472,87.29718318 ,14.292000102996827,69.10180055343601 ,33.0,21:46:05 PM,1574007365065
11.263016 ,-8.958725 ,14.187042,23.54288472,87.29718318 ,14.292000102996827,69.10180055343601 ,33.0,21:46:05 PM,1574007365073
0.42352295 ,-11.186447 ,22.442291,23.54288472,87.29718318 ,14.292000102996827,69.10180055343601 ,33.0,21:46:05 PM,1574007365075
-6.439087 ,-10.389633 ,19.436905,23.54288472,87.29718318 ,14.292000102996827,69.10180055343601 ,33.0,21:46:05 PM,1574007365080
-0.9308014 ,-9.592819 ,14.024338,23.54288472,87.29718318 ,14.292000102996827,69.10180055343601 ,33.0,21:46:05 PM,1574007365085
8.997009 ,-7.6450653 ,15.261429,23.54288472,87.29718318 ,14.292000102996827,69.10180055343601 ,33.0,21:46:05 PM,1574007365091
10.738983 ,-7.401001 ,20.604599,23.54288472,87.29718318 ,14.292000102996827,69.10180055343601 ,33.0,21:46:05 PM,1574007365095
3.9649048 ,-3.8452606 ,29.101501,23.54288472,87.29718318 ,14.292000102996827,69.10180055343601 ,33.0,21:46:05 PM,1574007365100
-1.2035828 ,-3.247055 ,26.694336,23.54288472,87.29718318 ,14.292000102996827,69.10180055343601 ,33.0,21:46:05 PM,1574007365106
0.7130585 ,-3.3834534 ,19.051651,23.54288472,87.29718318 ,14.292000102996827,69.10180055343601 ,33.0,21:46:05 PM,1574007365110
5.345566 ,-3.2063751 ,15.881165,23.54288472,87.29718318 ,14.292000102996827,69.10180055343601 ,33.0,21:46:05 PM,1574007365115
8.185852 ,-2.108078 ,18.089737,23.54288472,87.29718318 ,14.292000102996827,69.10180055343601 ,33.0,21:46:05 PM,1574007365122
7.733597 ,-0.31585693 ,21.336807,23.54288472,87.29718318 ,14.292000102996827,69.10180055343601 ,33.0,21:46:05 PM,1574007365124
4.8430786 ,2.2636108 ,14.304291,23.54288472,87.29718318 ,14.292000102996827,69.10180055343601 ,33.0,21:46:05 PM,1574007365130
2.5507507 ,4.1491547 ,1.1820526,23.54288472,87.29718318 ,14.292000102996827,69.10180055343601 ,33.0,21:46:05 PM,1574007365134
2.622528 ,4.7330017 ,-3.7304077,23.54288472,87.29718318 ,14.292000102996827,69.10180055343601 ,33.0,21:46:05 PM,1574007365140
3.385849 ,4.9459686 ,7.235901,23.54288472,87.29718318 ,14.292000102996827,69.10180055343601 ,33.0,21:46:05 PM,1574007365145
1.3974152 ,5.3192444 ,12.787247,23.54288472,87.29718318 ,14.292000102996827,69.10180055343601 ,33.0,21:46:05 PM,1574007365150
1.4739838 ,7.331604 ,8.358124,23.54288472,87.29718318 ,14.292000102996827,69.10180055343601 ,33.0,21:46:05 PM,1574007365157
5.127823 ,10.313065 ,4.450653,23.54288472,87.29718318 ,14.292000102996827,69.10180055343601 ,33.0,21:46:05 PM,1574007365159
6.0107727 ,9.315262 ,1.6462555,23.54288472,87.29718318 ,14.292000102996827,69.10180055343601 ,33.0,21:46:05 PM,1574007365164
3.0723877 ,8.896515 ,5.079956,23.54288472,87.29718318 ,14.292000102996827,69.10180055343601 ,33.0,21:46:05 PM,1574007365169
1.5912323 ,7.3172455 ,8.106888,23.54288472,87.29718318 ,14.292000102996827,69.10180055343601 ,33.0,21:46:05 PM,1574007365175
3.7112732 ,4.015152 ,7.984848,23.54288472,87.29718318 ,14.292000102996827,69.10180055343601 ,33.0,21:46:05 PM,1574007365179
4.893326 ,2.6488495 ,4.6325073,23.54288472,87.29718318 ,14.292000102996827,69.10180055343601 ,33.0,21:46:05 PM,1574007365184
3.1345978 ,3.5724792 ,5.32164,23.54288472,87.29718318 ,14.292000102996827,69.10180055343601 ,33.0,21:46:05 PM,1574007365189
1.409378 ,3.4169464 ,11.330017,23.54288472,87.29718318 ,14.292000102996827,69.10180055343601 ,33.0,21:46:05 PM,1574007365195
2.0937195 ,3.3930206 ,16.216156,23.54288472,87.29718318 ,14.292000102996827,69.10180055343601 ,33.0,21:46:05 PM,1574007365198
4.536789 ,2.8833466 ,15.644272,23.54288472,87.29718318 ,14.292000102996827,69.10180055343601 ,33.0,21:46:05 PM,1574007365208
6.2165527 ,2.5866394 ,12.646072,23.54288472,87.29718318 ,14.292000102996827,69.10180055343601 ,33.0,21:46:05 PM,1574007365210
5.3886414 ,2.3306122 ,7.6091766,23.54288472,87.29718318 ,14.292000102996827,69.10180055343601 ,33.0,21:46:05 PM,1574007365213
4.3740845 ,1.0073853 ,5.3599243,23.54288472,87.29718318 ,14.292000102996827,72.45525014469709 ,33.0,21:46:05 PM,1574007365218
