x,y,z,latitude,longitude,speed,sound,light,time,timestamp
3.2155762 ,15.3888855 ,0.9022522,23.56768382,87.30139841 ,37.22400054931641,86.51882824163872 ,22535.0,10:32:26 AM,1572670946812
-2.657196 ,9.459442 ,3.3566132,23.56768382,87.30139841 ,37.22400054931641,86.51882824163872 ,22535.0,10:32:26 AM,1572670946818
-3.5414276 ,3.7726898 ,5.6874084,23.56768382,87.30139841 ,37.22400054931641,86.51882824163872 ,22535.0,10:32:26 AM,1572670946822
3.191452 ,2.63385 ,16.932571,23.56768382,87.30139841 ,37.22400054931641,86.51882824163872 ,22535.0,10:32:26 AM,1572670946826
9.255264 ,-0.7816467 ,11.381012,23.56768382,87.30139841 ,37.22400054931641,86.51882824163872 ,22535.0,10:32:26 AM,1572670946831
4.8348236 ,-0.056152344 ,17.04245,23.56768382,87.30139841 ,37.22400054931641,86.51882824163872 ,22535.0,10:32:26 AM,1572670946842
-6.738159 ,-0.29434204 ,20.000717,23.56768382,87.30139841 ,37.22400054931641,86.51882824163872 ,22535.0,10:32:26 AM,1572670946846
-13.689972 ,-0.7602997 ,7.647827,23.56768382,87.30139841 ,37.22400054931641,86.51882824163872 ,22535.0,10:32:26 AM,1572670946854
-8.391739 ,8.623306 ,12.567001,23.56768382,87.30139841 ,37.22400054931641,86.51882824163872 ,22535.0,10:32:26 AM,1572670946856
5.0801697 ,9.435089 ,-7.833359,23.56768382,87.30139841 ,37.22400054931641,86.51882824163872 ,22535.0,10:32:26 AM,1572670946860
13.163498 ,13.097031 ,-3.0154266,23.56768382,87.30139841 ,37.22400054931641,86.51882824163872 ,22535.0,10:32:26 AM,1572670946865
9.45932 ,12.035828 ,7.992752,23.56768382,87.30139841 ,37.22400054931641,86.51882824163872 ,22535.0,10:32:26 AM,1572670946871
-2.1926117 ,6.28302 ,0.98509216,23.56768382,87.30139841 ,37.22400054931641,86.51882824163872 ,22535.0,10:32:26 AM,1572670946875
-11.084579 ,6.288147 ,9.417679,23.56768382,87.30139841 ,37.22400054931641,86.51882824163872 ,22535.0,10:32:26 AM,1572670946880
-8.443329 ,1.9065247 ,5.27919,23.56768382,87.30139841 ,37.22400054931641,86.51882824163872 ,22535.0,10:32:26 AM,1572670946887
3.201233 ,1.2114563 ,9.27417,23.56768382,87.30139841 ,37.22400054931641,86.51882824163872 ,22535.0,10:32:26 AM,1572670946889
10.801422 ,1.2897949 ,19.937576,23.56768382,87.30139841 ,37.22400054931641,86.51882824163872 ,22535.0,10:32:26 AM,1572670946895
6.24321 ,-1.078125 ,16.668137,23.56768382,87.30139841 ,37.22400054931641,86.51882824163872 ,22535.0,10:32:26 AM,1572670946899
-5.0098877 ,1.1551361 ,16.35431,23.56768382,87.30139841 ,37.22400054931641,86.51882824163872 ,22535.0,10:32:26 AM,1572670946905
-9.519257 ,3.1519318 ,6.7925415,23.56768382,87.30139841 ,37.22400054931641,86.51882824163872 ,20728.0,10:32:26 AM,1572670946909
-0.46670532 ,8.157715 ,1.9876251,23.56768382,87.30139841 ,37.22400054931641,86.51882824163872 ,20728.0,10:32:26 AM,1572670946914
11.060272 ,12.668549 ,6.7413025,23.56768382,87.30139841 ,37.22400054931641,86.51882824163872 ,20728.0,10:32:26 AM,1572670946921
8.781586 ,9.184357 ,1.7696686,23.56768382,87.30139841 ,37.22400054931641,86.51882824163872 ,20728.0,10:32:26 AM,1572670946924
-3.7760315 ,5.0166016 ,6.695999,23.56768382,87.30139841 ,37.22400054931641,86.51882824163872 ,20728.0,10:32:26 AM,1572670946927
-10.287064 ,1.4144745 ,12.925171,23.56768382,87.30139841 ,37.22400054931641,86.51882824163872 ,20728.0,10:32:26 AM,1572670946932
-4.4041595 ,1.5533142 ,14.656067,23.56768382,87.30139841 ,37.22400054931641,86.51882824163872 ,20728.0,10:32:26 AM,1572670946938
4.885971 ,4.279419 ,14.642548,23.56768382,87.30139841 ,37.22400054931641,86.51882824163872 ,20728.0,10:32:26 AM,1572670946942
6.868454 ,4.779251 ,4.4813232,23.56768382,87.30139841 ,37.22400054931641,86.51882824163872 ,20728.0,10:32:26 AM,1572670946947
2.5618134 ,6.473633 ,4.1042023,23.56768382,87.30139841 ,37.22400054931641,86.51882824163872 ,20728.0,10:32:26 AM,1572670946955
-0.50772095 ,7.3219757 ,10.212341,23.56768382,87.30139841 ,37.22400054931641,86.51882824163872 ,20728.0,10:32:26 AM,1572670946957
-1.8346863 ,5.371887 ,5.540573,23.56768382,87.30139841 ,37.22400054931641,86.51882824163872 ,20728.0,10:32:26 AM,1572670946962
-2.8668365 ,8.109375 ,12.858139,23.56768382,87.30139841 ,37.22400054931641,86.51882824163872 ,20728.0,10:32:26 AM,1572670946970
-0.1695404 ,8.38028 ,8.568985,23.56768382,87.30139841 ,37.22400054931641,86.51882824163872 ,20728.0,10:32:26 AM,1572670946972
6.247177 ,9.3355255 ,-5.4803467,23.56768382,87.30139841 ,37.22400054931641,86.51882824163872 ,20728.0,10:32:26 AM,1572670946981
6.1483 ,11.062012 ,4.6468506,23.56768382,87.30139841 ,37.22400054931641,86.51882824163872 ,20728.0,10:32:26 AM,1572670946987
-0.089157104 ,1.8350525 ,3.121704,23.56768382,87.30139841 ,37.22400054931641,86.51882824163872 ,20728.0,10:32:26 AM,1572670946989
-2.7867737 ,-1.5902252 ,19.282288,23.56768382,87.30139841 ,37.22400054931641,86.51882824163872 ,20728.0,10:32:26 AM,1572670946994
-0.5428009 ,-3.2891083 ,25.390762,23.56768382,87.30139841 ,37.22400054931641,86.51882824163872 ,20728.0,10:32:26 AM,1572670946999
0.5705261 ,-3.0802002 ,14.244476,23.56768382,87.30139841 ,37.22400054931641,86.51882824163872 ,20728.0,10:32:27 AM,1572670947007
-1.9187317 ,5.360321 ,11.146164,23.56768382,87.30139841 ,37.22400054931641,86.51882824163872 ,20728.0,10:32:27 AM,1572670947009
-4.4227295 ,9.121902 ,-6.1091003,23.56768382,87.30139841 ,37.22400054931641,86.51882824163872 ,20728.0,10:32:27 AM,1572670947014
-1.3346252 ,12.175964 ,-12.061386,23.56768382,87.30139841 ,37.22400054931641,86.51882824163872 ,20728.0,10:32:27 AM,1572670947020
5.110138 ,12.954376 ,6.122757,23.56768382,87.30139841 ,37.22400054931641,86.51882824163872 ,20728.0,10:32:27 AM,1572670947024
7.212265 ,5.6180267 ,1.134079,23.56768382,87.30139841 ,37.22400054931641,86.51882824163872 ,20728.0,10:32:27 AM,1572670947028
1.414566 ,5.240448 ,7.6806183,23.56768382,87.30139841 ,37.22400054931641,86.51882824163872 ,20728.0,10:32:27 AM,1572670947034
-5.33873 ,7.4505615 ,12.8880005,23.56768382,87.30139841 ,37.22400054931641,86.51882824163872 ,20728.0,10:32:27 AM,1572670947039
-5.8636627 ,8.866425 ,1.9637299,23.56768382,87.30139841 ,37.22400054931641,86.51882824163872 ,20728.0,10:32:27 AM,1572670947043
-0.60417175 ,9.60939 ,-2.6330109,23.56768382,87.30139841 ,37.22400054931641,86.51882824163872 ,20728.0,10:32:27 AM,1572670947048
5.071808 ,4.674591 ,1.8803864,23.56768382,87.30139841 ,37.22400054931641,86.51882824163872 ,20728.0,10:32:27 AM,1572670947054
7.295883 ,0.25120544 ,20.179123,23.56768382,87.30139841 ,37.22400054931641,86.51882824163872 ,20728.0,10:32:27 AM,1572670947059
4.4113617 ,-4.7832184 ,26.090302,23.56768382,87.30139841 ,37.22400054931641,86.51882824163872 ,20728.0,10:32:27 AM,1572670947063
-3.10289 ,-5.2217865 ,26.726883,23.56768382,87.30139841 ,37.22400054931641,86.51882824163872 ,20728.0,10:32:27 AM,1572670947067
-9.3068695 ,-2.3068695 ,23.994217,23.56768382,87.30139841 ,37.22400054931641,86.51882824163872 ,20728.0,10:32:27 AM,1572670947072
-6.7037506 ,-0.81526184 ,8.606476,23.56768405,87.30129702 ,36.97200164794922,86.51882824163872 ,20728.0,10:32:27 AM,1572670947075
2.4803162 ,7.3638 ,8.466858,23.56768405,87.30129702 ,36.97200164794922,86.51882824163872 ,20728.0,10:32:27 AM,1572670947080
7.113266 ,12.893799 ,0.74942017,23.56768405,87.30129702 ,36.97200164794922,86.51882824163872 ,20728.0,10:32:27 AM,1572670947086
-0.33425903 ,14.627029 ,-9.893845,23.56768405,87.30129702 ,36.97200164794922,86.51882824163872 ,20728.0,10:32:27 AM,1572670947089
-8.922577 ,16.321838 ,-4.1112976,23.56768405,87.30129702 ,36.97200164794922,86.51882824163872 ,20728.0,10:32:27 AM,1572670947095
-6.1967926 ,9.223221 ,-6.9893494,23.56768405,87.30129702 ,36.97200164794922,86.51882824163872 ,20728.0,10:32:27 AM,1572670947099
5.158966 ,3.806137 ,4.358673,23.56768405,87.30129702 ,36.97200164794922,86.51882824163872 ,20728.0,10:32:27 AM,1572670947105
10.977707 ,1.1185608 ,28.00058,23.56768405,87.30129702 ,36.97200164794922,86.51882824163872 ,20054.0,10:32:27 AM,1572670947109
7.9670563 ,-4.6677094 ,21.559906,23.56768405,87.30129702 ,36.97200164794922,86.51882824163872 ,20054.0,10:32:27 AM,1572670947121
-1.4316254 ,-3.0360718 ,17.163742,23.56768405,87.30129702 ,36.97200164794922,86.51882824163872 ,20054.0,10:32:27 AM,1572670947126
-9.889984 ,1.8172913 ,15.699326,23.56768405,87.30129702 ,36.97200164794922,86.51882824163872 ,20054.0,10:32:27 AM,1572670947128
-8.2022705 ,5.268692 ,-2.7099304,23.56768405,87.30129702 ,36.97200164794922,86.51882824163872 ,20054.0,10:32:27 AM,1572670947135
2.714264 ,12.450562 ,-4.821945,23.56768405,87.30129702 ,36.97200164794922,86.51882824163872 ,20054.0,10:32:27 AM,1572670947140
10.44986 ,13.415909 ,-4.6433105,23.56768405,87.30129702 ,36.97200164794922,86.51882824163872 ,20054.0,10:32:27 AM,1572670947143
8.312119 ,10.983963 ,6.5612793E-4,23.56768405,87.30129702 ,36.97200164794922,86.51882824163872 ,20054.0,10:32:27 AM,1572670947148
0.2760315 ,8.146011 ,8.68306,23.56768405,87.30129702 ,36.97200164794922,86.51882824163872 ,20054.0,10:32:27 AM,1572670947154
-5.1132355 ,3.3307037 ,3.00737,23.56768405,87.30129702 ,36.97200164794922,86.51882824163872 ,20054.0,10:32:27 AM,1572670947157
-4.9665985 ,3.0592957 ,8.019302,23.56768405,87.30129702 ,36.97200164794922,86.51882824163872 ,20054.0,10:32:27 AM,1572670947162
-0.3164978 ,1.8694305 ,8.974716,23.56768405,87.30129702 ,36.97200164794922,86.51882824163872 ,20054.0,10:32:27 AM,1572670947167
2.6587677 ,1.2216644 ,10.684082,23.56768405,87.30129702 ,36.97200164794922,86.51882824163872 ,20054.0,10:32:27 AM,1572670947171
-0.48156738 ,-0.16079712 ,16.855179,23.56768405,87.30129702 ,36.97200164794922,86.51882824163872 ,20054.0,10:32:27 AM,1572670947179
-5.0451813 ,-2.9536896 ,15.754608,23.56768405,87.30129702 ,36.97200164794922,86.51882824163872 ,20054.0,10:32:27 AM,1572670947181
-3.7666473 ,-1.2358398 ,17.730225,23.56768405,87.30129702 ,36.97200164794922,86.51882824163872 ,20054.0,10:32:27 AM,1572670947187
2.0288544 ,2.634262 ,12.911728,23.56768405,87.30129702 ,36.97200164794922,86.51882824163872 ,20054.0,10:32:27 AM,1572670947191
3.961609 ,7.959366 ,8.881729,23.56768405,87.30129702 ,36.97200164794922,86.51882824163872 ,20054.0,10:32:27 AM,1572670947196
0.40161133 ,9.694046 ,3.0237427,23.56768405,87.30129702 ,36.97200164794922,86.51882824163872 ,20054.0,10:32:27 AM,1572670947200
-1.8250427 ,9.558853 ,0.7200928,23.56768405,87.30129702 ,36.97200164794922,86.51882824163872 ,20054.0,10:32:27 AM,1572670947206
0.38989258 ,9.775253 ,9.039825,23.56768405,87.30129702 ,36.97200164794922,86.51882824163872 ,20054.0,10:32:27 AM,1572670947210
2.5507507 ,6.000595 ,6.033066,23.56768405,87.30129702 ,36.97200164794922,86.51882824163872 ,20054.0,10:32:27 AM,1572670947216
0.6040802 ,4.786804 ,11.007751,23.56768405,87.30129702 ,36.97200164794922,86.51882824163872 ,20054.0,10:32:27 AM,1572670947222
-1.0819397 ,2.8100128 ,10.916,23.56768405,87.30129702 ,36.97200164794922,86.51882824163872 ,20054.0,10:32:27 AM,1572670947225
-0.51885986 ,0.32678223 ,3.8422546,23.56768405,87.30129702 ,36.97200164794922,86.51882824163872 ,20054.0,10:32:27 AM,1572670947230
0.30387878 ,1.2737274 ,13.512253,23.56768405,87.30129702 ,36.97200164794922,86.51882824163872 ,20054.0,10:32:27 AM,1572670947238
-0.17764282 ,0.98760986 ,13.041702,23.56768405,87.30129702 ,36.97200164794922,86.51882824163872 ,20054.0,10:32:27 AM,1572670947240
-2.3098145 ,4.582245 ,4.017395,23.56768405,87.30129702 ,36.97200164794922,86.51882824163872 ,20054.0,10:32:27 AM,1572670947245
-3.6060638 ,10.3965 ,-0.165802,23.56768405,87.30129702 ,36.97200164794922,84.71086168909422 ,20054.0,10:32:27 AM,1572670947249
-1.1977539 ,13.094452 ,-6.180893,23.56768405,87.30129702 ,36.97200164794922,84.71086168909422 ,20054.0,10:32:27 AM,1572670947259
5.32872 ,12.6353 ,-12.409256,23.56768405,87.30129702 ,36.97200164794922,84.71086168909422 ,20054.0,10:32:27 AM,1572670947264
9.327515 ,13.290527 ,-1.4824524,23.56768405,87.30129702 ,36.97200164794922,84.71086168909422 ,20054.0,10:32:27 AM,1572670947267
5.539917 ,6.5475616 ,3.2264557,23.56768405,87.30129702 ,36.97200164794922,84.71086168909422 ,20054.0,10:32:27 AM,1572670947273
-0.7556305 ,0.22569275 ,13.707535,23.56768405,87.30129702 ,36.97200164794922,84.71086168909422 ,20054.0,10:32:27 AM,1572670947277
-2.8081665 ,-4.436264 ,23.808182,23.56768405,87.30129702 ,36.97200164794922,84.71086168909422 ,20054.0,10:32:27 AM,1572670947283
-1.7371979 ,-9.020935 ,19.072708,23.56768405,87.30129702 ,36.97200164794922,84.71086168909422 ,20054.0,10:32:27 AM,1572670947291
-1.1599884 ,-5.997986 ,24.812714,23.56768405,87.30129702 ,36.97200164794922,84.71086168909422 ,20054.0,10:32:27 AM,1572670947292
-1.7470703 ,-0.69573975 ,22.486038,23.56768405,87.30129702 ,36.97200164794922,84.71086168909422 ,20054.0,10:32:27 AM,1572670947296
-2.4021454 ,4.328903 ,5.459793,23.56768405,87.30129702 ,36.97200164794922,84.71086168909422 ,20054.0,10:32:27 AM,1572670947302
-1.4216614 ,12.390884 ,-3.9773712,23.56768405,87.30129702 ,36.97200164794922,84.71086168909422 ,16852.0,10:32:27 AM,1572670947307
