x,y,z,latitude,longitude,speed,sound,light,time,timestamp
0.28549194 ,22.733627 ,-12.318909,23.56776527,87.29886155 ,34.99200096130371,84.95599923753522 ,7401.0,10:33:01 AM,1572670981137
-4.659668 ,17.896393 ,-2.1182404,23.56776527,87.29886155 ,34.99200096130371,84.95599923753522 ,7401.0,10:33:01 AM,1572670981140
-4.391861 ,6.8707886 ,-5.6262817,23.56776527,87.29886155 ,34.99200096130371,84.95599923753522 ,7401.0,10:33:01 AM,1572670981144
0.25772095 ,2.168213 ,10.4088745,23.56776527,87.29886155 ,34.99200096130371,84.95599923753522 ,7401.0,10:33:01 AM,1572670981154
7.4022675 ,-5.684494 ,20.358307,23.56776527,87.29886155 ,34.99200096130371,84.95599923753522 ,7401.0,10:33:01 AM,1572670981158
9.417206 ,-11.650864 ,22.963318,23.56776527,87.29886155 ,34.99200096130371,84.95599923753522 ,7401.0,10:33:01 AM,1572670981163
-0.007522583 ,-15.331482 ,39.87303,23.56776527,87.29886155 ,34.99200096130371,84.95599923753522 ,7401.0,10:33:01 AM,1572670981170
-9.299454 ,-14.075989 ,46.395737,23.56776527,87.29886155 ,34.99200096130371,84.95599923753522 ,7401.0,10:33:01 AM,1572670981173
-13.416473 ,-7.349182 ,48.608124,23.56776527,87.29886155 ,34.99200096130371,84.95599923753522 ,7401.0,10:33:01 AM,1572670981179
-7.1891327 ,-0.039642334 ,11.5924225,23.56776527,87.29886155 ,34.99200096130371,84.95599923753522 ,7401.0,10:33:01 AM,1572670981182
1.5625763 ,15.108582 ,-17.386993,23.56776527,87.29886155 ,34.99200096130371,84.95599923753522 ,7401.0,10:33:01 AM,1572670981188
5.976898 ,33.756165 ,-19.050201,23.56776527,87.29886155 ,34.99200096130371,84.95599923753522 ,7597.0,10:33:01 AM,1572670981191
8.129929 ,30.215073 ,-30.734436,23.56776527,87.29886155 ,34.99200096130371,84.95599923753522 ,7597.0,10:33:01 AM,1572670981196
8.7144165 ,21.117737 ,-18.282211,23.56776527,87.29886155 ,34.99200096130371,84.95599923753522 ,7597.0,10:33:01 AM,1572670981204
5.502411 ,10.429428 ,4.0163727,23.56776527,87.29886155 ,34.99200096130371,84.95599923753522 ,7597.0,10:33:01 AM,1572670981206
-3.3721619 ,0.8924408 ,20.339508,23.56776527,87.29886155 ,34.99200096130371,84.95599923753522 ,7597.0,10:33:01 AM,1572670981211
-8.399963 ,-5.0501404 ,22.933273,23.56776527,87.29886155 ,34.99200096130371,84.95599923753522 ,7597.0,10:33:01 AM,1572670981217
-4.863617 ,-8.635559 ,19.98883,23.56776527,87.29886155 ,34.99200096130371,84.95599923753522 ,7597.0,10:33:01 AM,1572670981222
1.6743011 ,-8.480698 ,26.60144,23.56776527,87.29886155 ,34.99200096130371,84.95599923753522 ,7597.0,10:33:01 AM,1572670981226
3.4204712 ,-8.254654 ,30.242096,23.56776527,87.29886155 ,34.99200096130371,84.95599923753522 ,7597.0,10:33:01 AM,1572670981230
-2.3461914 ,-4.661148 ,32.175278,23.56776527,87.29886155 ,34.99200096130371,84.95599923753522 ,7597.0,10:33:01 AM,1572670981237
-8.423813 ,2.3397522 ,23.945145,23.56776527,87.29886155 ,34.99200096130371,84.95599923753522 ,7597.0,10:33:01 AM,1572670981240
-5.8406067 ,8.733994 ,-7.9472656,23.56776527,87.29886155 ,34.99200096130371,84.95599923753522 ,7597.0,10:33:01 AM,1572670981245
1.7063751 ,22.30072 ,-22.172043,23.56776527,87.29886155 ,34.99200096130371,84.95599923753522 ,7597.0,10:33:01 AM,1572670981253
6.861206 ,28.928741 ,-29.787918,23.56776527,87.29886155 ,34.99200096130371,84.95599923753522 ,7597.0,10:33:01 AM,1572670981255
6.6849213 ,23.443192 ,-23.568771,23.56776527,87.29886155 ,34.99200096130371,84.95599923753522 ,7597.0,10:33:01 AM,1572670981259
5.1641846 ,13.344543 ,-4.284683,23.56776527,87.29886155 ,34.99200096130371,84.95599923753522 ,7597.0,10:33:01 AM,1572670981264
2.8333282 ,2.2149506 ,7.379944,23.56776527,87.29886155 ,34.99200096130371,84.95599923753522 ,7597.0,10:33:01 AM,1572670981270
-1.6283875 ,-3.996338 ,16.330978,23.56776527,87.29886155 ,34.99200096130371,84.95599923753522 ,7597.0,10:33:01 AM,1572670981275
-5.130432 ,-6.576538 ,21.297455,23.56776527,87.29886155 ,34.99200096130371,84.95599923753522 ,7597.0,10:33:01 AM,1572670981279
-4.0375214 ,-6.6382446 ,25.224503,23.56776527,87.29886155 ,34.99200096130371,84.95599923753522 ,7597.0,10:33:01 AM,1572670981287
-1.5429535 ,-7.8328094 ,28.404388,23.56776527,87.29886155 ,34.99200096130371,84.95599923753522 ,7597.0,10:33:01 AM,1572670981295
1.0389099 ,-6.052948 ,31.819794,23.56776527,87.29886155 ,34.99200096130371,84.95599923753522 ,7597.0,10:33:01 AM,1572670981298
2.4063416 ,-0.54338074 ,26.05246,23.56776527,87.29886155 ,34.99200096130371,84.95599923753522 ,7597.0,10:33:01 AM,1572670981305
2.5285187 ,4.6434784 ,5.4680023,23.56776527,87.29886155 ,34.99200096130371,84.95599923753522 ,7597.0,10:33:01 AM,1572670981308
1.7111511 ,13.969528 ,-1.4029999,23.56776527,87.29886155 ,34.99200096130371,84.95599923753522 ,7597.0,10:33:01 AM,1572670981313
0.016098022 ,15.515015 ,-6.850876,23.56776527,87.29886155 ,34.99200096130371,84.95599923753522 ,7597.0,10:33:01 AM,1572670981323
-0.9088898 ,13.775589 ,-8.0668335,23.56776527,87.29886155 ,34.99200096130371,89.36723684699766 ,7597.0,10:33:01 AM,1572670981325
-2.6199646 ,15.346313 ,1.2940216,23.56776527,87.29886155 ,34.99200096130371,89.36723684699766 ,7597.0,10:33:01 AM,1572670981327
-7.0767365 ,11.546417 ,-6.1249084,23.56776527,87.29886155 ,34.99200096130371,89.36723684699766 ,7597.0,10:33:01 AM,1572670981331
-8.63269 ,9.311722 ,-3.0576782,23.56776527,87.29886155 ,34.99200096130371,89.36723684699766 ,7597.0,10:33:01 AM,1572670981338
-0.42745972 ,3.6584778 ,3.7853394,23.56776527,87.29886155 ,34.99200096130371,89.36723684699766 ,7597.0,10:33:01 AM,1572670981341
11.444061 ,-2.6579437 ,14.500626,23.56776527,87.29886155 ,34.99200096130371,89.36723684699766 ,7597.0,10:33:01 AM,1572670981345
13.329376 ,-6.3401337 ,29.22905,23.56776527,87.29886155 ,34.99200096130371,89.36723684699766 ,7597.0,10:33:01 AM,1572670981351
3.1072083 ,-7.616043 ,32.129654,23.56776527,87.29886155 ,34.99200096130371,89.36723684699766 ,7597.0,10:33:01 AM,1572670981357
-10.449585 ,-2.783722 ,28.910263,23.56776527,87.29886155 ,34.99200096130371,89.36723684699766 ,7597.0,10:33:01 AM,1572670981360
-14.092682 ,1.5090027 ,9.635315,23.56776527,87.29886155 ,34.99200096130371,89.36723684699766 ,7597.0,10:33:01 AM,1572670981365
-3.3587036 ,9.833633 ,-7.1282654,23.56776527,87.29886155 ,34.99200096130371,89.36723684699766 ,7597.0,10:33:01 AM,1572670981372
9.642319 ,20.088257 ,-8.396927,23.56776527,87.29886155 ,34.99200096130371,89.36723684699766 ,7597.0,10:33:01 AM,1572670981375
11.399292 ,19.946426 ,-16.619675,23.56776527,87.29886155 ,34.99200096130371,89.36723684699766 ,7597.0,10:33:01 AM,1572670981379
2.2954865 ,16.503906 ,-3.6620789,23.56776527,87.29886155 ,34.99200096130371,89.36723684699766 ,7597.0,10:33:01 AM,1572670981387
-2.1582794 ,7.284729 ,3.3920288,23.56776527,87.29886155 ,34.99200096130371,89.36723684699766 ,7821.0,10:33:01 AM,1572670981390
0.051651 ,0.05065918 ,5.726349,23.56776527,87.29886155 ,34.99200096130371,89.36723684699766 ,7821.0,10:33:01 AM,1572670981395
0.9110565 ,-1.7358398 ,17.406342,23.56776527,87.29886155 ,34.99200096130371,89.36723684699766 ,7821.0,10:33:01 AM,1572670981399
-1.9205933 ,-5.7429657 ,15.103043,23.56776527,87.29886155 ,34.99200096130371,89.36723684699766 ,7821.0,10:33:01 AM,1572670981405
-4.9149323 ,-3.6749878 ,23.085861,23.56776527,87.29886155 ,34.99200096130371,89.36723684699766 ,7821.0,10:33:01 AM,1572670981409
-4.028366 ,-4.593628 ,22.267914,23.56776527,87.29886155 ,34.99200096130371,89.36723684699766 ,7821.0,10:33:01 AM,1572670981413
1.2982483 ,-4.2435913 ,11.479248,23.56776527,87.29886155 ,34.99200096130371,89.36723684699766 ,7821.0,10:33:01 AM,1572670981421
6.807495 ,4.550827 ,18.14647,23.56776527,87.29886155 ,34.99200096130371,89.36723684699766 ,7821.0,10:33:01 AM,1572670981423
6.2319946 ,6.1027374 ,3.250183,23.56776527,87.29886155 ,34.99200096130371,89.36723684699766 ,7821.0,10:33:01 AM,1572670981433
-2.0855865 ,11.071381 ,11.135605,23.56776527,87.29886155 ,34.99200096130371,89.36723684699766 ,7821.0,10:33:01 AM,1572670981441
-7.996231 ,7.9981384 ,4.505493,23.56776527,87.29886155 ,34.99200096130371,89.36723684699766 ,7821.0,10:33:01 AM,1572670981445
-4.368637 ,7.6143646 ,1.8104553,23.56776527,87.29886155 ,34.99200096130371,89.36723684699766 ,7821.0,10:33:01 AM,1572670981449
3.1554718 ,14.52887 ,11.306778,23.56776527,87.29886155 ,34.99200096130371,89.36723684699766 ,7821.0,10:33:01 AM,1572670981456
5.059067 ,16.776047 ,-7.0785217,23.56776527,87.29886155 ,34.99200096130371,89.36723684699766 ,7821.0,10:33:01 AM,1572670981458
-1.9041138 ,20.48642 ,-15.351181,23.56776527,87.29886155 ,34.99200096130371,89.36723684699766 ,7821.0,10:33:01 AM,1572670981461
-5.8044586 ,16.619598 ,-17.174728,23.56776527,87.29886155 ,34.99200096130371,89.36723684699766 ,7821.0,10:33:01 AM,1572670981467
2.3102722 ,9.215698 ,-6.9158325,23.56776527,87.29886155 ,34.99200096130371,89.36723684699766 ,7821.0,10:33:01 AM,1572670981472
14.204575 ,0.052597046 ,9.2925415,23.56776527,87.29886155 ,34.99200096130371,89.36723684699766 ,7821.0,10:33:01 AM,1572670981476
14.730515 ,-7.199188 ,25.609161,23.56776527,87.29886155 ,34.99200096130371,89.36723684699766 ,7821.0,10:33:01 AM,1572670981480
2.9801636 ,-9.903824 ,31.704681,23.56776527,87.29886155 ,34.99200096130371,89.36723684699766 ,7821.0,10:33:01 AM,1572670981485
-12.857529 ,-11.450195 ,30.293991,23.56776527,87.29886155 ,34.99200096130371,89.36723684699766 ,7821.0,10:33:01 AM,1572670981490
-20.311401 ,-9.304626 ,26.161911,23.56776527,87.29886155 ,34.99200096130371,89.36723684699766 ,7821.0,10:33:01 AM,1572670981497
-11.511108 ,-3.2288666 ,14.734619,23.56776527,87.29886155 ,34.99200096130371,89.36723684699766 ,7821.0,10:33:01 AM,1572670981500
6.7587585 ,6.6224976 ,3.8480225,23.56776527,87.29886155 ,34.99200096130371,89.36723684699766 ,7821.0,10:33:01 AM,1572670981508
15.9535675 ,17.479904 ,1.0745087,23.56776527,87.29886155 ,34.99200096130371,89.36723684699766 ,7821.0,10:33:01 AM,1572670981511
7.9468384 ,17.100845 ,-17.817978,23.56776527,87.29886155 ,34.99200096130371,89.36723684699766 ,7821.0,10:33:01 AM,1572670981516
-4.8674316 ,16.319687 ,-11.6484375,23.56776527,87.29886155 ,34.99200096130371,89.36723684699766 ,7821.0,10:33:01 AM,1572670981524
-8.863586 ,13.205368 ,0.8059387,23.56776527,87.29886155 ,34.99200096130371,89.36723684699766 ,7821.0,10:33:01 AM,1572670981527
-4.041641 ,9.960663 ,2.550415,23.56776527,87.29886155 ,34.99200096130371,89.36723684699766 ,7821.0,10:33:01 AM,1572670981530
1.5384064 ,9.822998 ,5.9990387,23.56776527,87.29886155 ,34.99200096130371,89.36723684699766 ,7821.0,10:33:01 AM,1572670981534
4.53862 ,6.6235046 ,-5.270447,23.56776527,87.29886155 ,34.99200096130371,89.36723684699766 ,7821.0,10:33:01 AM,1572670981540
5.9594574 ,3.8620758 ,1.952179,23.56776527,87.29886155 ,34.99200096130371,89.36723684699766 ,7821.0,10:33:01 AM,1572670981544
7.760788 ,-3.8605957 ,10.235062,23.56776527,87.29886155 ,34.99200096130371,89.36723684699766 ,7821.0,10:33:01 AM,1572670981549
5.5525513 ,-8.488281 ,35.019028,23.56776527,87.29886155 ,34.99200096130371,89.36723684699766 ,7821.0,10:33:01 AM,1572670981557
0.37469482 ,-10.081863 ,40.28891,23.56776527,87.29886155 ,34.99200096130371,89.36723684699766 ,7821.0,10:33:01 AM,1572670981559
-7.2025757 ,-12.421677 ,37.654144,23.56776527,87.29886155 ,34.99200096130371,89.36723684699766 ,7821.0,10:33:01 AM,1572670981568
-9.533783 ,-8.832428 ,27.499008,23.56776527,87.29886155 ,34.99200096130371,89.36723684699766 ,7821.0,10:33:01 AM,1572670981574
-3.6861725 ,3.2298431 ,27.678345,23.56776527,87.29886155 ,34.99200096130371,89.36723684699766 ,7821.0,10:33:01 AM,1572670981576
4.871353 ,5.6881104 ,3.7334595,23.56776527,87.29886155 ,34.99200096130371,89.36723684699766 ,7821.0,10:33:01 AM,1572670981581
6.134735 ,18.095428 ,-5.0707245,23.56776527,87.29886155 ,34.99200096130371,89.36723684699766 ,7821.0,10:33:01 AM,1572670981588
-0.01423645 ,26.557938 ,-24.412674,23.56776527,87.29886155 ,34.99200096130371,89.36723684699766 ,7915.0,10:33:01 AM,1572670981591
-5.203476 ,28.146744 ,-38.046204,23.56776527,87.29886155 ,34.99200096130371,89.36723684699766 ,7915.0,10:33:01 AM,1572670981596
-3.2608032 ,20.358078 ,-28.992401,23.56776527,87.29886155 ,34.99200096130371,89.36723684699766 ,7915.0,10:33:01 AM,1572670981600
4.23349 ,6.874954 ,2.8845978,23.56776527,87.29886155 ,34.99200096130371,89.36723684699766 ,7915.0,10:33:01 AM,1572670981606
10.090881 ,-5.352524 ,25.248886,23.56776527,87.29886155 ,34.99200096130371,89.36723684699766 ,7915.0,10:33:01 AM,1572670981610
8.985764 ,-11.891235 ,31.932648,23.56776527,87.29886155 ,34.99200096130371,89.36723684699766 ,7915.0,10:33:01 AM,1572670981615
0.53312683 ,-9.665741 ,33.042084,23.56776527,87.29886155 ,34.99200096130371,89.36723684699766 ,7915.0,10:33:01 AM,1572670981622
-9.7348175 ,-7.4490814 ,23.950775,23.56776527,87.29886155 ,34.99200096130371,89.36723684699766 ,7915.0,10:33:01 AM,1572670981625
-10.63797 ,-5.167053 ,11.501572,23.56776527,87.29886155 ,34.99200096130371,89.36723684699766 ,7915.0,10:33:01 AM,1572670981630
