x,y,z,latitude,longitude,speed,sound,light,time,timestamp
4.5214386 ,-2.2294006 ,26.00296,23.55140634,87.29654677 ,23.36399917602539,81.84409097257203 ,10631.0,10:36:15 AM,1572671175636
1.2257843 ,5.220108 ,19.7397,23.55140634,87.29654677 ,23.36399917602539,81.84409097257203 ,10631.0,10:36:15 AM,1572671175642
-4.7272797 ,12.845474 ,3.2585297,23.55140634,87.29654677 ,23.36399917602539,81.84409097257203 ,10631.0,10:36:15 AM,1572671175646
-8.178177 ,19.892181 ,-12.5052185,23.55140634,87.29654677 ,23.36399917602539,81.84409097257203 ,10631.0,10:36:15 AM,1572671175651
-6.3927 ,24.668869 ,-17.907425,23.55140634,87.29654677 ,23.36399917602539,81.84409097257203 ,10631.0,10:36:15 AM,1572671175656
-0.21807861 ,26.177673 ,-13.898819,23.55140634,87.29654677 ,23.36399917602539,81.84409097257203 ,10631.0,10:36:15 AM,1572671175663
7.80365 ,20.210693 ,-9.269714,23.55140634,87.29654677 ,23.36399917602539,81.84409097257203 ,10631.0,10:36:15 AM,1572671175666
11.959976 ,8.412796 ,0.4398346,23.55140634,87.29654677 ,23.36399917602539,81.84409097257203 ,10631.0,10:36:15 AM,1572671175670
10.545685 ,1.3875275 ,17.490952,23.55140634,87.29654677 ,23.36399917602539,81.84409097257203 ,10631.0,10:36:15 AM,1572671175676
3.468399 ,-3.8860168 ,24.07695,23.55140634,87.29654677 ,23.36399917602539,81.84409097257203 ,10631.0,10:36:15 AM,1572671175682
-4.6743317 ,-9.597961 ,23.259369,23.55140634,87.29654677 ,23.36399917602539,81.84409097257203 ,10631.0,10:36:15 AM,1572671175686
-8.32901 ,-12.766296 ,24.08696,23.55140634,87.29654677 ,23.36399917602539,81.84409097257203 ,10631.0,10:36:15 AM,1572671175690
-6.496414 ,-10.133728 ,33.07663,23.55140634,87.29654677 ,23.36399917602539,81.84409097257203 ,10631.0,10:36:15 AM,1572671175697
-0.5018616 ,-7.7855988 ,28.514816,23.55140634,87.29654677 ,23.36399917602539,81.84409097257203 ,10631.0,10:36:15 AM,1572671175699
5.1039734 ,-5.860321 ,9.445557,23.55140634,87.29654677 ,23.36399917602539,81.84409097257203 ,10631.0,10:36:15 AM,1572671175704
6.187958 ,1.1171112 ,13.268738,23.55140634,87.29654677 ,23.36399917602539,81.84409097257203 ,10631.0,10:36:15 AM,1572671175709
4.0415955 ,2.641327 ,15.54274,23.55140634,87.29654677 ,23.36399917602539,81.84409097257203 ,10631.0,10:36:15 AM,1572671175717
2.1343536 ,1.9460297 ,9.135696,23.55140634,87.29654677 ,23.36399917602539,81.84409097257203 ,10631.0,10:36:15 AM,1572671175719
-0.1825409 ,8.207535 ,15.735123,23.55140634,87.29654677 ,23.36399917602539,78.37775954646543 ,10631.0,10:36:15 AM,1572671175723
-2.4260712 ,12.981766 ,6.428604,23.55140634,87.29654677 ,23.36399917602539,78.37775954646543 ,10631.0,10:36:15 AM,1572671175730
-2.8449707 ,16.959213 ,-12.655563,23.55140634,87.29654677 ,23.36399917602539,78.37775954646543 ,10631.0,10:36:15 AM,1572671175733
-0.36636353 ,24.00026 ,-13.4835205,23.55140634,87.29654677 ,23.36399917602539,78.37775954646543 ,10631.0,10:36:15 AM,1572671175737
5.0138245 ,24.132904 ,-16.373306,23.55140634,87.29654677 ,23.36399917602539,78.37775954646543 ,10631.0,10:36:15 AM,1572671175742
8.234482 ,18.706284 ,-14.6058655,23.55140634,87.29654677 ,23.36399917602539,78.37775954646543 ,10631.0,10:36:15 AM,1572671175747
4.406067 ,12.739731 ,-2.5025482,23.55140634,87.29654677 ,23.36399917602539,78.37775954646543 ,10631.0,10:36:15 AM,1572671175752
-4.491867 ,7.138977 ,6.65625,23.55140634,87.29654677 ,23.36399917602539,78.37775954646543 ,10631.0,10:36:15 AM,1572671175757
-10.727585 ,3.0570374 ,8.464554,23.55140634,87.29654677 ,23.36399917602539,78.37775954646543 ,10631.0,10:36:15 AM,1572671175768
-8.7408905 ,1.3760071 ,11.178406,23.55140634,87.29654677 ,23.36399917602539,78.37775954646543 ,10631.0,10:36:15 AM,1572671175772
-1.1547699 ,0.6255646 ,14.047958,23.55140634,87.29654677 ,23.36399917602539,78.37775954646543 ,10631.0,10:36:15 AM,1572671175778
6.9874268 ,1.013794 ,14.563339,23.55140634,87.29654677 ,23.36399917602539,78.37775954646543 ,10631.0,10:36:15 AM,1572671175788
11.341949 ,-1.0063782 ,7.5805817,23.55140634,87.29654677 ,23.36399917602539,78.37775954646543 ,10631.0,10:36:15 AM,1572671175791
5.132843 ,-3.2568665 ,18.631836,23.55140634,87.29654677 ,23.36399917602539,78.37775954646543 ,10631.0,10:36:15 AM,1572671175795
-4.5849 ,-6.2198334 ,25.042908,23.55140634,87.29654677 ,23.36399917602539,78.37775954646543 ,10631.0,10:36:15 AM,1572671175797
-9.827026 ,-7.136383 ,22.562546,23.55140634,87.29654677 ,23.36399917602539,78.37775954646543 ,10631.0,10:36:15 AM,1572671175801
-8.858871 ,-3.0153503 ,20.986374,23.55140634,87.29654677 ,23.36399917602539,78.37775954646543 ,10631.0,10:36:15 AM,1572671175804
-1.7959747 ,1.8557587 ,2.984497,23.55140634,87.29654677 ,23.36399917602539,78.37775954646543 ,10631.0,10:36:15 AM,1572671175809
2.3065948 ,9.880997 ,-3.8830566,23.55140634,87.29654677 ,23.36399917602539,78.37775954646543 ,10737.0,10:36:15 AM,1572671175816
0.59757996 ,13.064606 ,-5.69458,23.55140634,87.29654677 ,23.36399917602539,78.37775954646543 ,10737.0,10:36:15 AM,1572671175819
-3.224884 ,11.341309 ,-4.9682617,23.55140634,87.29654677 ,23.36399917602539,78.37775954646543 ,10737.0,10:36:15 AM,1572671175824
-4.2792053 ,8.342667 ,5.339203,23.55140634,87.29654677 ,23.36399917602539,78.37775954646543 ,10737.0,10:36:15 AM,1572671175830
-2.1273346 ,4.4320984 ,14.81131,23.55140634,87.29654677 ,23.36399917602539,78.37775954646543 ,10737.0,10:36:15 AM,1572671175834
2.0323334 ,1.6719208 ,16.48787,23.55140634,87.29654677 ,23.36399917602539,78.37775954646543 ,10737.0,10:36:15 AM,1572671175839
6.564514 ,-0.6136627 ,13.512634,23.55140634,87.29654677 ,23.36399917602539,78.37775954646543 ,10737.0,10:36:15 AM,1572671175844
7.1349335 ,-0.19006348 ,18.206299,23.55140634,87.29654677 ,23.36399917602539,78.37775954646543 ,10737.0,10:36:15 AM,1572671175850
2.4959412 ,-1.4811554 ,16.119064,23.55140634,87.29654677 ,23.36399917602539,78.37775954646543 ,10737.0,10:36:15 AM,1572671175854
-2.06044 ,-2.2508087 ,9.878296,23.55140634,87.29654677 ,23.36399917602539,78.37775954646543 ,10737.0,10:36:15 AM,1572671175859
-0.8579712 ,2.9171295 ,11.898529,23.55140634,87.29654677 ,23.36399917602539,78.37775954646543 ,10737.0,10:36:15 AM,1572671175867
2.0749207 ,7.3721313 ,1.1896515,23.55140634,87.29654677 ,23.36399917602539,78.37775954646543 ,10737.0,10:36:15 AM,1572671175869
0.20327759 ,12.190231 ,-9.235199,23.55140634,87.29654677 ,23.36399917602539,78.37775954646543 ,10737.0,10:36:15 AM,1572671175873
-3.9632416 ,14.289383 ,-12.250061,23.55140634,87.29654677 ,23.36399917602539,78.37775954646543 ,10737.0,10:36:15 AM,1572671175878
-3.1527557 ,15.457397 ,-10.43634,23.55140634,87.29654677 ,23.36399917602539,78.37775954646543 ,10737.0,10:36:15 AM,1572671175884
3.7029724 ,12.800186 ,-4.591385,23.55140634,87.29654677 ,23.36399917602539,78.37775954646543 ,10737.0,10:36:15 AM,1572671175887
7.7022095 ,5.0478516 ,5.4981995,23.55140634,87.29654677 ,23.36399917602539,78.37775954646543 ,10737.0,10:36:15 AM,1572671175892
9.971436 ,0.06100464 ,14.323273,23.55140634,87.29654677 ,23.36399917602539,78.37775954646543 ,10737.0,10:36:15 AM,1572671175902
8.742279 ,-4.001343 ,25.5858,23.55140634,87.29654677 ,23.36399917602539,78.37775954646543 ,10737.0,10:36:15 AM,1572671175905
3.6950684 ,-8.050949 ,25.126999,23.55140634,87.29654677 ,23.36399917602539,78.37775954646543 ,10737.0,10:36:15 AM,1572671175910
-4.2166443 ,-7.4622803 ,28.545242,23.55140634,87.29654677 ,23.36399917602539,78.37775954646543 ,10737.0,10:36:15 AM,1572671175918
-10.7426605 ,-0.9256897 ,32.189133,23.55140634,87.29654677 ,23.36399917602539,78.37775954646543 ,10737.0,10:36:15 AM,1572671175921
-9.658936 ,1.5135345 ,9.073074,23.55140634,87.29654677 ,23.36399917602539,78.37775954646543 ,10737.0,10:36:15 AM,1572671175926
-2.895874 ,8.315155 ,-10.368164,23.55140634,87.29654677 ,23.36399917602539,78.37775954646543 ,10737.0,10:36:15 AM,1572671175933
0.91767883 ,18.215591 ,-1.1917725,23.55140634,87.29654677 ,23.36399917602539,78.37775954646543 ,10737.0,10:36:15 AM,1572671175936
0.24435425 ,14.523178 ,-9.687912,23.55140634,87.29654677 ,23.36399917602539,78.37775954646543 ,10737.0,10:36:15 AM,1572671175939
-2.0517273 ,8.954056 ,-1.7720795,23.55140634,87.29654677 ,23.36399917602539,78.37775954646543 ,10737.0,10:36:15 AM,1572671175944
-1.3153534 ,2.3776398 ,9.495163,23.55140634,87.29654677 ,23.36399917602539,78.37775954646543 ,10737.0,10:36:15 AM,1572671175950
0.5173645 ,-1.8540802 ,17.568665,23.55140634,87.29654677 ,23.36399917602539,78.37775954646543 ,10737.0,10:36:15 AM,1572671175955
2.8030243 ,-5.1514435 ,18.40889,23.55140634,87.29654677 ,23.36399917602539,78.37775954646543 ,10737.0,10:36:15 AM,1572671175959
4.21463 ,-5.1422424 ,17.836304,23.55140634,87.29654677 ,23.36399917602539,78.37775954646543 ,10737.0,10:36:15 AM,1572671175968
2.0388184 ,0.24980164 ,18.487228,23.55140634,87.29654677 ,23.36399917602539,78.37775954646543 ,10737.0,10:36:15 AM,1572671175969
-2.6178894 ,3.9330902 ,6.948578,23.55140634,87.29654677 ,23.36399917602539,78.37775954646543 ,10737.0,10:36:15 AM,1572671175972
-3.5520172 ,6.9928894 ,-3.3800507,23.55140634,87.29654677 ,23.36399917602539,78.37775954646543 ,10737.0,10:36:15 AM,1572671175977
2.4754028 ,10.254044 ,1.3587494,23.55140634,87.29654677 ,23.36399917602539,78.37775954646543 ,10737.0,10:36:15 AM,1572671175982
9.2885895 ,9.771088 ,9.006393,23.55140634,87.29654677 ,23.36399917602539,78.37775954646543 ,10737.0,10:36:15 AM,1572671175986
8.522934 ,5.993149 ,9.579575,23.55140634,87.29654677 ,23.36399917602539,78.37775954646543 ,10737.0,10:36:15 AM,1572671175991
1.0614014 ,7.398941 ,13.685776,23.55140634,87.29654677 ,23.36399917602539,78.37775954646543 ,10737.0,10:36:15 AM,1572671175997
-4.513336 ,9.842636 ,6.809326,23.55140634,87.29654677 ,23.36399917602539,78.37775954646543 ,10737.0,10:36:16 AM,1572671176002
-3.5102386 ,12.402695 ,-3.553131,23.55140634,87.29654677 ,23.36399917602539,78.37775954646543 ,10737.0,10:36:16 AM,1572671176008
0.58851624 ,13.495438 ,-6.538254,23.55140634,87.29654677 ,23.36399917602539,78.37775954646543 ,10737.0,10:36:16 AM,1572671176011
-0.09764099 ,11.091644 ,1.0077972,23.55140634,87.29654677 ,23.36399917602539,78.37775954646543 ,10737.0,10:36:16 AM,1572671176017
-2.8035889 ,5.7420807 ,6.5302887,23.55140634,87.29654677 ,23.36399917602539,78.37775954646543 ,10737.0,10:36:16 AM,1572671176021
-3.5390625 ,0.8714447 ,8.027344,23.55140634,87.29654677 ,23.36399917602539,78.37775954646543 ,10737.0,10:36:16 AM,1572671176026
-2.5325317 ,-1.3825989 ,13.173813,23.55140634,87.29654677 ,23.36399917602539,78.37775954646543 ,10737.0,10:36:16 AM,1572671176033
-0.23568726 ,-2.7733307 ,19.568207,23.55140634,87.29654677 ,23.36399917602539,78.37775954646543 ,10737.0,10:36:16 AM,1572671176043
1.584137 ,-4.2757416 ,20.888641,23.55140634,87.29654677 ,23.36399917602539,78.37775954646543 ,10737.0,10:36:16 AM,1572671176054
1.8873596 ,-4.3226013 ,16.680313,23.55140634,87.29654677 ,23.36399917602539,78.37775954646543 ,10737.0,10:36:16 AM,1572671176056
-1.0287476 ,2.6489105 ,22.399216,23.55140634,87.29654677 ,23.36399917602539,78.37775954646543 ,10737.0,10:36:16 AM,1572671176057
-3.1764526 ,4.696213 ,10.6757965,23.55140634,87.29654677 ,23.36399917602539,78.37775954646543 ,10737.0,10:36:16 AM,1572671176059
-2.2599792 ,7.079605 ,4.0826874,23.55135049,87.29653261 ,23.50800075531006,78.37775954646543 ,10737.0,10:36:16 AM,1572671176066
1.0114746 ,10.86058 ,9.182526,23.55135049,87.29653261 ,23.50800075531006,78.37775954646543 ,10737.0,10:36:16 AM,1572671176068
2.4413757 ,10.403656 ,4.232895,23.55135049,87.29653261 ,23.50800075531006,78.37775954646543 ,10737.0,10:36:16 AM,1572671176073
0.4349823 ,9.127991 ,1.8519897,23.55135049,87.29653261 ,23.50800075531006,78.37775954646543 ,10737.0,10:36:16 AM,1572671176080
-0.8768921 ,5.3337708 ,3.1911469,23.55135049,87.29653261 ,23.50800075531006,78.37775954646543 ,10737.0,10:36:16 AM,1572671176084
1.0300598 ,2.4653778 ,10.092621,23.55135049,87.29653261 ,23.50800075531006,78.37775954646543 ,10737.0,10:36:16 AM,1572671176088
3.9104004 ,-2.0692596 ,14.789215,23.55135049,87.29653261 ,23.50800075531006,78.37775954646543 ,10737.0,10:36:16 AM,1572671176093
4.4958496 ,-6.4152985 ,18.277237,23.55135049,87.29653261 ,23.50800075531006,78.37775954646543 ,10737.0,10:36:16 AM,1572671176101
2.2685547 ,-6.8296814 ,22.498764,23.55135049,87.29653261 ,23.50800075531006,78.37775954646543 ,10737.0,10:36:16 AM,1572671176103
-2.4720917 ,-3.276001 ,24.921082,23.55135049,87.29653261 ,23.50800075531006,78.37775954646543 ,10737.0,10:36:16 AM,1572671176107
-6.3407135 ,0.35575867 ,13.879868,23.55135049,87.29653261 ,23.50800075531006,78.37775954646543 ,10832.0,10:36:16 AM,1572671176111
-5.119812 ,6.0359955 ,2.4951477,23.55135049,87.29653261 ,23.50800075531006,78.37775954646543 ,10832.0,10:36:16 AM,1572671176117
0.6454468 ,13.608307 ,1.0419006,23.55135049,87.29653261 ,23.50800075531006,78.37775954646543 ,10832.0,10:36:16 AM,1572671176121
5.06192 ,17.569565 ,-4.238922,23.55135049,87.29653261 ,23.50800075531006,78.37775954646543 ,10832.0,10:36:16 AM,1572671176126
