x,y,z,latitude,longitude,speed,sound,light,time,timestamp
2.2921448 ,2.5710754 ,10.197769,23.56776685,87.30035503 ,39.70799903869629,82.59128826660958 ,11573.0,10:32:36 AM,1572670956269
-2.324768 ,12.032928 ,7.6310883,23.56776685,87.30035503 ,39.70799903869629,82.59128826660958 ,11573.0,10:32:36 AM,1572670956273
-5.4669037 ,15.431213 ,-12.50676,23.56776685,87.30035503 ,39.70799903869629,82.59128826660958 ,11573.0,10:32:36 AM,1572670956277
-2.5892944 ,16.37265 ,-20.094757,23.56776685,87.30035503 ,39.70799903869629,82.59128826660958 ,9972.0,10:32:36 AM,1572670956284
5.915344 ,13.641937 ,3.2934418,23.56776685,87.30035503 ,39.70799903869629,82.59128826660958 ,9972.0,10:32:36 AM,1572670956287
11.927948 ,1.3308716 ,10.435989,23.56776685,87.30035503 ,39.70799903869629,82.59128826660958 ,9972.0,10:32:36 AM,1572670956291
7.8437805 ,-4.3373413 ,29.33934,23.56776685,87.30035503 ,39.70799903869629,82.59128826660958 ,9972.0,10:32:36 AM,1572670956296
-2.3182678 ,-9.335693 ,33.002228,23.56776685,87.30035503 ,39.70799903869629,82.59128826660958 ,9972.0,10:32:36 AM,1572670956302
-9.932098 ,-10.296478 ,27.634232,23.56776685,87.30035503 ,39.70799903869629,82.59128826660958 ,9972.0,10:32:36 AM,1572670956306
-8.363373 ,-4.8880005 ,25.432617,23.56776685,87.30035503 ,39.70799903869629,82.59128826660958 ,9972.0,10:32:36 AM,1572670956310
1.3172302 ,1.3167267 ,15.547974,23.56776685,87.30035503 ,39.70799903869629,82.59128826660958 ,9972.0,10:32:36 AM,1572670956317
8.182526 ,9.922577 ,1.9357758,23.56776685,87.30035503 ,39.70799903869629,82.59128826660958 ,9972.0,10:32:36 AM,1572670956320
3.9174194 ,18.618134 ,-7.429901,23.56776685,87.30035503 ,39.70799903869629,82.59128826660958 ,9972.0,10:32:36 AM,1572670956324
-3.41568 ,20.665176 ,-14.980728,23.56776685,87.30035503 ,39.70799903869629,82.59128826660958 ,9972.0,10:32:36 AM,1572670956329
-3.4357452 ,16.432983 ,-10.031189,23.56776685,87.30035503 ,39.70799903869629,82.59128826660958 ,9972.0,10:32:36 AM,1572670956335
1.1239929 ,8.242798 ,3.0867157,23.56776685,87.30035503 ,39.70799903869629,82.59128826660958 ,9972.0,10:32:36 AM,1572670956340
2.0857697 ,3.9168549 ,19.90245,23.56776685,87.30035503 ,39.70799903869629,82.59128826660958 ,9972.0,10:32:36 AM,1572670956344
-1.1728821 ,0.15718079 ,17.925827,23.56776685,87.30035503 ,39.70799903869629,82.59128826660958 ,9972.0,10:32:36 AM,1572670956351
-4.7028503 ,4.360382 ,13.027374,23.56776685,87.30035503 ,39.70799903869629,82.59128826660958 ,9972.0,10:32:36 AM,1572670956354
-2.994873 ,5.662094 ,3.6461182,23.56776685,87.30035503 ,39.70799903869629,82.59128826660958 ,9972.0,10:32:36 AM,1572670956358
4.0691223 ,5.7858124 ,6.5438232,23.56776685,87.30035503 ,39.70799903869629,82.59128826660958 ,9972.0,10:32:36 AM,1572670956363
7.246002 ,4.0819244 ,20.042664,23.56776685,87.30035503 ,39.70799903869629,82.59128826660958 ,9972.0,10:32:36 AM,1572670956369
0.98402405 ,-0.12937927 ,17.47374,23.56776685,87.30035503 ,39.70799903869629,82.59128826660958 ,9972.0,10:32:36 AM,1572670956374
-6.9375153 ,4.2563934 ,24.184555,23.56776685,87.30035503 ,39.70799903869629,82.59128826660958 ,9972.0,10:32:36 AM,1572670956379
-6.5282135 ,3.3123322 ,6.0707245,23.56776685,87.30035503 ,39.70799903869629,85.28936394118693 ,9972.0,10:32:36 AM,1572670956394
2.2134247 ,5.901825 ,-0.98872375,23.56776685,87.30035503 ,39.70799903869629,85.28936394118693 ,9972.0,10:32:36 AM,1572670956397
9.240021 ,7.1821594 ,6.686493,23.56776685,87.30035503 ,39.70799903869629,85.28936394118693 ,9972.0,10:32:36 AM,1572670956400
7.9784546 ,5.242401 ,5.1872864,23.56776685,87.30035503 ,39.70799903869629,85.28936394118693 ,9972.0,10:32:36 AM,1572670956402
-0.7849121 ,10.258209 ,12.130661,23.56776685,87.30035503 ,39.70799903869629,85.28936394118693 ,9972.0,10:32:36 AM,1572670956409
-7.584549 ,7.311798 ,-8.324066,23.56776685,87.30035503 ,39.70799903869629,85.28936394118693 ,9972.0,10:32:36 AM,1572670956411
-4.879883 ,11.077805 ,-0.4259491,23.56776685,87.30035503 ,39.70799903869629,85.28936394118693 ,9972.0,10:32:36 AM,1572670956419
5.704605 ,10.324753 ,9.87236,23.56776685,87.30035503 ,39.70799903869629,85.28936394118693 ,9972.0,10:32:36 AM,1572670956422
11.881271 ,4.2510376 ,7.974533,23.56776685,87.30035503 ,39.70799903869629,85.28936394118693 ,9972.0,10:32:36 AM,1572670956426
5.281891 ,2.617569 ,20.997513,23.56776685,87.30035503 ,39.70799903869629,85.28936394118693 ,9972.0,10:32:36 AM,1572670956430
-5.916855 ,1.107254 ,17.992493,23.56776685,87.30035503 ,39.70799903869629,85.28936394118693 ,9972.0,10:32:36 AM,1572670956436
-10.95314 ,4.8232117 ,9.616943,23.56776685,87.30035503 ,39.70799903869629,85.28936394118693 ,9972.0,10:32:36 AM,1572670956440
-5.3648834 ,10.255234 ,1.2012024,23.56776685,87.30035503 ,39.70799903869629,85.28936394118693 ,9972.0,10:32:36 AM,1572670956448
3.562683 ,12.591721 ,-6.8180237,23.56776685,87.30035503 ,39.70799903869629,85.28936394118693 ,9972.0,10:32:36 AM,1572670956450
5.7624054 ,11.430878 ,-1.6235046,23.56776685,87.30035503 ,39.70799903869629,85.28936394118693 ,9972.0,10:32:36 AM,1572670956455
1.0775604 ,6.0277557 ,3.9833832,23.56776685,87.30035503 ,39.70799903869629,85.28936394118693 ,9972.0,10:32:36 AM,1572670956459
-4.9906616 ,3.9857483 ,10.897873,23.56776685,87.30035503 ,39.70799903869629,85.28936394118693 ,9972.0,10:32:36 AM,1572670956464
-9.2821045 ,2.607254 ,9.142487,23.56776685,87.30035503 ,39.70799903869629,85.28936394118693 ,9972.0,10:32:36 AM,1572670956474
-7.943344 ,4.5273895 ,11.544052,23.56776685,87.30035503 ,39.70799903869629,85.28936394118693 ,9972.0,10:32:36 AM,1572670956477
0.5086365 ,3.8259277 ,7.403183,23.56776685,87.30035503 ,39.70799903869629,85.28936394118693 ,9972.0,10:32:36 AM,1572670956478
9.134308 ,3.8307037 ,5.1421967,23.56776685,87.30035503 ,39.70799903869629,85.28936394118693 ,9185.0,10:32:36 AM,1572670956484
8.866318 ,5.0289 ,13.122879,23.56776685,87.30035503 ,39.70799903869629,85.28936394118693 ,9185.0,10:32:36 AM,1572670956487
1.0333557 ,3.162201 ,8.846756,23.56776685,87.30035503 ,39.70799903869629,85.28936394118693 ,9185.0,10:32:36 AM,1572670956491
-5.1986084 ,7.0016937 ,14.235184,23.56776685,87.30035503 ,39.70799903869629,85.28936394118693 ,9185.0,10:32:36 AM,1572670956497
-4.913254 ,7.353409 ,4.7820435,23.56776685,87.30035503 ,39.70799903869629,85.28936394118693 ,9185.0,10:32:36 AM,1572670956503
-0.40655518 ,10.249924 ,1.8141174,23.56776685,87.30035503 ,39.70799903869629,85.28936394118693 ,9185.0,10:32:36 AM,1572670956506
4.511688 ,11.577011 ,-3.4245758,23.56776685,87.30035503 ,39.70799903869629,85.28936394118693 ,9185.0,10:32:36 AM,1572670956511
4.2723846 ,11.044662 ,-5.887268,23.56776685,87.30035503 ,39.70799903869629,85.28936394118693 ,9185.0,10:32:36 AM,1572670956516
0.3495636 ,8.805023 ,4.483841,23.56776685,87.30035503 ,39.70799903869629,85.28936394118693 ,9185.0,10:32:36 AM,1572670956521
-1.1611023 ,0.89120483 ,5.687393,23.56776685,87.30035503 ,39.70799903869629,85.28936394118693 ,9185.0,10:32:36 AM,1572670956531
0.98335266 ,-1.7518921 ,19.803238,23.56776685,87.30035503 ,39.70799903869629,85.28936394118693 ,9185.0,10:32:36 AM,1572670956537
3.5639343 ,-4.7208405 ,19.261185,23.56776685,87.30035503 ,39.70799903869629,85.28936394118693 ,9185.0,10:32:36 AM,1572670956541
1.830719 ,-4.640991 ,14.763763,23.56776685,87.30035503 ,39.70799903869629,85.28936394118693 ,9185.0,10:32:36 AM,1572670956547
-1.8789978 ,0.08924866 ,21.852417,23.56776685,87.30035503 ,39.70799903869629,85.28936394118693 ,9185.0,10:32:36 AM,1572670956551
-1.818222 ,0.8761749 ,11.663376,23.56776685,87.30035503 ,39.70799903869629,85.28936394118693 ,9185.0,10:32:36 AM,1572670956555
-0.08421326 ,6.9128113 ,5.83461,23.56776685,87.30035503 ,39.70799903869629,85.28936394118693 ,9185.0,10:32:36 AM,1572670956560
-2.3762207 ,12.92189 ,1.0726013,23.56776685,87.30035503 ,39.70799903869629,85.28936394118693 ,9185.0,10:32:36 AM,1572670956565
-5.575348 ,13.715408 ,-9.861649,23.56776685,87.30035503 ,39.70799903869629,85.28936394118693 ,9185.0,10:32:36 AM,1572670956570
-1.7295532 ,13.42659 ,-2.777649,23.56776685,87.30035503 ,39.70799903869629,85.28936394118693 ,9185.0,10:32:36 AM,1572670956575
7.345291 ,8.384201 ,4.899399,23.56776685,87.30035503 ,39.70799903869629,85.28936394118693 ,9185.0,10:32:36 AM,1572670956579
9.063995 ,4.0348816 ,12.744812,23.56776685,87.30035503 ,39.70799903869629,85.28936394118693 ,9185.0,10:32:36 AM,1572670956586
0.2043457 ,0.52279663 ,16.398499,23.56776685,87.30035503 ,39.70799903869629,85.28936394118693 ,9185.0,10:32:36 AM,1572670956589
-8.665985 ,-1.6949463 ,14.426926,23.56776685,87.30035503 ,39.70799903869629,85.28936394118693 ,9185.0,10:32:36 AM,1572670956594
-7.6035767 ,-2.8236542 ,15.183105,23.56776685,87.30035503 ,39.70799903869629,85.28936394118693 ,9185.0,10:32:36 AM,1572670956598
1.6342773 ,-4.524872 ,15.917938,23.56776685,87.30035503 ,39.70799903869629,85.28936394118693 ,9185.0,10:32:36 AM,1572670956604
7.1813354 ,-2.971878 ,23.2706,23.56776685,87.30035503 ,39.70799903869629,85.28936394118693 ,9185.0,10:32:36 AM,1572670956608
5.419693 ,-2.5175934 ,15.750153,23.56776685,87.30035503 ,39.70799903869629,85.28936394118693 ,9185.0,10:32:36 AM,1572670956613
-0.8828888 ,4.6885376 ,13.395813,23.56776685,87.30035503 ,39.70799903869629,85.28936394118693 ,9185.0,10:32:36 AM,1572670956621
-6.231369 ,10.87207 ,3.1768494,23.56776685,87.30035503 ,39.70799903869629,85.28936394118693 ,9185.0,10:32:36 AM,1572670956624
-6.3098907 ,13.051315 ,-17.328003,23.56776685,87.30035503 ,39.70799903869629,85.28936394118693 ,9185.0,10:32:36 AM,1572670956627
0.33961487 ,15.848404 ,-11.824905,23.56776685,87.30035503 ,39.70799903869629,85.28936394118693 ,9185.0,10:32:36 AM,1572670956632
8.851868 ,9.38829 ,-5.4697876,23.56776685,87.30035503 ,39.70799903869629,85.28936394118693 ,9185.0,10:32:36 AM,1572670956638
10.777847 ,2.4062653 ,13.935699,23.56776685,87.30035503 ,39.70799903869629,85.28936394118693 ,9185.0,10:32:36 AM,1572670956642
4.293167 ,-2.435196 ,27.595291,23.56776685,87.30035503 ,39.70799903869629,85.28936394118693 ,9185.0,10:32:36 AM,1572670956647
-6.383972 ,-7.7427673 ,19.004364,23.56776685,87.30035503 ,39.70799903869629,85.28936394118693 ,9185.0,10:32:36 AM,1572670956655
-12.028183 ,-3.0981598 ,14.908508,23.56776685,87.30035503 ,39.70799903869629,85.28936394118693 ,9185.0,10:32:36 AM,1572670956658
-5.2542877 ,3.7324524 ,10.361237,23.56776685,87.30035503 ,39.70799903869629,85.28936394118693 ,9185.0,10:32:36 AM,1572670956662
5.955429 ,9.870956 ,-0.6766815,23.56776685,87.30035503 ,39.70799903869629,85.28936394118693 ,9185.0,10:32:36 AM,1572670956673
4.937805 ,11.957748 ,-2.0965424,23.56776685,87.30035503 ,39.70799903869629,85.28936394118693 ,9185.0,10:32:36 AM,1572670956677
-3.707199 ,6.9279327 ,-3.0209503,23.56776685,87.30035503 ,39.70799903869629,85.28936394118693 ,10196.0,10:32:36 AM,1572670956680
-3.8331757 ,4.717758 ,9.267731,23.56776685,87.30035503 ,39.70799903869629,85.28936394118693 ,10196.0,10:32:36 AM,1572670956688
3.6895294 ,2.3287048 ,9.843094,23.56776685,87.30035503 ,39.70799903869629,85.28936394118693 ,10196.0,10:32:36 AM,1572670956690
4.54335 ,4.7178345 ,14.669815,23.56776685,87.30035503 ,39.70799903869629,85.28936394118693 ,10196.0,10:32:36 AM,1572670956696
-3.1855927 ,5.0390778 ,7.428253,23.56776685,87.30035503 ,39.70799903869629,85.28936394118693 ,10196.0,10:32:36 AM,1572670956700
-7.1408997 ,5.413971 ,-4.4804688,23.56776685,87.30035503 ,39.70799903869629,85.28936394118693 ,10196.0,10:32:36 AM,1572670956706
-2.7321167 ,8.835007 ,2.5738983,23.56776685,87.30035503 ,39.70799903869629,85.28936394118693 ,10196.0,10:32:36 AM,1572670956710
3.7167358 ,4.784012 ,3.6034393,23.56776685,87.30035503 ,39.70799903869629,85.28936394118693 ,10196.0,10:32:36 AM,1572670956715
4.2318115 ,1.8472137 ,18.669205,23.56776685,87.30035503 ,39.70799903869629,85.28936394118693 ,10196.0,10:32:36 AM,1572670956723
1.3322449 ,-3.238037 ,22.480347,23.56776685,87.30035503 ,39.70799903869629,85.28936394118693 ,10196.0,10:32:36 AM,1572670956725
-0.40855408 ,-3.8706665 ,20.6678,23.56776685,87.30035503 ,39.70799903869629,85.28936394118693 ,10196.0,10:32:36 AM,1572670956729
0.37409973 ,-0.45892334 ,18.368912,23.56776685,87.30035503 ,39.70799903869629,85.28936394118693 ,10196.0,10:32:36 AM,1572670956736
1.5284119 ,3.8433533 ,9.35881,23.56776685,87.30035503 ,39.70799903869629,85.28936394118693 ,10196.0,10:32:36 AM,1572670956738
0.8184204 ,9.984253 ,4.8644714,23.56776685,87.30035503 ,39.70799903869629,85.28936394118693 ,10196.0,10:32:36 AM,1572670956743
-0.7858429 ,11.913818 ,-8.208588,23.56776685,87.30035503 ,39.70799903869629,85.28936394118693 ,10196.0,10:32:36 AM,1572670956747
-1.0963898 ,14.841553 ,-10.216461,23.56776685,87.30035503 ,39.70799903869629,85.28936394118693 ,10196.0,10:32:36 AM,1572670956755
0.960907 ,13.245102 ,-8.15239,23.56776685,87.30035503 ,39.70799903869629,85.28936394118693 ,10196.0,10:32:36 AM,1572670956757
