x,y,z,latitude,longitude,speed,sound,light,time,timestamp
0.5202637 ,4.0184326 ,7.2183075,23.56020738,87.29883022 ,30.6,80.46607615476123 ,3522.0,10:34:22 AM,1572671062717
-1.4727783 ,2.4832 ,5.5800934,23.56020738,87.29883022 ,30.6,80.46607615476123 ,3522.0,10:34:22 AM,1572671062723
-2.2284088 ,5.1411285 ,14.1909485,23.56020738,87.29883022 ,30.6,80.46607615476123 ,3522.0,10:34:22 AM,1572671062726
-1.0121613 ,3.880127 ,6.158142,23.56020738,87.29883022 ,30.6,80.46607615476123 ,3522.0,10:34:22 AM,1572671062731
0.22418213 ,5.073761 ,2.9771118,23.56020738,87.29883022 ,30.6,80.46607615476123 ,3522.0,10:34:22 AM,1572671062736
0.75831604 ,9.16832 ,8.944626,23.56020738,87.29883022 ,30.6,80.46607615476123 ,3299.0,10:34:22 AM,1572671062743
-0.6359558 ,7.5036163 ,-1.1225433,23.56020738,87.29883022 ,30.6,80.46607615476123 ,3299.0,10:34:22 AM,1572671062746
-1.5378876 ,5.5539093 ,-1.6453247,23.56020738,87.29883022 ,30.6,80.46607615476123 ,3299.0,10:34:22 AM,1572671062751
1.1890564 ,5.351776 ,15.751007,23.56020738,87.29883022 ,30.6,80.46607615476123 ,3299.0,10:34:22 AM,1572671062757
4.1631775 ,-0.17108154 ,14.036255,23.56020738,87.29883022 ,30.6,80.46607615476123 ,3299.0,10:34:22 AM,1572671062760
2.3582764 ,-3.7944489 ,13.375076,23.56020738,87.29883022 ,30.6,80.46607615476123 ,3299.0,10:34:22 AM,1572671062764
-2.5900574 ,-0.32466125 ,25.51027,23.56020738,87.29883022 ,30.6,80.46607615476123 ,3299.0,10:34:22 AM,1572671062769
-4.4026184 ,0.6858673 ,12.239975,23.56020738,87.29883022 ,30.6,80.46607615476123 ,3299.0,10:34:22 AM,1572671062775
-1.8817444 ,3.0849457 ,0.0368042,23.56020738,87.29883022 ,30.6,80.46607615476123 ,3299.0,10:34:22 AM,1572671062779
1.103241 ,8.076218 ,8.185104,23.56020738,87.29883022 ,30.6,80.46607615476123 ,3299.0,10:34:22 AM,1572671062784
1.9155884 ,6.759308 ,3.576233,23.56020738,87.29883022 ,30.6,80.46607615476123 ,3299.0,10:34:22 AM,1572671062790
0.4802246 ,5.877182 ,6.350769,23.56020738,87.29883022 ,30.6,80.46607615476123 ,3299.0,10:34:22 AM,1572671062798
0.40386963 ,6.2851257 ,12.923431,23.56020738,87.29883022 ,30.6,80.46607615476123 ,3299.0,10:34:22 AM,1572671062803
1.1158752 ,4.3642273 ,5.0103455,23.56020738,87.29883022 ,30.6,80.46607615476123 ,3299.0,10:34:22 AM,1572671062809
1.8654785 ,5.87558 ,9.687103,23.56020738,87.29883022 ,30.6,80.46607615476123 ,3299.0,10:34:22 AM,1572671062814
1.5183868 ,4.36055 ,9.50647,23.56020738,87.29883022 ,30.6,80.46607615476123 ,3299.0,10:34:22 AM,1572671062819
-1.4688721 ,3.1637726 ,7.692169,23.56020738,87.29883022 ,30.6,80.46607615476123 ,3299.0,10:34:22 AM,1572671062828
-2.7508087 ,3.3529968 ,12.659775,23.56020738,87.29883022 ,30.6,80.46607615476123 ,3299.0,10:34:22 AM,1572671062830
-0.789505 ,2.324646 ,11.494232,23.56020738,87.29883022 ,30.6,80.46607615476123 ,3299.0,10:34:22 AM,1572671062834
2.0979614 ,2.9307861 ,9.261566,23.56020738,87.29883022 ,30.6,80.46607615476123 ,3299.0,10:34:22 AM,1572671062839
2.5537415 ,5.385208 ,12.322647,23.56020738,87.29883022 ,30.6,80.46607615476123 ,3299.0,10:34:22 AM,1572671062846
0.6119232 ,6.159546 ,7.0326996,23.56020738,87.29883022 ,30.6,80.46607615476123 ,3299.0,10:34:22 AM,1572671062848
-0.35565186 ,7.191086 ,0.818161,23.56020738,87.29883022 ,30.6,80.46607615476123 ,3299.0,10:34:22 AM,1572671062853
-0.2321167 ,9.706528 ,6.7918396,23.56020738,87.29883022 ,30.6,80.46607615476123 ,3299.0,10:34:22 AM,1572671062858
1.2175293 ,6.659668 ,3.0702362,23.56020738,87.29883022 ,30.6,80.46607615476123 ,3299.0,10:34:22 AM,1572671062860
2.02536 ,4.6697083 ,5.843704,23.56020738,87.29883022 ,30.6,80.46607615476123 ,3299.0,10:34:22 AM,1572671062865
0.877655 ,4.8461 ,15.112122,23.56020738,87.29883022 ,30.6,80.46607615476123 ,3299.0,10:34:22 AM,1572671062870
-1.3947601 ,2.073471 ,9.45108,23.56020738,87.29883022 ,30.6,80.46607615476123 ,3299.0,10:34:22 AM,1572671062875
-2.0110626 ,2.0667114 ,7.4120026,23.56020738,87.29883022 ,30.6,80.46607615476123 ,3299.0,10:34:22 AM,1572671062879
0.42391968 ,5.872345 ,13.7947235,23.56020738,87.29883022 ,30.6,80.46607615476123 ,3299.0,10:34:22 AM,1572671062884
1.3145752 ,5.8093414 ,5.244812,23.56020738,87.29883022 ,30.6,80.46607615476123 ,3299.0,10:34:22 AM,1572671062893
-0.91285706 ,5.77594 ,-0.84599304,23.56020738,87.29883022 ,30.6,80.46607615476123 ,3299.0,10:34:22 AM,1572671062895
-2.5957947 ,8.324387 ,7.436249,23.56020738,87.29883022 ,30.6,80.46607615476123 ,3299.0,10:34:22 AM,1572671062899
-0.5205841 ,4.439972 ,2.9568176,23.56020738,87.29883022 ,30.6,80.46607615476123 ,3299.0,10:34:22 AM,1572671062904
2.4877625 ,-0.9174652 ,6.9740143,23.56020738,87.29883022 ,30.6,80.46607615476123 ,3299.0,10:34:22 AM,1572671062909
3.2490845 ,-1.6082306 ,26.663834,23.56020738,87.29883022 ,30.6,80.46607615476123 ,3299.0,10:34:22 AM,1572671062914
1.1063385 ,-3.8674011 ,23.36644,23.56020738,87.29883022 ,30.6,76.20798684657673 ,3299.0,10:34:22 AM,1572671062920
-3.1677551 ,-3.3355255 ,12.491623,23.56020738,87.29883022 ,30.6,76.20798684657673 ,3299.0,10:34:22 AM,1572671062924
-5.1152344 ,3.1782837 ,16.289505,23.56020738,87.29883022 ,30.6,76.20798684657673 ,3299.0,10:34:22 AM,1572671062928
-2.4030304 ,7.1551514 ,3.9044647,23.56020738,87.29883022 ,30.6,76.20798684657673 ,3299.0,10:34:22 AM,1572671062939
1.9308777 ,9.557327 ,-6.855957,23.56020738,87.29883022 ,30.6,76.20798684657673 ,4061.0,10:34:22 AM,1572671062943
3.9571533 ,11.379791 ,3.4430847,23.56020738,87.29883022 ,30.6,76.20798684657673 ,4061.0,10:34:22 AM,1572671062947
2.7724762 ,9.232056 ,4.42041,23.56020738,87.29883022 ,30.6,76.20798684657673 ,4061.0,10:34:22 AM,1572671062952
0.39837646 ,6.8462524 ,4.132675,23.56020738,87.29883022 ,30.6,76.20798684657673 ,4061.0,10:34:22 AM,1572671062960
-1.3147125 ,6.057846 ,10.9999695,23.56020738,87.29883022 ,30.6,76.20798684657673 ,4061.0,10:34:22 AM,1572671062962
-0.08050537 ,4.5529327 ,5.21492,23.56020738,87.29883022 ,30.6,76.20798684657673 ,4061.0,10:34:22 AM,1572671062966
1.6471863 ,4.9859314 ,5.1305847,23.56020738,87.29883022 ,30.6,76.20798684657673 ,4061.0,10:34:22 AM,1572671062971
0.9604645 ,4.5334167 ,10.3975525,23.56020738,87.29883022 ,30.6,76.20798684657673 ,4061.0,10:34:22 AM,1572671062978
-1.0120392 ,1.2890625 ,6.8226013,23.56020738,87.29883022 ,30.6,76.20798684657673 ,4061.0,10:34:22 AM,1572671062981
-2.6575317 ,1.794693 ,15.391632,23.56020738,87.29883022 ,30.6,76.20798684657673 ,4061.0,10:34:22 AM,1572671062986
-0.45391846 ,1.0540466 ,16.849487,23.56020738,87.29883022 ,30.6,76.20798684657673 ,4061.0,10:34:22 AM,1572671062991
3.7011414 ,1.2984161 ,10.502335,23.56020738,87.29883022 ,30.6,76.20798684657673 ,4061.0,10:34:22 AM,1572671062995
4.272995 ,6.162369 ,12.623596,23.56020738,87.29883022 ,30.6,76.20798684657673 ,4061.0,10:34:22 AM,1572671063000
-0.49752808 ,8.157867 ,6.7415314,23.56020738,87.29883022 ,30.6,76.20798684657673 ,4061.0,10:34:23 AM,1572671063004
-4.650223 ,6.82959 ,-3.139679,23.56020738,87.29883022 ,30.6,76.20798684657673 ,4061.0,10:34:23 AM,1572671063010
-3.0424805 ,7.929962 ,5.7775574,23.56020738,87.29883022 ,30.6,76.20798684657673 ,4061.0,10:34:23 AM,1572671063015
0.96899414 ,4.7678833 ,10.9857025,23.56020738,87.29883022 ,30.6,76.20798684657673 ,4061.0,10:34:23 AM,1572671063019
3.0533295 ,-0.8039856 ,9.79483,23.56020738,87.29883022 ,30.6,76.20798684657673 ,4061.0,10:34:23 AM,1572671063026
1.644577 ,0.22026062 ,21.967316,23.56020738,87.29883022 ,30.6,76.20798684657673 ,4061.0,10:34:23 AM,1572671063029
-1.8037109 ,0.7106781 ,16.828873,23.56020738,87.29883022 ,30.6,76.20798684657673 ,4061.0,10:34:23 AM,1572671063033
-5.213974 ,1.8894043 ,3.7329102,23.56020738,87.29883022 ,30.6,76.20798684657673 ,4061.0,10:34:23 AM,1572671063038
-3.9338074 ,6.9740753 ,5.5584564,23.56020738,87.29883022 ,30.6,76.20798684657673 ,4061.0,10:34:23 AM,1572671063044
1.6865692 ,10.510315 ,4.575287,23.56020738,87.29883022 ,30.6,76.20798684657673 ,4061.0,10:34:23 AM,1572671063048
4.2235413 ,8.682068 ,-3.4655762,23.56020738,87.29883022 ,30.6,76.20798684657673 ,4061.0,10:34:23 AM,1572671063053
2.3299103 ,6.1028748 ,1.3484192,23.56020738,87.29883022 ,30.6,76.20798684657673 ,4061.0,10:34:23 AM,1572671063059
0.1913147 ,4.3937073 ,15.576187,23.56020738,87.29883022 ,30.6,76.20798684657673 ,4061.0,10:34:23 AM,1572671063063
0.835083 ,-0.23197937 ,12.599136,23.56020738,87.29883022 ,30.6,76.20798684657673 ,4061.0,10:34:23 AM,1572671063070
-0.29826355 ,-1.7266998 ,16.259995,23.56020738,87.29883022 ,30.6,76.20798684657673 ,4061.0,10:34:23 AM,1572671063079
-2.1274261 ,-0.89967346 ,20.05606,23.56020738,87.29883022 ,30.6,76.20798684657673 ,4061.0,10:34:23 AM,1572671063082
-1.1316376 ,1.4136047 ,13.777924,23.56020738,87.29883022 ,30.6,76.20798684657673 ,4061.0,10:34:23 AM,1572671063087
0.22546387 ,4.17334 ,7.233963,23.56020738,87.29883022 ,30.6,76.20798684657673 ,4061.0,10:34:23 AM,1572671063093
0.08493042 ,6.9355316 ,5.7241516,23.56020738,87.29883022 ,30.6,76.20798684657673 ,4061.0,10:34:23 AM,1572671063096
-0.30647278 ,8.677658 ,2.738266,23.56013138,87.29883319 ,27.612000274658204,76.20798684657673 ,4061.0,10:34:23 AM,1572671063100
0.661026 ,10.012833 ,2.729416,23.56013138,87.29883319 ,27.612000274658204,76.20798684657673 ,4061.0,10:34:23 AM,1572671063105
1.4293823 ,9.06897 ,2.615448,23.56013138,87.29883319 ,27.612000274658204,76.20798684657673 ,4061.0,10:34:23 AM,1572671063110
-0.33015442 ,7.202072 ,3.3590393,23.56013138,87.29883319 ,27.612000274658204,76.20798684657673 ,4061.0,10:34:23 AM,1572671063114
-2.0191498 ,4.208679 ,8.679718,23.56013138,87.29883319 ,27.612000274658204,76.20798684657673 ,4061.0,10:34:23 AM,1572671063119
-1.8298035 ,1.0365906 ,13.272247,23.56013138,87.29883319 ,27.612000274658204,76.20798684657673 ,4061.0,10:34:23 AM,1572671063125
-0.44981384 ,-0.20783997 ,13.599533,23.56013138,87.29883319 ,27.612000274658204,76.20798684657673 ,4061.0,10:34:23 AM,1572671063129
0.1799469 ,1.5688171 ,15.492203,23.56013138,87.29883319 ,27.612000274658204,76.20798684657673 ,4061.0,10:34:23 AM,1572671063134
1.0342712 ,2.4296722 ,8.880783,23.56013138,87.29883319 ,27.612000274658204,76.20798684657673 ,4061.0,10:34:23 AM,1572671063139
2.1935577 ,4.266266 ,5.951523,23.56013138,87.29883319 ,27.612000274658204,76.20798684657673 ,3610.0,10:34:23 AM,1572671063144
1.6816254 ,6.471573 ,12.635651,23.56013138,87.29883319 ,27.612000274658204,76.20798684657673 ,3610.0,10:34:23 AM,1572671063149
-0.13653564 ,3.9720917 ,7.6298676,23.56013138,87.29883319 ,27.612000274658204,76.20798684657673 ,3610.0,10:34:23 AM,1572671063153
-1.1464081 ,4.9355316 ,7.828903,23.56013138,87.29883319 ,27.612000274658204,76.20798684657673 ,3610.0,10:34:23 AM,1572671063159
-0.4472351 ,7.4516754 ,9.773178,23.56013138,87.29883319 ,27.612000274658204,76.20798684657673 ,3610.0,10:34:23 AM,1572671063164
0.42132568 ,6.8082123 ,2.704193,23.56013138,87.29883319 ,27.612000274658204,76.20798684657673 ,3610.0,10:34:23 AM,1572671063168
1.7910309 ,5.7255707 ,0.7665863,23.56013138,87.29883319 ,27.612000274658204,76.20798684657673 ,3610.0,10:34:23 AM,1572671063174
1.5112457 ,7.5775757 ,12.908478,23.56013138,87.29883319 ,27.612000274658204,76.20798684657673 ,3610.0,10:34:23 AM,1572671063179
-1.2567139 ,4.524338 ,8.039017,23.56013138,87.29883319 ,27.612000274658204,76.20798684657673 ,3610.0,10:34:23 AM,1572671063183
-3.7125854 ,1.9913483 ,3.6868286,23.56013138,87.29883319 ,27.612000274658204,76.20798684657673 ,3610.0,10:34:23 AM,1572671063188
-2.0841522 ,5.5774536 ,15.900192,23.56013138,87.29883319 ,27.612000274658204,76.20798684657673 ,3610.0,10:34:23 AM,1572671063196
1.8916321 ,4.248886 ,6.2874146,23.56013138,87.29883319 ,27.612000274658204,76.20798684657673 ,3610.0,10:34:23 AM,1572671063198
0.3670349 ,4.3173065 ,5.739395,23.56013138,87.29883319 ,27.612000274658204,76.20798684657673 ,3610.0,10:34:23 AM,1572671063202
-1.7827301 ,2.7825317 ,7.235199,23.56013138,87.29883319 ,27.612000274658204,76.20798684657673 ,3610.0,10:34:23 AM,1572671063208
