x,y,z,latitude,longitude,speed,sound,light,time,timestamp
-1.9382019 ,2.3035126 ,6.6406097,23.562727,87.29878557 ,22.53600082397461,76.5597214253589 ,8742.0,10:33:50 AM,1572671030881
4.3606567 ,4.436035 ,13.334808,23.562727,87.29878557 ,22.53600082397461,76.5597214253589 ,8742.0,10:33:50 AM,1572671030885
5.9480133 ,6.514801 ,11.819931,23.562727,87.29878557 ,22.53600082397461,76.5597214253589 ,8742.0,10:33:50 AM,1572671030896
0.48368835 ,9.133408 ,5.317215,23.562727,87.29878557 ,22.53600082397461,76.5597214253589 ,8742.0,10:33:50 AM,1572671030897
-4.1268463 ,11.917191 ,3.3492584,23.562727,87.29878557 ,22.53600082397461,76.5597214253589 ,8742.0,10:33:50 AM,1572671030899
-2.5326233 ,11.867447 ,-3.698822,23.562727,87.29878557 ,22.53600082397461,76.5597214253589 ,8742.0,10:33:50 AM,1572671030907
0.049423218 ,10.143234 ,-0.91667175,23.562727,87.29878557 ,22.53600082397461,76.5597214253589 ,8742.0,10:33:50 AM,1572671030909
-0.7507782 ,7.7102966 ,10.9431,23.562727,87.29878557 ,22.53600082397461,76.5597214253589 ,8742.0,10:33:50 AM,1572671030913
-1.149643 ,2.8930664 ,7.6766205,23.562727,87.29878557 ,22.53600082397461,76.5597214253589 ,8742.0,10:33:50 AM,1572671030918
0.87228394 ,1.8485718 ,10.5298,23.562727,87.29878557 ,22.53600082397461,76.5597214253589 ,8742.0,10:33:50 AM,1572671030924
2.0224915 ,0.8414459 ,16.966812,23.562727,87.29878557 ,22.53600082397461,76.5597214253589 ,8742.0,10:33:50 AM,1572671030928
1.4324036 ,-0.9111481 ,12.439667,23.562727,87.29878557 ,22.53600082397461,76.5597214253589 ,8742.0,10:33:50 AM,1572671030933
0.45677185 ,1.5505981 ,16.309769,23.562727,87.29878557 ,22.53600082397461,76.5597214253589 ,8742.0,10:33:50 AM,1572671030939
-0.60969543 ,4.470749 ,13.854187,23.562727,87.29878557 ,22.53600082397461,76.5597214253589 ,8742.0,10:33:50 AM,1572671030943
-1.4501648 ,7.4910583 ,1.4833374,23.562727,87.29878557 ,22.53600082397461,76.5597214253589 ,8742.0,10:33:50 AM,1572671030952
-0.47331238 ,13.313339 ,2.7084656,23.562727,87.29878557 ,22.53600082397461,76.5597214253589 ,8742.0,10:33:50 AM,1572671030959
1.6373596 ,13.747955 ,-1.0903931,23.562727,87.29878557 ,22.53600082397461,76.5597214253589 ,8742.0,10:33:50 AM,1572671030963
1.6401062 ,10.562103 ,-8.12677,23.562727,87.29878557 ,22.53600082397461,76.5597214253589 ,8742.0,10:33:50 AM,1572671030968
1.5131073 ,7.603775 ,3.325882,23.562727,87.29878557 ,22.53600082397461,76.5597214253589 ,8742.0,10:33:50 AM,1572671030976
3.1237183 ,3.4583893 ,13.546158,23.562727,87.29878557 ,22.53600082397461,76.5597214253589 ,8742.0,10:33:50 AM,1572671030980
3.8720398 ,-0.70202637 ,11.773544,23.562727,87.29878557 ,22.53600082397461,76.5597214253589 ,8742.0,10:33:50 AM,1572671030982
1.1906586 ,-1.3043365 ,18.418442,23.562727,87.29878557 ,22.53600082397461,76.5597214253589 ,8742.0,10:33:50 AM,1572671030986
-1.5916138 ,-1.110321 ,19.29338,23.562727,87.29878557 ,22.53600082397461,76.5597214253589 ,8742.0,10:33:50 AM,1572671030992
-1.9261932 ,0.08828735 ,12.155228,23.562727,87.29878557 ,22.53600082397461,76.5597214253589 ,8742.0,10:33:50 AM,1572671030996
-0.80262756 ,3.8649597 ,12.164444,23.562727,87.29878557 ,22.53600082397461,76.5597214253589 ,8742.0,10:33:51 AM,1572671031001
0.46099854 ,7.465866 ,6.90007,23.562727,87.29878557 ,22.53600082397461,76.5597214253589 ,8742.0,10:33:51 AM,1572671031008
1.8542175 ,10.842392 ,0.67523193,23.562727,87.29878557 ,22.53600082397461,76.5597214253589 ,8742.0,10:33:51 AM,1572671031010
3.5089111 ,13.070053 ,-0.4369049,23.562727,87.29878557 ,22.53600082397461,76.5597214253589 ,9001.0,10:33:51 AM,1572671031016
3.6201172 ,12.126083 ,-4.3640594,23.562727,87.29878557 ,22.53600082397461,76.5597214253589 ,9001.0,10:33:51 AM,1572671031020
1.4836273 ,9.557587 ,-1.8531799,23.562727,87.29878557 ,22.53600082397461,76.5597214253589 ,9001.0,10:33:51 AM,1572671031025
0.19161987 ,7.0069275 ,8.311386,23.562727,87.29878557 ,22.53600082397461,76.5597214253589 ,9001.0,10:33:51 AM,1572671031029
1.3530884 ,2.9898682 ,10.988892,23.562727,87.29878557 ,22.53600082397461,76.5597214253589 ,9001.0,10:33:51 AM,1572671031034
3.4355469 ,0.89308167 ,14.856125,23.562727,87.29878557 ,22.53600082397461,76.5597214253589 ,9001.0,10:33:51 AM,1572671031041
3.0155334 ,-0.1533966 ,18.513489,23.562727,87.29878557 ,22.53600082397461,76.5597214253589 ,9001.0,10:33:51 AM,1572671031044
-1.3853607 ,-0.908432 ,15.5229645,23.562727,87.29878557 ,22.53600082397461,76.5597214253589 ,9001.0,10:33:51 AM,1572671031048
-4.7413025 ,0.76356506 ,13.573624,23.562727,87.29878557 ,22.53600082397461,76.5597214253589 ,9001.0,10:33:51 AM,1572671031063
-2.64534 ,4.7904816 ,10.157089,23.562727,87.29878557 ,22.53600082397461,76.5597214253589 ,9001.0,10:33:51 AM,1572671031065
2.0903625 ,8.174484 ,0.8460846,23.562727,87.29878557 ,22.53600082397461,76.5597214253589 ,9001.0,10:33:51 AM,1572671031067
4.12677 ,11.790497 ,4.5054626,23.562727,87.29878557 ,22.53600082397461,76.5597214253589 ,9001.0,10:33:51 AM,1572671031068
3.3957672 ,10.032547 ,2.5046387,23.562727,87.29878557 ,22.53600082397461,76.5597214253589 ,9001.0,10:33:51 AM,1572671031075
0.32478333 ,6.3897705 ,-1.3401947,23.562727,87.29878557 ,22.53600082397461,76.5597214253589 ,9001.0,10:33:51 AM,1572671031077
-1.8914185 ,5.353363 ,12.560654,23.56267381,87.29879106 ,22.247999382019042,76.5597214253589 ,9001.0,10:33:51 AM,1572671031082
-2.1932983 ,2.5858765 ,16.852356,23.56267381,87.29879106 ,22.247999382019042,76.5597214253589 ,9001.0,10:33:51 AM,1572671031093
-1.6426239 ,1.2559967 ,10.006714,23.56267381,87.29879106 ,22.247999382019042,76.5597214253589 ,9001.0,10:33:51 AM,1572671031097
-1.5165253 ,6.2221527 ,14.2560425,23.56267381,87.29879106 ,22.247999382019042,76.5597214253589 ,9001.0,10:33:51 AM,1572671031102
-1.6129456 ,8.298965 ,2.021637,23.56267381,87.29879106 ,22.247999382019042,76.5597214253589 ,9001.0,10:33:51 AM,1572671031108
-0.5706177 ,9.380478 ,-6.274826,23.56267381,87.29879106 ,22.247999382019042,76.5597214253589 ,9001.0,10:33:51 AM,1572671031111
3.306656 ,9.805237 ,1.3000946,23.56267381,87.29879106 ,22.247999382019042,76.5597214253589 ,9001.0,10:33:51 AM,1572671031116
5.3801575 ,6.7484436 ,5.8786316,23.56267381,87.29879106 ,22.247999382019042,76.5597214253589 ,9001.0,10:33:51 AM,1572671031121
2.6586304 ,3.1789093 ,10.179413,23.56267381,87.29879106 ,22.247999382019042,76.5597214253589 ,9001.0,10:33:51 AM,1572671031126
-1.4227905 ,1.7277222 ,16.219666,23.56267381,87.29879106 ,22.247999382019042,76.5597214253589 ,9001.0,10:33:51 AM,1572671031130
-3.0579681 ,-0.30532837 ,9.638412,23.56267381,87.29879106 ,22.247999382019042,76.5597214253589 ,9001.0,10:33:51 AM,1572671031135
-2.1931152 ,0.8591614 ,10.428635,23.56267381,87.29879106 ,22.247999382019042,76.5597214253589 ,9001.0,10:33:51 AM,1572671031141
-0.47077942 ,4.6328583 ,15.722626,23.56267381,87.29879106 ,22.247999382019042,76.5597214253589 ,9001.0,10:33:51 AM,1572671031144
0.12748718 ,6.3082123 ,5.0703125,23.56267381,87.29879106 ,22.247999382019042,76.5597214253589 ,9001.0,10:33:51 AM,1572671031149
0.0388031 ,9.2387085 ,-0.24745178,23.56267381,87.29879106 ,22.247999382019042,76.5597214253589 ,9001.0,10:33:51 AM,1572671031154
1.1544342 ,11.6819 ,1.7732086,23.56267381,87.29879106 ,22.247999382019042,76.5597214253589 ,9001.0,10:33:51 AM,1572671031160
2.1078491 ,8.69519 ,-1.2670898,23.56267381,87.29879106 ,22.247999382019042,76.5597214253589 ,9001.0,10:33:51 AM,1572671031164
1.2646332 ,5.453476 ,6.3325195,23.56267381,87.29879106 ,22.247999382019042,76.5597214253589 ,9001.0,10:33:51 AM,1572671031168
-0.29919434 ,3.2870178 ,14.065933,23.56267381,87.29879106 ,22.247999382019042,76.5597214253589 ,9001.0,10:33:51 AM,1572671031176
-1.0705719 ,0.87153625 ,11.687149,23.56267381,87.29879106 ,22.247999382019042,76.5597214253589 ,9001.0,10:33:51 AM,1572671031178
-0.46133423 ,0.9958496 ,16.478561,23.56267381,87.29879106 ,22.247999382019042,76.5597214253589 ,9001.0,10:33:51 AM,1572671031184
0.5080414 ,-0.65538025 ,12.071381,23.56267381,87.29879106 ,22.247999382019042,76.5597214253589 ,9001.0,10:33:51 AM,1572671031188
0.42456055 ,-0.6411896 ,10.6306,23.56267381,87.29879106 ,22.247999382019042,76.5597214253589 ,9001.0,10:33:51 AM,1572671031193
-0.598999 ,2.5461578 ,20.396667,23.56267381,87.29879106 ,22.247999382019042,76.5597214253589 ,9001.0,10:33:51 AM,1572671031198
-0.37783813 ,2.3114166 ,8.634796,23.56267381,87.29879106 ,22.247999382019042,76.5597214253589 ,9001.0,10:33:51 AM,1572671031202
1.7198639 ,6.7233734 ,3.009491,23.56267381,87.29879106 ,22.247999382019042,76.5597214253589 ,9001.0,10:33:51 AM,1572671031210
3.6348572 ,11.779465 ,8.030518,23.56267381,87.29879106 ,22.247999382019042,76.5597214253589 ,9001.0,10:33:51 AM,1572671031213
2.194687 ,10.327225 ,-2.4088287,23.56267381,87.29879106 ,22.247999382019042,76.5597214253589 ,9362.0,10:33:51 AM,1572671031216
-0.8439636 ,7.3505096 ,-1.2866058,23.56267381,87.29879106 ,22.247999382019042,76.5597214253589 ,9362.0,10:33:51 AM,1572671031227
-1.433075 ,6.846451 ,14.364258,23.56267381,87.29879106 ,22.247999382019042,76.5597214253589 ,9362.0,10:33:51 AM,1572671031231
-0.7485657 ,3.8382416 ,8.826599,23.56267381,87.29879106 ,22.247999382019042,76.5597214253589 ,9362.0,10:33:51 AM,1572671031236
-1.2856293 ,4.711502 ,10.909119,23.56267381,87.29879106 ,22.247999382019042,76.5597214253589 ,9362.0,10:33:51 AM,1572671031243
-0.8722992 ,4.992401 ,9.121185,23.56267381,87.29879106 ,22.247999382019042,76.5597214253589 ,9362.0,10:33:51 AM,1572671031246
1.499527 ,6.0983276 ,1.3479156,23.56267381,87.29879106 ,22.247999382019042,76.5597214253589 ,9362.0,10:33:51 AM,1572671031250
2.4738617 ,9.679001 ,5.4810944,23.56267381,87.29879106 ,22.247999382019042,79.70773928762321 ,9362.0,10:33:51 AM,1572671031256
-0.2797699 ,9.211075 ,4.049988,23.56267381,87.29879106 ,22.247999382019042,79.70773928762321 ,9362.0,10:33:51 AM,1572671031261
-1.6368408 ,6.5800323 ,-1.3388519,23.56267381,87.29879106 ,22.247999382019042,79.70773928762321 ,9362.0,10:33:51 AM,1572671031265
1.7651825 ,7.7913513 ,9.979324,23.56267381,87.29879106 ,22.247999382019042,79.70773928762321 ,9362.0,10:33:51 AM,1572671031269
4.088211 ,5.7234344 ,10.354691,23.56267381,87.29879106 ,22.247999382019042,79.70773928762321 ,9362.0,10:33:51 AM,1572671031278
-0.023010254 ,2.5141907 ,5.3197174,23.56267381,87.29879106 ,22.247999382019042,79.70773928762321 ,9362.0,10:33:51 AM,1572671031280
-4.7757416 ,2.3812714 ,12.086456,23.56267381,87.29879106 ,22.247999382019042,79.70773928762321 ,9362.0,10:33:51 AM,1572671031284
-4.3687744 ,2.4339905 ,15.025421,23.56267381,87.29879106 ,22.247999382019042,79.70773928762321 ,9362.0,10:33:51 AM,1572671031289
-0.7953491 ,2.5345306 ,13.410431,23.56267381,87.29879106 ,22.247999382019042,79.70773928762321 ,9362.0,10:33:51 AM,1572671031296
1.4607849 ,3.5427094 ,12.875336,23.56267381,87.29879106 ,22.247999382019042,79.70773928762321 ,9362.0,10:33:51 AM,1572671031298
1.416748 ,4.045349 ,6.659424,23.56267381,87.29879106 ,22.247999382019042,79.70773928762321 ,9362.0,10:33:51 AM,1572671031305
0.5114746 ,6.036865 ,7.0944977,23.56267381,87.29879106 ,22.247999382019042,79.70773928762321 ,9362.0,10:33:51 AM,1572671031313
-1.0870361 ,7.8839264 ,8.559067,23.56267381,87.29879106 ,22.247999382019042,79.70773928762321 ,9362.0,10:33:51 AM,1572671031314
-3.2075195 ,6.9956055 ,1.7820282,23.56267381,87.29879106 ,22.247999382019042,79.70773928762321 ,9362.0,10:33:51 AM,1572671031318
-1.8573151 ,7.9846497 ,6.7509766,23.56267381,87.29879106 ,22.247999382019042,79.70773928762321 ,9362.0,10:33:51 AM,1572671031323
2.6768494 ,6.970642 ,8.041931,23.56267381,87.29879106 ,22.247999382019042,79.70773928762321 ,9362.0,10:33:51 AM,1572671031332
2.659546 ,1.9833221 ,2.1257477,23.56267381,87.29879106 ,22.247999382019042,79.70773928762321 ,9362.0,10:33:51 AM,1572671031334
-1.2073822 ,2.4066315 ,17.22229,23.56267381,87.29879106 ,22.247999382019042,79.70773928762321 ,9362.0,10:33:51 AM,1572671031337
-3.109436 ,2.7436066 ,18.61139,23.56267381,87.29879106 ,22.247999382019042,79.70773928762321 ,9362.0,10:33:51 AM,1572671031343
-1.6761475 ,4.224045 ,6.9991913,23.56267381,87.29879106 ,22.247999382019042,79.70773928762321 ,9362.0,10:33:51 AM,1572671031346
1.7033844 ,9.154785 ,6.373871,23.56267381,87.29879106 ,22.247999382019042,79.70773928762321 ,9362.0,10:33:51 AM,1572671031351
3.6334686 ,11.935989 ,-1.5704651,23.56267381,87.29879106 ,22.247999382019042,79.70773928762321 ,9362.0,10:33:51 AM,1572671031357
0.8350067 ,11.600098 ,-6.6754456,23.56267381,87.29879106 ,22.247999382019042,79.70773928762321 ,9362.0,10:33:51 AM,1572671031368
-3.3478699 ,11.176727 ,5.5175476,23.56267381,87.29879106 ,22.247999382019042,79.70773928762321 ,9362.0,10:33:51 AM,1572671031370
-3.9498749 ,5.9110413 ,2.6734924,23.56267381,87.29879106 ,22.247999382019042,79.70773928762321 ,9362.0,10:33:51 AM,1572671031380
