x,y,z,latitude,longitude,speed,sound,light,time,timestamp
2.3272552 ,2.2926636 ,9.638535,23.56817044,87.30253607 ,21.52800006866455,74.34313636699854 ,8528.0,10:32:08 AM,1572670928906
-0.68751526 ,1.9640503 ,17.418701,23.56817044,87.30253607 ,21.52800006866455,74.34313636699854 ,8528.0,10:32:08 AM,1572670928915
-3.5081787 ,1.0234833 ,12.021759,23.56817044,87.30253607 ,21.52800006866455,74.34313636699854 ,8528.0,10:32:08 AM,1572670928916
-4.768341 ,4.0774536 ,6.2473755,23.56817044,87.30253607 ,21.52800006866455,74.34313636699854 ,8528.0,10:32:08 AM,1572670928920
-3.2023468 ,8.597229 ,-0.34594727,23.56817044,87.30253607 ,21.52800006866455,74.34313636699854 ,8528.0,10:32:08 AM,1572670928925
0.14804077 ,11.549164 ,-5.075821,23.56817044,87.30253607 ,21.52800006866455,74.34313636699854 ,8528.0,10:32:08 AM,1572670928930
2.8530731 ,10.039703 ,-6.727951,23.56817044,87.30253607 ,21.52800006866455,74.34313636699854 ,8528.0,10:32:08 AM,1572670928935
2.9261322 ,8.281097 ,1.1138306,23.56817044,87.30253607 ,21.52800006866455,74.34313636699854 ,8528.0,10:32:08 AM,1572670928940
2.4914398 ,5.2502747 ,6.529663,23.56817044,87.30253607 ,21.52800006866455,74.34313636699854 ,8528.0,10:32:08 AM,1572670928947
2.4064178 ,2.0315247 ,9.425049,23.56817044,87.30253607 ,21.52800006866455,74.34313636699854 ,8528.0,10:32:08 AM,1572670928949
2.2340546 ,0.4708252 ,12.073212,23.56817044,87.30253607 ,21.52800006866455,74.34313636699854 ,8528.0,10:32:08 AM,1572670928954
0.4859619 ,0.053726196 ,12.372437,23.56817044,87.30253607 ,21.52800006866455,74.34313636699854 ,8528.0,10:32:08 AM,1572670928959
-0.8571625 ,0.1506958 ,12.740311,23.56817044,87.30253607 ,21.52800006866455,74.34313636699854 ,8528.0,10:32:08 AM,1572670928965
0.29101562 ,0.42529297 ,15.175034,23.56817044,87.30253607 ,21.52800006866455,74.34313636699854 ,8371.0,10:32:08 AM,1572670928969
3.132309 ,0.42338562 ,10.328125,23.56817044,87.30253607 ,21.52800006866455,74.34313636699854 ,8371.0,10:32:08 AM,1572670928973
2.0575562 ,5.182495 ,12.383621,23.56817044,87.30253607 ,21.52800006866455,74.34313636699854 ,8371.0,10:32:08 AM,1572670928984
-3.7321472 ,7.603531 ,7.351288,23.56817044,87.30253607 ,21.52800006866455,74.34313636699854 ,8371.0,10:32:08 AM,1572670928988
-7.643463 ,6.565872 ,-3.3575897,23.56817044,87.30253607 ,21.52800006866455,74.34313636699854 ,8371.0,10:32:08 AM,1572670928993
-3.220932 ,6.704483 ,0.8816376,23.56817044,87.30253607 ,21.52800006866455,74.34313636699854 ,8371.0,10:32:09 AM,1572670929000
5.5339203 ,4.147888 ,8.555466,23.56817044,87.30253607 ,21.52800006866455,74.34313636699854 ,8371.0,10:32:09 AM,1572670929004
6.92218 ,0.06925964 ,15.341873,23.56817044,87.30253607 ,21.52800006866455,74.34313636699854 ,8371.0,10:32:09 AM,1572670929009
-0.411026 ,-3.0589447 ,17.9225,23.56817044,87.30253607 ,21.52800006866455,74.34313636699854 ,8371.0,10:32:09 AM,1572670929015
-9.458801 ,-1.9196472 ,19.244385,23.56817044,87.30253607 ,21.52800006866455,74.34313636699854 ,8371.0,10:32:09 AM,1572670929017
-10.17453 ,-0.19987488 ,13.263443,23.56817044,87.30253607 ,21.52800006866455,74.34313636699854 ,8371.0,10:32:09 AM,1572670929021
0.16323853 ,3.166565 ,8.9951935,23.56817044,87.30253607 ,21.52800006866455,70.38719493037249 ,8371.0,10:32:09 AM,1572670929027
10.734802 ,6.685974 ,8.933899,23.56817044,87.30253607 ,21.52800006866455,70.38719493037249 ,8371.0,10:32:09 AM,1572670929033
9.356979 ,7.0919495 ,6.4212646,23.56817044,87.30253607 ,21.52800006866455,70.38719493037249 ,8371.0,10:32:09 AM,1572670929037
-1.4076996 ,5.54126 ,8.03772,23.56817044,87.30253607 ,21.52800006866455,70.38719493037249 ,8371.0,10:32:09 AM,1572670929041
-7.7354584 ,2.8043518 ,9.382019,23.56817044,87.30253607 ,21.52800006866455,70.38719493037249 ,8371.0,10:32:09 AM,1572670929047
-3.111908 ,2.8712769 ,9.840729,23.56817044,87.30253607 ,21.52800006866455,70.38719493037249 ,8371.0,10:32:09 AM,1572670929050
5.130234 ,7.1222076 ,14.021271,23.56817044,87.30253607 ,21.52800006866455,70.38719493037249 ,8371.0,10:32:09 AM,1572670929055
6.9431763 ,8.201782 ,2.5113678,23.56817044,87.30253607 ,21.52800006866455,70.38719493037249 ,8371.0,10:32:09 AM,1572670929060
1.513382 ,9.25 ,-6.031189,23.56817044,87.30253607 ,21.52800006866455,70.38719493037249 ,8371.0,10:32:09 AM,1572670929067
-2.9544678 ,9.217697 ,0.020187378,23.56817044,87.30253607 ,21.52800006866455,70.38719493037249 ,8371.0,10:32:09 AM,1572670929072
-1.654068 ,6.4415283 ,9.923477,23.56817044,87.30253607 ,21.52800006866455,70.38719493037249 ,8371.0,10:32:09 AM,1572670929075
1.4193115 ,1.6656494 ,11.215683,23.56817044,87.30253607 ,21.52800006866455,70.38719493037249 ,8371.0,10:32:09 AM,1572670929080
0.6941223 ,1.0882416 ,12.004974,23.56812778,87.30253047 ,20.62800006866455,70.38719493037249 ,8371.0,10:32:09 AM,1572670929083
-0.15467834 ,4.5070343 ,12.328674,23.56812778,87.30253047 ,20.62800006866455,70.38719493037249 ,8371.0,10:32:09 AM,1572670929088
1.7469788 ,4.5168304 ,3.4829407,23.56812778,87.30253047 ,20.62800006866455,70.38719493037249 ,8371.0,10:32:09 AM,1572670929094
2.4088135 ,4.235031 ,6.567215,23.56812778,87.30253047 ,20.62800006866455,70.38719493037249 ,8371.0,10:32:09 AM,1572670929099
-1.8321381 ,3.054184 ,13.321655,23.56812778,87.30253047 ,20.62800006866455,70.38719493037249 ,8371.0,10:32:09 AM,1572670929103
-5.8302155 ,2.7191315 ,11.847366,23.56812778,87.30253047 ,20.62800006866455,70.38719493037249 ,8371.0,10:32:09 AM,1572670929107
-2.9603271 ,5.109726 ,9.429932,23.56812778,87.30253047 ,20.62800006866455,70.38719493037249 ,8371.0,10:32:09 AM,1572670929114
3.2626343 ,7.1684875 ,7.281784,23.56812778,87.30253047 ,20.62800006866455,70.38719493037249 ,8371.0,10:32:09 AM,1572670929123
5.1977997 ,5.386978 ,6.2948303,23.56812778,87.30253047 ,20.62800006866455,70.38719493037249 ,8371.0,10:32:09 AM,1572670929131
1.501236 ,4.7555084 ,15.696976,23.56812778,87.30253047 ,20.62800006866455,70.38719493037249 ,8371.0,10:32:09 AM,1572670929132
-3.0828705 ,4.3079987 ,17.384277,23.56812778,87.30253047 ,20.62800006866455,70.38719493037249 ,8371.0,10:32:09 AM,1572670929136
-5.3401337 ,4.5781555 ,8.583908,23.56812778,87.30253047 ,20.62800006866455,70.38719493037249 ,8371.0,10:32:09 AM,1572670929142
-2.0441284 ,6.8970795 ,5.0605927,23.56812778,87.30253047 ,20.62800006866455,70.38719493037249 ,8371.0,10:32:09 AM,1572670929148
4.185364 ,8.282028 ,7.51532,23.56812778,87.30253047 ,20.62800006866455,70.38719493037249 ,8371.0,10:32:09 AM,1572670929151
6.120468 ,5.0760803 ,3.430954,23.56812778,87.30253047 ,20.62800006866455,70.38719493037249 ,8371.0,10:32:09 AM,1572670929156
0.88801575 ,3.6861572 ,12.528748,23.56812778,87.30253047 ,20.62800006866455,70.38719493037249 ,8371.0,10:32:09 AM,1572670929161
-4.163391 ,2.3105927 ,15.0611725,23.56812778,87.30253047 ,20.62800006866455,70.38719493037249 ,8511.0,10:32:09 AM,1572670929188
-4.637207 ,2.438797 ,4.9584045,23.56812778,87.30253047 ,20.62800006866455,70.38719493037249 ,8511.0,10:32:09 AM,1572670929189
-1.194931 ,7.1418915 ,3.8578186,23.56812778,87.30253047 ,20.62800006866455,70.38719493037249 ,8511.0,10:32:09 AM,1572670929191
4.2904053 ,9.385498 ,4.219223,23.56812778,87.30253047 ,20.62800006866455,70.38719493037249 ,8511.0,10:32:09 AM,1572670929192
8.50618 ,6.397049 ,-0.09429932,23.56812778,87.30253047 ,20.62800006866455,70.38719493037249 ,8511.0,10:32:09 AM,1572670929193
5.685028 ,4.692383 ,7.0180054,23.56812778,87.30253047 ,20.62800006866455,70.38719493037249 ,8511.0,10:32:09 AM,1572670929194
-3.0053406 ,4.6215363 ,18.10254,23.56812778,87.30253047 ,20.62800006866455,70.38719493037249 ,8511.0,10:32:09 AM,1572670929195
-7.5284576 ,2.3184814 ,11.978668,23.56812778,87.30253047 ,20.62800006866455,70.38719493037249 ,8511.0,10:32:09 AM,1572670929200
-2.5051575 ,5.091629 ,9.653198,23.56812778,87.30253047 ,20.62800006866455,70.38719493037249 ,8511.0,10:32:09 AM,1572670929204
5.013977 ,9.97052 ,8.220886,23.56812778,87.30253047 ,20.62800006866455,70.38719493037249 ,8511.0,10:32:09 AM,1572670929208
5.3822784 ,11.71846 ,-2.2678833,23.56812778,87.30253047 ,20.62800006866455,70.38719493037249 ,8511.0,10:32:09 AM,1572670929214
-1.1345673 ,12.043655 ,-4.197708,23.56812778,87.30253047 ,20.62800006866455,70.38719493037249 ,8511.0,10:32:09 AM,1572670929218
-6.0086365 ,11.472778 ,0.38842773,23.56812778,87.30253047 ,20.62800006866455,70.38719493037249 ,8511.0,10:32:09 AM,1572670929223
-3.8056335 ,7.3987427 ,-1.065445,23.56812778,87.30253047 ,20.62800006866455,70.38719493037249 ,8511.0,10:32:09 AM,1572670929227
1.8648529 ,5.024536 ,9.2287445,23.56812778,87.30253047 ,20.62800006866455,70.38719493037249 ,8511.0,10:32:09 AM,1572670929234
6.190689 ,0.9576874 ,16.26471,23.56812778,87.30253047 ,20.62800006866455,70.38719493037249 ,8511.0,10:32:09 AM,1572670929238
5.0671844 ,-3.0339508 ,14.363129,23.56812778,87.30253047 ,20.62800006866455,70.38719493037249 ,8511.0,10:32:09 AM,1572670929243
-0.92892456 ,-3.2050323 ,20.060852,23.56812778,87.30253047 ,20.62800006866455,70.38719493037249 ,8511.0,10:32:09 AM,1572670929249
-5.941452 ,-2.6013184 ,23.688248,23.56812778,87.30253047 ,20.62800006866455,70.38719493037249 ,8511.0,10:32:09 AM,1572670929253
-6.656418 ,-2.3221283 ,16.84372,23.56812778,87.30253047 ,20.62800006866455,70.38719493037249 ,8511.0,10:32:09 AM,1572670929261
-1.1744385 ,3.1269073 ,12.78717,23.56812778,87.30253047 ,20.62800006866455,70.38719493037249 ,8511.0,10:32:09 AM,1572670929266
4.7740326 ,9.129578 ,9.610672,23.56812778,87.30253047 ,20.62800006866455,70.38719493037249 ,8511.0,10:32:09 AM,1572670929271
5.9721375 ,11.649536 ,0.53752136,23.56812778,87.30253047 ,20.62800006866455,70.38719493037249 ,8511.0,10:32:09 AM,1572670929276
2.0451508 ,13.69429 ,-2.881897,23.56812778,87.30253047 ,20.62800006866455,70.38719493037249 ,8511.0,10:32:09 AM,1572670929282
-2.0028534 ,15.179062 ,-3.0851593,23.56812778,87.30253047 ,20.62800006866455,70.38719493037249 ,8511.0,10:32:09 AM,1572670929285
-3.0853882 ,14.810745 ,-3.8578491,23.56812778,87.30253047 ,20.62800006866455,70.38719493037249 ,8511.0,10:32:09 AM,1572670929290
-0.72846985 ,11.625092 ,-9.003204,23.56812778,87.30253047 ,20.62800006866455,70.38719493037249 ,8511.0,10:32:09 AM,1572670929296
1.5756378 ,10.034042 ,-1.1726379,23.56812778,87.30253047 ,20.62800006866455,70.38719493037249 ,8511.0,10:32:09 AM,1572670929302
1.4164734 ,6.5522766 ,4.5283966,23.56812778,87.30253047 ,20.62800006866455,70.38719493037249 ,8511.0,10:32:09 AM,1572670929305
-1.5119629 ,1.9769745 ,8.699509,23.56812778,87.30253047 ,20.62800006866455,70.38719493037249 ,8511.0,10:32:09 AM,1572670929310
-2.3760834 ,-2.2875366 ,11.301971,23.56812778,87.30253047 ,20.62800006866455,70.38719493037249 ,8511.0,10:32:09 AM,1572670929317
2.7441406 ,-4.475281 ,15.200409,23.56812778,87.30253047 ,20.62800006866455,70.38719493037249 ,8511.0,10:32:09 AM,1572670929320
10.418854 ,-4.894882 ,20.63916,23.56812778,87.30253047 ,20.62800006866455,70.38719493037249 ,8511.0,10:32:09 AM,1572670929325
10.501358 ,-5.7080383 ,20.783722,23.56812778,87.30253047 ,20.62800006866455,70.38719493037249 ,8511.0,10:32:09 AM,1572670929334
0.60757446 ,-4.422455 ,23.668869,23.56812778,87.30253047 ,20.62800006866455,70.38719493037249 ,8511.0,10:32:09 AM,1572670929336
-10.322372 ,-1.8757935 ,25.258835,23.56812778,87.30253047 ,20.62800006866455,70.38719493037249 ,8511.0,10:32:09 AM,1572670929338
-12.330643 ,0.95332336 ,17.075226,23.56812778,87.30253047 ,20.62800006866455,70.38719493037249 ,8511.0,10:32:09 AM,1572670929344
-3.1899261 ,5.651581 ,2.9780731,23.56812778,87.30253047 ,20.62800006866455,70.38719493037249 ,8511.0,10:32:09 AM,1572670929354
6.341736 ,16.461151 ,5.234665,23.56812778,87.30253047 ,20.62800006866455,70.38719493037249 ,8511.0,10:32:09 AM,1572670929356
6.519043 ,19.811523 ,-5.4662476,23.56812778,87.30253047 ,20.62800006866455,70.38719493037249 ,8511.0,10:32:09 AM,1572670929358
-2.7362213 ,18.643585 ,-16.029327,23.56812778,87.30253047 ,20.62800006866455,70.38719493037249 ,8511.0,10:32:09 AM,1572670929364
-9.5082855 ,14.280228 ,-8.326721,23.56812778,87.30253047 ,20.62800006866455,70.38719493037249 ,8118.0,10:32:09 AM,1572670929369
-6.672867 ,5.623108 ,7.433487,23.56812778,87.30253047 ,20.62800006866455,70.38719493037249 ,8118.0,10:32:09 AM,1572670929373
3.0566864 ,-2.8568115 ,20.450043,23.56812778,87.30253047 ,20.62800006866455,70.38719493037249 ,8118.0,10:32:09 AM,1572670929376
8.731552 ,-9.850311 ,25.766739,23.56812778,87.30253047 ,20.62800006866455,70.38719493037249 ,8118.0,10:32:09 AM,1572670929384
6.281601 ,-12.7724 ,29.500977,23.56812778,87.30253047 ,20.62800006866455,70.38719493037249 ,8118.0,10:32:09 AM,1572670929387
-0.759964 ,-12.571503 ,27.979965,23.56812778,87.30253047 ,20.62800006866455,70.38719493037249 ,8118.0,10:32:09 AM,1572670929397
-7.6636505 ,-8.027374 ,31.102737,23.56812778,87.30253047 ,20.62800006866455,70.38719493037249 ,8118.0,10:32:09 AM,1572670929402
