x,y,z,latitude,longitude,speed,sound,light,time,timestamp
-0.58555603 ,-13.015076 ,27.337433,23.56341199,87.2987762 ,41.616001510620116,84.63245904125066 ,3946.0,10:33:42 AM,1572671022921
-9.4326935 ,-11.588287 ,29.816147,23.56341199,87.2987762 ,41.616001510620116,84.63245904125066 ,3946.0,10:33:42 AM,1572671022926
-10.782028 ,-5.6099854 ,37.93564,23.56341199,87.2987762 ,41.616001510620116,84.63245904125066 ,3946.0,10:33:42 AM,1572671022930
-1.5604553 ,-3.2380676 ,10.724136,23.56341199,87.2987762 ,41.616001510620116,84.63245904125066 ,3946.0,10:33:42 AM,1572671022936
5.8879395 ,9.25058 ,2.8590546,23.56341199,87.2987762 ,41.616001510620116,84.63245904125066 ,3946.0,10:33:42 AM,1572671022940
5.1510468 ,17.58496 ,-5.7892,23.56341199,87.2987762 ,41.616001510620116,84.63245904125066 ,3946.0,10:33:42 AM,1572671022945
0.8780823 ,20.099258 ,-18.783035,23.56341199,87.2987762 ,41.616001510620116,84.63245904125066 ,3946.0,10:33:42 AM,1572671022951
-1.4587708 ,18.57312 ,-10.212769,23.56341199,87.2987762 ,41.616001510620116,84.63245904125066 ,3946.0,10:33:42 AM,1572671022958
0.46403503 ,4.739746 ,-4.8614807,23.56341199,87.2987762 ,41.616001510620116,84.63245904125066 ,3946.0,10:33:42 AM,1572671022959
2.6785583 ,-0.12675476 ,26.241394,23.56341199,87.2987762 ,41.616001510620116,84.63245904125066 ,3946.0,10:33:42 AM,1572671022964
3.7779694 ,-7.4718018 ,29.036575,23.56341199,87.2987762 ,41.616001510620116,84.63245904125066 ,3946.0,10:33:42 AM,1572671022969
3.3076782 ,-12.5224 ,19.554108,23.56341199,87.2987762 ,41.616001510620116,84.63245904125066 ,3946.0,10:33:42 AM,1572671022979
-0.105667114 ,-4.59964 ,31.315857,23.56341199,87.2987762 ,41.616001510620116,84.63245904125066 ,3946.0,10:33:42 AM,1572671022983
-4.547104 ,-1.7279358 ,20.594604,23.56341199,87.2987762 ,41.616001510620116,84.63245904125066 ,3946.0,10:33:42 AM,1572671022988
-5.31221 ,1.7050629 ,0.9169922,23.56341199,87.2987762 ,41.616001510620116,84.63245904125066 ,3946.0,10:33:42 AM,1572671022993
-1.0635223 ,12.402435 ,7.23909,23.56341199,87.2987762 ,41.616001510620116,84.63245904125066 ,3946.0,10:33:42 AM,1572671022997
4.336838 ,13.791748 ,-10.049438,23.56341199,87.2987762 ,41.616001510620116,84.63245904125066 ,3946.0,10:33:43 AM,1572671023004
4.2384796 ,18.485825 ,-4.8940887,23.56341199,87.2987762 ,41.616001510620116,84.63245904125066 ,3946.0,10:33:43 AM,1572671023006
0.9900818 ,15.501236 ,-9.892914,23.56341199,87.2987762 ,41.616001510620116,84.63245904125066 ,3946.0,10:33:43 AM,1572671023011
-1.031189 ,10.630096 ,-6.9106903,23.56341199,87.2987762 ,41.616001510620116,84.63245904125066 ,3946.0,10:33:43 AM,1572671023016
-0.9842987 ,6.021057 ,7.4738617,23.56341199,87.2987762 ,41.616001510620116,84.63245904125066 ,3946.0,10:33:43 AM,1572671023021
-0.5570526 ,-2.4082794 ,8.968292,23.56341199,87.2987762 ,41.616001510620116,84.63245904125066 ,3946.0,10:33:43 AM,1572671023026
0.52960205 ,-4.969101 ,18.769592,23.56341199,87.2987762 ,41.616001510620116,84.63245904125066 ,3946.0,10:33:43 AM,1572671023030
0.31555176 ,-6.61203 ,21.695328,23.56341199,87.2987762 ,41.616001510620116,84.63245904125066 ,3946.0,10:33:43 AM,1572671023038
-2.0885315 ,-6.727249 ,16.176193,23.56341199,87.2987762 ,41.616001510620116,84.63245904125066 ,3946.0,10:33:43 AM,1572671023041
-4.129303 ,-0.79426575 ,19.582184,23.56341199,87.2987762 ,41.616001510620116,84.63245904125066 ,3946.0,10:33:43 AM,1572671023045
-1.358017 ,2.4152527 ,8.652664,23.56341199,87.2987762 ,41.616001510620116,84.63245904125066 ,3946.0,10:33:43 AM,1572671023054
4.906204 ,6.612549 ,2.1499481,23.56341199,87.2987762 ,41.616001510620116,84.63245904125066 ,3946.0,10:33:43 AM,1572671023056
6.7453003 ,9.292252 ,6.9965973,23.56341199,87.2987762 ,41.616001510620116,84.63245904125066 ,3946.0,10:33:43 AM,1572671023060
1.7138062 ,5.208374 ,-1.1940002,23.56341199,87.2987762 ,41.616001510620116,84.63245904125066 ,3946.0,10:33:43 AM,1572671023065
-3.2959595 ,7.704132 ,12.767532,23.56341199,87.2987762 ,41.616001510620116,84.63245904125066 ,3946.0,10:33:43 AM,1572671023074
-1.8764954 ,5.711502 ,13.4925995,23.56341199,87.2987762 ,41.616001510620116,84.63245904125066 ,3946.0,10:33:43 AM,1572671023076
3.2766266 ,1.0405121 ,1.2810211,23.56341199,87.2987762 ,41.616001510620116,84.63245904125066 ,3946.0,10:33:43 AM,1572671023079
4.7113647 ,4.562271 ,20.185532,23.56341199,87.2987762 ,41.616001510620116,84.63245904125066 ,3946.0,10:33:43 AM,1572671023090
0.39578247 ,-0.45521545 ,12.617706,23.56341199,87.2987762 ,41.616001510620116,84.63245904125066 ,3946.0,10:33:43 AM,1572671023091
-4.7294617 ,-0.79623413 ,10.141632,23.56341199,87.2987762 ,41.616001510620116,84.63245904125066 ,3946.0,10:33:43 AM,1572671023095
-4.4919434 ,4.9607544 ,21.991714,23.56341199,87.2987762 ,41.616001510620116,84.63245904125066 ,3946.0,10:33:43 AM,1572671023102
0.67463684 ,5.0608215 ,1.410553,23.56341199,87.2987762 ,41.616001510620116,84.63245904125066 ,1905.0,10:33:43 AM,1572671023107
4.736664 ,11.762131 ,-1.0700989,23.56341199,87.2987762 ,41.616001510620116,83.65598816656905 ,1905.0,10:33:43 AM,1572671023108
3.0427399 ,11.492889 ,-2.408905,23.56330651,87.29877059 ,41.18399848937988,83.65598816656905 ,1905.0,10:33:43 AM,1572671023120
-1.1589355 ,7.574829 ,-1.6006622,23.56330651,87.29877059 ,41.18399848937988,83.65598816656905 ,1905.0,10:33:43 AM,1572671023122
-2.7064362 ,9.930679 ,11.539032,23.56330651,87.29877059 ,41.18399848937988,83.65598816656905 ,1905.0,10:33:43 AM,1572671023127
-3.6210938 ,7.4642487 ,3.8782043,23.56330651,87.29877059 ,41.18399848937988,83.65598816656905 ,1905.0,10:33:43 AM,1572671023132
-1.6383057 ,6.395935 ,-3.9421082,23.56330651,87.29877059 ,41.18399848937988,83.65598816656905 ,1905.0,10:33:43 AM,1572671023138
2.7442017 ,7.4152374 ,8.314713,23.56330651,87.29877059 ,41.18399848937988,83.65598816656905 ,1905.0,10:33:43 AM,1572671023143
5.221878 ,-0.21104431 ,6.763611,23.56330651,87.29877059 ,41.18399848937988,83.65598816656905 ,1905.0,10:33:43 AM,1572671023147
2.4898071 ,-4.288513 ,18.135086,23.56330651,87.29877059 ,41.18399848937988,83.65598816656905 ,1905.0,10:33:43 AM,1572671023154
-3.4583893 ,-5.1344757 ,29.740082,23.56330651,87.29877059 ,41.18399848937988,83.65598816656905 ,1905.0,10:33:43 AM,1572671023157
-6.46344 ,-5.8441315 ,20.258698,23.56330651,87.29877059 ,41.18399848937988,83.65598816656905 ,1905.0,10:33:43 AM,1572671023161
-3.7938385 ,-0.24894714 ,13.389511,23.56330651,87.29877059 ,41.18399848937988,83.65598816656905 ,1905.0,10:33:43 AM,1572671023166
3.340744 ,6.6416626 ,3.1000977,23.56330651,87.29877059 ,41.18399848937988,83.65598816656905 ,1905.0,10:33:43 AM,1572671023172
6.946594 ,8.994339 ,-3.8838806,23.56330651,87.29877059 ,41.18399848937988,83.65598816656905 ,1905.0,10:33:43 AM,1572671023176
3.3521423 ,7.839508 ,6.7947235,23.56330651,87.29877059 ,41.18399848937988,83.65598816656905 ,1905.0,10:33:43 AM,1572671023180
-1.0031891 ,2.908493 ,11.356583,23.56330651,87.29877059 ,41.18399848937988,83.65598816656905 ,1905.0,10:33:43 AM,1572671023190
-2.1600647 ,4.340515 ,19.434921,23.56330651,87.29877059 ,41.18399848937988,83.65598816656905 ,1905.0,10:33:43 AM,1572671023191
-1.5756226 ,6.964035 ,13.13974,23.56330651,87.29877059 ,41.18399848937988,83.65598816656905 ,1905.0,10:33:43 AM,1572671023196
-0.5921173 ,9.264694 ,-6.3307495,23.56330651,87.29877059 ,41.18399848937988,83.65598816656905 ,1905.0,10:33:43 AM,1572671023200
0.42390442 ,14.513123 ,-0.7030029,23.56330651,87.29877059 ,41.18399848937988,83.65598816656905 ,1905.0,10:33:43 AM,1572671023207
2.273407 ,9.164276 ,1.162674,23.56330651,87.29877059 ,41.18399848937988,83.65598816656905 ,1905.0,10:33:43 AM,1572671023210
3.5486298 ,1.3457794 ,8.229813,23.56330651,87.29877059 ,41.18399848937988,83.65598816656905 ,1905.0,10:33:43 AM,1572671023220
1.7131805 ,0.6820221 ,30.644089,23.56330651,87.29877059 ,41.18399848937988,83.65598816656905 ,1905.0,10:33:43 AM,1572671023221
-0.99256897 ,-3.3003082 ,19.653397,23.56330651,87.29877059 ,41.18399848937988,83.65598816656905 ,1905.0,10:33:43 AM,1572671023226
-1.6725769 ,-1.0769501 ,5.774246,23.56330651,87.29877059 ,41.18399848937988,83.65598816656905 ,1905.0,10:33:43 AM,1572671023229
-1.6407776 ,10.10199 ,16.087692,23.56330651,87.29877059 ,41.18399848937988,83.65598816656905 ,1905.0,10:33:43 AM,1572671023234
-1.4109955 ,9.091141 ,-12.7039795,23.56330651,87.29877059 ,41.18399848937988,83.65598816656905 ,1905.0,10:33:43 AM,1572671023239
-2.7693787 ,15.152847 ,-4.612625,23.56330651,87.29877059 ,41.18399848937988,83.65598816656905 ,1905.0,10:33:43 AM,1572671023243
-1.2283173 ,12.946472 ,-3.53862,23.56330651,87.29877059 ,41.18399848937988,83.65598816656905 ,1905.0,10:33:43 AM,1572671023247
2.131012 ,8.48851 ,-8.386536,23.56330651,87.29877059 ,41.18399848937988,83.65598816656905 ,1905.0,10:33:43 AM,1572671023258
3.2243347 ,8.367279 ,11.383041,23.56330651,87.29877059 ,41.18399848937988,83.65598816656905 ,1905.0,10:33:43 AM,1572671023261
1.6005096 ,0.21495056 ,7.599457,23.56330651,87.29877059 ,41.18399848937988,83.65598816656905 ,1905.0,10:33:43 AM,1572671023267
0.66545105 ,-0.4847107 ,15.316742,23.56330651,87.29877059 ,41.18399848937988,83.65598816656905 ,1905.0,10:33:43 AM,1572671023276
-1.6569214 ,-0.7003021 ,19.348358,23.56330651,87.29877059 ,41.18399848937988,83.65598816656905 ,1905.0,10:33:43 AM,1572671023277
-4.3450165 ,-4.314392 ,7.3154297,23.56330651,87.29877059 ,41.18399848937988,83.65598816656905 ,1905.0,10:33:43 AM,1572671023281
-2.3297577 ,-0.35154724 ,19.432007,23.56330651,87.29877059 ,41.18399848937988,83.65598816656905 ,1905.0,10:33:43 AM,1572671023288
3.262085 ,0.5305176 ,19.89154,23.56330651,87.29877059 ,41.18399848937988,83.65598816656905 ,1905.0,10:33:43 AM,1572671023291
4.21492 ,0.20175171 ,10.364395,23.56330651,87.29877059 ,41.18399848937988,83.65598816656905 ,1905.0,10:33:43 AM,1572671023296
-0.9416809 ,4.7504425 ,17.057663,23.56330651,87.29877059 ,41.18399848937988,83.65598816656905 ,1905.0,10:33:43 AM,1572671023300
-4.246521 ,5.1226654 ,10.713333,23.56330651,87.29877059 ,41.18399848937988,83.65598816656905 ,1432.0,10:33:43 AM,1572671023306
-0.34700012 ,6.6259766 ,4.2270203,23.56330651,87.29877059 ,41.18399848937988,83.65598816656905 ,1432.0,10:33:43 AM,1572671023309
4.7593536 ,10.513168 ,11.568222,23.56330651,87.29877059 ,41.18399848937988,83.65598816656905 ,1432.0,10:33:43 AM,1572671023314
3.8330994 ,7.5874023 ,1.3091888,23.56330651,87.29877059 ,41.18399848937988,83.65598816656905 ,1432.0,10:33:43 AM,1572671023322
-0.92718506 ,7.615921 ,3.8794708,23.56330651,87.29877059 ,41.18399848937988,83.65598816656905 ,1432.0,10:33:43 AM,1572671023326
-2.6775818 ,6.9329987 ,9.9231415,23.56330651,87.29877059 ,41.18399848937988,83.65598816656905 ,1432.0,10:33:43 AM,1572671023329
-0.06715393 ,3.667923 ,0.84732056,23.56330651,87.29877059 ,41.18399848937988,83.65598816656905 ,1432.0,10:33:43 AM,1572671023334
2.2940826 ,7.3900146 ,13.066574,23.56330651,87.29877059 ,41.18399848937988,83.65598816656905 ,1432.0,10:33:43 AM,1572671023342
3.1373138 ,4.413391 ,4.079056,23.56330651,87.29877059 ,41.18399848937988,83.65598816656905 ,1432.0,10:33:43 AM,1572671023344
2.7059174 ,4.2746277 ,2.7818146,23.56330651,87.29877059 ,41.18399848937988,83.65598816656905 ,1432.0,10:33:43 AM,1572671023348
0.30303955 ,5.082123 ,14.322662,23.56330651,87.29877059 ,41.18399848937988,83.65598816656905 ,1432.0,10:33:43 AM,1572671023357
-3.5614777 ,0.395401 ,5.191757,23.56330651,87.29877059 ,41.18399848937988,83.65598816656905 ,1432.0,10:33:43 AM,1572671023359
-4.9885254 ,4.239105 ,14.16272,23.56330651,87.29877059 ,41.18399848937988,83.65598816656905 ,1432.0,10:33:43 AM,1572671023364
-1.8424072 ,5.7879944 ,11.042084,23.56330651,87.29877059 ,41.18399848937988,83.65598816656905 ,1432.0,10:33:43 AM,1572671023367
3.264389 ,4.4559174 ,-4.8543243,23.56330651,87.29877059 ,41.18399848937988,83.65598816656905 ,1432.0,10:33:43 AM,1572671023374
6.4042664 ,7.749695 ,8.696396,23.56330651,87.29877059 ,41.18399848937988,83.65598816656905 ,1432.0,10:33:43 AM,1572671023377
4.225067 ,3.1832428 ,12.979233,23.56330651,87.29877059 ,41.18399848937988,83.65598816656905 ,1432.0,10:33:43 AM,1572671023382
-1.4223633 ,-3.4931793 ,4.5543365,23.56330651,87.29877059 ,41.18399848937988,83.65598816656905 ,1432.0,10:33:43 AM,1572671023392
-6.0371857 ,0.337677 ,22.937943,23.56330651,87.29877059 ,41.18399848937988,83.65598816656905 ,1432.0,10:33:43 AM,1572671023396
-5.2264404 ,-0.03627014 ,17.680847,23.56330651,87.29877059 ,41.18399848937988,83.65598816656905 ,1432.0,10:33:43 AM,1572671023401
0.24806213 ,-1.1570435 ,-0.75665283,23.56330651,87.29877059 ,41.18399848937988,83.65598816656905 ,1432.0,10:33:43 AM,1572671023408
3.539383 ,5.24292 ,14.30307,23.56330651,87.29877059 ,41.18399848937988,83.65598816656905 ,1432.0,10:33:43 AM,1572671023410
2.5152588 ,1.3287811 ,4.9763947,23.56330651,87.29877059 ,41.18399848937988,83.65598816656905 ,1432.0,10:33:43 AM,1572671023415
