x,y,z,latitude,longitude,speed,sound,light,time,timestamp
-4.066162 ,7.574478 ,0.5723114,23.57038388,87.30252689 ,24.40800075531006,77.6803185218723 ,9157.0,10:31:42 AM,1572670902541
3.962143 ,9.133408 ,2.0630493,23.57038388,87.30252689 ,24.40800075531006,77.6803185218723 ,9157.0,10:31:42 AM,1572670902545
6.937973 ,7.942581 ,4.770584,23.57038388,87.30252689 ,24.40800075531006,77.6803185218723 ,9157.0,10:31:42 AM,1572670902552
1.2519226 ,6.998291 ,16.88794,23.57038388,87.30252689 ,24.40800075531006,77.6803185218723 ,9157.0,10:31:42 AM,1572670902555
-5.1650696 ,2.4642487 ,13.711899,23.57038388,87.30252689 ,24.40800075531006,77.6803185218723 ,9157.0,10:31:42 AM,1572670902559
-5.4617615 ,-0.5785675 ,6.79187,23.57038388,87.30252689 ,24.40800075531006,77.6803185218723 ,9157.0,10:31:42 AM,1572670902571
0.14234924 ,3.9440308 ,18.951385,23.57038388,87.30252689 ,24.40800075531006,77.6803185218723 ,9157.0,10:31:42 AM,1572670902573
4.327484 ,3.2465668 ,8.508865,23.57038388,87.30252689 ,24.40800075531006,77.6803185218723 ,9157.0,10:31:42 AM,1572670902578
1.8877716 ,7.4574127 ,7.065735,23.57038388,87.30252689 ,24.40800075531006,77.6803185218723 ,9157.0,10:31:42 AM,1572670902583
-2.3142548 ,10.801773 ,5.697693,23.57038388,87.30252689 ,24.40800075531006,77.6803185218723 ,9157.0,10:31:42 AM,1572670902588
-2.7960205 ,9.644379 ,-10.332703,23.57038388,87.30252689 ,24.40800075531006,77.6803185218723 ,9157.0,10:31:42 AM,1572670902592
0.6434479 ,11.357849 ,-3.2373657,23.57038388,87.30252689 ,24.40800075531006,77.6803185218723 ,9157.0,10:31:42 AM,1572670902598
4.4049683 ,7.8822937 ,2.787857,23.57038388,87.30252689 ,24.40800075531006,77.6803185218723 ,9157.0,10:31:42 AM,1572670902604
4.5662384 ,3.641327 ,7.719452,23.57038388,87.30252689 ,24.40800075531006,77.6803185218723 ,9157.0,10:31:42 AM,1572670902608
0.6535797 ,1.5240173 ,19.866135,23.57038388,87.30252689 ,24.40800075531006,77.6803185218723 ,9157.0,10:31:42 AM,1572670902612
-4.2874146 ,-1.9573517 ,16.711792,23.57038388,87.30252689 ,24.40800075531006,78.16380679610737 ,9157.0,10:31:42 AM,1572670902618
-4.5998077 ,-1.2375336 ,12.662186,23.57038388,87.30252689 ,24.40800075531006,78.16380679610737 ,9157.0,10:31:42 AM,1572670902621
0.45152283 ,3.0237427 ,15.788559,23.57038388,87.30252689 ,24.40800075531006,78.16380679610737 ,9157.0,10:31:42 AM,1572670902626
4.5631104 ,6.9057007 ,12.426926,23.57038388,87.30252689 ,24.40800075531006,78.16380679610737 ,9157.0,10:31:42 AM,1572670902631
2.849472 ,9.912277 ,6.0128326,23.57038388,87.30252689 ,24.40800075531006,78.16380679610737 ,9157.0,10:31:42 AM,1572670902636
-1.0223694 ,10.969589 ,-2.235855,23.57038388,87.30252689 ,24.40800075531006,78.16380679610737 ,9157.0,10:31:42 AM,1572670902641
-1.6267548 ,12.488785 ,-2.2256622,23.57038388,87.30252689 ,24.40800075531006,78.16380679610737 ,9157.0,10:31:42 AM,1572670902645
0.4658966 ,10.255783 ,0.5828247,23.57038388,87.30252689 ,24.40800075531006,78.16380679610737 ,9157.0,10:31:42 AM,1572670902651
0.83576965 ,5.893265 ,10.167404,23.57038388,87.30252689 ,24.40800075531006,78.16380679610737 ,9157.0,10:31:42 AM,1572670902657
-0.3305664 ,1.4721222 ,16.948471,23.57038388,87.30252689 ,24.40800075531006,78.16380679610737 ,9157.0,10:31:42 AM,1572670902662
-1.0523224 ,-1.2529755 ,13.807037,23.57038388,87.30252689 ,24.40800075531006,78.16380679610737 ,9157.0,10:31:42 AM,1572670902666
-0.91674805 ,1.2989655 ,14.3437805,23.57038388,87.30252689 ,24.40800075531006,78.16380679610737 ,9157.0,10:31:42 AM,1572670902671
-0.21002197 ,2.254593 ,5.207443,23.57038388,87.30252689 ,24.40800075531006,78.16380679610737 ,9157.0,10:31:42 AM,1572670902676
-0.6273651 ,7.034195 ,8.012085,23.57038388,87.30252689 ,24.40800075531006,78.16380679610737 ,9157.0,10:31:42 AM,1572670902680
-1.592804 ,8.739243 ,8.889465,23.57038388,87.30252689 ,24.40800075531006,78.16380679610737 ,9157.0,10:31:42 AM,1572670902687
-0.560318 ,3.9757233 ,-7.4125977,23.57038388,87.30252689 ,24.40800075531006,78.16380679610737 ,9157.0,10:31:42 AM,1572670902691
3.440796 ,7.5035706 ,10.946457,23.57038388,87.30252689 ,24.40800075531006,78.16380679610737 ,9157.0,10:31:42 AM,1572670902695
6.1195526 ,6.5193024 ,14.02655,23.57038388,87.30252689 ,24.40800075531006,78.16380679610737 ,9157.0,10:31:42 AM,1572670902707
1.162735 ,3.775177 ,2.9524994,23.57038388,87.30252689 ,24.40800075531006,78.16380679610737 ,9157.0,10:31:42 AM,1572670902708
-5.365753 ,6.999481 ,14.820663,23.57038388,87.30252689 ,24.40800075531006,78.16380679610737 ,9157.0,10:31:42 AM,1572670902713
-5.302307 ,5.376114 ,4.7563477,23.57038388,87.30252689 ,24.40800075531006,78.16380679610737 ,9157.0,10:31:42 AM,1572670902719
0.6695862 ,7.198349 ,-1.1957855,23.57038388,87.30252689 ,24.40800075531006,78.16380679610737 ,9157.0,10:31:42 AM,1572670902722
4.678711 ,8.526993 ,6.627472,23.57038388,87.30252689 ,24.40800075531006,78.16380679610737 ,9157.0,10:31:42 AM,1572670902726
3.4235382 ,5.292984 ,7.9849243,23.57038388,87.30252689 ,24.40800075531006,78.16380679610737 ,9157.0,10:31:42 AM,1572670902732
0.1517334 ,3.4611816 ,15.385117,23.57038388,87.30252689 ,24.40800075531006,78.16380679610737 ,9157.0,10:31:42 AM,1572670902740
-1.7621765 ,1.5310211 ,14.104935,23.57038388,87.30252689 ,24.40800075531006,78.16380679610737 ,9157.0,10:31:42 AM,1572670902741
-1.5840759 ,2.011612 ,6.072693,23.57038388,87.30252689 ,24.40800075531006,78.16380679610737 ,9157.0,10:31:42 AM,1572670902746
-0.024398804 ,4.742996 ,5.8556976,23.57038388,87.30252689 ,24.40800075531006,78.16380679610737 ,9289.0,10:31:42 AM,1572670902752
0.7799835 ,5.6743317 ,7.8022766,23.57038388,87.30252689 ,24.40800075531006,78.16380679610737 ,9289.0,10:31:42 AM,1572670902755
-0.83566284 ,4.714432 ,10.3511505,23.57038388,87.30252689 ,24.40800075531006,78.16380679610737 ,9289.0,10:31:42 AM,1572670902760
-2.08284 ,2.8438416 ,8.795517,23.57038388,87.30252689 ,24.40800075531006,78.16380679610737 ,9289.0,10:31:42 AM,1572670902765
-0.5263214 ,4.2176514 ,12.063553,23.57038388,87.30252689 ,24.40800075531006,78.16380679610737 ,9289.0,10:31:42 AM,1572670902771
1.9388275 ,4.892441 ,10.443466,23.57038388,87.30252689 ,24.40800075531006,78.16380679610737 ,9289.0,10:31:42 AM,1572670902775
1.6679688 ,6.0319366 ,10.788147,23.57038388,87.30252689 ,24.40800075531006,78.16380679610737 ,9289.0,10:31:42 AM,1572670902780
-0.60743713 ,7.216034 ,11.469421,23.57038388,87.30252689 ,24.40800075531006,78.16380679610737 ,9289.0,10:31:42 AM,1572670902786
-1.708847 ,6.391098 ,0.5763855,23.57038388,87.30252689 ,24.40800075531006,78.16380679610737 ,9289.0,10:31:42 AM,1572670902790
-0.49316406 ,8.313034 ,4.58078,23.57038388,87.30252689 ,24.40800075531006,78.16380679610737 ,9289.0,10:31:42 AM,1572670902794
2.361145 ,5.7022247 ,4.987625,23.57038388,87.30252689 ,24.40800075531006,78.16380679610737 ,9289.0,10:31:42 AM,1572670902798
2.9929962 ,3.9069366 ,8.626495,23.57038388,87.30252689 ,24.40800075531006,78.16380679610737 ,9289.0,10:31:42 AM,1572670902805
0.19477844 ,6.14357 ,22.662125,23.57038388,87.30252689 ,24.40800075531006,78.16380679610737 ,9289.0,10:31:42 AM,1572670902809
-3.7127228 ,3.1999664 ,5.171936,23.57038388,87.30252689 ,24.40800075531006,78.16380679610737 ,9289.0,10:31:42 AM,1572670902814
-3.2542877 ,7.099182 ,-4.157715,23.57038388,87.30252689 ,24.40800075531006,78.16380679610737 ,9289.0,10:31:42 AM,1572670902822
2.0041656 ,12.969559 ,2.354782,23.57038388,87.30252689 ,24.40800075531006,78.16380679610737 ,9289.0,10:31:42 AM,1572670902824
4.2451935 ,10.546494 ,-5.1540833,23.57038388,87.30252689 ,24.40800075531006,78.16380679610737 ,9289.0,10:31:42 AM,1572670902834
0.62677 ,8.545166 ,6.0429993,23.57038388,87.30252689 ,24.40800075531006,78.16380679610737 ,9289.0,10:31:42 AM,1572670902840
-2.4560852 ,3.819107 ,12.952499,23.57038388,87.30252689 ,24.40800075531006,78.16380679610737 ,9289.0,10:31:42 AM,1572670902843
0.40234375 ,-0.26281738 ,9.008591,23.57038388,87.30252689 ,24.40800075531006,78.16380679610737 ,9289.0,10:31:42 AM,1572670902847
4.9133453 ,0.5544586 ,18.493713,23.57038388,87.30252689 ,24.40800075531006,78.16380679610737 ,9289.0,10:31:42 AM,1572670902854
4.1429443 ,-0.81129456 ,17.93097,23.57038388,87.30252689 ,24.40800075531006,78.16380679610737 ,9289.0,10:31:42 AM,1572670902856
-2.4237518 ,0.3192749 ,16.915146,23.57038388,87.30252689 ,24.40800075531006,78.16380679610737 ,9289.0,10:31:42 AM,1572670902861
-7.310318 ,1.6151733 ,11.3914795,23.57038388,87.30252689 ,24.40800075531006,78.16380679610737 ,9289.0,10:31:42 AM,1572670902866
-4.627594 ,4.8404694 ,3.949524,23.57038388,87.30252689 ,24.40800075531006,78.16380679610737 ,9289.0,10:31:42 AM,1572670902872
2.43367 ,8.327454 ,3.0626984,23.57038388,87.30252689 ,24.40800075531006,78.16380679610737 ,9289.0,10:31:42 AM,1572670902876
5.789963 ,9.217392 ,5.7289886,23.57038388,87.30252689 ,24.40800075531006,78.16380679610737 ,9289.0,10:31:42 AM,1572670902880
2.7167206 ,8.884964 ,9.249908,23.57038388,87.30252689 ,24.40800075531006,78.16380679610737 ,9289.0,10:31:42 AM,1572670902886
-2.070694 ,7.403122 ,4.092285,23.57038388,87.30252689 ,24.40800075531006,78.16380679610737 ,9289.0,10:31:42 AM,1572670902890
-4.215637 ,8.040024 ,1.5970001,23.57038388,87.30252689 ,24.40800075531006,78.16380679610737 ,9289.0,10:31:42 AM,1572670902895
-2.6036224 ,7.986435 ,2.218399,23.57038388,87.30252689 ,24.40800075531006,78.16380679610737 ,9289.0,10:31:42 AM,1572670902900
0.599411 ,5.8911133 ,5.5891113,23.57038388,87.30252689 ,24.40800075531006,78.16380679610737 ,9289.0,10:31:42 AM,1572670902905
2.527832 ,4.1944427 ,15.220795,23.57038388,87.30252689 ,24.40800075531006,78.16380679610737 ,9289.0,10:31:42 AM,1572670902909
1.5920563 ,0.85310364 ,14.062332,23.57038388,87.30252689 ,24.40800075531006,78.16380679610737 ,9289.0,10:31:42 AM,1572670902915
-0.20936584 ,1.7519989 ,14.273926,23.57038388,87.30252689 ,24.40800075531006,78.16380679610737 ,9289.0,10:31:42 AM,1572670902924
0.24682617 ,4.4449005 ,11.457443,23.57038388,87.30252689 ,24.40800075531006,78.16380679610737 ,9289.0,10:31:42 AM,1572670902925
1.2728424 ,7.424011 ,1.6060333,23.57038388,87.30252689 ,24.40800075531006,78.16380679610737 ,9289.0,10:31:42 AM,1572670902928
0.08833313 ,12.812744 ,6.7265015,23.57038388,87.30252689 ,24.40800075531006,78.16380679610737 ,9289.0,10:31:42 AM,1572670902934
-1.7001953 ,10.7747345 ,-3.0706177,23.57038388,87.30252689 ,24.40800075531006,78.16380679610737 ,9289.0,10:31:42 AM,1572670902939
-1.3158417 ,9.114059 ,-4.1157837,23.57038388,87.30252689 ,24.40800075531006,78.16380679610737 ,9289.0,10:31:42 AM,1572670902943
1.5867157 ,8.320053 ,12.82222,23.57038388,87.30252689 ,24.40800075531006,78.16380679610737 ,9289.0,10:31:42 AM,1572670902948
4.016617 ,2.9388275 ,11.368668,23.57038388,87.30252689 ,24.40800075531006,78.16380679610737 ,9289.0,10:31:42 AM,1572670902956
2.3038635 ,3.37146 ,18.598984,23.57038388,87.30252689 ,24.40800075531006,78.16380679610737 ,9289.0,10:31:42 AM,1572670902957
-2.188034 ,2.4647675 ,15.900131,23.57038388,87.30252689 ,24.40800075531006,78.16380679610737 ,9289.0,10:31:42 AM,1572670902966
-4.3058624 ,1.9929352 ,0.80522156,23.57038388,87.30252689 ,24.40800075531006,78.16380679610737 ,9289.0,10:31:42 AM,1572670902972
-1.7969818 ,5.9658813 ,6.6503906,23.57038388,87.30252689 ,24.40800075531006,78.16380679610737 ,9289.0,10:31:42 AM,1572670902976
2.061737 ,5.134613 ,5.973175,23.57038388,87.30252689 ,24.40800075531006,78.16380679610737 ,9289.0,10:31:42 AM,1572670902981
1.897934 ,4.495117 ,10.529236,23.57038388,87.30252689 ,24.40800075531006,78.16380679610737 ,9289.0,10:31:42 AM,1572670902988
-0.694458 ,3.057663 ,14.061905,23.57038388,87.30252689 ,24.40800075531006,78.16380679610737 ,9289.0,10:31:42 AM,1572670902991
-0.92910767 ,2.2237396 ,8.095184,23.57038388,87.30252689 ,24.40800075531006,78.16380679610737 ,9289.0,10:31:42 AM,1572670902995
0.7719879 ,6.1950226 ,9.32666,23.57038388,87.30252689 ,24.40800075531006,78.16380679610737 ,9289.0,10:31:43 AM,1572670903001
0.53349304 ,8.014145 ,5.6876526,23.57038388,87.30252689 ,24.40800075531006,78.16380679610737 ,9289.0,10:31:43 AM,1572670903007
-1.963623 ,9.150101 ,4.1321564,23.57038388,87.30252689 ,24.40800075531006,78.16380679610737 ,9289.0,10:31:43 AM,1572670903010
-1.6969299 ,8.521545 ,2.8498383,23.57038388,87.30252689 ,24.40800075531006,78.16380679610737 ,9289.0,10:31:43 AM,1572670903015
1.9020691 ,7.2773285 ,4.634491,23.57038388,87.30252689 ,24.40800075531006,78.16380679610737 ,9289.0,10:31:43 AM,1572670903022
4.380081 ,5.7398376 ,9.472351,23.57038388,87.30252689 ,24.40800075531006,78.16380679610737 ,9289.0,10:31:43 AM,1572670903025
2.410324 ,4.302109 ,11.347946,23.57038388,87.30252689 ,24.40800075531006,78.16380679610737 ,9289.0,10:31:43 AM,1572670903030
-1.8575897 ,5.899246 ,13.742828,23.57038388,87.30252689 ,24.40800075531006,78.16380679610737 ,9289.0,10:31:43 AM,1572670903036
