x,y,z,latitude,longitude,speed,sound,light,time,timestamp
-4.24498 ,1.8185577 ,18.42308,23.56621731,87.29888022 ,45.431999588012694,82.6005946913809 ,1657.0,10:33:16 AM,1572670996558
1.7878723 ,2.5538788 ,7.786255,23.56621731,87.29888022 ,45.431999588012694,82.6005946913809 ,1657.0,10:33:16 AM,1572670996561
2.7827911 ,10.720352 ,15.256729,23.56621731,87.29888022 ,45.431999588012694,82.6005946913809 ,1657.0,10:33:16 AM,1572670996565
-0.42308044 ,10.085617 ,-5.764923,23.56621731,87.29888022 ,45.431999588012694,82.6005946913809 ,1657.0,10:33:16 AM,1572670996573
-2.102356 ,14.457962 ,-5.107773,23.56621731,87.29888022 ,45.431999588012694,82.6005946913809 ,1657.0,10:33:16 AM,1572670996576
2.812912 ,13.838776 ,-1.1425476,23.56621731,87.29888022 ,45.431999588012694,82.6005946913809 ,1657.0,10:33:16 AM,1572670996580
6.041794 ,5.5462494 ,-2.2068787,23.56621731,87.29888022 ,45.431999588012694,82.6005946913809 ,1657.0,10:33:16 AM,1572670996585
3.9737701 ,1.4227142 ,18.832443,23.56621731,87.29888022 ,45.431999588012694,82.6005946913809 ,1657.0,10:33:16 AM,1572670996598
1.1355743 ,-4.7938995 ,21.413315,23.56621731,87.29888022 ,45.431999588012694,82.6005946913809 ,1657.0,10:33:16 AM,1572670996600
-0.55093384 ,-5.489441 ,17.533798,23.56621731,87.29888022 ,45.431999588012694,82.6005946913809 ,1657.0,10:33:16 AM,1572670996609
-0.25646973 ,-1.6423035 ,17.600647,23.56621731,87.29888022 ,45.431999588012694,82.6005946913809 ,1657.0,10:33:16 AM,1572670996610
1.2337494 ,1.7730865 ,9.278107,23.56621731,87.29888022 ,45.431999588012694,82.6005946913809 ,1657.0,10:33:16 AM,1572670996614
2.3538055 ,8.231796 ,4.635315,23.56621731,87.29888022 ,45.431999588012694,82.6005946913809 ,1657.0,10:33:16 AM,1572670996619
2.6579895 ,9.487152 ,-5.360077,23.56621731,87.29888022 ,45.431999588012694,82.6005946913809 ,1657.0,10:33:16 AM,1572670996627
0.9997406 ,13.328796 ,3.6730194,23.56621731,87.29888022 ,45.431999588012694,82.6005946913809 ,1657.0,10:33:16 AM,1572670996630
-0.75201416 ,9.722977 ,-4.5733795,23.56621731,87.29888022 ,45.431999588012694,82.6005946913809 ,1657.0,10:33:16 AM,1572670996636
-1.6118927 ,6.82106 ,2.459015,23.56621731,87.29888022 ,45.431999588012694,82.6005946913809 ,1657.0,10:33:16 AM,1572670996639
0.76698303 ,2.9991455 ,15.292587,23.56621731,87.29888022 ,45.431999588012694,82.6005946913809 ,1657.0,10:33:16 AM,1572670996646
3.0748444 ,-2.4758148 ,16.337708,23.56621731,87.29888022 ,45.431999588012694,82.6005946913809 ,1657.0,10:33:16 AM,1572670996652
0.92611694 ,-4.1839294 ,20.383423,23.56621731,87.29888022 ,45.431999588012694,82.6005946913809 ,1657.0,10:33:16 AM,1572670996654
-3.7853394 ,-4.013199 ,20.047333,23.56621731,87.29888022 ,45.431999588012694,82.6005946913809 ,3450.0,10:33:16 AM,1572670996659
-5.7364197 ,0.19728088 ,18.122467,23.56621731,87.29888022 ,45.431999588012694,82.6005946913809 ,3450.0,10:33:16 AM,1572670996662
-3.0275269 ,4.5236664 ,7.5792694,23.56621731,87.29888022 ,45.431999588012694,82.6005946913809 ,3450.0,10:33:16 AM,1572670996666
0.21139526 ,11.075699 ,0.29875183,23.56621731,87.29888022 ,45.431999588012694,82.6005946913809 ,3450.0,10:33:16 AM,1572670996674
1.8299103 ,15.267792 ,-7.45195,23.56621731,87.29888022 ,45.431999588012694,82.6005946913809 ,3450.0,10:33:16 AM,1572670996676
3.3208923 ,17.050629 ,-10.026718,23.56621731,87.29888022 ,45.431999588012694,82.6005946913809 ,3450.0,10:33:16 AM,1572670996681
3.8038788 ,15.337189 ,-3.1730194,23.56621731,87.29888022 ,45.431999588012694,82.6005946913809 ,3450.0,10:33:16 AM,1572670996688
1.717865 ,5.7311554 ,-3.0135956,23.56621731,87.29888022 ,45.431999588012694,85.29099132530285 ,3450.0,10:33:16 AM,1572670996693
0.78089905 ,0.051742554 ,19.664566,23.56621731,87.29888022 ,45.431999588012694,85.29099132530285 ,3450.0,10:33:16 AM,1572670996695
3.842392 ,-7.2169952 ,26.899094,23.56621731,87.29888022 ,45.431999588012694,85.29099132530285 ,3450.0,10:33:16 AM,1572670996700
6.2083893 ,-11.6203 ,22.28447,23.56621731,87.29888022 ,45.431999588012694,85.29099132530285 ,3450.0,10:33:16 AM,1572670996707
3.5955963 ,-7.1281586 ,33.460236,23.56621731,87.29888022 ,45.431999588012694,85.29099132530285 ,3450.0,10:33:16 AM,1572670996709
-0.5736084 ,-2.546875 ,32.165085,23.56621731,87.29888022 ,45.431999588012694,85.29099132530285 ,3450.0,10:33:16 AM,1572670996715
-4.6862793 ,0.014434814 ,-2.4591675,23.56621731,87.29888022 ,45.431999588012694,85.29099132530285 ,3450.0,10:33:16 AM,1572670996719
-4.6005096 ,13.526215 ,-4.59671,23.56621731,87.29888022 ,45.431999588012694,85.29099132530285 ,3450.0,10:33:16 AM,1572670996729
-0.2225647 ,18.123383 ,-12.532181,23.56621731,87.29888022 ,45.431999588012694,85.29099132530285 ,3450.0,10:33:16 AM,1572670996734
4.4650116 ,15.802521 ,-14.538849,23.56621731,87.29888022 ,45.431999588012694,85.29099132530285 ,3450.0,10:33:16 AM,1572670996742
4.912903 ,9.690521 ,0.10964966,23.56621731,87.29888022 ,45.431999588012694,85.29099132530285 ,3450.0,10:33:16 AM,1572670996744
0.63256836 ,2.0903015 ,13.896469,23.56621731,87.29888022 ,45.431999588012694,85.29099132530285 ,3450.0,10:33:16 AM,1572670996748
-2.754593 ,-2.7175598 ,18.810104,23.56621731,87.29888022 ,45.431999588012694,85.29099132530285 ,3450.0,10:33:16 AM,1572670996753
-2.8871002 ,-4.5544586 ,20.17685,23.56621731,87.29888022 ,45.431999588012694,85.29099132530285 ,3450.0,10:33:16 AM,1572670996758
-1.4105682 ,-3.7597046 ,22.169052,23.56621731,87.29888022 ,45.431999588012694,85.29099132530285 ,3450.0,10:33:16 AM,1572670996764
-0.83587646 ,-4.8093414 ,15.354782,23.56621731,87.29888022 ,45.431999588012694,85.29099132530285 ,3450.0,10:33:16 AM,1572670996768
-1.3374329 ,-0.31793213 ,21.640915,23.56621731,87.29888022 ,45.431999588012694,85.29099132530285 ,3450.0,10:33:16 AM,1572670996776
-0.999176 ,2.6788483 ,11.1184845,23.56621731,87.29888022 ,45.431999588012694,85.29099132530285 ,3450.0,10:33:16 AM,1572670996778
-1.2286987 ,9.865997 ,4.039459,23.56621731,87.29888022 ,45.431999588012694,85.29099132530285 ,3450.0,10:33:16 AM,1572670996782
-0.887619 ,14.180542 ,-5.7237396,23.56621731,87.29888022 ,45.431999588012694,85.29099132530285 ,3450.0,10:33:16 AM,1572670996786
2.06279 ,15.500458 ,-10.587021,23.56621731,87.29888022 ,45.431999588012694,85.29099132530285 ,3450.0,10:33:16 AM,1572670996793
5.62619 ,13.717163 ,-7.6166687,23.56621731,87.29888022 ,45.431999588012694,85.29099132530285 ,3450.0,10:33:16 AM,1572670996796
4.6292267 ,8.939621 ,0.3520813,23.56621731,87.29888022 ,45.431999588012694,85.29099132530285 ,3450.0,10:33:16 AM,1572670996801
0.08409119 ,3.5916595 ,11.794083,23.56621731,87.29888022 ,45.431999588012694,85.29099132530285 ,3450.0,10:33:16 AM,1572670996809
-1.6391449 ,-1.2469788 ,15.900894,23.56621731,87.29888022 ,45.431999588012694,85.29099132530285 ,3450.0,10:33:16 AM,1572670996810
0.34083557 ,-4.059372 ,17.084991,23.56621731,87.29888022 ,45.431999588012694,85.29099132530285 ,3450.0,10:33:16 AM,1572670996816
2.7628021 ,-5.3701935 ,16.748306,23.56621731,87.29888022 ,45.431999588012694,85.29099132530285 ,3450.0,10:33:16 AM,1572670996819
2.60672 ,-3.6780853 ,20.311584,23.56621731,87.29888022 ,45.431999588012694,85.29099132530285 ,3450.0,10:33:16 AM,1572670996826
-0.7300415 ,-0.016845703 ,20.33397,23.56621731,87.29888022 ,45.431999588012694,85.29099132530285 ,3450.0,10:33:16 AM,1572670996829
-3.6706085 ,0.57650757 ,4.4647827,23.56621731,87.29888022 ,45.431999588012694,85.29099132530285 ,3450.0,10:33:16 AM,1572670996835
-3.2621307 ,7.1794434 ,10.37204,23.56621731,87.29888022 ,45.431999588012694,85.29099132530285 ,3450.0,10:33:16 AM,1572670996841
1.538269 ,5.879822 ,-2.2346191,23.56621731,87.29888022 ,45.431999588012694,85.29099132530285 ,3450.0,10:33:16 AM,1572670996844
4.5436707 ,8.259033 ,4.114044,23.56621731,87.29888022 ,45.431999588012694,85.29099132530285 ,3450.0,10:33:16 AM,1572670996848
2.2536316 ,6.905655 ,13.495712,23.56621731,87.29888022 ,45.431999588012694,85.29099132530285 ,7314.0,10:33:16 AM,1572670996854
-2.3950043 ,1.4102631 ,7.2823486,23.56621731,87.29888022 ,45.431999588012694,85.29099132530285 ,7314.0,10:33:16 AM,1572670996859
-4.7715454 ,2.5463257 ,15.069214,23.56621731,87.29888022 ,45.431999588012694,85.29099132530285 ,7314.0,10:33:16 AM,1572670996868
-3.520218 ,0.875 ,10.774826,23.56621731,87.29888022 ,45.431999588012694,85.29099132530285 ,7314.0,10:33:16 AM,1572670996876
-0.98316956 ,4.4082794 ,10.769836,23.56621731,87.29888022 ,45.431999588012694,85.29099132530285 ,7314.0,10:33:16 AM,1572670996878
0.7628479 ,6.550659 ,8.298309,23.56621731,87.29888022 ,45.431999588012694,85.29099132530285 ,7314.0,10:33:16 AM,1572670996883
1.4853973 ,7.696457 ,2.4096527,23.56621731,87.29888022 ,45.431999588012694,85.29099132530285 ,7314.0,10:33:16 AM,1572670996888
1.588089 ,10.029282 ,5.0402374,23.56621731,87.29888022 ,45.431999588012694,85.29099132530285 ,7314.0,10:33:16 AM,1572670996893
2.3240814 ,8.162476 ,-1.0242615,23.56621731,87.29888022 ,45.431999588012694,85.29099132530285 ,7314.0,10:33:16 AM,1572670996898
1.8215027 ,8.713547 ,4.7488556,23.56621731,87.29888022 ,45.431999588012694,85.29099132530285 ,7314.0,10:33:16 AM,1572670996902
-1.1793976 ,5.810135 ,7.6483307,23.56621731,87.29888022 ,45.431999588012694,85.29099132530285 ,7314.0,10:33:16 AM,1572670996910
-3.6050262 ,1.575882 ,5.7862396,23.56621731,87.29888022 ,45.431999588012694,85.29099132530285 ,7314.0,10:33:16 AM,1572670996913
-2.090271 ,0.86813354 ,13.544739,23.56621731,87.29888022 ,45.431999588012694,85.29099132530285 ,7314.0,10:33:16 AM,1572670996916
2.1042175 ,-1.1755829 ,11.641327,23.56621731,87.29888022 ,45.431999588012694,85.29099132530285 ,7314.0,10:33:16 AM,1572670996921
3.1076508 ,0.19955444 ,15.073441,23.56621731,87.29888022 ,45.431999588012694,85.29099132530285 ,7314.0,10:33:16 AM,1572670996928
0.017852783 ,-0.07688904 ,12.698013,23.56621731,87.29888022 ,45.431999588012694,85.29099132530285 ,7314.0,10:33:16 AM,1572670996933
-3.0271454 ,1.6156616 ,11.25589,23.56621731,87.29888022 ,45.431999588012694,85.29099132530285 ,7314.0,10:33:16 AM,1572670996935
-3.0368195 ,3.4400177 ,8.563919,23.56621731,87.29888022 ,45.431999588012694,85.29099132530285 ,7314.0,10:33:16 AM,1572670996943
-0.6907654 ,4.978195 ,7.1675262,23.56621731,87.29888022 ,45.431999588012694,85.29099132530285 ,7314.0,10:33:16 AM,1572670996944
1.6700745 ,6.7827454 ,9.96225,23.56621731,87.29888022 ,45.431999588012694,85.29099132530285 ,7314.0,10:33:16 AM,1572670996949
1.5963593 ,5.7388306 ,5.9550934,23.56621731,87.29888022 ,45.431999588012694,85.29099132530285 ,7314.0,10:33:16 AM,1572670996957
-1.4068909 ,5.8469696 ,9.324036,23.56621731,87.29888022 ,45.431999588012694,85.29099132530285 ,7314.0,10:33:16 AM,1572670996963
-2.7399597 ,4.36203 ,8.375977,23.56621731,87.29888022 ,45.431999588012694,85.29099132530285 ,7314.0,10:33:16 AM,1572670996966
-0.18887329 ,5.0639496 ,7.7332,23.56621731,87.29888022 ,45.431999588012694,85.29099132530285 ,7314.0,10:33:16 AM,1572670996969
2.6605225 ,7.4521637 ,11.098999,23.56621731,87.29888022 ,45.431999588012694,85.29099132530285 ,7314.0,10:33:16 AM,1572670996978
2.5668793 ,6.743042 ,4.3397064,23.56621731,87.29888022 ,45.431999588012694,85.29099132530285 ,7314.0,10:33:16 AM,1572670996981
-1.4625092 ,9.415237 ,7.088028,23.56621731,87.29888022 ,45.431999588012694,85.29099132530285 ,7314.0,10:33:16 AM,1572670996985
-4.499344 ,4.4710693 ,-6.7802124,23.56621731,87.29888022 ,45.431999588012694,85.29099132530285 ,7314.0,10:33:16 AM,1572670996988
-3.0503693 ,6.7036285 ,10.089859,23.56621731,87.29888022 ,45.431999588012694,85.29099132530285 ,7314.0,10:33:16 AM,1572670996997
2.886795 ,4.4692383 ,15.3502655,23.56621731,87.29888022 ,45.431999588012694,85.29099132530285 ,7314.0,10:33:17 AM,1572670997003
5.0936127 ,-0.2738495 ,6.7892,23.56621731,87.29888022 ,45.431999588012694,85.29099132530285 ,7314.0,10:33:17 AM,1572670997010
0.24668884 ,2.7108002 ,19.060654,23.56621731,87.29888022 ,45.431999588012694,85.29099132530285 ,7314.0,10:33:17 AM,1572670997012
-2.5371857 ,0.72569275 ,6.9759064,23.56621731,87.29888022 ,45.431999588012694,85.29099132530285 ,7314.0,10:33:17 AM,1572670997017
-0.6167145 ,5.4001617 ,7.6546936,23.56621731,87.29888022 ,45.431999588012694,85.29099132530285 ,7314.0,10:33:17 AM,1572670997021
1.4404144 ,8.090149 ,9.043091,23.56621731,87.29888022 ,45.431999588012694,85.29099132530285 ,7314.0,10:33:17 AM,1572670997028
0.41151428 ,6.15152 ,1.1588745,23.56621731,87.29888022 ,45.431999588012694,85.29099132530285 ,7314.0,10:33:17 AM,1572670997030
-0.124053955 ,6.95195 ,8.2118225,23.56621731,87.29888022 ,45.431999588012694,85.29099132530285 ,7314.0,10:33:17 AM,1572670997036
1.3205872 ,3.9002838 ,5.8090363,23.56621731,87.29888022 ,45.431999588012694,85.29099132530285 ,7314.0,10:33:17 AM,1572670997042
0.9178314 ,2.145523 ,10.913879,23.56621731,87.29888022 ,45.431999588012694,85.29099132530285 ,7314.0,10:33:17 AM,1572670997045
-0.9940338 ,-0.8325958 ,17.632355,23.56621731,87.29888022 ,45.431999588012694,85.29099132530285 ,7314.0,10:33:17 AM,1572670997050
