x,y,z,latitude,longitude,speed,sound,light,time,timestamp
-1.8949585 ,-2.3872833 ,19.122986,23.57340815,87.30259456 ,15.768000411987305,73.82806823910948 ,8614.0,10:30:53 AM,1572670853296
3.5443573 ,-2.032547 ,21.46872,23.57340815,87.30259456 ,15.768000411987305,73.82806823910948 ,8614.0,10:30:53 AM,1572670853302
5.804825 ,1.5248871 ,15.66716,23.57340815,87.30259456 ,15.768000411987305,73.82806823910948 ,8614.0,10:30:53 AM,1572670853305
0.9526062 ,7.605179 ,8.963181,23.57340815,87.30259456 ,15.768000411987305,73.82806823910948 ,8614.0,10:30:53 AM,1572670853310
-5.2002563 ,11.198517 ,-4.675308,23.57340815,87.30259456 ,15.768000411987305,73.82806823910948 ,8104.0,10:30:53 AM,1572670853318
-4.329788 ,14.40535 ,-7.9960175,23.57340815,87.30259456 ,15.768000411987305,73.82806823910948 ,8104.0,10:30:53 AM,1572670853320
4.8115387 ,14.250351 ,-3.0654297,23.57340815,87.30259456 ,15.768000411987305,73.82806823910948 ,8104.0,10:30:53 AM,1572670853325
10.270477 ,10.896179 ,1.4737854,23.57340815,87.30259456 ,15.768000411987305,73.82806823910948 ,8104.0,10:30:53 AM,1572670853330
3.8804626 ,5.450989 ,5.8502197,23.57340815,87.30259456 ,15.768000411987305,73.82806823910948 ,8104.0,10:30:53 AM,1572670853335
-5.4761505 ,-0.3692932 ,13.559494,23.57340815,87.30259456 ,15.768000411987305,73.82806823910948 ,8104.0,10:30:53 AM,1572670853339
-5.964325 ,-4.708969 ,19.254837,23.57340815,87.30259456 ,15.768000411987305,73.82806823910948 ,8104.0,10:30:53 AM,1572670853344
1.1064453 ,-3.7344208 ,22.206085,23.57340815,87.30259456 ,15.768000411987305,73.82806823910948 ,8104.0,10:30:53 AM,1572670853351
5.1947784 ,0.6062622 ,20.434097,23.57340815,87.30259456 ,15.768000411987305,73.82806823910948 ,8104.0,10:30:53 AM,1572670853355
0.271286 ,6.907242 ,12.30809,23.57340815,87.30259456 ,15.768000411987305,73.82806823910948 ,8104.0,10:30:53 AM,1572670853359
-8.159424 ,9.545517 ,-6.7022705,23.57340815,87.30259456 ,15.768000411987305,73.82806823910948 ,8104.0,10:30:53 AM,1572670853363
-7.7904816 ,12.883133 ,-6.299698,23.57340815,87.30259456 ,15.768000411987305,73.82806823910948 ,8104.0,10:30:53 AM,1572670853371
4.8936768 ,12.170303 ,0.72779846,23.57340815,87.30259456 ,15.768000411987305,73.82806823910948 ,8104.0,10:30:53 AM,1572670853373
12.579559 ,9.613693 ,5.213135,23.57340815,87.30259456 ,15.768000411987305,73.82806823910948 ,8104.0,10:30:53 AM,1572670853384
7.034668 ,4.4129944 ,8.327988,23.57340815,87.30259456 ,15.768000411987305,73.82806823910948 ,8104.0,10:30:53 AM,1572670853387
-1.8001099 ,-0.8478241 ,14.321045,23.57340815,87.30259456 ,15.768000411987305,73.82806823910948 ,8104.0,10:30:53 AM,1572670853391
-3.4891968 ,-1.530716 ,21.829575,23.57340815,87.30259456 ,15.768000411987305,73.82806823910948 ,8104.0,10:30:53 AM,1572670853398
0.04246521 ,-5.3459015 ,12.335999,23.57340815,87.30259456 ,15.768000411987305,73.82806823910948 ,8104.0,10:30:53 AM,1572670853405
1.8696136 ,-1.5128021 ,18.335266,23.57340815,87.30259456 ,15.768000411987305,73.82806823910948 ,8104.0,10:30:53 AM,1572670853408
0.6854248 ,4.9334717 ,19.202362,23.57340815,87.30259456 ,15.768000411987305,73.82806823910948 ,8104.0,10:30:53 AM,1572670853412
-3.0401154 ,7.9670715 ,-1.6285706,23.57340815,87.30259456 ,15.768000411987305,73.82806823910948 ,8104.0,10:30:53 AM,1572670853423
-3.333191 ,11.940735 ,-6.2898407,23.57340815,87.30259456 ,15.768000411987305,73.82806823910948 ,8104.0,10:30:53 AM,1572670853424
2.8499146 ,12.82373 ,0.57951355,23.57340815,87.30259456 ,15.768000411987305,73.82806823910948 ,8104.0,10:30:53 AM,1572670853426
9.696014 ,9.934937 ,4.621048,23.57340815,87.30259456 ,15.768000411987305,73.82806823910948 ,8104.0,10:30:53 AM,1572670853430
8.004379 ,6.6075745 ,10.529449,23.57340815,87.30259456 ,15.768000411987305,73.82806823910948 ,8104.0,10:30:53 AM,1572670853441
-2.1375732 ,3.4268646 ,14.381714,23.57340815,87.30259456 ,15.768000411987305,73.82806823910948 ,8104.0,10:30:53 AM,1572670853442
-10.061264 ,0.92134094 ,10.703445,23.57340815,87.30259456 ,15.768000411987305,73.82806823910948 ,8104.0,10:30:53 AM,1572670853446
-7.0277405 ,0.35287476 ,9.05835,23.57340815,87.30259456 ,15.768000411987305,73.82806823910948 ,8104.0,10:30:53 AM,1572670853452
3.9799652 ,1.8758392 ,12.023941,23.57340815,87.30259456 ,15.768000411987305,73.82806823910948 ,8104.0,10:30:53 AM,1572670853455
9.885254 ,3.7938538 ,10.4192505,23.57340815,87.30259456 ,15.768000411987305,73.82806823910948 ,8104.0,10:30:53 AM,1572670853459
2.5416718 ,6.0631256 ,6.746475,23.57340815,87.30259456 ,15.768000411987305,73.82806823910948 ,8104.0,10:30:53 AM,1572670853465
-8.081848 ,6.389435 ,2.7419434,23.57340815,87.30259456 ,15.768000411987305,73.82806823910948 ,8104.0,10:30:53 AM,1572670853471
-6.34877 ,6.012848 ,0.55859375,23.57340815,87.30259456 ,15.768000411987305,73.82806823910948 ,8104.0,10:30:53 AM,1572670853474
6.2173004 ,7.334656 ,8.08989,23.57340815,87.30259456 ,15.768000411987305,73.82806823910948 ,8104.0,10:30:53 AM,1572670853478
11.726685 ,5.7569427 ,13.3563385,23.57340815,87.30259456 ,15.768000411987305,73.82806823910948 ,8104.0,10:30:53 AM,1572670853485
2.374817 ,4.2823944 ,14.966187,23.57340815,87.30259456 ,15.768000411987305,73.82806823910948 ,8104.0,10:30:53 AM,1572670853489
-10.446304 ,2.1901093 ,10.197586,23.57340815,87.30259456 ,15.768000411987305,73.82806823910948 ,8104.0,10:30:53 AM,1572670853493
-11.73645 ,2.4553528 ,8.572998,23.57340815,87.30259456 ,15.768000411987305,73.82806823910948 ,8104.0,10:30:53 AM,1572670853498
2.6562958 ,5.0361786 ,9.695053,23.57340815,87.30259456 ,15.768000411987305,73.82806823910948 ,8104.0,10:30:53 AM,1572670853504
12.712982 ,10.671677 ,7.663513,23.57340815,87.30259456 ,15.768000411987305,73.82806823910948 ,8104.0,10:30:53 AM,1572670853508
5.012741 ,11.998627 ,-3.1783905,23.57340815,87.30259456 ,15.768000411987305,73.82806823910948 ,8450.0,10:30:53 AM,1572670853520
-8.252686 ,10.511307 ,-6.8650055,23.57340815,87.30259456 ,15.768000411987305,73.82806823910948 ,8450.0,10:30:53 AM,1572670853522
-7.836685 ,7.645294 ,-2.856369,23.57340815,87.30259456 ,15.768000411987305,73.82806823910948 ,8450.0,10:30:53 AM,1572670853526
4.253296 ,3.4414368 ,3.677765,23.57340815,87.30259456 ,15.768000411987305,73.82806823910948 ,8450.0,10:30:53 AM,1572670853532
9.49205 ,0.8567505 ,17.724548,23.57340815,87.30259456 ,15.768000411987305,73.82806823910948 ,8450.0,10:30:53 AM,1572670853538
4.2709656 ,-4.207245 ,18.763077,23.57340815,87.30259456 ,15.768000411987305,73.82806823910948 ,8450.0,10:30:53 AM,1572670853541
-4.56131 ,-5.6569824 ,20.128952,23.57340815,87.30259456 ,15.768000411987305,73.82806823910948 ,8450.0,10:30:53 AM,1572670853546
-5.9823456 ,-4.020752 ,23.719772,23.57340815,87.30259456 ,15.768000411987305,73.82806823910948 ,8450.0,10:30:53 AM,1572670853553
0.4230652 ,-0.7995758 ,16.595795,23.57340815,87.30259456 ,15.768000411987305,73.82806823910948 ,8450.0,10:30:53 AM,1572670853556
4.337204 ,5.603958 ,8.675812,23.57340815,87.30259456 ,15.768000411987305,73.82806823910948 ,8450.0,10:30:53 AM,1572670853560
0.062942505 ,10.967392 ,3.7619934,23.57340815,87.30259456 ,15.768000411987305,73.82806823910948 ,8450.0,10:30:53 AM,1572670853565
-2.824997 ,11.3450775 ,-2.2227478,23.57340815,87.30259456 ,15.768000411987305,73.82806823910948 ,8450.0,10:30:53 AM,1572670853575
1.4314575 ,11.900787 ,-4.8037415,23.57340815,87.30259456 ,15.768000411987305,73.82806823910948 ,8450.0,10:30:53 AM,1572670853576
4.5593414 ,14.158524 ,1.7802582,23.57340815,87.30259456 ,15.768000411987305,73.82806823910948 ,8450.0,10:30:53 AM,1572670853578
-0.5224762 ,10.789703 ,1.166565,23.57340815,87.30259456 ,15.768000411987305,73.82806823910948 ,8450.0,10:30:53 AM,1572670853586
-5.5950165 ,3.4082794 ,-2.9001617,23.57340815,87.30259456 ,15.768000411987305,73.82806823910948 ,8450.0,10:30:53 AM,1572670853589
-1.7912598 ,-1.024292 ,9.853439,23.57340815,87.30259456 ,15.768000411987305,73.82806823910948 ,8450.0,10:30:53 AM,1572670853593
5.1518707 ,-3.7802277 ,27.107819,23.57340815,87.30259456 ,15.768000411987305,73.82806823910948 ,8450.0,10:30:53 AM,1572670853598
6.757477 ,-8.4767 ,26.936386,23.57340815,87.30259456 ,15.768000411987305,73.82806823910948 ,8450.0,10:30:53 AM,1572670853604
3.1446075 ,-10.878159 ,25.020554,23.57340815,87.30259456 ,15.768000411987305,73.82806823910948 ,8450.0,10:30:53 AM,1572670853608
-1.013916 ,-3.4574432 ,28.958786,23.57340815,87.30259456 ,15.768000411987305,73.82806823910948 ,8450.0,10:30:53 AM,1572670853614
-2.2438965 ,3.3989105 ,12.837143,23.57340815,87.30259456 ,15.768000411987305,73.82806823910948 ,8450.0,10:30:53 AM,1572670853619
-0.6400757 ,7.7750244 ,-13.52388,23.57340815,87.30259456 ,15.768000411987305,73.82806823910948 ,8450.0,10:30:53 AM,1572670853623
-1.0063324 ,17.291443 ,-5.286026,23.57340815,87.30259456 ,15.768000411987305,73.82806823910948 ,8450.0,10:30:53 AM,1572670853627
0.65260315 ,13.510574 ,-9.26207,23.57340815,87.30259456 ,15.768000411987305,73.82806823910948 ,8450.0,10:30:53 AM,1572670853632
5.2009125 ,9.681702 ,-0.43016052,23.57340815,87.30259456 ,15.768000411987305,73.82806823910948 ,8450.0,10:30:53 AM,1572670853641
5.2955475 ,5.027191 ,14.743256,23.57340815,87.30259456 ,15.768000411987305,73.82806823910948 ,8450.0,10:30:53 AM,1572670853646
-2.3217316 ,0.66275024 ,21.041046,23.57340815,87.30259456 ,15.768000411987305,73.82806823910948 ,8450.0,10:30:53 AM,1572670853654
-6.2163086 ,-1.1046906 ,14.746201,23.57340815,87.30259456 ,15.768000411987305,73.82806823910948 ,8450.0,10:30:53 AM,1572670853656
-2.1836548 ,3.213745 ,11.899475,23.57340815,87.30259456 ,15.768000411987305,72.22433209890438 ,8450.0,10:30:53 AM,1572670853661
4.0757294 ,7.1901703 ,3.1965637,23.57340815,87.30259456 ,15.768000411987305,72.22433209890438 ,8450.0,10:30:53 AM,1572670853666
3.3134155 ,7.466095 ,-2.6142273,23.57340815,87.30259456 ,15.768000411987305,72.22433209890438 ,8450.0,10:30:53 AM,1572670853672
-2.270218 ,5.787201 ,4.6539917,23.57340815,87.30259456 ,15.768000411987305,72.22433209890438 ,8450.0,10:30:53 AM,1572670853676
-3.5483246 ,2.0666504 ,10.284561,23.57340815,87.30259456 ,15.768000411987305,72.22433209890438 ,8450.0,10:30:53 AM,1572670853680
0.24275208 ,0.33795166 ,13.686707,23.57340815,87.30259456 ,15.768000411987305,72.22433209890438 ,8450.0,10:30:53 AM,1572670853688
4.738785 ,0.43174744 ,14.373993,23.57340815,87.30259456 ,15.768000411987305,72.22433209890438 ,8450.0,10:30:53 AM,1572670853690
5.4270477 ,2.1908875 ,13.533127,23.57340815,87.30259456 ,15.768000411987305,72.22433209890438 ,8450.0,10:30:53 AM,1572670853694
2.045105 ,4.5115967 ,9.671722,23.57340815,87.30259456 ,15.768000411987305,72.22433209890438 ,8450.0,10:30:53 AM,1572670853698
-1.2777405 ,5.7877197 ,2.578476,23.57340815,87.30259456 ,15.768000411987305,72.22433209890438 ,8450.0,10:30:53 AM,1572670853703
-0.36024475 ,6.7687225 ,3.7947235,23.57340815,87.30259456 ,15.768000411987305,72.22433209890438 ,8450.0,10:30:53 AM,1572670853708
3.1751862 ,6.1475983 ,9.02002,23.57340815,87.30259456 ,15.768000411987305,72.22433209890438 ,8450.0,10:30:53 AM,1572670853713
3.4754791 ,3.2377014 ,8.61348,23.57340815,87.30259456 ,15.768000411987305,72.22433209890438 ,8627.0,10:30:53 AM,1572670853719
0.051330566 ,2.5289764 ,14.564072,23.57340815,87.30259456 ,15.768000411987305,72.22433209890438 ,8627.0,10:30:53 AM,1572670853723
-1.4302979 ,3.1934662 ,17.814056,23.57340815,87.30259456 ,15.768000411987305,72.22433209890438 ,8627.0,10:30:53 AM,1572670853727
0.41256714 ,4.6082306 ,9.510574,23.57340815,87.30259456 ,15.768000411987305,72.22433209890438 ,8627.0,10:30:53 AM,1572670853732
0.23783875 ,7.360916 ,1.2097778,23.57340815,87.30259456 ,15.768000411987305,72.22433209890438 ,8627.0,10:30:53 AM,1572670853738
-3.5204926 ,10.320923 ,1.8556213,23.57340815,87.30259456 ,15.768000411987305,72.22433209890438 ,8627.0,10:30:53 AM,1572670853743
-6.06456 ,9.352936 ,5.8186035,23.57340815,87.30259456 ,15.768000411987305,72.22433209890438 ,8627.0,10:30:53 AM,1572670853747
-2.1070251 ,2.681244 ,1.0945282,23.57340815,87.30259456 ,15.768000411987305,72.22433209890438 ,8627.0,10:30:53 AM,1572670853754
4.8158417 ,3.046051 ,14.254669,23.57340815,87.30259456 ,15.768000411987305,72.22433209890438 ,8627.0,10:30:53 AM,1572670853757
7.4288483 ,3.9263153 ,19.86203,23.57340815,87.30259456 ,15.768000411987305,72.22433209890438 ,8627.0,10:30:53 AM,1572670853761
2.7796173 ,1.3947906 ,5.3293915,23.57340815,87.30259456 ,15.768000411987305,72.22433209890438 ,8627.0,10:30:53 AM,1572670853767
-2.7832031 ,4.4570007 ,6.585312,23.57340815,87.30259456 ,15.768000411987305,72.22433209890438 ,8627.0,10:30:53 AM,1572670853773
-3.7696838 ,7.1545258 ,6.7045746,23.57340815,87.30259456 ,15.768000411987305,72.22433209890438 ,8627.0,10:30:53 AM,1572670853781
-1.5405884 ,6.4481964 ,1.0214386,23.57340815,87.30259456 ,15.768000411987305,72.22433209890438 ,8627.0,10:30:53 AM,1572670853788
1.9030151 ,4.5744476 ,4.787903,23.57340815,87.30259456 ,15.768000411987305,72.22433209890438 ,8627.0,10:30:53 AM,1572670853791
