x,y,z,latitude,longitude,speed,sound,light,time,timestamp
-9.681198 ,-17.238052 ,40.930573,23.57203725,87.30257576 ,31.572001647949218,85.59757795749469 ,9461.0,10:31:18 AM,1572670878170
0.14707947 ,-14.086441 ,44.06035,23.57203725,87.30257576 ,31.572001647949218,85.59757795749469 ,9461.0,10:31:18 AM,1572670878171
6.805893 ,-5.2569275 ,37.250244,23.57203725,87.30257576 ,31.572001647949218,85.59757795749469 ,9461.0,10:31:18 AM,1572670878176
3.554718 ,2.2617188 ,10.214401,23.57203725,87.30257576 ,31.572001647949218,85.59757795749469 ,9461.0,10:31:18 AM,1572670878185
-4.989731 ,11.577774 ,-12.262619,23.57203725,87.30257576 ,31.572001647949218,85.59757795749469 ,9461.0,10:31:18 AM,1572670878187
-8.228134 ,23.230011 ,-10.683807,23.57203725,87.30257576 ,31.572001647949218,85.59757795749469 ,9461.0,10:31:18 AM,1572670878191
-1.538559 ,22.19194 ,-24.724854,23.57203725,87.30257576 ,31.572001647949218,85.59757795749469 ,9461.0,10:31:18 AM,1572670878196
5.8677826 ,22.68457 ,-10.40506,23.57203725,87.30257576 ,31.572001647949218,85.59757795749469 ,9461.0,10:31:18 AM,1572670878202
4.779007 ,19.366592 ,2.531952,23.57203725,87.30257576 ,31.572001647949218,85.59757795749469 ,9461.0,10:31:18 AM,1572670878205
-2.3744965 ,9.601852 ,-10.152649,23.57203725,87.30257576 ,31.572001647949218,85.59757795749469 ,9461.0,10:31:18 AM,1572670878210
-3.510666 ,8.028351 ,-1.0210266,23.57203725,87.30257576 ,31.572001647949218,85.59757795749469 ,9461.0,10:31:18 AM,1572670878216
5.7348633 ,1.3475189 ,0.4515686,23.57203725,87.30257576 ,31.572001647949218,85.59757795749469 ,9461.0,10:31:18 AM,1572670878222
14.961014 ,-5.3900604 ,11.023254,23.57203725,87.30257576 ,31.572001647949218,85.59757795749469 ,9461.0,10:31:18 AM,1572670878225
13.535873 ,-12.605103 ,30.495667,23.57203725,87.30257576 ,31.572001647949218,85.59757795749469 ,9322.0,10:31:18 AM,1572670878236
4.561432 ,-19.029266 ,30.283798,23.57203725,87.30257576 ,31.572001647949218,85.59757795749469 ,9322.0,10:31:18 AM,1572670878239
-8.738083 ,-11.499481 ,46.865005,23.57203725,87.30257576 ,31.572001647949218,85.59757795749469 ,9322.0,10:31:18 AM,1572670878243
-15.470703 ,-0.011810303 ,38.021805,23.57203725,87.30257576 ,31.572001647949218,85.59757795749469 ,9322.0,10:31:18 AM,1572670878248
-10.560989 ,4.6285706 ,-3.2890472,23.57203725,87.30257576 ,31.572001647949218,85.59757795749469 ,9322.0,10:31:18 AM,1572670878256
0.85580444 ,20.68042 ,-30.993607,23.57203725,87.30257576 ,31.572001647949218,85.59757795749469 ,9322.0,10:31:18 AM,1572670878258
6.856369 ,38.899902 ,-13.589478,23.57203725,87.30257576 ,31.572001647949218,85.59757795749469 ,9322.0,10:31:18 AM,1572670878263
10.489136 ,31.574112 ,-40.821976,23.57203725,87.30257576 ,31.572001647949218,85.59757795749469 ,9322.0,10:31:18 AM,1572670878269
9.4770355 ,22.901428 ,-19.255295,23.57203725,87.30257576 ,31.572001647949218,85.59757795749469 ,9322.0,10:31:18 AM,1572670878274
2.4792786 ,10.432205 ,13.56459,23.57203725,87.30257576 ,31.572001647949218,85.59757795749469 ,9322.0,10:31:18 AM,1572670878277
-6.952133 ,-4.53743 ,15.806061,23.57203725,87.30257576 ,31.572001647949218,85.59757795749469 ,9322.0,10:31:18 AM,1572670878283
-13.070328 ,-10.581238 ,25.114838,23.57203725,87.30257576 ,31.572001647949218,85.59757795749469 ,9322.0,10:31:18 AM,1572670878288
-11.475769 ,-13.070267 ,33.083984,23.57203725,87.30257576 ,31.572001647949218,85.59757795749469 ,9322.0,10:31:18 AM,1572670878292
-2.372757 ,-11.573288 ,37.344376,23.57203725,87.30257576 ,31.572001647949218,85.59757795749469 ,9322.0,10:31:18 AM,1572670878303
6.83609 ,-7.939514 ,31.79103,23.57203725,87.30257576 ,31.572001647949218,85.59757795749469 ,9322.0,10:31:18 AM,1572670878304
7.0769653 ,-4.1158905 ,13.9062195,23.57203725,87.30257576 ,31.572001647949218,85.59757795749469 ,9322.0,10:31:18 AM,1572670878306
-1.9605255 ,7.195923 ,15.810135,23.57203725,87.30257576 ,31.572001647949218,85.59757795749469 ,9322.0,10:31:18 AM,1572670878311
-8.876831 ,12.710129 ,2.7862701,23.57203725,87.30257576 ,31.572001647949218,85.59757795749469 ,9322.0,10:31:18 AM,1572670878316
-5.10968 ,15.736435 ,-13.029587,23.57203725,87.30257576 ,31.572001647949218,85.59757795749469 ,9322.0,10:31:18 AM,1572670878321
4.935562 ,24.73294 ,2.63385,23.57203725,87.30257576 ,31.572001647949218,85.59757795749469 ,9322.0,10:31:18 AM,1572670878325
11.704163 ,22.465714 ,-9.830734,23.57203725,87.30257576 ,31.572001647949218,85.59757795749469 ,9322.0,10:31:18 AM,1572670878330
9.40094 ,21.577042 ,-10.829727,23.57203725,87.30257576 ,31.572001647949218,85.59757795749469 ,9322.0,10:31:18 AM,1572670878341
2.5254822 ,15.893341 ,-4.489105,23.57203725,87.30257576 ,31.572001647949218,85.59757795749469 ,9322.0,10:31:18 AM,1572670878343
-2.370758 ,4.975113 ,-3.7590485,23.57203725,87.30257576 ,31.572001647949218,85.59757795749469 ,9322.0,10:31:18 AM,1572670878346
-3.507141 ,0.431839 ,18.80693,23.57203725,87.30257576 ,31.572001647949218,85.59757795749469 ,9322.0,10:31:18 AM,1572670878349
-1.9871063 ,-7.6490936 ,22.759766,23.57203725,87.30257576 ,31.572001647949218,85.59757795749469 ,9322.0,10:31:18 AM,1572670878354
-1.6637878 ,-10.83046 ,25.652527,23.57203725,87.30257576 ,31.572001647949218,85.59757795749469 ,9322.0,10:31:18 AM,1572670878358
-2.3461304 ,-4.7842255 ,32.41223,23.57203725,87.30257576 ,31.572001647949218,85.59757795749469 ,9322.0,10:31:18 AM,1572670878369
-3.1625366 ,-0.0107421875 ,21.788696,23.57203725,87.30257576 ,31.572001647949218,85.59757795749469 ,9322.0,10:31:18 AM,1572670878373
-0.88386536 ,1.84198 ,-6.8092804,23.57203725,87.30257576 ,31.572001647949218,85.59757795749469 ,9322.0,10:31:18 AM,1572670878377
1.1315765 ,14.317093 ,4.3216095,23.57203725,87.30257576 ,31.572001647949218,85.59757795749469 ,9322.0,10:31:18 AM,1572670878383
0.9397278 ,17.018875 ,1.1507416,23.57203725,87.30257576 ,31.572001647949218,85.59757795749469 ,9322.0,10:31:18 AM,1572670878388
-0.06265259 ,14.475418 ,-10.79953,23.57203725,87.30257576 ,31.572001647949218,85.59757795749469 ,9322.0,10:31:18 AM,1572670878392
1.1500854 ,15.397644 ,-1.9093933,23.57203725,87.30257576 ,31.572001647949218,85.59757795749469 ,9322.0,10:31:18 AM,1572670878397
3.210022 ,11.028885 ,-2.5268707,23.57203725,87.30257576 ,31.572001647949218,85.59757795749469 ,9322.0,10:31:18 AM,1572670878403
2.0236053 ,6.894928 ,1.1728973,23.57203725,87.30257576 ,31.572001647949218,85.59757795749469 ,9322.0,10:31:18 AM,1572670878407
-1.1832886 ,1.5752563 ,8.011627,23.57203725,87.30257576 ,31.572001647949218,85.59757795749469 ,9322.0,10:31:18 AM,1572670878411
-2.205017 ,-4.5393066 ,16.721771,23.57203725,87.30257576 ,31.572001647949218,85.59757795749469 ,9322.0,10:31:18 AM,1572670878416
-0.98347473 ,-8.28653 ,29.501099,23.57203725,87.30257576 ,31.572001647949218,85.59757795749469 ,9322.0,10:31:18 AM,1572670878422
-0.7536316 ,-11.350601 ,33.3132,23.57203725,87.30257576 ,31.572001647949218,85.59757795749469 ,9322.0,10:31:18 AM,1572670878426
-3.5157013 ,-7.730377 ,37.76851,23.57203725,87.30257576 ,31.572001647949218,85.59757795749469 ,9060.0,10:31:18 AM,1572670878431
-6.4971313 ,0.24810791 ,31.933578,23.57203725,87.30257576 ,31.572001647949218,85.59757795749469 ,9060.0,10:31:18 AM,1572670878437
-4.6215973 ,4.2192383 ,0.39170837,23.57203725,87.30257576 ,31.572001647949218,85.59757795749469 ,9060.0,10:31:18 AM,1572670878441
1.5973663 ,15.7070465 ,-7.4876556,23.57203725,87.30257576 ,31.572001647949218,85.59757795749469 ,9060.0,10:31:18 AM,1572670878447
7.402527 ,23.884735 ,-11.348938,23.57203725,87.30257576 ,31.572001647949218,85.59757795749469 ,9060.0,10:31:18 AM,1572670878450
7.7109985 ,22.557297 ,-26.653076,23.57203725,87.30257576 ,31.572001647949218,85.59757795749469 ,9060.0,10:31:18 AM,1572670878459
2.0306702 ,21.86345 ,-12.18425,23.57203725,87.30257576 ,31.572001647949218,85.59757795749469 ,9060.0,10:31:18 AM,1572670878460
-3.065796 ,11.497406 ,-7.122925,23.57203725,87.30257576 ,31.572001647949218,85.59757795749469 ,9060.0,10:31:18 AM,1572670878464
-3.880005 ,4.4148407 ,2.8339996,23.57203725,87.30257576 ,31.572001647949218,85.59757795749469 ,9060.0,10:31:18 AM,1572670878471
-0.78211975 ,0.2685547 ,16.14412,23.57203725,87.30257576 ,31.572001647949218,85.59757795749469 ,9060.0,10:31:18 AM,1572670878475
3.5792236 ,-7.13472 ,10.357986,23.57203725,87.30257576 ,31.572001647949218,85.59757795749469 ,9060.0,10:31:18 AM,1572670878479
6.0901794 ,-8.902649 ,18.769577,23.57203725,87.30257576 ,31.572001647949218,85.59757795749469 ,9060.0,10:31:18 AM,1572670878484
4.825699 ,-10.722534 ,30.779312,23.57203725,87.30257576 ,31.572001647949218,85.59757795749469 ,9060.0,10:31:18 AM,1572670878489
1.0862579 ,-13.593933 ,28.081467,23.57203725,87.30257576 ,31.572001647949218,85.59757795749469 ,9060.0,10:31:18 AM,1572670878493
-3.5410614 ,-8.9987335 ,34.34166,23.57203725,87.30257576 ,31.572001647949218,85.59757795749469 ,9060.0,10:31:18 AM,1572670878505
-6.161743 ,-1.0356445 ,31.5504,23.57203725,87.30257576 ,31.572001647949218,85.59757795749469 ,9060.0,10:31:18 AM,1572670878508
-4.711502 ,1.5918579 ,0.9447479,23.57203725,87.30257576 ,31.572001647949218,85.59757795749469 ,9060.0,10:31:18 AM,1572670878513
-0.5879364 ,13.427887 ,-11.228012,23.57203725,87.30257576 ,31.572001647949218,85.59757795749469 ,9060.0,10:31:18 AM,1572670878517
1.1951599 ,23.180832 ,-5.878586,23.57203725,87.30257576 ,31.572001647949218,85.59757795749469 ,9060.0,10:31:18 AM,1572670878523
2.623108 ,19.472275 ,-26.404678,23.57203725,87.30257576 ,31.572001647949218,85.59757795749469 ,9060.0,10:31:18 AM,1572670878528
2.598877 ,17.431381 ,-11.72377,23.57203725,87.30257576 ,31.572001647949218,85.59757795749469 ,9060.0,10:31:18 AM,1572670878533
1.8912659 ,8.304047 ,2.6761627,23.57203725,87.30257576 ,31.572001647949218,85.59757795749469 ,9060.0,10:31:18 AM,1572670878538
0.8929596 ,-1.9813843 ,7.387039,23.57203725,87.30257576 ,31.572001647949218,85.59757795749469 ,9060.0,10:31:18 AM,1572670878541
-0.5691986 ,-4.883087 ,21.827164,23.57203725,87.30257576 ,31.572001647949218,85.59757795749469 ,9060.0,10:31:18 AM,1572670878546
-3.1645203 ,-7.801651 ,23.116425,23.57203725,87.30257576 ,31.572001647949218,85.59757795749469 ,9060.0,10:31:18 AM,1572670878551
-5.9060974 ,-8.636444 ,19.294006,23.57203725,87.30257576 ,31.572001647949218,85.59757795749469 ,9060.0,10:31:18 AM,1572670878557
-4.8064117 ,-5.890564 ,16.790314,23.57203725,87.30257576 ,31.572001647949218,85.59757795749469 ,9060.0,10:31:18 AM,1572670878560
2.165985 ,-3.8784637 ,9.256805,23.57203725,87.30257576 ,31.572001647949218,85.59757795749469 ,9060.0,10:31:18 AM,1572670878565
8.749008 ,1.9892731 ,16.090073,23.57203725,87.30257576 ,31.572001647949218,85.59757795749469 ,9060.0,10:31:18 AM,1572670878571
7.0609894 ,5.0859222 ,16.780807,23.57203725,87.30257576 ,31.572001647949218,85.59757795749469 ,9060.0,10:31:18 AM,1572670878576
-1.0185089 ,4.5334015 ,3.5995026,23.57203725,87.30257576 ,31.572001647949218,85.59757795749469 ,9060.0,10:31:18 AM,1572670878579
-5.968033 ,10.753891 ,9.906921,23.57203725,87.30257576 ,31.572001647949218,85.59757795749469 ,9060.0,10:31:18 AM,1572670878584
-2.8965302 ,13.562012 ,0.88098145,23.57203725,87.30257576 ,31.572001647949218,85.59757795749469 ,9060.0,10:31:18 AM,1572670878591
3.1889648 ,13.634247 ,-12.057373,23.57203725,87.30257576 ,31.572001647949218,85.59757795749469 ,9060.0,10:31:18 AM,1572670878594
4.304306 ,15.245148 ,3.8414154,23.57203725,87.30257576 ,31.572001647949218,85.59757795749469 ,9060.0,10:31:18 AM,1572670878599
0.42166138 ,5.80542 ,1.3822327,23.57203725,87.30257576 ,31.572001647949218,83.66078905924603 ,9060.0,10:31:18 AM,1572670878605
-2.661972 ,-2.5767975 ,1.2948151,23.57203725,87.30257576 ,31.572001647949218,83.66078905924603 ,9060.0,10:31:18 AM,1572670878608
-3.2724762 ,-1.2694092 ,25.634201,23.57203725,87.30257576 ,31.572001647949218,83.66078905924603 ,9060.0,10:31:18 AM,1572670878613
-3.3894043 ,-1.899231 ,23.128265,23.57203725,87.30257576 ,31.572001647949218,83.66078905924603 ,9060.0,10:31:18 AM,1572670878618
-3.9515991 ,-7.1735077 ,-0.538208,23.57203725,87.30257576 ,31.572001647949218,83.66078905924603 ,9060.0,10:31:18 AM,1572670878623
-0.5750427 ,0.8942261 ,7.835083,23.57203725,87.30257576 ,31.572001647949218,83.66078905924603 ,9449.0,10:31:18 AM,1572670878632
6.9545135 ,2.906845 ,5.9363556,23.57203725,87.30257576 ,31.572001647949218,83.66078905924603 ,9449.0,10:31:18 AM,1572670878639
10.096558 ,-0.5547333 ,1.7004547,23.57203725,87.30257576 ,31.572001647949218,83.66078905924603 ,9449.0,10:31:18 AM,1572670878641
4.953079 ,1.3921204 ,23.55214,23.57203725,87.30257576 ,31.572001647949218,83.66078905924603 ,9449.0,10:31:18 AM,1572670878646
-3.6095734 ,-3.3151245 ,20.209686,23.57203725,87.30257576 ,31.572001647949218,83.66078905924603 ,9449.0,10:31:18 AM,1572670878651
-6.83078 ,-2.452362 ,20.040085,23.57203725,87.30257576 ,31.572001647949218,83.66078905924603 ,9449.0,10:31:18 AM,1572670878656
-3.009552 ,3.6923828 ,24.058838,23.57203725,87.30257576 ,31.572001647949218,83.66078905924603 ,9449.0,10:31:18 AM,1572670878661
