x,y,z,latitude,longitude,speed,sound,light,time,timestamp
-3.4689636 ,11.634903 ,-4.883148,23.55640239,87.29876846 ,33.948001098632815,72.84587495274818 ,10751.0,10:35:09 AM,1572671109479
-6.07843 ,15.37973 ,1.3731995,23.55640239,87.29876846 ,33.948001098632815,72.84587495274818 ,10751.0,10:35:09 AM,1572671109481
-1.273346 ,16.700455 ,-2.7537231,23.55640239,87.29876846 ,33.948001098632815,72.84587495274818 ,10751.0,10:35:09 AM,1572671109485
2.4295807 ,16.13475 ,-13.229431,23.55640239,87.29876846 ,33.948001098632815,72.84587495274818 ,10751.0,10:35:09 AM,1572671109490
0.94895935 ,17.567825 ,-3.7738495,23.55640239,87.29876846 ,33.948001098632815,72.84587495274818 ,10751.0,10:35:09 AM,1572671109497
-0.13447571 ,8.887939 ,-8.614487,23.55640239,87.29876846 ,33.948001098632815,72.84587495274818 ,10751.0,10:35:09 AM,1572671109504
0.828125 ,5.318054 ,5.110199,23.55640239,87.29876846 ,33.948001098632815,82.36917382082028 ,10751.0,10:35:09 AM,1572671109513
-1.5670776 ,1.7850342 ,23.990204,23.55640239,87.29876846 ,33.948001098632815,82.36917382082028 ,10751.0,10:35:09 AM,1572671109514
-2.983261 ,-5.7627716 ,10.668518,23.55640239,87.29876846 ,33.948001098632815,82.36917382082028 ,10751.0,10:35:09 AM,1572671109517
-0.147995 ,-4.621353 ,18.46988,23.55640239,87.29876846 ,33.948001098632815,82.36917382082028 ,10751.0,10:35:09 AM,1572671109521
2.3614197 ,-4.3646393 ,23.25293,23.55640239,87.29876846 ,33.948001098632815,82.36917382082028 ,10751.0,10:35:09 AM,1572671109527
0.99897766 ,-4.735321 ,17.919846,23.55640239,87.29876846 ,33.948001098632815,82.36917382082028 ,10751.0,10:35:09 AM,1572671109531
-3.0718994 ,-0.34472656 ,23.472336,23.55640239,87.29876846 ,33.948001098632815,82.36917382082028 ,10751.0,10:35:09 AM,1572671109537
-2.4523468 ,2.2024384 ,12.738754,23.55640239,87.29876846 ,33.948001098632815,82.36917382082028 ,10552.0,10:35:09 AM,1572671109544
3.542923 ,6.98407 ,3.7645874,23.55640239,87.29876846 ,33.948001098632815,82.36917382082028 ,10552.0,10:35:09 AM,1572671109546
7.494751 ,12.065308 ,5.5244446,23.55640239,87.29876846 ,33.948001098632815,82.36917382082028 ,10552.0,10:35:09 AM,1572671109551
3.4353333 ,13.889862 ,-0.3249359,23.55640239,87.29876846 ,33.948001098632815,82.36917382082028 ,10552.0,10:35:09 AM,1572671109556
-4.6794586 ,13.732529 ,-9.350937,23.55640239,87.29876846 ,33.948001098632815,82.36917382082028 ,10552.0,10:35:09 AM,1572671109562
-8.226852 ,15.576691 ,-3.8545227,23.55640239,87.29876846 ,33.948001098632815,82.36917382082028 ,10552.0,10:35:09 AM,1572671109565
-3.6069794 ,12.650574 ,-4.580353,23.55640239,87.29876846 ,33.948001098632815,82.36917382082028 ,10552.0,10:35:09 AM,1572671109571
4.119858 ,7.9710846 ,-0.42593384,23.55640239,87.29876846 ,33.948001098632815,82.36917382082028 ,10552.0,10:35:09 AM,1572671109578
8.138245 ,4.696991 ,14.361176,23.55640239,87.29876846 ,33.948001098632815,82.36917382082028 ,10552.0,10:35:09 AM,1572671109581
6.624954 ,-1.5222015 ,16.06813,23.55640239,87.29876846 ,33.948001098632815,82.36917382082028 ,10552.0,10:35:09 AM,1572671109584
1.8591309 ,-3.6621094 ,19.869034,23.55640239,87.29876846 ,33.948001098632815,82.36917382082028 ,10552.0,10:35:09 AM,1572671109589
-4.4505615 ,-3.9095154 ,24.00586,23.55640239,87.29876846 ,33.948001098632815,82.36917382082028 ,10552.0,10:35:09 AM,1572671109596
-8.815002 ,-5.6163635 ,16.110764,23.55640239,87.29876846 ,33.948001098632815,82.36917382082028 ,10552.0,10:35:09 AM,1572671109599
-6.1194305 ,-1.1885376 ,23.48639,23.55640239,87.29876846 ,33.948001098632815,82.36917382082028 ,10552.0,10:35:09 AM,1572671109605
1.3468018 ,1.2294464 ,21.82782,23.55640239,87.29876846 ,33.948001098632815,82.36917382082028 ,10552.0,10:35:09 AM,1572671109614
6.3924866 ,1.4744263 ,4.1717834,23.55640239,87.29876846 ,33.948001098632815,82.36917382082028 ,10552.0,10:35:09 AM,1572671109615
3.4366608 ,10.707092 ,15.172546,23.55640239,87.29876846 ,33.948001098632815,82.36917382082028 ,10552.0,10:35:09 AM,1572671109618
-1.8652496 ,15.223282 ,1.3899384,23.55640239,87.29876846 ,33.948001098632815,82.36917382082028 ,10552.0,10:35:09 AM,1572671109624
-5.1138306 ,17.66838 ,-24.415512,23.55640239,87.29876846 ,33.948001098632815,82.36917382082028 ,10552.0,10:35:09 AM,1572671109629
-5.228607 ,21.664581 ,-9.514511,23.55640239,87.29876846 ,33.948001098632815,82.36917382082028 ,10552.0,10:35:09 AM,1572671109633
0.48594666 ,12.590546 ,-6.5773773,23.55640239,87.29876846 ,33.948001098632815,82.36917382082028 ,10552.0,10:35:09 AM,1572671109646
6.615906 ,4.7683563 ,4.330597,23.55640239,87.29876846 ,33.948001098632815,82.36917382082028 ,10552.0,10:35:09 AM,1572671109648
5.931183 ,0.7612457 ,27.263168,23.55640239,87.29876846 ,33.948001098632815,82.36917382082028 ,10552.0,10:35:09 AM,1572671109650
0.4400177 ,-6.188919 ,17.046844,23.55640239,87.29876846 ,33.948001098632815,82.36917382082028 ,10552.0,10:35:09 AM,1572671109655
-4.3222046 ,-4.9404144 ,16.612885,23.55640239,87.29876846 ,33.948001098632815,82.36917382082028 ,10552.0,10:35:09 AM,1572671109661
-4.30101 ,-2.793106 ,20.925385,23.55640239,87.29876846 ,33.948001098632815,82.36917382082028 ,10552.0,10:35:09 AM,1572671109665
0.4992218 ,-2.4999084 ,9.499283,23.55640239,87.29876846 ,33.948001098632815,82.36917382082028 ,10552.0,10:35:09 AM,1572671109670
4.6308594 ,3.6954803 ,15.17131,23.55640239,87.29876846 ,33.948001098632815,82.36917382082028 ,10552.0,10:35:09 AM,1572671109678
3.9786987 ,5.390793 ,10.216064,23.55640239,87.29876846 ,33.948001098632815,82.36917382082028 ,10552.0,10:35:09 AM,1572671109680
0.40245056 ,6.817032 ,1.0250549,23.55640239,87.29876846 ,33.948001098632815,82.36917382082028 ,10552.0,10:35:09 AM,1572671109684
-1.6984711 ,11.880096 ,4.3271637,23.55640239,87.29876846 ,33.948001098632815,82.36917382082028 ,10552.0,10:35:09 AM,1572671109690
-1.0582886 ,13.423431 ,-2.281845,23.55640239,87.29876846 ,33.948001098632815,82.36917382082028 ,10552.0,10:35:09 AM,1572671109696
0.87020874 ,11.791824 ,-6.6124573,23.55640239,87.29876846 ,33.948001098632815,82.36917382082028 ,10552.0,10:35:09 AM,1572671109699
3.0331268 ,8.988663 ,4.046585,23.55640239,87.29876846 ,33.948001098632815,82.36917382082028 ,10552.0,10:35:09 AM,1572671109704
3.3914032 ,2.436386 ,9.554977,23.55640239,87.29876846 ,33.948001098632815,82.36917382082028 ,10552.0,10:35:09 AM,1572671109711
1.3338318 ,-3.5822449 ,16.01509,23.55640239,87.29876846 ,33.948001098632815,82.36917382082028 ,10552.0,10:35:09 AM,1572671109714
-0.97991943 ,-5.715622 ,25.7426,23.55640239,87.29876846 ,33.948001098632815,82.36917382082028 ,10552.0,10:35:09 AM,1572671109718
-2.3489227 ,-7.0541687 ,22.772995,23.55640239,87.29876846 ,33.948001098632815,82.36917382082028 ,10552.0,10:35:09 AM,1572671109725
-3.4182587 ,-4.793213 ,18.766098,23.55640239,87.29876846 ,33.948001098632815,82.36917382082028 ,10552.0,10:35:09 AM,1572671109729
-3.9847717 ,1.6548767 ,18.317612,23.55640239,87.29876846 ,33.948001098632815,82.36917382082028 ,10552.0,10:35:09 AM,1572671109732
-3.2717743 ,5.7653503 ,5.3055115,23.55640239,87.29876846 ,33.948001098632815,82.36917382082028 ,10319.0,10:35:09 AM,1572671109737
-1.1515045 ,10.242706 ,-3.0110626,23.55640239,87.29876846 ,33.948001098632815,82.36917382082028 ,10319.0,10:35:09 AM,1572671109744
2.1414642 ,14.05072 ,3.489685,23.55640239,87.29876846 ,33.948001098632815,82.36917382082028 ,10319.0,10:35:09 AM,1572671109747
5.927765 ,12.423843 ,-0.9928589,23.55640239,87.29876846 ,33.948001098632815,82.36917382082028 ,10319.0,10:35:09 AM,1572671109752
4.8688354 ,13.871811 ,3.5031738,23.55640239,87.29876846 ,33.948001098632815,82.36917382082028 ,10319.0,10:35:09 AM,1572671109757
-1.043396 ,13.6106415 ,1.7563934,23.55640239,87.29876846 ,33.948001098632815,82.36917382082028 ,10319.0,10:35:09 AM,1572671109763
-5.516449 ,10.978943 ,-10.259796,23.55640239,87.29876846 ,33.948001098632815,82.36917382082028 ,10319.0,10:35:09 AM,1572671109767
-3.5252686 ,13.528412 ,1.7862549,23.55640239,87.29876846 ,33.948001098632815,82.36917382082028 ,10319.0,10:35:09 AM,1572671109781
1.7726288 ,7.4753876 ,2.5749207,23.55640239,87.29876846 ,33.948001098632815,82.36917382082028 ,10319.0,10:35:09 AM,1572671109783
5.0898895 ,-1.3456726 ,-0.5843048,23.55640239,87.29876846 ,33.948001098632815,82.36917382082028 ,10319.0,10:35:09 AM,1572671109786
5.398239 ,-4.4487457 ,25.435928,23.55640239,87.29876846 ,33.948001098632815,82.36917382082028 ,10319.0,10:35:09 AM,1572671109791
3.1791992 ,-10.484436 ,26.610565,23.55640239,87.29876846 ,33.948001098632815,82.36917382082028 ,10319.0,10:35:09 AM,1572671109797
-2.5508728 ,-14.080734 ,23.480865,23.55640239,87.29876846 ,33.948001098632815,82.36917382082028 ,10319.0,10:35:09 AM,1572671109800
-7.1647034 ,-6.722336 ,35.357483,23.55640239,87.29876846 ,33.948001098632815,82.36917382082028 ,10319.0,10:35:09 AM,1572671109806
-6.7923737 ,-1.2823639 ,24.699493,23.55640239,87.29876846 ,33.948001098632815,82.36917382082028 ,10319.0,10:35:09 AM,1572671109812
-0.20362854 ,0.11186218 ,-8.26738,23.55640239,87.29876846 ,33.948001098632815,82.36917382082028 ,10319.0,10:35:09 AM,1572671109814
5.413269 ,14.596649 ,-1.178833,23.55640239,87.29876846 ,33.948001098632815,82.36917382082028 ,10319.0,10:35:09 AM,1572671109819
4.430771 ,16.951706 ,-4.0131073,23.55640239,87.29876846 ,33.948001098632815,82.36917382082028 ,10319.0,10:35:09 AM,1572671109824
0.56466675 ,11.360001 ,-13.052231,23.55640239,87.29876846 ,33.948001098632815,82.36917382082028 ,10319.0,10:35:09 AM,1572671109829
-2.318283 ,10.285934 ,9.190811,23.55640239,87.29876846 ,33.948001098632815,82.36917382082028 ,10319.0,10:35:09 AM,1572671109835
-2.4167633 ,3.4697723 ,13.488052,23.55640239,87.29876846 ,33.948001098632815,82.36917382082028 ,10319.0,10:35:09 AM,1572671109839
0.10812378 ,1.7294464 ,12.828506,23.55640239,87.29876846 ,33.948001098632815,82.36917382082028 ,10319.0,10:35:09 AM,1572671109848
3.3681488 ,3.6432495 ,14.788849,23.55640239,87.29876846 ,33.948001098632815,82.36917382082028 ,10319.0,10:35:09 AM,1572671109849
4.5046997 ,2.723587 ,9.675735,23.55640239,87.29876846 ,33.948001098632815,82.36917382082028 ,10319.0,10:35:09 AM,1572671109852
0.2184906 ,0.28207397 ,12.094971,23.55640239,87.29876846 ,33.948001098632815,82.36917382082028 ,10319.0,10:35:09 AM,1572671109857
-4.82901 ,-1.5913544 ,19.31224,23.55640239,87.29876846 ,33.948001098632815,82.36917382082028 ,10319.0,10:35:09 AM,1572671109864
-4.5916595 ,0.7103424 ,17.508636,23.55640239,87.29876846 ,33.948001098632815,82.36917382082028 ,10319.0,10:35:09 AM,1572671109868
-0.75598145 ,8.151108 ,7.299774,23.55640239,87.29876846 ,33.948001098632815,82.36917382082028 ,10319.0,10:35:09 AM,1572671109873
0.96409607 ,14.622559 ,-7.1831512,23.55640239,87.29876846 ,33.948001098632815,82.36917382082028 ,10319.0,10:35:09 AM,1572671109879
0.21530151 ,17.876389 ,-15.943115,23.55640239,87.29876846 ,33.948001098632815,82.36917382082028 ,10319.0,10:35:09 AM,1572671109883
1.7301483 ,17.586304 ,-7.780411,23.55640239,87.29876846 ,33.948001098632815,82.36917382082028 ,10319.0,10:35:09 AM,1572671109887
4.6430206 ,10.202469 ,-0.5510559,23.55640239,87.29876846 ,33.948001098632815,82.36917382082028 ,10319.0,10:35:09 AM,1572671109892
2.6072998 ,4.0819855 ,10.184509,23.55640239,87.29876846 ,33.948001098632815,82.36917382082028 ,10319.0,10:35:09 AM,1572671109898
-3.733551 ,1.7393341 ,21.32962,23.55640239,87.29876846 ,33.948001098632815,82.36917382082028 ,10319.0,10:35:09 AM,1572671109901
-6.2490387 ,-3.5133362 ,9.309387,23.55640239,87.29876846 ,33.948001098632815,82.36917382082028 ,10319.0,10:35:09 AM,1572671109906
0.95036316 ,-3.4682922 ,10.099625,23.55640239,87.29876846 ,33.948001098632815,82.36917382082028 ,10319.0,10:35:09 AM,1572671109916
6.8256836 ,-1.7808838 ,27.072739,23.55640239,87.29876846 ,33.948001098632815,82.36917382082028 ,10319.0,10:35:09 AM,1572671109920
4.380493 ,-6.869751 ,15.287476,23.55640239,87.29876846 ,33.948001098632815,82.36917382082028 ,10319.0,10:35:09 AM,1572671109925
-2.8402863 ,-2.1349487 ,20.771957,23.55640239,87.29876846 ,33.948001098632815,82.36917382082028 ,10319.0,10:35:09 AM,1572671109930
-7.043152 ,5.7616425 ,21.183945,23.55640239,87.29876846 ,33.948001098632815,82.36917382082028 ,10319.0,10:35:09 AM,1572671109936
-5.1687775 ,7.527481 ,-9.98381,23.55640239,87.29876846 ,33.948001098632815,82.36917382082028 ,9765.0,10:35:09 AM,1572671109939
1.4243622 ,16.357285 ,-11.578247,23.55640239,87.29876846 ,33.948001098632815,82.36917382082028 ,9765.0,10:35:09 AM,1572671109947
6.0929413 ,18.104965 ,-0.46012878,23.55640239,87.29876846 ,33.948001098632815,82.36917382082028 ,9765.0,10:35:09 AM,1572671109949
6.2126007 ,8.908981 ,-7.651993,23.55640239,87.29876846 ,33.948001098632815,82.36917382082028 ,9765.0,10:35:09 AM,1572671109954
0.4310608 ,5.42305 ,12.916458,23.55640239,87.29876846 ,33.948001098632815,82.36917382082028 ,9765.0,10:35:09 AM,1572671109959
-5.378525 ,-0.6376343 ,23.383865,23.55640239,87.29876846 ,33.948001098632815,82.36917382082028 ,9765.0,10:35:09 AM,1572671109965
-3.9655457 ,-6.4809875 ,17.430527,23.55640239,87.29876846 ,33.948001098632815,82.36917382082028 ,9765.0,10:35:09 AM,1572671109969
