x,y,z,latitude,longitude,speed,sound,light,time,timestamp
8.477325 ,-2.2613678 ,25.451538,23.56396532,87.29881645 ,43.6319995880127,80.74900889312667 ,8953.0,10:33:37 AM,1572671017451
3.1809845 ,-4.0716553 ,28.876617,23.56396532,87.29881645 ,43.6319995880127,80.74900889312667 ,8953.0,10:33:37 AM,1572671017454
-4.6432495 ,-2.5256958 ,23.400894,23.56396532,87.29881645 ,43.6319995880127,80.74900889312667 ,8953.0,10:33:37 AM,1572671017458
-8.6219635 ,3.6670227 ,7.1962585,23.56396532,87.29881645 ,43.6319995880127,80.74900889312667 ,8953.0,10:33:37 AM,1572671017466
-4.984833 ,9.440109 ,-8.704514,23.56396532,87.29881645 ,43.6319995880127,80.74900889312667 ,8953.0,10:33:37 AM,1572671017468
2.8722687 ,14.468079 ,-9.913834,23.56396532,87.29881645 ,43.6319995880127,80.74900889312667 ,8953.0,10:33:37 AM,1572671017473
6.4608917 ,13.122147 ,-5.518921,23.56396532,87.29881645 ,43.6319995880127,80.74900889312667 ,8953.0,10:33:37 AM,1572671017477
3.0256195 ,8.912445 ,4.326767,23.56396532,87.29881645 ,43.6319995880127,80.74900889312667 ,8953.0,10:33:37 AM,1572671017483
-0.3035431 ,3.22937 ,11.611145,23.56396532,87.29881645 ,43.6319995880127,80.74900889312667 ,8953.0,10:33:37 AM,1572671017492
-0.9444885 ,-2.4916382 ,11.809692,23.56396532,87.29881645 ,43.6319995880127,80.74900889312667 ,8953.0,10:33:37 AM,1572671017501
-0.18927002 ,-3.1358032 ,17.816269,23.56396532,87.29881645 ,43.6319995880127,80.74900889312667 ,8953.0,10:33:37 AM,1572671017503
-1.5181427 ,-5.4400177 ,18.411697,23.56396532,87.29881645 ,43.6319995880127,80.74900889312667 ,9378.0,10:33:37 AM,1572671017507
-4.9338837 ,-3.2837372 ,26.292175,23.56396532,87.29881645 ,43.6319995880127,80.74900889312667 ,9378.0,10:33:37 AM,1572671017512
-5.108856 ,-0.23854065 ,26.535858,23.56396532,87.29881645 ,43.6319995880127,80.74900889312667 ,9378.0,10:33:37 AM,1572671017520
-0.4530487 ,2.864151 ,11.778046,23.56396532,87.29881645 ,43.6319995880127,80.74900889312667 ,9378.0,10:33:37 AM,1572671017523
4.49382 ,11.03627 ,3.455307,23.56396532,87.29881645 ,43.6319995880127,80.74900889312667 ,9378.0,10:33:37 AM,1572671017528
4.668045 ,16.322525 ,-5.8207397,23.56396532,87.29881645 ,43.6319995880127,80.74900889312667 ,9378.0,10:33:37 AM,1572671017534
0.8481903 ,17.427109 ,-10.410736,23.56396532,87.29881645 ,43.6319995880127,80.74900889312667 ,9378.0,10:33:37 AM,1572671017536
-0.8719177 ,14.081268 ,-8.810806,23.56396532,87.29881645 ,43.6319995880127,80.74900889312667 ,9378.0,10:33:37 AM,1572671017539
-0.11723328 ,11.022812 ,3.8466492,23.56396532,87.29881645 ,43.6319995880127,80.74900889312667 ,9378.0,10:33:37 AM,1572671017545
0.25331116 ,5.284027 ,3.6519318,23.56396532,87.29881645 ,43.6319995880127,80.74900889312667 ,9378.0,10:33:37 AM,1572671017550
-0.72125244 ,3.641098 ,7.807785,23.56396532,87.29881645 ,43.6319995880127,80.74900889312667 ,9378.0,10:33:37 AM,1572671017555
-0.60505676 ,2.6412811 ,9.05867,23.56396532,87.29881645 ,43.6319995880127,80.74900889312667 ,9378.0,10:33:37 AM,1572671017559
1.4079742 ,2.4911346 ,9.5699005,23.56396532,87.29881645 ,43.6319995880127,80.74900889312667 ,9378.0,10:33:37 AM,1572671017568
3.1499786 ,2.2524872 ,12.720749,23.56396532,87.29881645 ,43.6319995880127,80.74900889312667 ,9378.0,10:33:37 AM,1572671017570
3.2566986 ,1.6665955 ,14.25679,23.56396532,87.29881645 ,43.6319995880127,80.74900889312667 ,9378.0,10:33:37 AM,1572671017573
2.0798798 ,2.0583649 ,16.641098,23.56396532,87.29881645 ,43.6319995880127,80.74900889312667 ,9378.0,10:33:37 AM,1572671017577
-0.66851807 ,1.1161346 ,11.624496,23.56396532,87.29881645 ,43.6319995880127,80.74900889312667 ,9378.0,10:33:37 AM,1572671017585
-5.0870667 ,1.317215 ,10.603149,23.56396532,87.29881645 ,43.6319995880127,80.74900889312667 ,9378.0,10:33:37 AM,1572671017588
-6.4148254 ,1.4211273 ,9.9539795,23.56396532,87.29881645 ,43.6319995880127,80.74900889312667 ,9378.0,10:33:37 AM,1572671017592
-1.4778137 ,6.3823547 ,16.385376,23.56396532,87.29881645 ,43.6319995880127,80.74900889312667 ,9378.0,10:33:37 AM,1572671017600
3.8086243 ,9.396301 ,3.012619,23.56396532,87.29881645 ,43.6319995880127,80.74900889312667 ,9378.0,10:33:37 AM,1572671017603
0.7121887 ,13.776993 ,-7.619873,23.56396532,87.29881645 ,43.6319995880127,80.74900889312667 ,9378.0,10:33:37 AM,1572671017607
-6.0359497 ,15.73288 ,-5.204483,23.56396532,87.29881645 ,43.6319995880127,80.74900889312667 ,9378.0,10:33:37 AM,1572671017612
-5.2954254 ,10.959305 ,-7.17453,23.56396532,87.29881645 ,43.6319995880127,80.74900889312667 ,9378.0,10:33:37 AM,1572671017618
1.9554901 ,8.260056 ,12.644058,23.56396532,87.29881645 ,43.6319995880127,80.74900889312667 ,9378.0,10:33:37 AM,1572671017622
6.6617584 ,0.35092163 ,14.909348,23.56396532,87.29881645 ,43.6319995880127,80.74900889312667 ,9378.0,10:33:37 AM,1572671017634
5.0824127 ,-2.3453827 ,18.657913,23.56396532,87.29881645 ,43.6319995880127,80.74900889312667 ,9378.0,10:33:37 AM,1572671017636
1.5618439 ,-3.7756805 ,13.492538,23.56396532,87.29881645 ,43.6319995880127,80.74900889312667 ,9378.0,10:33:37 AM,1572671017641
-1.8092041 ,-0.9060669 ,18.491592,23.56396532,87.29881645 ,43.6319995880127,80.74900889312667 ,9378.0,10:33:37 AM,1572671017645
-2.6788788 ,1.18367 ,17.502243,23.56396532,87.29881645 ,43.6319995880127,80.74900889312667 ,9378.0,10:33:37 AM,1572671017651
-0.26417542 ,3.0168915 ,7.1436615,23.56396532,87.29881645 ,43.6319995880127,80.74900889312667 ,9378.0,10:33:37 AM,1572671017655
1.8971863 ,8.477921 ,3.6850128,23.56396532,87.29881645 ,43.6319995880127,80.74900889312667 ,9378.0,10:33:37 AM,1572671017659
1.372345 ,11.175186 ,-3.2606964,23.56396532,87.29881645 ,43.6319995880127,80.74900889312667 ,9378.0,10:33:37 AM,1572671017666
-0.5813141 ,11.782593 ,0.41020203,23.56396532,87.29881645 ,43.6319995880127,80.74900889312667 ,9378.0,10:33:37 AM,1572671017669
-0.0539093 ,7.2167664 ,4.327545,23.56396532,87.29881645 ,43.6319995880127,80.74900889312667 ,9378.0,10:33:37 AM,1572671017674
1.821991 ,2.974533 ,15.220551,23.56396532,87.29881645 ,43.6319995880127,80.74900889312667 ,9378.0,10:33:37 AM,1572671017678
2.1294556 ,-1.37854 ,19.628006,23.56396532,87.29881645 ,43.6319995880127,80.74900889312667 ,9378.0,10:33:37 AM,1572671017684
0.090026855 ,-2.3908386 ,19.815384,23.56396532,87.29881645 ,43.6319995880127,80.74900889312667 ,9378.0,10:33:37 AM,1572671017688
-2.4673767 ,-1.0480957 ,16.484528,23.56396532,87.29881645 ,43.6319995880127,80.74900889312667 ,9378.0,10:33:37 AM,1572671017693
-2.723526 ,2.6238403 ,13.031601,23.56396532,87.29881645 ,43.6319995880127,80.74900889312667 ,9291.0,10:33:37 AM,1572671017700
-0.6958618 ,8.504883 ,7.703766,23.56396532,87.29881645 ,43.6319995880127,80.74900889312667 ,9291.0,10:33:37 AM,1572671017703
-0.04058838 ,13.009933 ,-4.8402557,23.56396532,87.29881645 ,43.6319995880127,80.74900889312667 ,9291.0,10:33:37 AM,1572671017707
-1.5635986 ,16.491272 ,-9.942841,23.56396532,87.29881645 ,43.6319995880127,80.74900889312667 ,9291.0,10:33:37 AM,1572671017712
-0.8533478 ,14.847076 ,-13.219208,23.56396532,87.29881645 ,43.6319995880127,80.74900889312667 ,9291.0,10:33:37 AM,1572671017719
2.1911163 ,11.531265 ,0.28494263,23.56396532,87.29881645 ,43.6319995880127,80.74900889312667 ,9291.0,10:33:37 AM,1572671017722
3.90654 ,3.8172302 ,7.741638,23.56396532,87.29881645 ,43.6319995880127,80.74900889312667 ,9291.0,10:33:37 AM,1572671017727
2.5498962 ,-1.4561615 ,18.985474,23.56396532,87.29881645 ,43.6319995880127,80.74900889312667 ,9291.0,10:33:37 AM,1572671017734
1.1123047 ,-5.6248016 ,22.980179,23.56396532,87.29881645 ,43.6319995880127,80.74900889312667 ,9291.0,10:33:37 AM,1572671017736
0.62768555 ,-8.35524 ,19.92073,23.56396532,87.29881645 ,43.6319995880127,80.74900889312667 ,9291.0,10:33:37 AM,1572671017742
-1.6989594 ,-8.414551 ,25.597763,23.56396532,87.29881645 ,43.6319995880127,80.74900889312667 ,9291.0,10:33:37 AM,1572671017746
-2.9977417 ,-7.1563263 ,26.360031,23.56396532,87.29881645 ,43.6319995880127,80.74900889312667 ,9291.0,10:33:37 AM,1572671017753
-2.5675201 ,0.86587524 ,24.102325,23.56396532,87.29881645 ,43.6319995880127,80.74900889312667 ,9291.0,10:33:37 AM,1572671017756
-0.12826538 ,6.3897552 ,-1.818512,23.56396532,87.29881645 ,43.6319995880127,80.74900889312667 ,9291.0,10:33:37 AM,1572671017768
0.38786316 ,18.06871 ,-12.108017,23.56396532,87.29881645 ,43.6319995880127,80.74900889312667 ,9291.0,10:33:37 AM,1572671017770
0.102493286 ,23.556747 ,-18.955154,23.56396532,87.29881645 ,43.6319995880127,80.74900889312667 ,9291.0,10:33:37 AM,1572671017775
3.4643707 ,21.959549 ,-18.408737,23.56396532,87.29881645 ,43.6319995880127,80.74900889312667 ,9291.0,10:33:37 AM,1572671017779
6.0053253 ,14.414337 ,2.6252441,23.56396532,87.29881645 ,43.6319995880127,80.74900889312667 ,9291.0,10:33:37 AM,1572671017785
3.602356 ,2.5464325 ,9.306915,23.56396532,87.29881645 ,43.6319995880127,80.74900889312667 ,9291.0,10:33:37 AM,1572671017790
-2.2670288 ,-3.2789154 ,22.514465,23.56396532,87.29881645 ,43.6319995880127,80.74900889312667 ,9291.0,10:33:37 AM,1572671017795
-5.3753815 ,-6.6489105 ,22.741486,23.56396532,87.29881645 ,43.6319995880127,80.74900889312667 ,9291.0,10:33:37 AM,1572671017800
-4.7545166 ,-4.8106384 ,23.955994,23.56396532,87.29881645 ,43.6319995880127,80.74900889312667 ,9291.0,10:33:37 AM,1572671017805
-1.6063385 ,-4.137558 ,19.753342,23.56396532,87.29881645 ,43.6319995880127,80.74900889312667 ,9291.0,10:33:37 AM,1572671017809
1.4732361 ,-1.1258698 ,16.293045,23.56396532,87.29881645 ,43.6319995880127,80.74900889312667 ,9291.0,10:33:37 AM,1572671017813
1.3813019 ,3.3403625 ,8.211044,23.56396532,87.29881645 ,43.6319995880127,80.74900889312667 ,9291.0,10:33:37 AM,1572671017822
-0.57492065 ,7.595581 ,-1.9772949,23.56396532,87.29881645 ,43.6319995880127,85.01692693552738 ,9291.0,10:33:37 AM,1572671017825
-0.883728 ,12.797974 ,-1.5464172,23.56396532,87.29881645 ,43.6319995880127,85.01692693552738 ,9291.0,10:33:37 AM,1572671017828
1.8066711 ,13.194809 ,-4.21286,23.56396532,87.29881645 ,43.6319995880127,85.01692693552738 ,9291.0,10:33:37 AM,1572671017835
3.6231995 ,10.440842 ,-1.1632843,23.56396532,87.29881645 ,43.6319995880127,85.01692693552738 ,9291.0,10:33:37 AM,1572671017837
1.7485199 ,6.098984 ,6.81604,23.56396532,87.29881645 ,43.6319995880127,85.01692693552738 ,9291.0,10:33:37 AM,1572671017842
-1.2886658 ,2.5376587 ,14.624863,23.56396532,87.29881645 ,43.6319995880127,85.01692693552738 ,9291.0,10:33:37 AM,1572671017847
-1.4885864 ,-1.5337982 ,13.408936,23.56396532,87.29881645 ,43.6319995880127,85.01692693552738 ,9291.0,10:33:37 AM,1572671017853
0.7314606 ,-0.98587036 ,18.739899,23.56396532,87.29881645 ,43.6319995880127,85.01692693552738 ,9291.0,10:33:37 AM,1572671017857
2.8925323 ,0.5115509 ,18.03215,23.56396532,87.29881645 ,43.6319995880127,85.01692693552738 ,9291.0,10:33:37 AM,1572671017861
2.1051636 ,4.046036 ,11.608368,23.56396532,87.29881645 ,43.6319995880127,85.01692693552738 ,9291.0,10:33:37 AM,1572671017868
-1.7980957 ,9.247955 ,6.2458954,23.56396532,87.29881645 ,43.6319995880127,85.01692693552738 ,9291.0,10:33:37 AM,1572671017871
-4.1203003 ,11.854721 ,-7.568405,23.56396532,87.29881645 ,43.6319995880127,85.01692693552738 ,9291.0,10:33:37 AM,1572671017876
-2.1226654 ,14.750916 ,-5.149338,23.56396532,87.29881645 ,43.6319995880127,85.01692693552738 ,9291.0,10:33:37 AM,1572671017881
3.8334503 ,9.592743 ,-7.895157,23.56396532,87.29881645 ,43.6319995880127,85.01692693552738 ,9291.0,10:33:37 AM,1572671017886
5.4082184 ,6.273697 ,12.168457,23.56396532,87.29881645 ,43.6319995880127,85.01692693552738 ,9291.0,10:33:37 AM,1572671017890
1.6141205 ,-1.1203156 ,17.003128,23.56396532,87.29881645 ,43.6319995880127,85.01692693552738 ,9291.0,10:33:37 AM,1572671017896
-5.6507263 ,-3.739334 ,22.449203,23.56396532,87.29881645 ,43.6319995880127,85.01692693552738 ,9007.0,10:33:37 AM,1572671017906
-8.596405 ,-4.2625732 ,18.615265,23.56396532,87.29881645 ,43.6319995880127,85.01692693552738 ,9007.0,10:33:37 AM,1572671017910
-3.29953 ,-2.4699097 ,13.521469,23.56396532,87.29881645 ,43.6319995880127,85.01692693552738 ,9007.0,10:33:37 AM,1572671017915
4.8720856 ,3.4317474 ,16.49118,23.56396532,87.29881645 ,43.6319995880127,85.01692693552738 ,9007.0,10:33:37 AM,1572671017920
6.6562347 ,5.1389923 ,8.475388,23.56396532,87.29881645 ,43.6319995880127,85.01692693552738 ,9007.0,10:33:37 AM,1572671017924
1.1446381 ,6.290863 ,5.225525,23.56396532,87.29881645 ,43.6319995880127,85.01692693552738 ,9007.0,10:33:37 AM,1572671017929
-2.210556 ,8.981628 ,6.450165,23.56396532,87.29881645 ,43.6319995880127,85.01692693552738 ,9007.0,10:33:37 AM,1572671017939
-0.8691101 ,12.409576 ,7.894333,23.56396532,87.29881645 ,43.6319995880127,85.01692693552738 ,9007.0,10:33:37 AM,1572671017941
0.33901978 ,11.162842 ,-1.5013885,23.56396532,87.29881645 ,43.6319995880127,85.01692693552738 ,9007.0,10:33:37 AM,1572671017944
