x,y,z,latitude,longitude,speed,sound,light,time,timestamp
-3.649643 ,4.2501526 ,-1.6904144,23.54288159,87.29713476 ,12.923999691009522,69.99301973221955 ,2.0,21:37:31 PM,1574006851180
-5.6047516 ,7.4561462 ,-5.3935394,23.54288159,87.29713476 ,12.923999691009522,69.99301973221955 ,2.0,21:37:31 PM,1574006851187
-1.9264069 ,11.060135 ,-12.71553,23.54288159,87.29713476 ,12.923999691009522,69.99301973221955 ,2.0,21:37:31 PM,1574006851190
-0.5717926 ,14.349823 ,-15.285629,23.54288159,87.29713476 ,12.923999691009522,69.99301973221955 ,2.0,21:37:31 PM,1574006851194
-0.7403412 ,14.4118805 ,-15.576874,23.54288159,87.29713476 ,12.923999691009522,69.99301973221955 ,2.0,21:37:31 PM,1574006851199
2.171936 ,12.007278 ,-14.122131,23.54288159,87.29713476 ,12.923999691009522,69.99301973221955 ,2.0,21:37:31 PM,1574006851204
3.804306 ,9.069504 ,-4.0379944,23.54288159,87.29713476 ,12.923999691009522,69.99301973221955 ,2.0,21:37:31 PM,1574006851209
-0.7116699 ,4.564087 ,3.2344513,23.54288159,87.29713476 ,12.923999691009522,69.99301973221955 ,2.0,21:37:31 PM,1574006851214
-5.0173187 ,1.2765198 ,0.9413147,23.54288159,87.29713476 ,12.923999691009522,69.99301973221955 ,2.0,21:37:31 PM,1574006851223
-3.406128 ,3.7469177 ,-2.7329712,23.54288159,87.29713476 ,12.923999691009522,69.99301973221955 ,2.0,21:37:31 PM,1574006851225
2.1700745 ,11.428558 ,8.889343,23.54288159,87.29713476 ,12.923999691009522,69.99301973221955 ,2.0,21:37:31 PM,1574006851230
6.7827606 ,12.914612 ,1.244751,23.54288159,87.29713476 ,12.923999691009522,69.99301973221955 ,2.0,21:37:31 PM,1574006851234
7.534912 ,10.001678 ,-13.795319,23.54288159,87.29713476 ,12.923999691009522,69.99301973221955 ,2.0,21:37:31 PM,1574006851239
3.881424 ,15.054489 ,4.330551,23.54288159,87.29713476 ,12.923999691009522,69.99301973221955 ,2.0,21:37:31 PM,1574006851247
-1.7844543 ,8.672546 ,1.4763794,23.54288159,87.29713476 ,12.923999691009522,69.99301973221955 ,2.0,21:37:31 PM,1574006851256
-3.9721985 ,7.150543 ,4.6735687,23.54288159,87.29713476 ,12.923999691009522,69.99301973221955 ,2.0,21:37:31 PM,1574006851257
-1.5868988 ,5.298279 ,-1.635315,23.54288159,87.29713476 ,12.923999691009522,69.99301973221955 ,2.0,21:37:31 PM,1574006851261
3.6717682 ,9.616653 ,-0.65870667,23.54288159,87.29713476 ,12.923999691009522,69.99301973221955 ,2.0,21:37:31 PM,1574006851266
6.6332397 ,12.045578 ,-7.143341,23.54288159,87.29713476 ,12.923999691009522,69.99301973221955 ,2.0,21:37:31 PM,1574006851272
5.758133 ,15.671066 ,-6.087372,23.54288159,87.29713476 ,12.923999691009522,69.99301973221955 ,2.0,21:37:31 PM,1574006851276
2.604721 ,15.324127 ,-8.610397,23.54288159,87.29713476 ,12.923999691009522,69.99301973221955 ,2.0,21:37:31 PM,1574006851280
-0.5316467 ,14.997467 ,-3.867447,23.54288159,87.29713476 ,12.923999691009522,69.99301973221955 ,2.0,21:37:31 PM,1574006851288
-1.7596436 ,10.212616 ,-3.3640137,23.54288159,87.29713476 ,12.923999691009522,69.99301973221955 ,2.0,21:37:31 PM,1574006851290
-0.062423706 ,7.1677094 ,4.7905273,23.54288159,87.29713476 ,12.923999691009522,69.99301973221955 ,2.0,21:37:31 PM,1574006851294
2.723236 ,4.6858215 ,8.181808,23.54288159,87.29713476 ,12.923999691009522,69.99301973221955 ,2.0,21:37:31 PM,1574006851299
4.7910767 ,4.6515045 ,4.004898,23.54288159,87.29713476 ,12.923999691009522,77.97715871254941 ,2.0,21:37:31 PM,1574006851306
4.486801 ,8.033524 ,0.59365845,23.54288159,87.29713476 ,12.923999691009522,77.97715871254941 ,2.0,21:37:31 PM,1574006851309
1.0975189 ,10.674042 ,-2.2530823,23.54288159,87.29713476 ,12.923999691009522,77.97715871254941 ,2.0,21:37:31 PM,1574006851314
-1.7960205 ,13.346924 ,-0.3553772,23.54288159,87.29713476 ,12.923999691009522,77.97715871254941 ,2.0,21:37:31 PM,1574006851319
-1.4814606 ,12.702957 ,-4.2986298,23.54288159,87.29713476 ,12.923999691009522,77.97715871254941 ,2.0,21:37:31 PM,1574006851324
0.6563873 ,11.139053 ,-6.0907745,23.54288159,87.29713476 ,12.923999691009522,77.97715871254941 ,2.0,21:37:31 PM,1574006851328
2.1672058 ,9.544342 ,0.25611877,23.54288159,87.29713476 ,12.923999691009522,77.97715871254941 ,2.0,21:37:31 PM,1574006851334
2.0424805 ,6.4861145 ,0.36509705,23.54288159,87.29713476 ,12.923999691009522,77.97715871254941 ,1.0,21:37:31 PM,1574006851342
0.9950714 ,6.1179504 ,-0.51194763,23.54288159,87.29713476 ,12.923999691009522,77.97715871254941 ,1.0,21:37:31 PM,1574006851347
-0.6312866 ,8.496857 ,-2.824829,23.54288159,87.29713476 ,12.923999691009522,77.97715871254941 ,1.0,21:37:31 PM,1574006851349
-1.3272552 ,10.913986 ,-5.6917267,23.54288159,87.29713476 ,12.923999691009522,77.97715871254941 ,1.0,21:37:31 PM,1574006851352
0.29345703 ,13.134506 ,-2.78508,23.54288159,87.29713476 ,12.923999691009522,77.97715871254941 ,1.0,21:37:31 PM,1574006851357
2.575821 ,8.295898 ,-10.182617,23.54288159,87.29713476 ,12.923999691009522,77.97715871254941 ,1.0,21:37:31 PM,1574006851362
4.096161 ,8.021973 ,-0.89308167,23.54288159,87.29713476 ,12.923999691009522,77.97715871254941 ,1.0,21:37:31 PM,1574006851366
3.1283722 ,8.250717 ,9.526489,23.54288159,87.29713476 ,12.923999691009522,77.97715871254941 ,1.0,21:37:31 PM,1574006851378
-0.54382324 ,2.6334229 ,-6.2117615,23.54288159,87.29713476 ,12.923999691009522,77.97715871254941 ,1.0,21:37:31 PM,1574006851382
-3.2485046 ,6.0048523 ,-0.8008423,23.54288159,87.29713476 ,12.923999691009522,77.97715871254941 ,1.0,21:37:31 PM,1574006851387
-4.246063 ,9.432571 ,2.4900208,23.54288159,87.29713476 ,12.923999691009522,77.97715871254941 ,1.0,21:37:31 PM,1574006851393
-2.6893158 ,11.331284 ,-4.5351562,23.54288159,87.29713476 ,12.923999691009522,77.97715871254941 ,1.0,21:37:31 PM,1574006851396
2.0469055 ,12.0525055 ,-10.765839,23.54288159,87.29713476 ,12.923999691009522,77.97715871254941 ,1.0,21:37:31 PM,1574006851401
5.6970825 ,12.538559 ,-8.869507,23.54288159,87.29713476 ,12.923999691009522,77.97715871254941 ,1.0,21:37:31 PM,1574006851408
5.216873 ,11.128983 ,-2.0178528,23.54288159,87.29713476 ,12.923999691009522,77.97715871254941 ,1.0,21:37:31 PM,1574006851410
1.9029236 ,6.657913 ,-7.3356323,23.54288159,87.29713476 ,12.923999691009522,77.97715871254941 ,1.0,21:37:31 PM,1574006851417
-1.2875214 ,7.6415405 ,0.5484314,23.54288159,87.29713476 ,12.923999691009522,77.97715871254941 ,1.0,21:37:31 PM,1574006851424
-3.681244 ,7.2241364 ,2.4188995,23.54288159,87.29713476 ,12.923999691009522,77.97715871254941 ,1.0,21:37:31 PM,1574006851427
-3.4302063 ,6.8191833 ,0.5262451,23.54288159,87.29713476 ,12.923999691009522,77.97715871254941 ,1.0,21:37:31 PM,1574006851433
-0.4484253 ,7.91922 ,2.2377625,23.54288159,87.29713476 ,12.923999691009522,77.97715871254941 ,1.0,21:37:31 PM,1574006851436
1.5193329 ,7.4633484 ,-0.08831787,23.54288159,87.29713476 ,12.923999691009522,77.97715871254941 ,1.0,21:37:31 PM,1574006851443
1.6880035 ,5.9557037 ,-5.2708435,23.54288159,87.29713476 ,12.923999691009522,77.97715871254941 ,1.0,21:37:31 PM,1574006851445
1.4860535 ,8.17598 ,-2.706955,23.54288159,87.29713476 ,12.923999691009522,77.97715871254941 ,1.0,21:37:31 PM,1574006851449
0.5782471 ,9.874664 ,-4.756317,23.54288159,87.29713476 ,12.923999691009522,77.97715871254941 ,1.0,21:37:31 PM,1574006851455
0.1834259 ,14.4440155 ,-6.095566,23.54288159,87.29713476 ,12.923999691009522,77.97715871254941 ,1.0,21:37:31 PM,1574006851460
1.2575531 ,18.957703 ,-6.321289,23.54288159,87.29713476 ,12.923999691009522,77.97715871254941 ,1.0,21:37:31 PM,1574006851463
2.0841217 ,21.857895 ,-7.8461304,23.54288159,87.29713476 ,12.923999691009522,77.97715871254941 ,1.0,21:37:31 PM,1574006851467
2.9628906 ,20.029144 ,-6.6418915,23.54288159,87.29713476 ,12.923999691009522,77.97715871254941 ,1.0,21:37:31 PM,1574006851474
3.259079 ,17.204529 ,2.871582,23.54288159,87.29713476 ,12.923999691009522,77.97715871254941 ,1.0,21:37:31 PM,1574006851477
1.2791748 ,8.3632965 ,3.3862152,23.54288159,87.29713476 ,12.923999691009522,77.97715871254941 ,1.0,21:37:31 PM,1574006851481
-0.4113922 ,2.299942 ,4.8539886,23.54288159,87.29713476 ,12.923999691009522,77.97715871254941 ,1.0,21:37:31 PM,1574006851486
-0.14320374 ,1.5492859 ,12.828293,23.54288159,87.29713476 ,12.923999691009522,77.97715871254941 ,1.0,21:37:31 PM,1574006851492
0.15689087 ,-0.7563629 ,2.8131104,23.54288159,87.29713476 ,12.923999691009522,77.97715871254941 ,1.0,21:37:31 PM,1574006851497
1.4786835 ,6.819229 ,9.427017,23.54288159,87.29713476 ,12.923999691009522,77.97715871254941 ,1.0,21:37:31 PM,1574006851501
2.4846802 ,10.220734 ,0.3757782,23.54288159,87.29713476 ,12.923999691009522,77.97715871254941 ,1.0,21:37:31 PM,1574006851512
3.2324371 ,15.210022 ,-2.3466644,23.54288159,87.29713476 ,12.923999691009522,77.97715871254941 ,1.0,21:37:31 PM,1574006851516
3.152298 ,14.038681 ,-4.8022614,23.54288159,87.29713476 ,12.923999691009522,77.97715871254941 ,1.0,21:37:31 PM,1574006851521
2.395218 ,13.491058 ,0.4187317,23.54288159,87.29713476 ,12.923999691009522,77.97715871254941 ,1.0,21:37:31 PM,1574006851526
1.4537048 ,8.510834 ,-5.8786926,23.54288159,87.29713476 ,12.923999691009522,77.97715871254941 ,1.0,21:37:31 PM,1574006851530
0.74627686 ,8.832916 ,-3.2064056,23.54288159,87.29713476 ,12.923999691009522,77.97715871254941 ,1.0,21:37:31 PM,1574006851536
-0.65112305 ,6.6792297 ,-12.81778,23.54288159,87.29713476 ,12.923999691009522,77.97715871254941 ,1.0,21:37:31 PM,1574006851542
-1.006485 ,12.012268 ,-15.665894,23.54288159,87.29713476 ,12.923999691009522,77.97715871254941 ,1.0,21:37:31 PM,1574006851545
-1.0023956 ,18.170227 ,-16.559235,23.54288159,87.29713476 ,12.923999691009522,77.97715871254941 ,1.0,21:37:31 PM,1574006851549
-1.0186615 ,22.450165 ,-12.295944,23.54288159,87.29713476 ,12.923999691009522,77.97715871254941 ,1.0,21:37:31 PM,1574006851555
0.4460907 ,21.001099 ,-5.518158,23.54288159,87.29713476 ,12.923999691009522,77.97715871254941 ,1.0,21:37:31 PM,1574006851560
2.105301 ,15.47139 ,0.4035492,23.54288159,87.29713476 ,12.923999691009522,77.97715871254941 ,1.0,21:37:31 PM,1574006851563
1.9095917 ,7.351822 ,1.6280975,23.54288159,87.29713476 ,12.923999691009522,77.97715871254941 ,1.0,21:37:31 PM,1574006851568
0.34075928 ,-0.14381409 ,0.6505127,23.54288159,87.29713476 ,12.923999691009522,77.97715871254941 ,1.0,21:37:31 PM,1574006851574
-1.3063812 ,-3.638321 ,0.6257324,23.54288159,87.29713476 ,12.923999691009522,77.97715871254941 ,1.0,21:37:31 PM,1574006851578
-2.1154633 ,-1.7780457 ,1.4958496,23.54288159,87.29713476 ,12.923999691009522,77.97715871254941 ,1.0,21:37:31 PM,1574006851582
-2.2244568 ,6.526581 ,5.2700195,23.54288159,87.29713476 ,12.923999691009522,77.97715871254941 ,1.0,21:37:31 PM,1574006851587
-1.4440155 ,14.981445 ,4.8112183,23.54288159,87.29713476 ,12.923999691009522,77.97715871254941 ,1.0,21:37:31 PM,1574006851593
0.5303192 ,20.202148 ,2.1768188,23.54288159,87.29713476 ,12.923999691009522,77.97715871254941 ,1.0,21:37:31 PM,1574006851598
3.4831696 ,16.410507 ,-4.457428,23.54288159,87.29713476 ,12.923999691009522,77.97715871254941 ,1.0,21:37:31 PM,1574006851602
6.0931244 ,11.181244 ,0.4980011,23.54288159,87.29713476 ,12.923999691009522,77.97715871254941 ,1.0,21:37:31 PM,1574006851610
5.110092 ,-1.3973236 ,-10.581512,23.54288159,87.29713476 ,12.923999691009522,77.97715871254941 ,1.0,21:37:31 PM,1574006851613
0.7081299 ,-3.335968 ,-2.959732,23.54288159,87.29713476 ,12.923999691009522,77.97715871254941 ,1.0,21:37:31 PM,1574006851616
-4.6915283 ,-4.5845337 ,-3.4587708,23.54288159,87.29713476 ,12.923999691009522,77.97715871254941 ,1.0,21:37:31 PM,1574006851621
-5.734009 ,4.269516 ,3.8283234,23.54288159,87.29713476 ,12.923999691009522,77.97715871254941 ,1.0,21:37:31 PM,1574006851626
-1.1429749 ,12.74498 ,6.4559174,23.54288159,87.29713476 ,12.923999691009522,77.97715871254941 ,1.0,21:37:31 PM,1574006851630
5.227707 ,21.948868 ,6.9325256,23.54288159,87.29713476 ,12.923999691009522,77.97715871254941 ,1.0,21:37:31 PM,1574006851643
9.7847595 ,19.060867 ,-10.26059,23.54288159,87.29713476 ,12.923999691009522,77.97715871254941 ,1.0,21:37:31 PM,1574006851646
12.146027 ,17.054916 ,-5.839203,23.54288159,87.29713476 ,12.923999691009522,77.97715871254941 ,1.0,21:37:31 PM,1574006851650
8.344147 ,5.1733246 ,-11.74382,23.54288159,87.29713476 ,12.923999691009522,77.97715871254941 ,1.0,21:37:31 PM,1574006851655
-0.17163086 ,-2.8881836 ,-3.0888367,23.54288159,87.29713476 ,12.923999691009522,77.97715871254941 ,1.0,21:37:31 PM,1574006851661
-7.0112305 ,-7.248764 ,6.8483276,23.54288159,87.29713476 ,12.923999691009522,77.97715871254941 ,1.0,21:37:31 PM,1574006851665
-7.315277 ,-4.4552155 ,18.818253,23.54288159,87.29713476 ,12.923999691009522,77.97715871254941 ,1.0,21:37:31 PM,1574006851670
-1.6970367 ,2.3286133 ,19.02829,23.54288159,87.29713476 ,12.923999691009522,77.97715871254941 ,1.0,21:37:31 PM,1574006851679
