x,y,z,latitude,longitude,speed,sound,light,time,timestamp
-9.738724 ,30.902557 ,-9.763916,23.54961605,87.29936122 ,40.068000411987306,87.67068342719153 ,0.0,21:12:03 PM,1574005323367
3.2319946 ,31.092255 ,-1.2510986,23.54961605,87.29936122 ,40.068000411987306,87.67068342719153 ,0.0,21:12:03 PM,1574005323372
16.029709 ,24.527115 ,12.39563,23.54961605,87.29936122 ,40.068000411987306,87.67068342719153 ,0.0,21:12:03 PM,1574005323377
19.220963 ,18.986618 ,30.476578,23.54961605,87.29936122 ,40.068000411987306,87.67068342719153 ,0.0,21:12:03 PM,1574005323384
11.298767 ,3.7415009 ,8.406891,23.54961605,87.29936122 ,40.068000411987306,87.67068342719153 ,0.0,21:12:03 PM,1574005323386
1.0602722 ,0.7034607 ,11.494858,23.54961605,87.29936122 ,40.068000411987306,87.67068342719153 ,0.0,21:12:03 PM,1574005323391
-6.541321 ,-5.6982574 ,5.38089,23.54961605,87.29936122 ,40.068000411987306,87.67068342719153 ,0.0,21:12:03 PM,1574005323396
-9.633835 ,-4.206894 ,8.246246,23.54961605,87.29936122 ,40.068000411987306,87.67068342719153 ,0.0,21:12:03 PM,1574005323401
-7.97876 ,1.1349945 ,3.5885315,23.54961605,87.29936122 ,40.068000411987306,87.67068342719153 ,0.0,21:12:03 PM,1574005323410
-5.9522095 ,16.368347 ,0.8223877,23.54961605,87.29936122 ,40.068000411987306,87.67068342719153 ,0.0,21:12:03 PM,1574005323419
-8.456177 ,25.06865 ,-4.7844696,23.54961605,87.29936122 ,40.068000411987306,87.67068342719153 ,0.0,21:12:03 PM,1574005323422
-10.099152 ,19.19226 ,-25.165924,23.54961605,87.29936122 ,40.068000411987306,87.67068342719153 ,0.0,21:12:03 PM,1574005323426
-1.7865143 ,17.933548 ,2.7778778,23.54961605,87.29936122 ,40.068000411987306,87.67068342719153 ,0.0,21:12:03 PM,1574005323434
8.5794525 ,1.4096375 ,-7.6799927,23.54961605,87.29936122 ,40.068000411987306,87.67068342719153 ,0.0,21:12:03 PM,1574005323436
12.354553 ,-2.1576385 ,12.205032,23.54961605,87.29936122 ,40.068000411987306,87.67068342719153 ,0.0,21:12:03 PM,1574005323443
9.070297 ,-9.737274 ,1.6722565,23.54961605,87.29936122 ,40.068000411987306,87.67068342719153 ,0.0,21:12:03 PM,1574005323446
5.063904 ,-5.700409 ,-5.7604065,23.54961605,87.29936122 ,40.068000411987306,87.67068342719153 ,0.0,21:12:03 PM,1574005323454
1.0439911 ,0.7041626 ,-20.352493,23.54961605,87.29936122 ,40.068000411987306,87.67068342719153 ,0.0,21:12:03 PM,1574005323455
-4.98024 ,15.495514 ,-16.94458,23.54961605,87.29936122 ,40.068000411987306,87.67068342719153 ,0.0,21:12:03 PM,1574005323458
-9.575531 ,27.06218 ,-15.084534,23.54961605,87.29936122 ,40.068000411987306,87.67068342719153 ,0.0,21:12:03 PM,1574005323463
-7.9073486 ,30.703842 ,-18.798126,23.54961605,87.29936122 ,40.068000411987306,87.67068342719153 ,0.0,21:12:03 PM,1574005323468
-0.77845764 ,24.298645 ,-13.717453,23.54961605,87.29936122 ,40.068000411987306,87.67068342719153 ,0.0,21:12:03 PM,1574005323472
5.4433594 ,7.5895996 ,-11.58699,23.54961605,87.29936122 ,40.068000411987306,87.67068342719153 ,0.0,21:12:03 PM,1574005323477
7.9548492 ,-1.6394043 ,8.232864,23.54961605,87.29936122 ,40.068000411987306,87.67068342719153 ,0.0,21:12:03 PM,1574005323484
7.2430725 ,-9.213745 ,15.133591,23.54961605,87.29936122 ,40.068000411987306,87.67068342719153 ,0.0,21:12:03 PM,1574005323487
5.205902 ,-9.260925 ,16.777008,23.54961605,87.29936122 ,40.068000411987306,87.67068342719153 ,0.0,21:12:03 PM,1574005323491
2.8533478 ,1.7376556 ,18.68814,23.54961605,87.29936122 ,40.068000411987306,87.67068342719153 ,0.0,21:12:03 PM,1574005323498
-2.6811676 ,14.898987 ,8.978836,23.54961605,87.29936122 ,40.068000411987306,87.67068342719153 ,0.0,21:12:03 PM,1574005323504
-10.892792 ,26.168457 ,-0.3397827,23.54961605,87.29936122 ,40.068000411987306,87.67068342719153 ,0.0,21:12:03 PM,1574005323506
-14.6931 ,27.334488 ,-8.83934,23.54961605,87.29936122 ,40.068000411987306,87.67068342719153 ,0.0,21:12:03 PM,1574005323511
-8.228897 ,24.747818 ,3.586609,23.54961605,87.29936122 ,40.068000411987306,87.67068342719153 ,0.0,21:12:03 PM,1574005323518
1.2987671 ,11.002853 ,0.696579,23.54961605,87.29936122 ,40.068000411987306,87.67068342719153 ,0.0,21:12:03 PM,1574005323521
5.7236633 ,-1.7818604 ,-5.69606,23.54961605,87.29936122 ,40.068000411987306,87.67068342719153 ,0.0,21:12:03 PM,1574005323525
8.02861 ,-7.476959 ,-2.5768738,23.54961605,87.29936122 ,40.068000411987306,87.67068342719153 ,0.0,21:12:03 PM,1574005323529
9.489853 ,-7.8655243 ,-9.6892395,23.54961605,87.29936122 ,40.068000411987306,87.67068342719153 ,0.0,21:12:03 PM,1574005323538
5.1200104 ,1.5482635 ,-17.240616,23.54961605,87.29936122 ,40.068000411987306,87.67068342719153 ,0.0,21:12:03 PM,1574005323545
-5.8056335 ,19.243332 ,-3.8894958,23.54961605,87.29936122 ,40.068000411987306,87.67068342719153 ,0.0,21:12:03 PM,1574005323552
-16.156754 ,28.842072 ,-10.93544,23.54961605,87.29936122 ,40.068000411987306,87.67068342719153 ,0.0,21:12:03 PM,1574005323556
-13.842941 ,25.840942 ,-25.285324,23.54961605,87.29936122 ,40.068000411987306,87.67068342719153 ,0.0,21:12:03 PM,1574005323559
1.7835693 ,23.116837 ,-2.3435974,23.54961605,87.29936122 ,40.068000411987306,87.67068342719153 ,0.0,21:12:03 PM,1574005323564
16.276215 ,11.546646 ,3.289032,23.54961605,87.29936122 ,40.068000411987306,87.67068342719153 ,0.0,21:12:03 PM,1574005323573
19.58908 ,6.1065216 ,17.68628,23.54961605,87.29936122 ,40.068000411987306,87.67068342719153 ,0.0,21:12:03 PM,1574005323575
12.645767 ,-0.7320862 ,21.640854,23.54961605,87.29936122 ,40.068000411987306,87.67068342719153 ,0.0,21:12:03 PM,1574005323579
2.1049042 ,-3.141449 ,21.02774,23.54961605,87.29936122 ,40.068000411987306,87.67068342719153 ,0.0,21:12:03 PM,1574005323587
-6.0663605 ,-0.7744293 ,14.8293,23.54961605,87.29936122 ,40.068000411987306,87.67068342719153 ,0.0,21:12:03 PM,1574005323589
-10.8112335 ,5.789673 ,0.5292969,23.54961605,87.29936122 ,40.068000411987306,87.67068342719153 ,0.0,21:12:03 PM,1574005323592
-10.368988 ,11.283768 ,-18.025116,23.54961605,87.29936122 ,40.068000411987306,87.67068342719153 ,0.0,21:12:03 PM,1574005323597
-4.298218 ,15.641678 ,-16.94336,23.54961605,87.29936122 ,40.068000411987306,87.67068342719153 ,0.0,21:12:03 PM,1574005323603
3.2374878 ,13.325485 ,-8.409317,23.54961605,87.29936122 ,40.068000411987306,87.67068342719153 ,0.0,21:12:03 PM,1574005323607
5.374771 ,6.7212524 ,-9.574402,23.54961605,87.29936122 ,40.068000411987306,87.67068342719153 ,0.0,21:12:03 PM,1574005323611
-0.13328552 ,5.227661 ,-10.204681,23.54961605,87.29936122 ,40.068000411987306,87.67068342719153 ,0.0,21:12:03 PM,1574005323619
-7.3485413 ,6.6341553 ,-8.138306,23.54961605,87.29936122 ,40.068000411987306,87.67068342719153 ,0.0,21:12:03 PM,1574005323621
-8.01387 ,6.7401733 ,-7.810501,23.54961605,87.29936122 ,40.068000411987306,87.67068342719153 ,0.0,21:12:03 PM,1574005323626
-1.3645935 ,6.8993073 ,-1.3739319,23.54961605,87.29936122 ,40.068000411987306,87.67068342719153 ,0.0,21:12:03 PM,1574005323630
5.572418 ,5.547348 ,-6.151367,23.54961605,87.29936122 ,40.068000411987306,87.67068342719153 ,0.0,21:12:03 PM,1574005323638
9.551056 ,11.128479 ,-4.347931,23.54961605,87.29936122 ,40.068000411987306,87.67068342719153 ,0.0,21:12:03 PM,1574005323642
9.244568 ,15.2153015 ,-7.058716,23.54961605,87.29936122 ,40.068000411987306,87.67068342719153 ,0.0,21:12:03 PM,1574005323648
4.8536224 ,17.992264 ,-1.0135498,23.54961605,87.29936122 ,40.068000411987306,87.67068342719153 ,0.0,21:12:03 PM,1574005323654
-0.83377075 ,13.890915 ,1.5121002,23.54961605,87.29936122 ,40.068000411987306,87.67068342719153 ,0.0,21:12:03 PM,1574005323656
-4.5573273 ,7.253723 ,-4.188858,23.54961605,87.29936122 ,40.068000411987306,87.67068342719153 ,0.0,21:12:03 PM,1574005323660
-3.254776 ,4.3042603 ,-1.9228973,23.54961605,87.29936122 ,40.068000411987306,87.67068342719153 ,0.0,21:12:03 PM,1574005323665
-0.0140686035 ,-0.40907288 ,-4.7848816,23.54961605,87.29936122 ,40.068000411987306,87.67068342719153 ,0.0,21:12:03 PM,1574005323676
2.0933533 ,2.2737122 ,6.664795,23.54961605,87.29936122 ,40.068000411987306,87.67068342719153 ,0.0,21:12:03 PM,1574005323679
1.9766235 ,6.4252167 ,6.1460266,23.54961605,87.29936122 ,40.068000411987306,87.67068342719153 ,0.0,21:12:03 PM,1574005323689
0.75894165 ,14.538742 ,9.051758,23.54961605,87.29936122 ,40.068000411987306,87.67068342719153 ,0.0,21:12:03 PM,1574005323693
-0.41104126 ,18.845917 ,7.285736,23.54961605,87.29936122 ,40.068000411987306,87.67068342719153 ,0.0,21:12:03 PM,1574005323695
-1.4021912 ,21.36589 ,4.4725647,23.54961605,87.29936122 ,40.068000411987306,87.67068342719153 ,0.0,21:12:03 PM,1574005323698
-3.0010986 ,17.951767 ,1.5292358,23.54961605,87.29936122 ,40.068000411987306,87.67068342719153 ,0.0,21:12:03 PM,1574005323703
-5.7317047 ,3.5870972 ,-12.552109,23.54961605,87.29936122 ,40.068000411987306,87.67068342719153 ,0.0,21:12:03 PM,1574005323708
-3.580307 ,-7.771698 ,-13.892258,23.54961605,87.29936122 ,40.068000411987306,87.67068342719153 ,0.0,21:12:03 PM,1574005323712
4.756912 ,-11.979904 ,-10.609222,23.54961605,87.29936122 ,40.068000411987306,87.67068342719153 ,0.0,21:12:03 PM,1574005323724
9.767395 ,-7.7398376 ,-14.190765,23.54961605,87.29936122 ,40.068000411987306,87.67068342719153 ,0.0,21:12:03 PM,1574005323726
4.066757 ,10.575592 ,2.81958,23.54961605,87.29936122 ,40.068000411987306,87.67068342719153 ,0.0,21:12:03 PM,1574005323727
-8.907837 ,24.878708 ,0.021560669,23.54961605,87.29936122 ,40.068000411987306,87.67068342719153 ,0.0,21:12:03 PM,1574005323730
-15.600342 ,37.855316 ,-2.5077972,23.54961605,87.29936122 ,40.068000411987306,87.67068342719153 ,0.0,21:12:03 PM,1574005323736
-8.104095 ,39.148376 ,-4.003647,23.54961605,87.29936122 ,40.068000411987306,87.67068342719153 ,0.0,21:12:03 PM,1574005323740
7.812149 ,33.405792 ,4.9038696,23.54961605,87.29936122 ,40.068000411987306,87.67068342719153 ,0.0,21:12:03 PM,1574005323745
17.612442 ,20.213943 ,13.525085,23.54961605,87.29936122 ,40.068000411987306,87.67068342719153 ,0.0,21:12:03 PM,1574005323752
16.233078 ,-1.7301483 ,2.012909,23.54961605,87.29936122 ,40.068000411987306,87.67068342719153 ,0.0,21:12:03 PM,1574005323755
9.37883 ,-12.1861725 ,7.979187,23.54961605,87.29936122 ,40.068000411987306,87.67068342719153 ,0.0,21:12:03 PM,1574005323762
1.3682098 ,-19.50856 ,3.2050018,23.54961605,87.29936122 ,40.068000411987306,87.67068342719153 ,0.0,21:12:03 PM,1574005323764
-5.9637604 ,-18.110748 ,-9.554993,23.54961605,87.29936122 ,40.068000411987306,87.67068342719153 ,0.0,21:12:03 PM,1574005323772
-12.60733 ,-7.546631 ,-13.005386,23.54961605,87.29936122 ,40.068000411987306,87.67068342719153 ,0.0,21:12:03 PM,1574005323774
-19.40303 ,18.442062 ,13.130676,23.54961605,87.29936122 ,40.068000411987306,87.67068342719153 ,0.0,21:12:03 PM,1574005323779
-19.90503 ,22.370468 ,-21.26471,23.54961605,87.29936122 ,40.068000411987306,87.67068342719153 ,0.0,21:12:03 PM,1574005323786
-6.6438293 ,32.937805 ,-14.783264,23.54961605,87.29936122 ,40.068000411987306,87.67068342719153 ,0.0,21:12:03 PM,1574005323789
11.653259 ,24.374588 ,-6.8707733,23.54961605,87.29936122 ,40.068000411987306,87.67068342719153 ,0.0,21:12:03 PM,1574005323793
20.867722 ,5.8094635 ,-17.106995,23.54961605,87.29936122 ,40.068000411987306,87.67068342719153 ,0.0,21:12:03 PM,1574005323798
17.714493 ,6.2359924 ,30.257126,23.54961605,87.29936122 ,40.068000411987306,87.67068342719153 ,0.0,21:12:03 PM,1574005323812
6.9095154 ,-4.861252 ,13.300827,23.54961605,87.29936122 ,40.068000411987306,87.67068342719153 ,0.0,21:12:03 PM,1574005323814
0.38420105 ,3.591339 ,21.251251,23.54961605,87.29936122 ,40.068000411987306,87.791814274702 ,0.0,21:12:03 PM,1574005323820
-1.8705902 ,5.5890656 ,-10.848648,23.54961605,87.29936122 ,40.068000411987306,87.791814274702 ,0.0,21:12:03 PM,1574005323823
-6.1457977 ,10.128311 ,-28.837494,23.54961605,87.29936122 ,40.068000411987306,87.791814274702 ,0.0,21:12:03 PM,1574005323827
-9.171997 ,8.543503 ,-34.97812,23.54961605,87.29936122 ,40.068000411987306,87.791814274702 ,0.0,21:12:03 PM,1574005323833
-5.006027 ,12.914154 ,-17.505936,23.54961605,87.29936122 ,40.068000411987306,87.791814274702 ,0.0,21:12:03 PM,1574005323839
2.276703 ,15.037064 ,4.6067505,23.54961605,87.29936122 ,40.068000411987306,87.791814274702 ,0.0,21:12:03 PM,1574005323843
0.6491394 ,10.767792 ,7.093918,23.54961605,87.29936122 ,40.068000411987306,87.791814274702 ,0.0,21:12:03 PM,1574005323849
-5.3961945 ,6.357315 ,2.8942413,23.54961605,87.29936122 ,40.068000411987306,87.791814274702 ,0.0,21:12:03 PM,1574005323858
-3.5900574 ,2.1086884 ,-6.820465,23.54961605,87.29936122 ,40.068000411987306,87.791814274702 ,0.0,21:12:03 PM,1574005323860
4.958481 ,4.6433563 ,4.5980835,23.54961605,87.29936122 ,40.068000411987306,87.791814274702 ,0.0,21:12:03 PM,1574005323862
