x,y,z,latitude,longitude,speed,sound,light,time,timestamp
1.1605988 ,9.384796 ,-3.7129974,23.55033494,87.29812942 ,30.312000274658203,82.2821992759549 ,0.0,21:12:18 PM,1574005338295
2.2039795 ,10.720886 ,5.443268,23.55033494,87.29812942 ,30.312000274658203,82.2821992759549 ,0.0,21:12:18 PM,1574005338297
0.39814758 ,9.034515 ,4.1806793,23.55033494,87.29812942 ,30.312000274658203,82.2821992759549 ,0.0,21:12:18 PM,1574005338302
-1.095047 ,8.261139 ,2.7223053,23.55033494,87.29812942 ,30.312000274658203,82.2821992759549 ,0.0,21:12:18 PM,1574005338307
0.6993866 ,9.195663 ,3.8913727,23.55033494,87.29812942 ,30.312000274658203,82.2821992759549 ,0.0,21:12:18 PM,1574005338313
2.7190247 ,8.095825 ,-0.95936584,23.55033494,87.29812942 ,30.312000274658203,82.2821992759549 ,0.0,21:12:18 PM,1574005338317
1.1361084 ,9.280914 ,0.5410156,23.55033494,87.29812942 ,30.312000274658203,82.2821992759549 ,0.0,21:12:18 PM,1574005338322
-2.810196 ,9.655701 ,-1.1144257,23.55033494,87.29812942 ,30.312000274658203,82.2821992759549 ,0.0,21:12:18 PM,1574005338328
-4.8379364 ,11.178146 ,-3.6563416,23.55033494,87.29812942 ,30.312000274658203,82.2821992759549 ,0.0,21:12:18 PM,1574005338333
-3.6372375 ,12.533508 ,-6.4477844,23.55033494,87.29812942 ,30.312000274658203,82.2821992759549 ,0.0,21:12:18 PM,1574005338335
-1.0296326 ,11.3714905 ,-11.074219,23.55033494,87.29812942 ,30.312000274658203,82.2821992759549 ,0.0,21:12:18 PM,1574005338341
1.4219208 ,10.86557 ,-7.84111,23.55033494,87.29812942 ,30.312000274658203,82.2821992759549 ,0.0,21:12:18 PM,1574005338346
1.7160645 ,7.915756 ,-8.047104,23.55033494,87.29812942 ,30.312000274658203,82.2821992759549 ,0.0,21:12:18 PM,1574005338351
-0.16755676 ,5.6316833 ,-5.742981,23.55033494,87.29812942 ,30.312000274658203,82.2821992759549 ,0.0,21:12:18 PM,1574005338356
-2.1004944 ,5.8847046 ,2.06102,23.55033494,87.29812942 ,30.312000274658203,82.2821992759549 ,0.0,21:12:18 PM,1574005338362
-2.3682404 ,4.8187103 ,-0.5258179,23.55033494,87.29812942 ,30.312000274658203,82.2821992759549 ,0.0,21:12:18 PM,1574005338365
-0.43894958 ,9.345032 ,3.083969,23.55033494,87.29812942 ,30.312000274658203,82.2821992759549 ,0.0,21:12:18 PM,1574005338369
1.0190277 ,12.5737 ,1.9889832,23.55033494,87.29812942 ,30.312000274658203,82.2821992759549 ,0.0,21:12:18 PM,1574005338376
0.8557739 ,12.163162 ,-2.2149353,23.55033494,87.29812942 ,30.312000274658203,82.2821992759549 ,0.0,21:12:18 PM,1574005338380
1.118927 ,11.947159 ,4.1417236,23.55033494,87.29812942 ,30.312000274658203,82.2821992759549 ,0.0,21:12:18 PM,1574005338384
1.0003357 ,4.154129 ,-3.493393,23.55033494,87.29812942 ,30.312000274658203,82.2821992759549 ,0.0,21:12:18 PM,1574005338389
0.6715088 ,1.3059387 ,-1.1173706,23.55033494,87.29812942 ,30.312000274658203,82.2821992759549 ,0.0,21:12:18 PM,1574005338395
0.6553192 ,0.63671875 ,0.20368958,23.55033494,87.29812942 ,30.312000274658203,82.2821992759549 ,0.0,21:12:18 PM,1574005338399
-0.5581665 ,1.7623291 ,-6.320999,23.55033494,87.29812942 ,30.312000274658203,82.2821992759549 ,0.0,21:12:18 PM,1574005338408
-2.9826355 ,6.1077576 ,-10.00119,23.55033494,87.29812942 ,30.312000274658203,82.2821992759549 ,0.0,21:12:18 PM,1574005338414
-5.063751 ,14.313202 ,-6.892456,23.55033494,87.29812942 ,30.312000274658203,82.2821992759549 ,0.0,21:12:18 PM,1574005338418
-5.454483 ,18.015228 ,-17.179428,23.55033494,87.29812942 ,30.312000274658203,82.2821992759549 ,0.0,21:12:18 PM,1574005338423
-2.9955597 ,22.50177 ,-11.854065,23.55033494,87.29812942 ,30.312000274658203,82.2821992759549 ,0.0,21:12:18 PM,1574005338430
0.3013153 ,18.690552 ,-5.8804474,23.55033494,87.29812942 ,30.312000274658203,82.2821992759549 ,0.0,21:12:18 PM,1574005338433
3.179367 ,11.5724945 ,2.6685638,23.55033494,87.29812942 ,30.312000274658203,82.2821992759549 ,0.0,21:12:18 PM,1574005338437
4.277252 ,6.6378174 ,11.701553,23.55033494,87.29812942 ,30.312000274658203,82.2821992759549 ,0.0,21:12:18 PM,1574005338442
2.1660004 ,3.4318848 ,10.495316,23.55033494,87.29812942 ,30.312000274658203,82.2821992759549 ,0.0,21:12:18 PM,1574005338448
-1.678833 ,5.6658173 ,12.28186,23.55033494,87.29812942 ,30.312000274658203,82.2821992759549 ,0.0,21:12:18 PM,1574005338451
-5.0255737 ,7.4209747 ,6.233963,23.55033494,87.29812942 ,30.312000274658203,82.2821992759549 ,0.0,21:12:18 PM,1574005338456
-5.7334595 ,10.612015 ,-0.093048096,23.55033494,87.29812942 ,30.312000274658203,82.2821992759549 ,0.0,21:12:18 PM,1574005338462
-3.5857697 ,11.555359 ,-8.112305,23.55033494,87.29812942 ,30.312000274658203,82.2821992759549 ,0.0,21:12:18 PM,1574005338466
0.15682983 ,11.052719 ,-9.95253,23.55033494,87.29812942 ,30.312000274658203,82.2821992759549 ,0.0,21:12:18 PM,1574005338470
3.0128174 ,11.515778 ,-3.6857605,23.55033494,87.29812942 ,30.312000274658203,82.2821992759549 ,0.0,21:12:18 PM,1574005338476
1.7297821 ,11.6129 ,-3.2723541,23.55033494,87.29812942 ,30.312000274658203,82.2821992759549 ,0.0,21:12:18 PM,1574005338482
-2.7950745 ,13.245163 ,-2.303833,23.55033494,87.29812942 ,30.312000274658203,82.2821992759549 ,0.0,21:12:18 PM,1574005338486
-5.159775 ,10.670151 ,-9.452362,23.55033494,87.29812942 ,30.312000274658203,82.2821992759549 ,0.0,21:12:18 PM,1574005338490
-0.81684875 ,10.3428955 ,-6.422699,23.55033494,87.29812942 ,30.312000274658203,82.2821992759549 ,0.0,21:12:18 PM,1574005338498
5.0392914 ,8.630447 ,-4.9671936,23.55033494,87.29812942 ,30.312000274658203,82.2821992759549 ,0.0,21:12:18 PM,1574005338499
5.358841 ,4.1120605 ,-8.943588,23.55033494,87.29812942 ,30.312000274658203,82.2821992759549 ,0.0,21:12:18 PM,1574005338504
2.0218964 ,3.7866821 ,0.4789734,23.55033494,87.29812942 ,30.312000274658203,82.2821992759549 ,0.0,21:12:18 PM,1574005338509
-1.4451294 ,1.1467285 ,-1.827179,23.55033494,87.29812942 ,30.312000274658203,82.2821992759549 ,0.0,21:12:18 PM,1574005338519
-3.7352295 ,4.9614716 ,4.6849365,23.55033494,87.29812942 ,30.312000274658203,82.2821992759549 ,0.0,21:12:18 PM,1574005338520
-4.127655 ,9.398804 ,8.558899,23.55033494,87.29812942 ,30.312000274658203,82.2821992759549 ,0.0,21:12:18 PM,1574005338524
-1.3170624 ,9.989975 ,-0.031906128,23.55033494,87.29812942 ,30.312000274658203,82.2821992759549 ,0.0,21:12:18 PM,1574005338531
5.2728424 ,11.906052 ,-1.3638763,23.55033494,87.29812942 ,30.312000274658203,82.2821992759549 ,0.0,21:12:18 PM,1574005338533
9.316681 ,12.442886 ,-0.17100525,23.55033494,87.29812942 ,30.312000274658203,82.2821992759549 ,0.0,21:12:18 PM,1574005338543
5.399658 ,8.639786 ,-11.202454,23.55033494,87.29812942 ,30.312000274658203,82.2821992759549 ,0.0,21:12:18 PM,1574005338548
-2.3600006 ,12.167694 ,-0.24443054,23.55033494,87.29812942 ,30.312000274658203,82.2821992759549 ,0.0,21:12:18 PM,1574005338552
-8.80188 ,10.211304 ,-0.30703735,23.55033494,87.29812942 ,30.312000274658203,82.2821992759549 ,0.0,21:12:18 PM,1574005338556
-8.972473 ,7.6426697 ,-5.116226,23.55033494,87.29812942 ,30.312000274658203,82.2821992759549 ,0.0,21:12:18 PM,1574005338563
-3.5767365 ,6.7864075 ,-6.517624,23.55033494,87.29812942 ,30.312000274658203,82.2821992759549 ,0.0,21:12:18 PM,1574005338567
1.7477417 ,3.8937683 ,-12.884964,23.55033494,87.29812942 ,30.312000274658203,82.2821992759549 ,0.0,21:12:18 PM,1574005338571
3.9155731 ,5.694107 ,-5.4492035,23.55033494,87.29812942 ,30.312000274658203,82.2821992759549 ,0.0,21:12:18 PM,1574005338576
1.0758972 ,6.221283 ,-2.1093445,23.55033494,87.29812942 ,30.312000274658203,82.2821992759549 ,0.0,21:12:18 PM,1574005338581
-3.5750427 ,8.094528 ,-0.06188965,23.55033494,87.29812942 ,30.312000274658203,82.2821992759549 ,0.0,21:12:18 PM,1574005338586
-4.7300415 ,12.186523 ,3.5491638,23.55033494,87.29812942 ,30.312000274658203,82.2821992759549 ,0.0,21:12:18 PM,1574005338591
-1.7218475 ,14.138763 ,-1.4192047,23.55033494,87.29812942 ,30.312000274658203,82.2821992759549 ,0.0,21:12:18 PM,1574005338598
2.579361 ,16.551071 ,0.24761963,23.55033494,87.29812942 ,30.312000274658203,82.2821992759549 ,0.0,21:12:18 PM,1574005338600
3.5762787 ,11.993866 ,-2.081253,23.55033494,87.29812942 ,30.312000274658203,82.2821992759549 ,0.0,21:12:18 PM,1574005338605
1.4312592 ,3.212738 ,-5.424408,23.55033494,87.29812942 ,30.312000274658203,82.2821992759549 ,0.0,21:12:18 PM,1574005338610
0.30418396 ,-1.0188751 ,-1.7096558,23.55033494,87.29812942 ,30.312000274658203,82.2821992759549 ,0.0,21:12:18 PM,1574005338618
-0.060028076 ,1.004242 ,-0.6325073,23.55033494,87.29812942 ,30.312000274658203,82.2821992759549 ,0.0,21:12:18 PM,1574005338621
-2.5349731 ,6.7040405 ,-3.9483948,23.55033494,87.29812942 ,30.312000274658203,82.2821992759549 ,0.0,21:12:18 PM,1574005338624
-6.1737366 ,16.11345 ,0.45436096,23.55033494,87.29812942 ,30.312000274658203,82.2821992759549 ,0.0,21:12:18 PM,1574005338631
-6.568863 ,20.32492 ,-5.794037,23.55033494,87.29812942 ,30.312000274658203,82.2821992759549 ,0.0,21:12:18 PM,1574005338634
-1.8883667 ,24.316528 ,-6.6188507,23.55033494,87.29812942 ,30.312000274658203,82.2821992759549 ,0.0,21:12:18 PM,1574005338638
3.474823 ,19.072464 ,-10.689529,23.55033494,87.29812942 ,30.312000274658203,82.2821992759549 ,0.0,21:12:18 PM,1574005338643
5.515396 ,11.657455 ,2.0209045,23.55033494,87.29812942 ,30.312000274658203,82.2821992759549 ,0.0,21:12:18 PM,1574005338648
4.1705017 ,-2.3317108 ,1.7352448,23.55033494,87.29812942 ,30.312000274658203,82.2821992759549 ,0.0,21:12:18 PM,1574005338652
2.7111664 ,-6.4954987 ,11.050629,23.55033494,87.29812942 ,30.312000274658203,82.2821992759549 ,0.0,21:12:18 PM,1574005338657
2.5573425 ,-3.5168762 ,17.271805,23.55033494,87.29812942 ,30.312000274658203,82.2821992759549 ,0.0,21:12:18 PM,1574005338663
0.11891174 ,0.58984375 ,3.4426727,23.55033494,87.29812942 ,30.312000274658203,82.2821992759549 ,0.0,21:12:18 PM,1574005338671
-4.243637 ,13.055557 ,8.2638855,23.55033494,87.29812942 ,30.312000274658203,82.2821992759549 ,0.0,21:12:18 PM,1574005338677
-7.4328003 ,18.87764 ,-2.2668915,23.55033494,87.29812942 ,30.312000274658203,82.2821992759549 ,0.0,21:12:18 PM,1574005338683
-5.8285522 ,19.759293 ,-17.368622,23.55033494,87.29812942 ,30.312000274658203,82.2821992759549 ,0.0,21:12:18 PM,1574005338687
1.7735901 ,19.381165 ,-10.344116,23.55033494,87.29812942 ,30.312000274658203,82.2821992759549 ,0.0,21:12:18 PM,1574005338692
7.798584 ,10.782944 ,-6.1658325,23.55033494,87.29812942 ,30.312000274658203,83.560325548144 ,0.0,21:12:18 PM,1574005338701
7.294632 ,7.1922455 ,10.635361,23.55033494,87.29812942 ,30.312000274658203,83.560325548144 ,0.0,21:12:18 PM,1574005338703
0.6070709 ,3.4361877 ,8.294159,23.55033494,87.29812942 ,30.312000274658203,83.560325548144 ,0.0,21:12:18 PM,1574005338705
-5.6549835 ,3.9290924 ,-4.2269745,23.55033494,87.29812942 ,30.312000274658203,83.560325548144 ,0.0,21:12:18 PM,1574005338710
-6.224945 ,9.395248 ,-9.232986,23.55033494,87.29812942 ,30.312000274658203,83.560325548144 ,0.0,21:12:18 PM,1574005338716
-3.2749329 ,12.176147 ,-20.12909,23.55033494,87.29812942 ,30.312000274658203,83.560325548144 ,0.0,21:12:18 PM,1574005338720
-0.6883545 ,16.40007 ,-16.971008,23.55033494,87.29812942 ,30.312000274658203,83.560325548144 ,0.0,21:12:18 PM,1574005338725
-0.86183167 ,15.3537445 ,-10.790482,23.55033494,87.29812942 ,30.312000274658203,83.560325548144 ,0.0,21:12:18 PM,1574005338731
-1.687027 ,11.141861 ,-4.9107666,23.55033494,87.29812942 ,30.312000274658203,83.560325548144 ,0.0,21:12:18 PM,1574005338734
-0.51760864 ,9.32402 ,6.982239,23.55033494,87.29812942 ,30.312000274658203,83.560325548144 ,0.0,21:12:18 PM,1574005338739
0.43740845 ,5.5573883 ,7.6621246,23.55033494,87.29812942 ,30.312000274658203,83.560325548144 ,0.0,21:12:18 PM,1574005338744
1.0300598 ,5.0982056 ,8.861404,23.55033494,87.29812942 ,30.312000274658203,83.560325548144 ,0.0,21:12:18 PM,1574005338751
2.1551056 ,5.4938965 ,5.2241364,23.55033494,87.29812942 ,30.312000274658203,83.560325548144 ,0.0,21:12:18 PM,1574005338754
2.5554352 ,4.608917 ,-4.3406677,23.55033494,87.29812942 ,30.312000274658203,83.560325548144 ,0.0,21:12:18 PM,1574005338758
1.4141235 ,7.0219574 ,-2.370041,23.55033494,87.29812942 ,30.312000274658203,83.560325548144 ,0.0,21:12:18 PM,1574005338767
-1.5265808 ,5.34993 ,-6.6401978,23.55033494,87.29812942 ,30.312000274658203,83.560325548144 ,0.0,21:12:18 PM,1574005338770
-3.7268982 ,6.9436646 ,-2.4815826,23.55033494,87.29812942 ,30.312000274658203,83.560325548144 ,0.0,21:12:18 PM,1574005338773
-3.8762817 ,9.428146 ,2.1978455,23.55033494,87.29812942 ,30.312000274658203,83.560325548144 ,0.0,21:12:18 PM,1574005338777
-1.7538452 ,8.330872 ,-6.0572968,23.55033494,87.29812942 ,30.312000274658203,83.560325548144 ,0.0,21:12:18 PM,1574005338783
