x,y,z,latitude,longitude,speed,sound,light,time,timestamp
1.349 ,7.295 ,6.091,23.568731666666668,87.30250333333333 ,23.709134674072267,86.39015442441686 ,23744.0,10:43:12 AM,1572671592594
0.619 ,10.273 ,7.703,23.568731666666668,87.30250333333333 ,23.709134674072267,86.39015442441686 ,23744.0,10:43:12 AM,1572671592598
-0.266 ,10.964 ,5.465,23.568731666666668,87.30250333333333 ,23.709134674072267,86.39015442441686 ,23744.0,10:43:12 AM,1572671592599
-0.86 ,9.835 ,0.79,23.568731666666668,87.30250333333333 ,23.709134674072267,86.39015442441686 ,23744.0,10:43:12 AM,1572671592603
-3.063 ,8.626 ,-2.149,23.568731666666668,87.30250333333333 ,23.709134674072267,86.39015442441686 ,23744.0,10:43:12 AM,1572671592604
-3.436 ,9.781 ,-4.761,23.568731666666668,87.30250333333333 ,23.709134674072267,86.39015442441686 ,23744.0,10:43:12 AM,1572671592609
-3.448 ,10.275 ,-5.305,23.568731666666668,87.30250333333333 ,23.709134674072267,86.39015442441686 ,23744.0,10:43:12 AM,1572671592610
-4.368 ,10.21 ,-2.556,23.568731666666668,87.30250333333333 ,23.709134674072267,86.39015442441686 ,23744.0,10:43:12 AM,1572671592613
-2.766 ,11.583 ,-1.724,23.568731666666668,87.30250333333333 ,23.709134674072267,86.39015442441686 ,23744.0,10:43:12 AM,1572671592614
-2.269 ,11.146 ,1.957,23.568731666666668,87.30250333333333 ,23.709134674072267,86.39015442441686 ,23744.0,10:43:12 AM,1572671592618
-1.936 ,9.383 ,4.69,23.568731666666668,87.30250333333333 ,23.709134674072267,86.39015442441686 ,23744.0,10:43:12 AM,1572671592619
1.436 ,9.368 ,6.105,23.568731666666668,87.30250333333333 ,23.709134674072267,86.39015442441686 ,23744.0,10:43:12 AM,1572671592623
1.527 ,9.478 ,7.754,23.568731666666668,87.30250333333333 ,23.709134674072267,86.39015442441686 ,23744.0,10:43:12 AM,1572671592624
3.207 ,12.128 ,7.835,23.568731666666668,87.30250333333333 ,23.709134674072267,86.39015442441686 ,23744.0,10:43:12 AM,1572671592629
3.95 ,13.909 ,10.398,23.568731666666668,87.30250333333333 ,23.709134674072267,86.39015442441686 ,23744.0,10:43:12 AM,1572671592629
2.954 ,12.277 ,9.102,23.568731666666668,87.30250333333333 ,23.709134674072267,86.39015442441686 ,23744.0,10:43:12 AM,1572671592633
2.071 ,9.104 ,3.585,23.568731666666668,87.30250333333333 ,23.709134674072267,86.39015442441686 ,23744.0,10:43:12 AM,1572671592634
0.201 ,5.156 ,3.68,23.568731666666668,87.30250333333333 ,23.709134674072267,86.39015442441686 ,23744.0,10:43:12 AM,1572671592638
-1.267 ,4.951 ,5.732,23.568731666666668,87.30250333333333 ,23.709134674072267,86.39015442441686 ,23744.0,10:43:12 AM,1572671592639
-0.216 ,8.673 ,12.308,23.568731666666668,87.30250333333333 ,23.709134674072267,86.39015442441686 ,23744.0,10:43:12 AM,1572671592643
-2.803 ,9.435 ,14.648,23.568731666666668,87.30250333333333 ,23.709134674072267,86.39015442441686 ,23744.0,10:43:12 AM,1572671592644
-0.859 ,7.963 ,11.109,23.568731666666668,87.30250333333333 ,23.709134674072267,86.39015442441686 ,23744.0,10:43:12 AM,1572671592649
-3.011 ,5.145 ,0.7,23.568731666666668,87.30250333333333 ,23.709134674072267,86.39015442441686 ,23744.0,10:43:12 AM,1572671592650
-1.409 ,3.555 ,0.462,23.568731666666668,87.30250333333333 ,23.709134674072267,86.39015442441686 ,23744.0,10:43:12 AM,1572671592653
-1.263 ,7.836 ,-0.169,23.568731666666668,87.30250333333333 ,23.709134674072267,86.39015442441686 ,23744.0,10:43:12 AM,1572671592654
-1.923 ,12.577 ,5.064,23.568731666666668,87.30250333333333 ,23.709134674072267,86.39015442441686 ,23744.0,10:43:12 AM,1572671592658
-1.174 ,15.077 ,5.899,23.568731666666668,87.30250333333333 ,23.709134674072267,86.39015442441686 ,23744.0,10:43:12 AM,1572671592659
-2.549 ,11.699 ,-1.001,23.568731666666668,87.30250333333333 ,23.709134674072267,86.39015442441686 ,23744.0,10:43:12 AM,1572671592663
-1.854 ,6.559 ,-5.153,23.568731666666668,87.30250333333333 ,23.709134674072267,86.39015442441686 ,23744.0,10:43:12 AM,1572671592664
-1.0 ,4.664 ,-6.495,23.568731666666668,87.30250333333333 ,23.709134674072267,86.39015442441686 ,23744.0,10:43:12 AM,1572671592669
-1.669 ,7.058 ,-1.089,23.568731666666668,87.30250333333333 ,23.709134674072267,86.39015442441686 ,23744.0,10:43:12 AM,1572671592669
-0.368 ,11.048 ,7.438,23.568731666666668,87.30250333333333 ,23.709134674072267,86.39015442441686 ,23744.0,10:43:12 AM,1572671592673
-1.251 ,12.511 ,10.481,23.568731666666668,87.30250333333333 ,23.709134674072267,86.39015442441686 ,23744.0,10:43:12 AM,1572671592674
-1.66 ,10.72 ,8.648,23.568731666666668,87.30250333333333 ,23.709134674072267,86.39015442441686 ,23744.0,10:43:12 AM,1572671592678
-1.314 ,7.795 ,4.153,23.568731666666668,87.30250333333333 ,23.709134674072267,86.39015442441686 ,23744.0,10:43:12 AM,1572671592679
-2.443 ,7.227 ,2.526,23.568731666666668,87.30250333333333 ,23.709134674072267,86.39015442441686 ,23744.0,10:43:12 AM,1572671592683
-1.139 ,8.644 ,4.906,23.568731666666668,87.30250333333333 ,23.709134674072267,86.39015442441686 ,23744.0,10:43:12 AM,1572671592684
-0.12 ,8.961 ,5.576,23.568731666666668,87.30250333333333 ,23.709134674072267,86.39015442441686 ,23744.0,10:43:12 AM,1572671592689
-0.039 ,7.093 ,8.48,23.568731666666668,87.30250333333333 ,23.709134674072267,86.39015442441686 ,23744.0,10:43:12 AM,1572671592690
1.21 ,6.118 ,5.555,23.568731666666668,87.30250333333333 ,23.709134674072267,86.39015442441686 ,23744.0,10:43:12 AM,1572671592693
1.271 ,5.558 ,6.134,23.568731666666668,87.30250333333333 ,23.709134674072267,86.39015442441686 ,23744.0,10:43:12 AM,1572671592694
1.179 ,5.455 ,6.195,23.568731666666668,87.30250333333333 ,23.709134674072267,86.39015442441686 ,23744.0,10:43:12 AM,1572671592698
1.945 ,8.126 ,8.3,23.568731666666668,87.30250333333333 ,23.709134674072267,86.39015442441686 ,23744.0,10:43:12 AM,1572671592699
-0.999 ,10.449 ,8.274,23.568731666666668,87.30250333333333 ,23.709134674072267,86.39015442441686 ,23744.0,10:43:12 AM,1572671592703
-0.933 ,12.622 ,6.819,23.568731666666668,87.30250333333333 ,23.709134674072267,86.39015442441686 ,23744.0,10:43:12 AM,1572671592704
-3.367 ,12.759 ,6.275,23.568731666666668,87.30250333333333 ,23.709134674072267,86.39015442441686 ,23744.0,10:43:12 AM,1572671592708
-4.751 ,12.346 ,4.829,23.568731666666668,87.30250333333333 ,23.709134674072267,86.39015442441686 ,23744.0,10:43:12 AM,1572671592709
-2.815 ,11.472 ,1.331,23.568731666666668,87.30250333333333 ,23.709134674072267,86.39015442441686 ,23744.0,10:43:12 AM,1572671592713
-3.507 ,8.618 ,1.277,23.568731666666668,87.30250333333333 ,23.709134674072267,86.39015442441686 ,23744.0,10:43:12 AM,1572671592714
-1.36 ,8.534 ,2.566,23.568731666666668,87.30250333333333 ,23.709134674072267,86.39015442441686 ,23744.0,10:43:12 AM,1572671592718
0.122 ,10.3 ,4.161,23.568731666666668,87.30250333333333 ,23.709134674072267,86.39015442441686 ,23744.0,10:43:12 AM,1572671592719
-1.084 ,9.293 ,9.217,23.568731666666668,87.30250333333333 ,23.709134674072267,86.39015442441686 ,23744.0,10:43:12 AM,1572671592724
-0.163 ,8.521 ,7.942,23.568731666666668,87.30250333333333 ,23.709134674072267,86.39015442441686 ,23744.0,10:43:12 AM,1572671592725
-2.08 ,6.984 ,4.008,23.568731666666668,87.30250333333333 ,23.709134674072267,86.39015442441686 ,23744.0,10:43:12 AM,1572671592729
-1.169 ,5.091 ,6.659,23.568731666666668,87.30250333333333 ,23.709134674072267,86.39015442441686 ,23744.0,10:43:12 AM,1572671592729
-1.838 ,8.135 ,7.974,23.568731666666668,87.30250333333333 ,23.709134674072267,86.39015442441686 ,23744.0,10:43:12 AM,1572671592733
-1.612 ,11.708 ,15.99,23.568731666666668,87.30250333333333 ,23.709134674072267,86.39015442441686 ,23744.0,10:43:12 AM,1572671592734
0.521 ,12.111 ,18.224,23.568731666666668,87.30250333333333 ,23.709134674072267,86.39015442441686 ,23744.0,10:43:12 AM,1572671592738
0.177 ,7.331 ,10.365,23.568731666666668,87.30250333333333 ,23.709134674072267,86.39015442441686 ,23744.0,10:43:12 AM,1572671592739
2.419 ,1.739 ,7.446,23.568731666666668,87.30250333333333 ,23.709134674072267,86.39015442441686 ,23744.0,10:43:12 AM,1572671592743
4.071 ,2.048 ,3.601,23.568731666666668,87.30250333333333 ,23.709134674072267,86.39015442441686 ,23744.0,10:43:12 AM,1572671592744
3.376 ,6.222 ,6.715,23.568731666666668,87.30250333333333 ,23.709134674072267,86.39015442441686 ,23744.0,10:43:12 AM,1572671592748
3.482 ,11.048 ,10.171,23.568731666666668,87.30250333333333 ,23.709134674072267,86.39015442441686 ,23744.0,10:43:12 AM,1572671592749
0.819 ,12.07 ,7.871,23.568731666666668,87.30250333333333 ,23.709134674072267,86.39015442441686 ,23744.0,10:43:12 AM,1572671592753
-2.365 ,9.556 ,-1.411,23.568731666666668,87.30250333333333 ,23.709134674072267,86.39015442441686 ,23744.0,10:43:12 AM,1572671592754
-3.214 ,7.156 ,-6.185,23.568731666666668,87.30250333333333 ,23.709134674072267,86.39015442441686 ,23744.0,10:43:12 AM,1572671592758
-5.392 ,7.898 ,-2.687,23.568731666666668,87.30250333333333 ,23.709134674072267,86.39015442441686 ,23744.0,10:43:12 AM,1572671592759
-4.353 ,13.082 ,2.629,23.568731666666668,87.30250333333333 ,23.709134674072267,86.39015442441686 ,23744.0,10:43:12 AM,1572671592764
-3.163 ,15.479 ,4.988,23.568731666666668,87.30250333333333 ,23.709134674072267,86.39015442441686 ,23744.0,10:43:12 AM,1572671592765
-2.501 ,11.674 ,3.7,23.568731666666668,87.30250333333333 ,23.709134674072267,86.39015442441686 ,23744.0,10:43:12 AM,1572671592768
0.306 ,7.399 ,-1.466,23.568731666666668,87.30250333333333 ,23.709134674072267,86.39015442441686 ,23744.0,10:43:12 AM,1572671592769
0.724 ,5.255 ,-5.687,23.568731666666668,87.30250333333333 ,23.709134674072267,86.39015442441686 ,23744.0,10:43:12 AM,1572671592773
2.106 ,5.846 ,-2.7,23.568731666666668,87.30250333333333 ,23.709134674072267,86.39015442441686 ,23744.0,10:43:12 AM,1572671592773
3.685 ,9.099 ,3.329,23.568731666666668,87.30250333333333 ,23.709134674072267,86.39015442441686 ,23744.0,10:43:12 AM,1572671592778
1.728 ,11.739 ,5.334,23.568731666666668,87.30250333333333 ,23.709134674072267,86.39015442441686 ,23744.0,10:43:12 AM,1572671592778
1.201 ,13.518 ,3.188,23.568731666666668,87.30250333333333 ,23.709134674072267,86.39015442441686 ,23744.0,10:43:12 AM,1572671592783
0.713 ,13.111 ,4.646,23.568731666666668,87.30250333333333 ,23.709134674072267,86.39015442441686 ,23744.0,10:43:12 AM,1572671592784
-1.139 ,12.061 ,1.968,23.568731666666668,87.30250333333333 ,23.709134674072267,86.39015442441686 ,23744.0,10:43:12 AM,1572671592788
-1.675 ,12.213 ,-4.041,23.568731666666668,87.30250333333333 ,23.709134674072267,86.39015442441686 ,23744.0,10:43:12 AM,1572671592789
-0.31 ,10.412 ,-0.944,23.568731666666668,87.30250333333333 ,23.709134674072267,86.39015442441686 ,23744.0,10:43:12 AM,1572671592793
-0.051 ,9.61 ,1.283,23.568731666666668,87.30250333333333 ,23.709134674072267,86.39015442441686 ,23744.0,10:43:12 AM,1572671592794
0.02 ,11.708 ,3.964,23.568731666666668,87.30250333333333 ,23.709134674072267,86.39015442441686 ,23982.0,10:43:12 AM,1572671592798
0.415 ,12.793 ,9.06,23.568731666666668,87.30250333333333 ,23.709134674072267,86.39015442441686 ,23982.0,10:43:12 AM,1572671592799
-0.187 ,11.051 ,4.987,23.568731666666668,87.30250333333333 ,23.709134674072267,86.39015442441686 ,23982.0,10:43:12 AM,1572671592803
-1.397 ,7.767 ,4.204,23.568731666666668,87.30250333333333 ,23.709134674072267,86.39015442441686 ,23982.0,10:43:12 AM,1572671592804
-1.814 ,7.406 ,2.098,23.568731666666668,87.30250333333333 ,23.709134674072267,86.39015442441686 ,23982.0,10:43:12 AM,1572671592809
-2.057 ,10.361 ,5.033,23.568731666666668,87.30250333333333 ,23.709134674072267,86.39015442441686 ,23982.0,10:43:12 AM,1572671592810
-3.282 ,12.458 ,11.796,23.568731666666668,87.30250333333333 ,23.709134674072267,86.39015442441686 ,23982.0,10:43:12 AM,1572671592813
-1.893 ,12.562 ,11.91,23.568731666666668,87.30250333333333 ,23.709134674072267,86.39015442441686 ,23982.0,10:43:12 AM,1572671592814
-0.939 ,8.267 ,7.301,23.568731666666668,87.30250333333333 ,23.709134674072267,86.39015442441686 ,23982.0,10:43:12 AM,1572671592818
-0.654 ,2.109 ,4.727,23.568731666666668,87.30250333333333 ,23.709134674072267,86.39015442441686 ,23982.0,10:43:12 AM,1572671592819
1.082 ,1.825 ,5.252,23.568731666666668,87.30250333333333 ,23.709134674072267,86.39015442441686 ,23982.0,10:43:12 AM,1572671592824
0.251 ,4.947 ,10.498,23.568731666666668,87.30250333333333 ,23.709134674072267,86.39015442441686 ,23982.0,10:43:12 AM,1572671592825
0.408 ,7.191 ,14.612,23.568731666666668,87.30250333333333 ,23.709134674072267,86.39015442441686 ,23982.0,10:43:12 AM,1572671592829
-0.903 ,6.47 ,11.286,23.568731666666668,87.30250333333333 ,23.709134674072267,86.39015442441686 ,23982.0,10:43:12 AM,1572671592830
-2.554 ,4.68 ,4.246,23.568731666666668,87.30250333333333 ,23.709134674072267,86.39015442441686 ,23982.0,10:43:12 AM,1572671592833
-2.271 ,5.892 ,0.541,23.568731666666668,87.30250333333333 ,23.709134674072267,86.39015442441686 ,23982.0,10:43:12 AM,1572671592834
-3.989 ,8.836 ,3.779,23.568731666666668,87.30250333333333 ,23.709134674072267,86.39015442441686 ,23982.0,10:43:12 AM,1572671592838
-2.258 ,12.385 ,7.157,23.568731666666668,87.30250333333333 ,23.709134674072267,86.39015442441686 ,23982.0,10:43:12 AM,1572671592840
-3.053 ,12.164 ,2.417,23.568731666666668,87.30250333333333 ,23.709134674072267,86.39015442441686 ,23982.0,10:43:12 AM,1572671592848
