x,y,z,latitude,longitude,speed,sound,light,time,timestamp
-6.785 ,6.221 ,-2.474,23.551753333333334,87.29651666666665 ,0.0,76.72273528139102 ,9949.0,10:38:24 AM,1572671304240
-8.485 ,6.779 ,1.166,23.551753333333334,87.29651666666665 ,0.0,76.72273528139102 ,9949.0,10:38:24 AM,1572671304246
-8.705 ,7.328 ,6.614,23.551753333333334,87.29651666666665 ,0.0,76.72273528139102 ,9949.0,10:38:24 AM,1572671304247
-8.218 ,7.021 ,10.758,23.551753333333334,87.29651666666665 ,0.0,76.72273528139102 ,9949.0,10:38:24 AM,1572671304250
-6.781 ,6.524 ,13.009,23.551753333333334,87.29651666666665 ,0.0,76.72273528139102 ,9949.0,10:38:24 AM,1572671304250
-4.693 ,5.763 ,12.433,23.551753333333334,87.29651666666665 ,0.0,76.72273528139102 ,9949.0,10:38:24 AM,1572671304254
-1.737 ,5.079 ,10.784,23.551753333333334,87.29651666666665 ,0.0,76.72273528139102 ,9949.0,10:38:24 AM,1572671304255
0.853 ,5.408 ,8.614,23.551753333333334,87.29651666666665 ,0.0,76.72273528139102 ,9949.0,10:38:24 AM,1572671304260
1.921 ,6.926 ,4.268,23.551753333333334,87.29651666666665 ,0.0,76.72273528139102 ,9949.0,10:38:24 AM,1572671304260
2.894 ,8.419 ,1.703,23.551753333333334,87.29651666666665 ,0.0,76.72273528139102 ,9949.0,10:38:24 AM,1572671304264
2.783 ,9.556 ,3.179,23.551753333333334,87.29651666666665 ,0.0,76.72273528139102 ,9949.0,10:38:24 AM,1572671304265
0.475 ,10.465 ,5.209,23.551753333333334,87.29651666666665 ,0.0,76.72273528139102 ,9949.0,10:38:24 AM,1572671304269
-1.277 ,10.836 ,5.483,23.551753333333334,87.29651666666665 ,0.0,76.72273528139102 ,9949.0,10:38:24 AM,1572671304270
-3.722 ,8.954 ,1.687,23.551753333333334,87.29651666666665 ,0.0,76.72273528139102 ,9949.0,10:38:24 AM,1572671304276
-4.534 ,6.295 ,-0.685,23.551753333333334,87.29651666666665 ,0.0,76.72273528139102 ,9949.0,10:38:24 AM,1572671304277
-6.291 ,5.553 ,-2.043,23.551753333333334,87.29651666666665 ,0.0,76.72273528139102 ,9949.0,10:38:24 AM,1572671304279
-7.532 ,6.429 ,1.574,23.551753333333334,87.29651666666665 ,0.0,76.72273528139102 ,9949.0,10:38:24 AM,1572671304281
-7.722 ,7.881 ,7.556,23.551753333333334,87.29651666666665 ,0.0,76.72273528139102 ,9949.0,10:38:24 AM,1572671304284
-7.752 ,8.634 ,10.788,23.551753333333334,87.29651666666665 ,0.0,76.72273528139102 ,9949.0,10:38:24 AM,1572671304285
-6.07 ,8.655 ,13.009,23.551753333333334,87.29651666666665 ,0.0,76.72273528139102 ,9949.0,10:38:24 AM,1572671304289
-3.551 ,7.666 ,12.043,23.551753333333334,87.29651666666665 ,0.0,76.72273528139102 ,9949.0,10:38:24 AM,1572671304290
-0.126 ,7.182 ,9.846,23.551753333333334,87.29651666666665 ,0.0,76.72273528139102 ,9949.0,10:38:24 AM,1572671304295
2.654 ,7.612 ,7.603,23.551753333333334,87.29651666666665 ,0.0,76.72273528139102 ,9949.0,10:38:24 AM,1572671304296
3.238 ,8.839 ,2.701,23.551753333333334,87.29651666666665 ,0.0,76.72273528139102 ,9949.0,10:38:24 AM,1572671304300
4.349 ,9.398 ,2.016,23.551753333333334,87.29651666666665 ,0.0,76.72273528139102 ,9949.0,10:38:24 AM,1572671304300
2.551 ,9.636 ,2.616,23.551753333333334,87.29651666666665 ,0.0,76.72273528139102 ,9949.0,10:38:24 AM,1572671304304
-0.448 ,9.703 ,6.072,23.551753333333334,87.29651666666665 ,0.0,76.72273528139102 ,9949.0,10:38:24 AM,1572671304305
-1.868 ,10.905 ,5.916,23.551753333333334,87.29651666666665 ,0.0,76.72273528139102 ,9949.0,10:38:24 AM,1572671304310
-4.63 ,9.753 ,2.388,23.551753333333334,87.29651666666665 ,0.0,76.72273528139102 ,9949.0,10:38:24 AM,1572671304311
-4.911 ,7.835 ,1.973,23.551753333333334,87.29651666666665 ,0.0,76.72273528139102 ,9949.0,10:38:24 AM,1572671304314
-6.13 ,7.152 ,-0.053,23.551753333333334,87.29651666666665 ,0.0,76.72273528139102 ,9949.0,10:38:24 AM,1572671304315
-6.884 ,7.428 ,2.759,23.551753333333334,87.29651666666665 ,0.0,76.72273528139102 ,9949.0,10:38:24 AM,1572671304320
-6.206 ,8.649 ,8.605,23.551753333333334,87.29651666666665 ,0.0,76.72273528139102 ,9949.0,10:38:24 AM,1572671304321
-7.09 ,9.711 ,8.605,23.551753333333334,87.29651666666665 ,0.0,76.72273528139102 ,9949.0,10:38:24 AM,1572671304327
-4.971 ,8.927 ,9.164,23.551753333333334,87.29651666666665 ,0.0,76.72273528139102 ,9949.0,10:38:24 AM,1572671304328
-3.251 ,6.932 ,7.022,23.551753333333334,87.29651666666665 ,0.0,76.72273528139102 ,9949.0,10:38:24 AM,1572671304329
-1.242 ,6.216 ,5.479,23.551753333333334,87.29651666666665 ,0.0,76.72273528139102 ,9949.0,10:38:24 AM,1572671304330
0.59 ,7.699 ,5.138,23.551753333333334,87.29651666666665 ,0.0,76.72273528139102 ,9949.0,10:38:24 AM,1572671304334
0.928 ,9.008 ,3.983,23.551753333333334,87.29651666666665 ,0.0,76.72273528139102 ,9949.0,10:38:24 AM,1572671304334
0.975 ,9.083 ,4.381,23.551753333333334,87.29651666666665 ,0.0,76.72273528139102 ,9949.0,10:38:24 AM,1572671304341
0.275 ,8.433 ,7.342,23.551753333333334,87.29651666666665 ,0.0,76.72273528139102 ,9949.0,10:38:24 AM,1572671304341
-1.111 ,8.877 ,9.358,23.551753333333334,87.29651666666665 ,0.0,76.72273528139102 ,9949.0,10:38:24 AM,1572671304346
-1.423 ,8.936 ,10.039,23.551753333333334,87.29651666666665 ,0.0,76.72273528139102 ,9949.0,10:38:24 AM,1572671304347
-1.45 ,7.605 ,6.27,23.551753333333334,87.29651666666665 ,0.0,76.72273528139102 ,9949.0,10:38:24 AM,1572671304349
-1.406 ,6.288 ,3.159,23.551753333333334,87.29651666666665 ,0.0,76.72273528139102 ,9949.0,10:38:24 AM,1572671304349
-3.251 ,5.783 ,3.397,23.551753333333334,87.29651666666665 ,0.0,76.72273528139102 ,9949.0,10:38:24 AM,1572671304354
-5.455 ,6.907 ,5.541,23.551753333333334,87.29651666666665 ,0.0,76.72273528139102 ,9949.0,10:38:24 AM,1572671304354
-6.672 ,8.148 ,9.229,23.551753333333334,87.29651666666665 ,0.0,76.72273528139102 ,9949.0,10:38:24 AM,1572671304360
-8.317 ,8.843 ,10.735,23.551753333333334,87.29651666666665 ,0.0,76.72273528139102 ,9949.0,10:38:24 AM,1572671304360
-7.007 ,8.766 ,11.121,23.551753333333334,87.29651666666665 ,0.0,76.72273528139102 ,9949.0,10:38:24 AM,1572671304365
-4.672 ,7.865 ,8.024,23.551753333333334,87.29651666666665 ,0.0,76.72273528139102 ,9949.0,10:38:24 AM,1572671304365
-1.267 ,6.64 ,6.608,23.551753333333334,87.29651666666665 ,0.0,76.72273528139102 ,9949.0,10:38:24 AM,1572671304368
0.76 ,6.713 ,5.042,23.551753333333334,87.29651666666665 ,0.0,76.72273528139102 ,9949.0,10:38:24 AM,1572671304369
1.867 ,8.263 ,2.927,23.551753333333334,87.29651666666665 ,0.0,75.34207627092249 ,9949.0,10:38:24 AM,1572671304377
1.945 ,9.924 ,5.212,23.551753333333334,87.29651666666665 ,0.0,75.34207627092249 ,9949.0,10:38:24 AM,1572671304377
-0.428 ,10.82 ,7.183,23.551753333333334,87.29651666666665 ,0.0,75.34207627092249 ,9949.0,10:38:24 AM,1572671304379
-2.83 ,10.613 ,5.78,23.551753333333334,87.29651666666665 ,0.0,75.34207627092249 ,9949.0,10:38:24 AM,1572671304380
-4.044 ,9.067 ,3.347,23.551753333333334,87.29651666666665 ,0.0,75.34207627092249 ,9949.0,10:38:24 AM,1572671304384
-5.056 ,7.491 ,1.065,23.551753333333334,87.29651666666665 ,0.0,75.34207627092249 ,9949.0,10:38:24 AM,1572671304385
-5.195 ,7.739 ,1.615,23.551753333333334,87.29651666666665 ,0.0,75.34207627092249 ,9949.0,10:38:24 AM,1572671304388
-5.828 ,8.016 ,5.163,23.551753333333334,87.29651666666665 ,0.0,75.34207627092249 ,9949.0,10:38:24 AM,1572671304389
-5.793 ,8.399 ,8.577,23.551753333333334,87.29651666666665 ,0.0,75.34207627092249 ,10471.0,10:38:24 AM,1572671304394
-4.897 ,8.583 ,10.155,23.551753333333334,87.29651666666665 ,0.0,75.34207627092249 ,10471.0,10:38:24 AM,1572671304395
-4.892 ,8.955 ,8.17,23.551753333333334,87.29651666666665 ,0.0,75.34207627092249 ,10471.0,10:38:24 AM,1572671304399
-3.01 ,8.771 ,6.911,23.551753333333334,87.29651666666665 ,0.0,75.34207627092249 ,10471.0,10:38:24 AM,1572671304400
-2.316 ,7.859 ,3.351,23.551753333333334,87.29651666666665 ,0.0,75.34207627092249 ,10471.0,10:38:24 AM,1572671304404
-0.998 ,7.362 ,2.507,23.551753333333334,87.29651666666665 ,0.0,75.34207627092249 ,10471.0,10:38:24 AM,1572671304405
-0.36 ,7.939 ,3.39,23.551753333333334,87.29651666666665 ,0.0,75.34207627092249 ,10471.0,10:38:24 AM,1572671304409
0.098 ,9.105 ,5.687,23.551753333333334,87.29651666666665 ,0.0,75.34207627092249 ,10471.0,10:38:24 AM,1572671304410
0.965 ,9.996 ,8.762,23.551753333333334,87.29651666666665 ,0.0,75.34207627092249 ,10471.0,10:38:24 AM,1572671304414
0.367 ,8.91 ,10.826,23.551753333333334,87.29651666666665 ,0.0,75.34207627092249 ,10471.0,10:38:24 AM,1572671304414
-1.128 ,6.29 ,7.12,23.551753333333334,87.29651666666665 ,0.0,75.34207627092249 ,10471.0,10:38:24 AM,1572671304419
-2.14 ,4.251 ,1.13,23.551753333333334,87.29651666666665 ,0.0,75.34207627092249 ,10471.0,10:38:24 AM,1572671304419
-4.008 ,4.151 ,-1.109,23.551753333333334,87.29651666666665 ,0.0,75.34207627092249 ,10471.0,10:38:24 AM,1572671304426
-6.485 ,6.58 ,1.793,23.551753333333334,87.29651666666665 ,0.0,75.34207627092249 ,10471.0,10:38:24 AM,1572671304427
-9.119 ,9.234 ,5.543,23.551753333333334,87.29651666666665 ,0.0,75.34207627092249 ,10471.0,10:38:24 AM,1572671304429
-9.307 ,10.021 ,8.868,23.551753333333334,87.29651666666665 ,0.0,75.34207627092249 ,10471.0,10:38:24 AM,1572671304430
-8.584 ,9.544 ,10.416,23.551753333333334,87.29651666666665 ,0.0,75.34207627092249 ,10471.0,10:38:24 AM,1572671304434
-6.408 ,8.984 ,8.025,23.551753333333334,87.29651666666665 ,0.0,75.34207627092249 ,10471.0,10:38:24 AM,1572671304435
-2.467 ,8.463 ,5.765,23.551753333333334,87.29651666666665 ,0.0,75.34207627092249 ,10471.0,10:38:24 AM,1572671304439
0.724 ,7.832 ,3.171,23.551753333333334,87.29651666666665 ,0.0,75.34207627092249 ,10471.0,10:38:24 AM,1572671304439
2.728 ,8.384 ,0.953,23.551753333333334,87.29651666666665 ,0.0,75.34207627092249 ,10471.0,10:38:24 AM,1572671304445
2.758 ,9.717 ,0.081,23.551753333333334,87.29651666666665 ,0.0,75.34207627092249 ,10471.0,10:38:24 AM,1572671304445
1.576 ,10.889 ,0.993,23.551753333333334,87.29651666666665 ,0.0,75.34207627092249 ,10471.0,10:38:24 AM,1572671304450
-0.446 ,11.147 ,4.454,23.551753333333334,87.29651666666665 ,0.0,75.34207627092249 ,10471.0,10:38:24 AM,1572671304450
-3.677 ,9.621 ,5.786,23.551753333333334,87.29651666666665 ,0.0,75.34207627092249 ,10471.0,10:38:24 AM,1572671304454
-5.48 ,6.796 ,3.822,23.551753333333334,87.29651666666665 ,0.0,75.34207627092249 ,10471.0,10:38:24 AM,1572671304455
-5.925 ,4.488 ,-0.083,23.551753333333334,87.29651666666665 ,0.0,75.34207627092249 ,10471.0,10:38:24 AM,1572671304461
-5.258 ,4.488 ,1.657,23.551753333333334,87.29651666666665 ,0.0,75.34207627092249 ,10471.0,10:38:24 AM,1572671304462
-5.554 ,6.561 ,5.466,23.551753333333334,87.29651666666665 ,0.0,75.34207627092249 ,10471.0,10:38:24 AM,1572671304465
-5.686 ,8.47 ,9.503,23.551753333333334,87.29651666666665 ,0.0,75.34207627092249 ,10471.0,10:38:24 AM,1572671304466
-5.56 ,8.674 ,12.043,23.551753333333334,87.29651666666665 ,0.0,75.34207627092249 ,10471.0,10:38:24 AM,1572671304468
-5.461 ,7.541 ,12.704,23.551753333333334,87.29651666666665 ,0.0,75.34207627092249 ,10471.0,10:38:24 AM,1572671304469
-4.921 ,6.634 ,11.132,23.551753333333334,87.29651666666665 ,0.0,75.34207627092249 ,10471.0,10:38:24 AM,1572671304476
-2.773 ,5.988 ,8.953,23.551753333333334,87.29651666666665 ,0.0,75.34207627092249 ,10471.0,10:38:24 AM,1572671304477
-0.048 ,6.337 ,7.896,23.551753333333334,87.29651666666665 ,0.0,75.34207627092249 ,10471.0,10:38:24 AM,1572671304479
1.417 ,7.453 ,6.468,23.551753333333334,87.29651666666665 ,0.0,75.34207627092249 ,10471.0,10:38:24 AM,1572671304479
2.182 ,8.657 ,4.657,23.551753333333334,87.29651666666665 ,0.0,75.34207627092249 ,10471.0,10:38:24 AM,1572671304484
1.685 ,8.913 ,4.573,23.551753333333334,87.29651666666665 ,0.0,75.34207627092249 ,10471.0,10:38:24 AM,1572671304485
-0.816 ,8.529 ,5.156,23.551753333333334,87.29651666666665 ,0.0,75.34207627092249 ,10471.0,10:38:24 AM,1572671304490
