x,y,z,latitude,longitude,speed,sound,light,time,timestamp
-0.577 ,9.698 ,13.284,23.567828333333335,87.30168 ,21.646746826171874,84.79371598552805 ,8316.0,10:42:50 AM,1572671570659
-2.409 ,9.56 ,11.8,23.567828333333335,87.30168 ,21.646746826171874,84.79371598552805 ,8316.0,10:42:50 AM,1572671570663
-1.957 ,8.716 ,9.103,23.567828333333335,87.30168 ,21.646746826171874,84.79371598552805 ,8316.0,10:42:50 AM,1572671570664
-3.308 ,7.253 ,6.188,23.567828333333335,87.30168 ,21.646746826171874,84.79371598552805 ,8316.0,10:42:50 AM,1572671570669
-0.938 ,6.714 ,9.171,23.567828333333335,87.30168 ,21.646746826171874,84.79371598552805 ,8316.0,10:42:50 AM,1572671570670
0.386 ,3.515 ,4.564,23.567828333333335,87.30168 ,21.646746826171874,84.79371598552805 ,8316.0,10:42:50 AM,1572671570673
-3.121 ,0.202 ,3.219,23.567828333333335,87.30168 ,21.646746826171874,84.79371598552805 ,8316.0,10:42:50 AM,1572671570674
-2.468 ,-0.686 ,8.262,23.567828333333335,87.30168 ,21.646746826171874,84.79371598552805 ,8316.0,10:42:50 AM,1572671570678
-4.441 ,-0.336 ,12.737,23.567828333333335,87.30168 ,21.646746826171874,84.79371598552805 ,8316.0,10:42:50 AM,1572671570679
-7.581 ,2.446 ,16.409,23.567828333333335,87.30168 ,21.646746826171874,84.79371598552805 ,8316.0,10:42:50 AM,1572671570683
-6.127 ,4.567 ,13.431,23.567828333333335,87.30168 ,21.646746826171874,84.79371598552805 ,8316.0,10:42:50 AM,1572671570684
-6.057 ,3.366 ,9.64,23.567828333333335,87.30168 ,21.646746826171874,84.79371598552805 ,8316.0,10:42:50 AM,1572671570689
-5.013 ,3.946 ,6.586,23.567828333333335,87.30168 ,21.646746826171874,84.79371598552805 ,8316.0,10:42:50 AM,1572671570690
-0.901 ,7.603 ,2.302,23.567828333333335,87.30168 ,21.646746826171874,84.79371598552805 ,8316.0,10:42:50 AM,1572671570693
0.251 ,8.363 ,9.292,23.567828333333335,87.30168 ,21.646746826171874,84.79371598552805 ,8316.0,10:42:50 AM,1572671570694
0.797 ,10.48 ,11.998,23.567828333333335,87.30168 ,21.646746826171874,84.79371598552805 ,8316.0,10:42:50 AM,1572671570698
1.721 ,10.974 ,9.266,23.567828333333335,87.30168 ,21.646746826171874,84.79371598552805 ,8316.0,10:42:50 AM,1572671570699
1.91 ,9.407 ,10.654,23.567828333333335,87.30168 ,21.646746826171874,84.79371598552805 ,8316.0,10:42:50 AM,1572671570704
0.971 ,9.793 ,7.866,23.567828333333335,87.30168 ,21.646746826171874,84.79371598552805 ,8316.0,10:42:50 AM,1572671570705
0.407 ,11.52 ,5.547,23.567828333333335,87.30168 ,21.646746826171874,84.79371598552805 ,8316.0,10:42:50 AM,1572671570708
0.612 ,13.436 ,8.449,23.567828333333335,87.30168 ,21.646746826171874,84.79371598552805 ,8316.0,10:42:50 AM,1572671570709
-0.109 ,14.954 ,6.353,23.567828333333335,87.30168 ,21.646746826171874,84.79371598552805 ,8316.0,10:42:50 AM,1572671570714
0.889 ,15.094 ,3.324,23.567828333333335,87.30168 ,21.646746826171874,84.79371598552805 ,8316.0,10:42:50 AM,1572671570715
0.84 ,13.867 ,-0.801,23.567828333333335,87.30168 ,21.646746826171874,84.79371598552805 ,8316.0,10:42:50 AM,1572671570718
2.778 ,11.963 ,-3.695,23.567828333333335,87.30168 ,21.646746826171874,84.79371598552805 ,8316.0,10:42:50 AM,1572671570719
1.384 ,10.504 ,-6.587,23.567828333333335,87.30168 ,21.646746826171874,84.79371598552805 ,8316.0,10:42:50 AM,1572671570723
0.887 ,10.259 ,-1.885,23.567828333333335,87.30168 ,21.646746826171874,84.79371598552805 ,8316.0,10:42:50 AM,1572671570724
0.512 ,10.598 ,-0.702,23.567828333333335,87.30168 ,21.646746826171874,84.79371598552805 ,8316.0,10:42:50 AM,1572671570728
-0.356 ,8.646 ,2.566,23.567828333333335,87.30168 ,21.646746826171874,84.79371598552805 ,8316.0,10:42:50 AM,1572671570729
-2.821 ,6.955 ,3.694,23.567828333333335,87.30168 ,21.646746826171874,84.79371598552805 ,8316.0,10:42:50 AM,1572671570734
-2.42 ,7.382 ,3.461,23.567828333333335,87.30168 ,21.646746826171874,84.79371598552805 ,8316.0,10:42:50 AM,1572671570735
-2.009 ,7.437 ,9.096,23.567828333333335,87.30168 ,21.646746826171874,84.79371598552805 ,8316.0,10:42:50 AM,1572671570738
-3.263 ,7.495 ,7.204,23.567828333333335,87.30168 ,21.646746826171874,84.79371598552805 ,8316.0,10:42:50 AM,1572671570739
-1.071 ,8.372 ,4.766,23.567828333333335,87.30168 ,21.646746826171874,84.79371598552805 ,8316.0,10:42:50 AM,1572671570744
0.032 ,7.901 ,6.184,23.567828333333335,87.30168 ,21.646746826171874,84.79371598552805 ,8316.0,10:42:50 AM,1572671570744
-0.144 ,8.648 ,1.872,23.567828333333335,87.30168 ,21.646746826171874,84.79371598552805 ,8316.0,10:42:50 AM,1572671570749
1.545 ,10.196 ,3.943,23.567828333333335,87.30168 ,21.646746826171874,84.79371598552805 ,8316.0,10:42:50 AM,1572671570749
0.886 ,12.004 ,5.142,23.567828333333335,87.30168 ,21.646746826171874,84.79371598552805 ,8316.0,10:42:50 AM,1572671570754
1.053 ,13.299 ,4.728,23.567828333333335,87.30168 ,21.646746826171874,84.79371598552805 ,8316.0,10:42:50 AM,1572671570755
0.792 ,12.144 ,1.286,23.567828333333335,87.30168 ,21.646746826171874,84.79371598552805 ,8316.0,10:42:50 AM,1572671570759
-0.042 ,9.864 ,-2.864,23.567828333333335,87.30168 ,21.646746826171874,84.79371598552805 ,8316.0,10:42:50 AM,1572671570760
0.025 ,8.897 ,-6.749,23.567828333333335,87.30168 ,21.646746826171874,84.79371598552805 ,8316.0,10:42:50 AM,1572671570763
-0.615 ,9.762 ,-3.69,23.567828333333335,87.30168 ,21.646746826171874,84.79371598552805 ,8316.0,10:42:50 AM,1572671570764
-3.21 ,11.505 ,-1.079,23.567828333333335,87.30168 ,21.646746826171874,84.79371598552805 ,8316.0,10:42:50 AM,1572671570770
-2.658 ,13.279 ,3.862,23.567828333333335,87.30168 ,21.646746826171874,84.79371598552805 ,8316.0,10:42:50 AM,1572671570770
-4.642 ,12.304 ,4.338,23.567828333333335,87.30168 ,21.646746826171874,85.0349433516335 ,8316.0,10:42:50 AM,1572671570773
-5.093 ,9.785 ,2.265,23.567828333333335,87.30168 ,21.646746826171874,85.0349433516335 ,8316.0,10:42:50 AM,1572671570774
-3.163 ,8.157 ,3.035,23.567828333333335,87.30168 ,21.646746826171874,85.0349433516335 ,8316.0,10:42:50 AM,1572671570779
-1.647 ,8.359 ,6.527,23.567828333333335,87.30168 ,21.646746826171874,85.0349433516335 ,8316.0,10:42:50 AM,1572671570779
0.56 ,9.29 ,7.617,23.567828333333335,87.30168 ,21.646746826171874,85.0349433516335 ,8316.0,10:42:50 AM,1572671570783
2.982 ,8.989 ,8.355,23.567828333333335,87.30168 ,21.646746826171874,85.0349433516335 ,8316.0,10:42:50 AM,1572671570784
3.366 ,7.225 ,7.173,23.567828333333335,87.30168 ,21.646746826171874,85.0349433516335 ,8316.0,10:42:50 AM,1572671570789
3.954 ,5.784 ,2.114,23.567828333333335,87.30168 ,21.646746826171874,85.0349433516335 ,8316.0,10:42:50 AM,1572671570789
4.586 ,4.392 ,0.383,23.567828333333335,87.30168 ,21.646746826171874,85.0349433516335 ,7898.0,10:42:50 AM,1572671570793
2.674 ,4.288 ,-1.529,23.567828333333335,87.30168 ,21.646746826171874,85.0349433516335 ,7898.0,10:42:50 AM,1572671570793
2.702 ,6.821 ,-3.039,23.567828333333335,87.30168 ,21.646746826171874,85.0349433516335 ,7898.0,10:42:50 AM,1572671570799
0.298 ,9.123 ,-0.558,23.567828333333335,87.30168 ,21.646746826171874,85.0349433516335 ,7898.0,10:42:50 AM,1572671570800
-2.33 ,10.498 ,-0.5,23.567828333333335,87.30168 ,21.646746826171874,85.0349433516335 ,7898.0,10:42:50 AM,1572671570803
-3.694 ,10.351 ,-1.357,23.567828333333335,87.30168 ,21.646746826171874,85.0349433516335 ,7898.0,10:42:50 AM,1572671570804
-5.693 ,7.989 ,0.537,23.567828333333335,87.30168 ,21.646746826171874,85.0349433516335 ,7898.0,10:42:50 AM,1572671570808
-5.858 ,8.769 ,0.141,23.567828333333335,87.30168 ,21.646746826171874,85.0349433516335 ,7898.0,10:42:50 AM,1572671570809
-3.543 ,9.183 ,1.701,23.567828333333335,87.30168 ,21.646746826171874,85.0349433516335 ,7898.0,10:42:50 AM,1572671570813
-0.768 ,8.927 ,4.804,23.567828333333335,87.30168 ,21.646746826171874,85.0349433516335 ,7898.0,10:42:50 AM,1572671570814
1.894 ,8.531 ,4.264,23.567828333333335,87.30168 ,21.646746826171874,85.0349433516335 ,7898.0,10:42:50 AM,1572671570817
4.416 ,7.729 ,3.042,23.567828333333335,87.30168 ,21.646746826171874,85.0349433516335 ,7898.0,10:42:50 AM,1572671570818
4.93 ,7.447 ,6.982,23.567828333333335,87.30168 ,21.646746826171874,85.0349433516335 ,7898.0,10:42:50 AM,1572671570823
3.467 ,7.989 ,7.745,23.567828333333335,87.30168 ,21.646746826171874,85.0349433516335 ,7898.0,10:42:50 AM,1572671570823
2.414 ,8.6 ,12.693,23.567828333333335,87.30168 ,21.646746826171874,85.0349433516335 ,7898.0,10:42:50 AM,1572671570829
-1.189 ,8.449 ,14.986,23.567828333333335,87.30168 ,21.646746826171874,85.0349433516335 ,7898.0,10:42:50 AM,1572671570829
-2.445 ,8.825 ,14.622,23.567828333333335,87.30168 ,21.646746826171874,85.0349433516335 ,7898.0,10:42:50 AM,1572671570833
-3.516 ,9.853 ,15.933,23.567828333333335,87.30168 ,21.646746826171874,85.0349433516335 ,7898.0,10:42:50 AM,1572671570834
-1.073 ,10.552 ,18.344,23.567835,87.30173500000001 ,21.161259269714357,85.0349433516335 ,7898.0,10:42:50 AM,1572671570838
0.961 ,6.888 ,13.45,23.567835,87.30173500000001 ,21.161259269714357,85.0349433516335 ,7898.0,10:42:50 AM,1572671570839
-0.965 ,3.757 ,7.459,23.567835,87.30173500000001 ,21.161259269714357,85.0349433516335 ,7898.0,10:42:50 AM,1572671570845
2.508 ,3.683 ,13.611,23.567835,87.30173500000001 ,21.161259269714357,85.0349433516335 ,7898.0,10:42:50 AM,1572671570845
0.474 ,2.973 ,15.042,23.567835,87.30173500000001 ,21.161259269714357,85.0349433516335 ,7898.0,10:42:50 AM,1572671570848
-1.807 ,4.508 ,17.507,23.567835,87.30173500000001 ,21.161259269714357,85.0349433516335 ,7898.0,10:42:50 AM,1572671570848
-1.387 ,6.408 ,13.763,23.567835,87.30173500000001 ,21.161259269714357,85.0349433516335 ,7898.0,10:42:50 AM,1572671570853
-2.637 ,6.334 ,7.317,23.567835,87.30173500000001 ,21.161259269714357,85.0349433516335 ,7898.0,10:42:50 AM,1572671570854
-3.423 ,6.284 ,4.526,23.567835,87.30173500000001 ,21.161259269714357,85.0349433516335 ,7898.0,10:42:50 AM,1572671570857
-1.93 ,9.683 ,-2.0,23.567835,87.30173500000001 ,21.161259269714357,85.0349433516335 ,7898.0,10:42:50 AM,1572671570858
-2.24 ,9.725 ,1.391,23.567835,87.30173500000001 ,21.161259269714357,85.0349433516335 ,7898.0,10:42:50 AM,1572671570863
-2.002 ,9.766 ,5.626,23.567835,87.30173500000001 ,21.161259269714357,85.0349433516335 ,7898.0,10:42:50 AM,1572671570864
-1.143 ,9.246 ,0.717,23.567835,87.30173500000001 ,21.161259269714357,85.0349433516335 ,7898.0,10:42:50 AM,1572671570868
-0.393 ,7.891 ,-1.991,23.567835,87.30173500000001 ,21.161259269714357,85.0349433516335 ,7898.0,10:42:50 AM,1572671570869
-0.509 ,9.231 ,-2.986,23.567835,87.30173500000001 ,21.161259269714357,85.0349433516335 ,7898.0,10:42:50 AM,1572671570873
-0.581 ,12.821 ,-3.364,23.567835,87.30173500000001 ,21.161259269714357,85.0349433516335 ,7898.0,10:42:50 AM,1572671570873
-2.292 ,14.959 ,0.791,23.567835,87.30173500000001 ,21.161259269714357,85.0349433516335 ,7898.0,10:42:50 AM,1572671570877
-3.704 ,14.91 ,2.832,23.567835,87.30173500000001 ,21.161259269714357,85.0349433516335 ,7898.0,10:42:50 AM,1572671570878
-2.748 ,13.683 ,0.647,23.567835,87.30173500000001 ,21.161259269714357,85.0349433516335 ,7898.0,10:42:50 AM,1572671570882
-0.879 ,10.547 ,4.944,23.567835,87.30173500000001 ,21.161259269714357,85.0349433516335 ,7898.0,10:42:50 AM,1572671570883
2.596 ,10.564 ,5.549,23.567835,87.30173500000001 ,21.161259269714357,85.0349433516335 ,7898.0,10:42:50 AM,1572671570887
5.831 ,11.777 ,7.363,23.567835,87.30173500000001 ,21.161259269714357,85.0349433516335 ,7898.0,10:42:50 AM,1572671570888
7.598 ,11.662 ,10.274,23.567835,87.30173500000001 ,21.161259269714357,85.0349433516335 ,7898.0,10:42:50 AM,1572671570892
7.075 ,10.245 ,4.819,23.567835,87.30173500000001 ,21.161259269714357,85.0349433516335 ,7898.0,10:42:50 AM,1572671570893
3.446 ,7.389 ,-0.647,23.567835,87.30173500000001 ,21.161259269714357,85.0349433516335 ,7898.0,10:42:50 AM,1572671570897
-0.148 ,6.454 ,-1.821,23.567835,87.30173500000001 ,21.161259269714357,85.0349433516335 ,7898.0,10:42:50 AM,1572671570898
-2.674 ,7.727 ,-1.552,23.567835,87.30173500000001 ,21.161259269714357,85.0349433516335 ,7898.0,10:42:50 AM,1572671570902
-5.131 ,9.856 ,3.026,23.567835,87.30173500000001 ,21.161259269714357,85.0349433516335 ,7898.0,10:42:50 AM,1572671570903
-6.428 ,11.856 ,3.464,23.567835,87.30173500000001 ,21.161259269714357,85.0349433516335 ,7898.0,10:42:50 AM,1572671570908
