x,y,z,latitude,longitude,speed,sound,light,time,timestamp
6.262 ,4.726 ,-2.853,23.568173333333334,87.29965500000002 ,36.89693756103516,88.35486075174968 ,3025.0,10:42:27 AM,1572671547228
2.374 ,6.176 ,-6.143,23.568173333333334,87.29965500000002 ,36.89693756103516,88.35486075174968 ,3025.0,10:42:27 AM,1572671547229
2.491 ,10.012 ,-0.757,23.568173333333334,87.29965500000002 ,36.89693756103516,88.35486075174968 ,3025.0,10:42:27 AM,1572671547233
0.324 ,12.42 ,2.51,23.568173333333334,87.29965500000002 ,36.89693756103516,88.35486075174968 ,3025.0,10:42:27 AM,1572671547234
-3.455 ,10.154 ,-3.263,23.568173333333334,87.29965500000002 ,36.89693756103516,88.35486075174968 ,3025.0,10:42:27 AM,1572671547238
0.043 ,6.477 ,-1.509,23.568173333333334,87.29965500000002 ,36.89693756103516,88.35486075174968 ,3025.0,10:42:27 AM,1572671547239
-3.734 ,4.575 ,-1.953,23.568173333333334,87.29965500000002 ,36.89693756103516,88.35486075174968 ,3025.0,10:42:27 AM,1572671547243
-2.112 ,6.401 ,7.415,23.568173333333334,87.29965500000002 ,36.89693756103516,88.35486075174968 ,3025.0,10:42:27 AM,1572671547244
0.481 ,8.107 ,19.844,23.568173333333334,87.29965500000002 ,36.89693756103516,88.35486075174968 ,3025.0,10:42:27 AM,1572671547249
-2.939 ,7.063 ,18.716,23.568173333333334,87.29965500000002 ,36.89693756103516,88.35486075174968 ,3025.0,10:42:27 AM,1572671547250
-2.027 ,6.225 ,14.501,23.568173333333334,87.29965500000002 ,36.89693756103516,88.03878334770097 ,3025.0,10:42:27 AM,1572671547253
-2.052 ,6.817 ,9.901,23.568173333333334,87.29965500000002 ,36.89693756103516,88.03878334770097 ,3025.0,10:42:27 AM,1572671547254
0.635 ,5.306 ,14.033,23.568173333333334,87.29965500000002 ,36.89693756103516,88.03878334770097 ,3025.0,10:42:27 AM,1572671547259
-2.06 ,6.235 ,11.498,23.568173333333334,87.29965500000002 ,36.89693756103516,88.03878334770097 ,3025.0,10:42:27 AM,1572671547260
0.122 ,6.165 ,19.47,23.568173333333334,87.29965500000002 ,36.89693756103516,88.03878334770097 ,3025.0,10:42:27 AM,1572671547264
1.33 ,3.168 ,23.408,23.568173333333334,87.29965500000002 ,36.89693756103516,88.03878334770097 ,3025.0,10:42:27 AM,1572671547264
-1.046 ,0.703 ,19.111,23.568173333333334,87.29965500000002 ,36.89693756103516,88.03878334770097 ,3025.0,10:42:27 AM,1572671547268
0.831 ,1.051 ,22.201,23.568173333333334,87.29965500000002 ,36.89693756103516,88.03878334770097 ,3025.0,10:42:27 AM,1572671547269
-1.178 ,4.03 ,22.325,23.568173333333334,87.29965500000002 ,36.89693756103516,88.03878334770097 ,3025.0,10:42:27 AM,1572671547273
-5.767 ,5.007 ,22.518,23.568173333333334,87.29965500000002 ,36.89693756103516,88.03878334770097 ,3025.0,10:42:27 AM,1572671547274
-4.444 ,5.255 ,21.377,23.568173333333334,87.29965500000002 ,36.89693756103516,88.03878334770097 ,3025.0,10:42:27 AM,1572671547278
-5.814 ,5.128 ,12.409,23.568173333333334,87.29965500000002 ,36.89693756103516,88.03878334770097 ,3025.0,10:42:27 AM,1572671547278
-5.189 ,2.073 ,12.159,23.568173333333334,87.29965500000002 ,36.89693756103516,88.03878334770097 ,3025.0,10:42:27 AM,1572671547283
-2.983 ,-0.119 ,9.857,23.568173333333334,87.29965500000002 ,36.89693756103516,88.03878334770097 ,3025.0,10:42:27 AM,1572671547284
1.047 ,1.974 ,9.11,23.568173333333334,87.29965500000002 ,36.89693756103516,88.03878334770097 ,3025.0,10:42:27 AM,1572671547289
3.612 ,4.703 ,7.39,23.568173333333334,87.29965500000002 ,36.89693756103516,88.03878334770097 ,3025.0,10:42:27 AM,1572671547289
6.845 ,8.898 ,3.997,23.568173333333334,87.29965500000002 ,36.89693756103516,88.03878334770097 ,3025.0,10:42:27 AM,1572671547293
7.245 ,13.291 ,-6.143,23.568173333333334,87.29965500000002 ,36.89693756103516,88.03878334770097 ,3025.0,10:42:27 AM,1572671547294
5.566 ,13.267 ,-15.234,23.568173333333334,87.29965500000002 ,36.89693756103516,88.03878334770097 ,3025.0,10:42:27 AM,1572671547298
0.058 ,12.561 ,-24.283,23.568173333333334,87.29965500000002 ,36.89693756103516,88.03878334770097 ,3025.0,10:42:27 AM,1572671547298
-2.361 ,10.928 ,-14.856,23.568173333333334,87.29965500000002 ,36.89693756103516,88.03878334770097 ,3025.0,10:42:27 AM,1572671547303
-7.285 ,13.673 ,-1.811,23.568173333333334,87.29965500000002 ,36.89693756103516,88.03878334770097 ,3025.0,10:42:27 AM,1572671547304
-6.83 ,18.635 ,19.283,23.568173333333334,87.29965500000002 ,36.89693756103516,88.03878334770097 ,3025.0,10:42:27 AM,1572671547308
-3.885 ,21.173 ,34.296,23.568173333333334,87.29965500000002 ,36.89693756103516,88.03878334770097 ,3025.0,10:42:27 AM,1572671547309
-2.383 ,16.919 ,26.962,23.568173333333334,87.29965500000002 ,36.89693756103516,88.03878334770097 ,3025.0,10:42:27 AM,1572671547313
4.209 ,7.081 ,22.747,23.568173333333334,87.29965500000002 ,36.89693756103516,88.03878334770097 ,3025.0,10:42:27 AM,1572671547313
6.663 ,1.787 ,2.329,23.568173333333334,87.29965500000002 ,36.89693756103516,88.03878334770097 ,3025.0,10:42:27 AM,1572671547318
11.093 ,5.85 ,-6.472,23.568173333333334,87.29965500000002 ,36.89693756103516,88.03878334770097 ,3025.0,10:42:27 AM,1572671547318
6.439 ,13.877 ,-12.812,23.568173333333334,87.29965500000002 ,36.89693756103516,88.03878334770097 ,3025.0,10:42:27 AM,1572671547323
4.041 ,19.584 ,-9.172,23.568173333333334,87.29965500000002 ,36.89693756103516,88.03878334770097 ,3025.0,10:42:27 AM,1572671547324
-1.431 ,15.842 ,-10.161,23.568173333333334,87.29965500000002 ,36.89693756103516,88.03878334770097 ,3025.0,10:42:27 AM,1572671547329
-6.252 ,8.782 ,-15.326,23.568173333333334,87.29965500000002 ,36.89693756103516,88.03878334770097 ,3025.0,10:42:27 AM,1572671547329
-7.603 ,6.624 ,-11.054,23.568173333333334,87.29965500000002 ,36.89693756103516,88.03878334770097 ,3025.0,10:42:27 AM,1572671547333
-8.073 ,6.383 ,-0.993,23.568173333333334,87.29965500000002 ,36.89693756103516,88.03878334770097 ,3025.0,10:42:27 AM,1572671547334
-7.557 ,8.822 ,9.11,23.568173333333334,87.29965500000002 ,36.89693756103516,88.03878334770097 ,3025.0,10:42:27 AM,1572671547338
-4.748 ,10.501 ,15.049,23.568173333333334,87.29965500000002 ,36.89693756103516,88.03878334770097 ,3025.0,10:42:27 AM,1572671547339
-2.58 ,6.091 ,16.267,23.568173333333334,87.29965500000002 ,36.89693756103516,88.03878334770097 ,3025.0,10:42:27 AM,1572671547343
-2.632 ,3.045 ,5.228,23.568173333333334,87.29965500000002 ,36.89693756103516,88.03878334770097 ,3025.0,10:42:27 AM,1572671547345
-0.613 ,3.587 ,0.771,23.568173333333334,87.29965500000002 ,36.89693756103516,88.03878334770097 ,3025.0,10:42:27 AM,1572671547348
-0.753 ,6.355 ,3.975,23.568173333333334,87.29965500000002 ,36.89693756103516,88.03878334770097 ,3025.0,10:42:27 AM,1572671547349
-0.349 ,11.113 ,11.498,23.568173333333334,87.29965500000002 ,36.89693756103516,88.03878334770097 ,3025.0,10:42:27 AM,1572671547353
0.603 ,12.133 ,12.837,23.568173333333334,87.29965500000002 ,36.89693756103516,88.03878334770097 ,3025.0,10:42:27 AM,1572671547354
-0.976 ,7.515 ,8.897,23.568173333333334,87.29965500000002 ,36.89693756103516,88.03878334770097 ,3025.0,10:42:27 AM,1572671547358
3.064 ,3.919 ,8.573,23.568173333333334,87.29965500000002 ,36.89693756103516,88.03878334770097 ,3025.0,10:42:27 AM,1572671547358
3.216 ,3.919 ,5.709,23.568173333333334,87.29965500000002 ,36.89693756103516,88.03878334770097 ,3025.0,10:42:27 AM,1572671547363
2.096 ,4.03 ,9.371,23.568173333333334,87.29965500000002 ,36.89693756103516,88.03878334770097 ,3025.0,10:42:27 AM,1572671547364
-0.314 ,5.111 ,10.535,23.568173333333334,87.29965500000002 ,36.89693756103516,88.03878334770097 ,3025.0,10:42:27 AM,1572671547369
-5.122 ,4.85 ,5.868,23.568173333333334,87.29965500000002 ,36.89693756103516,88.03878334770097 ,3025.0,10:42:27 AM,1572671547370
-6.787 ,1.807 ,6.582,23.568173333333334,87.29965500000002 ,36.89693756103516,88.03878334770097 ,3025.0,10:42:27 AM,1572671547373
-10.807 ,-0.298 ,6.9,23.568173333333334,87.29965500000002 ,36.89693756103516,88.03878334770097 ,3025.0,10:42:27 AM,1572671547374
-11.157 ,2.609 ,14.57,23.568173333333334,87.29965500000002 ,36.89693756103516,88.03878334770097 ,3025.0,10:42:27 AM,1572671547378
-7.769 ,7.397 ,27.92,23.568173333333334,87.29965500000002 ,36.89693756103516,88.03878334770097 ,3025.0,10:42:27 AM,1572671547379
-5.874 ,7.397 ,32.128,23.568173333333334,87.29965500000002 ,36.89693756103516,88.03878334770097 ,3025.0,10:42:27 AM,1572671547383
-0.672 ,1.997 ,24.325,23.568173333333334,87.29965500000002 ,36.89693756103516,88.03878334770097 ,3025.0,10:42:27 AM,1572671547384
4.903 ,-3.269 ,13.604,23.568173333333334,87.29965500000002 ,36.89693756103516,88.03878334770097 ,3025.0,10:42:27 AM,1572671547388
7.39 ,-3.543 ,5.683,23.568173333333334,87.29965500000002 ,36.89693756103516,88.03878334770097 ,3025.0,10:42:27 AM,1572671547389
9.808 ,4.285 ,10.319,23.568173333333334,87.29965500000002 ,36.89693756103516,88.03878334770097 ,3025.0,10:42:27 AM,1572671547392
7.997 ,13.264 ,11.292,23.568173333333334,87.29965500000002 ,36.89693756103516,88.03878334770097 ,3025.0,10:42:27 AM,1572671547393
7.718 ,14.697 ,6.595,23.568173333333334,87.29965500000002 ,36.89693756103516,88.03878334770097 ,3145.0,10:42:27 AM,1572671547397
3.981 ,11.797 ,-2.67,23.568173333333334,87.29965500000002 ,36.89693756103516,88.03878334770097 ,3145.0,10:42:27 AM,1572671547398
1.053 ,10.197 ,-14.529,23.568173333333334,87.29965500000002 ,36.89693756103516,88.03878334770097 ,3145.0,10:42:27 AM,1572671547403
-0.69 ,11.474 ,-22.047,23.568173333333334,87.29965500000002 ,36.89693756103516,88.03878334770097 ,3145.0,10:42:27 AM,1572671547404
-1.919 ,11.699 ,-16.185,23.568173333333334,87.29965500000002 ,36.89693756103516,88.03878334770097 ,3145.0,10:42:27 AM,1572671547408
-3.182 ,14.654 ,-7.771,23.568173333333334,87.29965500000002 ,36.89693756103516,88.03878334770097 ,3145.0,10:42:27 AM,1572671547409
-3.581 ,18.646 ,-2.909,23.568173333333334,87.29965500000002 ,36.89693756103516,88.03878334770097 ,3145.0,10:42:27 AM,1572671547413
-5.681 ,20.782 ,1.843,23.568173333333334,87.29965500000002 ,36.89693756103516,88.03878334770097 ,3145.0,10:42:27 AM,1572671547413
-0.664 ,19.287 ,5.569,23.568173333333334,87.29965500000002 ,36.89693756103516,88.03878334770097 ,3145.0,10:42:27 AM,1572671547417
1.124 ,17.436 ,1.184,23.568173333333334,87.29965500000002 ,36.89693756103516,88.03878334770097 ,3145.0,10:42:27 AM,1572671547418
3.977 ,18.173 ,-2.619,23.568173333333334,87.29965500000002 ,36.89693756103516,88.03878334770097 ,3145.0,10:42:27 AM,1572671547423
8.539 ,19.579 ,-1.154,23.568173333333334,87.29965500000002 ,36.89693756103516,88.03878334770097 ,3145.0,10:42:27 AM,1572671547423
9.783 ,16.868 ,2.769,23.568173333333334,87.29965500000002 ,36.89693756103516,88.03878334770097 ,3145.0,10:42:27 AM,1572671547428
9.311 ,13.526 ,7.669,23.568173333333334,87.29965500000002 ,36.89693756103516,88.03878334770097 ,3145.0,10:42:27 AM,1572671547429
7.462 ,10.294 ,8.158,23.568173333333334,87.29965500000002 ,36.89693756103516,88.03878334770097 ,3145.0,10:42:27 AM,1572671547432
3.78 ,8.403 ,9.1,23.568173333333334,87.29965500000002 ,36.89693756103516,88.03878334770097 ,3145.0,10:42:27 AM,1572671547433
1.284 ,7.449 ,10.975,23.568173333333334,87.29965500000002 ,36.89693756103516,88.03878334770097 ,3145.0,10:42:27 AM,1572671547437
-3.381 ,8.347 ,9.466,23.568173333333334,87.29965500000002 ,36.89693756103516,88.03878334770097 ,3145.0,10:42:27 AM,1572671547438
-5.051 ,9.421 ,10.093,23.568173333333334,87.29965500000002 ,36.89693756103516,88.03878334770097 ,3145.0,10:42:27 AM,1572671547442
-7.238 ,8.419 ,6.12,23.568173333333334,87.29965500000002 ,36.89693756103516,88.03878334770097 ,3145.0,10:42:27 AM,1572671547443
-9.415 ,2.954 ,0.689,23.568173333333334,87.29965500000002 ,36.89693756103516,88.03878334770097 ,3145.0,10:42:27 AM,1572671547448
-6.962 ,-1.792 ,-2.137,23.568173333333334,87.29965500000002 ,36.89693756103516,88.03878334770097 ,3145.0,10:42:27 AM,1572671547449
-5.511 ,-1.703 ,-6.288,23.568173333333334,87.29965500000002 ,36.89693756103516,88.03878334770097 ,3145.0,10:42:27 AM,1572671547452
-6.57 ,-0.019 ,-0.199,23.568173333333334,87.29965500000002 ,36.89693756103516,88.03878334770097 ,3145.0,10:42:27 AM,1572671547453
-4.742 ,6.201 ,11.783,23.568173333333334,87.29965500000002 ,36.89693756103516,88.03878334770097 ,3145.0,10:42:27 AM,1572671547457
-5.678 ,9.025 ,18.685,23.568173333333334,87.29965500000002 ,36.89693756103516,88.03878334770097 ,3145.0,10:42:27 AM,1572671547458
-7.05 ,5.97 ,20.255,23.568173333333334,87.29965500000002 ,36.89693756103516,88.03878334770097 ,3145.0,10:42:27 AM,1572671547462
-6.649 ,2.547 ,13.421,23.568173333333334,87.29965500000002 ,36.89693756103516,88.03878334770097 ,3145.0,10:42:27 AM,1572671547464
-4.49 ,0.287 ,8.43,23.568173333333334,87.29965500000002 ,36.89693756103516,88.03878334770097 ,3145.0,10:42:27 AM,1572671547468
-0.747 ,1.966 ,7.147,23.568173333333334,87.29965500000002 ,36.89693756103516,88.03878334770097 ,3145.0,10:42:27 AM,1572671547469
0.243 ,6.891 ,4.307,23.568173333333334,87.29965500000002 ,36.89693756103516,88.03878334770097 ,3145.0,10:42:27 AM,1572671547473
0.62 ,9.544 ,7.106,23.568173333333334,87.29965500000002 ,36.89693756103516,88.03878334770097 ,3145.0,10:42:27 AM,1572671547473
