x,y,z,latitude,longitude,speed,sound,light,time,timestamp
-1.608 ,6.071 ,9.488,23.567954999999998,87.29881333333333 ,26.394131469726563,84.20894810769845 ,19054.0,10:41:58 AM,1572671518066
-1.63 ,6.99 ,12.603,23.567954999999998,87.29881333333333 ,26.394131469726563,84.20894810769845 ,19054.0,10:41:58 AM,1572671518067
-2.184 ,8.184 ,16.188,23.567954999999998,87.29881333333333 ,26.394131469726563,84.20894810769845 ,19054.0,10:41:58 AM,1572671518072
-1.153 ,8.461 ,16.415,23.567954999999998,87.29881333333333 ,26.394131469726563,84.20894810769845 ,19054.0,10:41:58 AM,1572671518073
0.009 ,6.884 ,11.782,23.567954999999998,87.29881333333333 ,26.394131469726563,84.20894810769845 ,19054.0,10:41:58 AM,1572671518076
1.186 ,4.582 ,4.807,23.567954999999998,87.29881333333333 ,26.394131469726563,84.20894810769845 ,19054.0,10:41:58 AM,1572671518076
1.781 ,3.6 ,2.208,23.567954999999998,87.29881333333333 ,26.394131469726563,84.20894810769845 ,19054.0,10:41:58 AM,1572671518080
1.373 ,5.019 ,3.383,23.567954999999998,87.29881333333333 ,26.394131469726563,84.20894810769845 ,19054.0,10:41:58 AM,1572671518081
0.11 ,8.129 ,5.13,23.567954999999998,87.29881333333333 ,26.394131469726563,84.20894810769845 ,19054.0,10:41:58 AM,1572671518086
-1.318 ,9.34 ,10.28,23.567954999999998,87.29881333333333 ,26.394131469726563,84.20894810769845 ,19054.0,10:41:58 AM,1572671518087
-3.125 ,8.882 ,10.662,23.567954999999998,87.29881333333333 ,26.394131469726563,84.20894810769845 ,19054.0,10:41:58 AM,1572671518091
-3.216 ,8.76 ,8.818,23.567954999999998,87.29881333333333 ,26.394131469726563,84.20894810769845 ,19054.0,10:41:58 AM,1572671518091
-2.546 ,8.528 ,5.629,23.567954999999998,87.29881333333333 ,26.394131469726563,84.20894810769845 ,19054.0,10:41:58 AM,1572671518096
-0.34 ,7.688 ,1.938,23.567954999999998,87.29881333333333 ,26.394131469726563,84.20894810769845 ,19054.0,10:41:58 AM,1572671518096
1.02 ,6.708 ,-2.732,23.567954999999998,87.29881333333333 ,26.394131469726563,84.20894810769845 ,19054.0,10:41:58 AM,1572671518101
2.089 ,7.632 ,-4.301,23.567954999999998,87.29881333333333 ,26.394131469726563,84.20894810769845 ,19054.0,10:41:58 AM,1572671518102
1.673 ,9.065 ,-2.176,23.567954999999998,87.29881333333333 ,26.394131469726563,84.20894810769845 ,19054.0,10:41:58 AM,1572671518106
0.864 ,9.438 ,0.579,23.567954999999998,87.29881333333333 ,26.394131469726563,84.20894810769845 ,19054.0,10:41:58 AM,1572671518107
-0.769 ,9.585 ,2.06,23.567954999999998,87.29881333333333 ,26.394131469726563,84.20894810769845 ,19054.0,10:41:58 AM,1572671518111
-2.25 ,11.515 ,3.995,23.567954999999998,87.29881333333333 ,26.394131469726563,84.20894810769845 ,19054.0,10:41:58 AM,1572671518111
-1.267 ,11.043 ,13.051,23.567954999999998,87.29881333333333 ,26.394131469726563,84.20894810769845 ,19054.0,10:41:58 AM,1572671518115
-1.408 ,7.757 ,9.849,23.567954999999998,87.29881333333333 ,26.394131469726563,84.20894810769845 ,19054.0,10:41:58 AM,1572671518117
0.025 ,3.943 ,4.623,23.567954999999998,87.29881333333333 ,26.394131469726563,84.20894810769845 ,19054.0,10:41:58 AM,1572671518121
2.52 ,2.065 ,9.551,23.567954999999998,87.29881333333333 ,26.394131469726563,84.20894810769845 ,19054.0,10:41:58 AM,1572671518122
1.321 ,4.768 ,9.128,23.567954999999998,87.29881333333333 ,26.394131469726563,84.20894810769845 ,19054.0,10:41:58 AM,1572671518126
0.574 ,7.715 ,11.112,23.567954999999998,87.29881333333333 ,26.394131469726563,84.20894810769845 ,19054.0,10:41:58 AM,1572671518127
0.765 ,6.974 ,15.922,23.567954999999998,87.29881333333333 ,26.394131469726563,84.20894810769845 ,19054.0,10:41:58 AM,1572671518131
-2.737 ,6.124 ,11.531,23.567954999999998,87.29881333333333 ,26.394131469726563,84.20894810769845 ,19054.0,10:41:58 AM,1572671518132
-0.988 ,7.036 ,12.886,23.567954999999998,87.29881333333333 ,26.394131469726563,84.20894810769845 ,19054.0,10:41:58 AM,1572671518136
-0.816 ,7.34 ,10.281,23.567954999999998,87.29881333333333 ,26.394131469726563,84.20894810769845 ,19054.0,10:41:58 AM,1572671518136
2.116 ,7.319 ,9.391,23.567954999999998,87.29881333333333 ,26.394131469726563,84.20894810769845 ,19054.0,10:41:58 AM,1572671518140
2.229 ,7.327 ,3.009,23.567954999999998,87.29881333333333 ,26.394131469726563,84.20894810769845 ,19054.0,10:41:58 AM,1572671518141
2.92 ,6.168 ,2.62,23.567954999999998,87.29881333333333 ,26.394131469726563,84.20894810769845 ,19054.0,10:41:58 AM,1572671518146
1.843 ,6.323 ,1.859,23.567954999999998,87.29881333333333 ,26.394131469726563,84.20894810769845 ,19054.0,10:41:58 AM,1572671518147
-0.194 ,7.978 ,2.082,23.567954999999998,87.29881333333333 ,26.394131469726563,84.20894810769845 ,19054.0,10:41:58 AM,1572671518151
-2.204 ,9.676 ,5.033,23.567954999999998,87.29881333333333 ,26.394131469726563,84.20894810769845 ,19054.0,10:41:58 AM,1572671518151
-3.291 ,11.29 ,7.709,23.567954999999998,87.29881333333333 ,26.394131469726563,84.20894810769845 ,19054.0,10:41:58 AM,1572671518155
-4.121 ,11.971 ,7.326,23.567954999999998,87.29881333333333 ,26.394131469726563,84.20894810769845 ,19054.0,10:41:58 AM,1572671518156
-2.86 ,10.897 ,4.321,23.567954999999998,87.29881333333333 ,26.394131469726563,84.20894810769845 ,19054.0,10:41:58 AM,1572671518160
-0.637 ,7.314 ,-0.09,23.567954999999998,87.29881333333333 ,26.394131469726563,84.20894810769845 ,19054.0,10:41:58 AM,1572671518161
0.486 ,5.109 ,-3.993,23.567954999999998,87.29881333333333 ,26.394131469726563,84.20894810769845 ,19054.0,10:41:58 AM,1572671518166
1.361 ,6.841 ,-2.045,23.567954999999998,87.29881333333333 ,26.394131469726563,84.20894810769845 ,19054.0,10:41:58 AM,1572671518167
1.928 ,10.337 ,5.685,23.567954999999998,87.29881333333333 ,26.394131469726563,84.20894810769845 ,19054.0,10:41:58 AM,1572671518171
-0.393 ,10.969 ,8.028,23.567954999999998,87.29881333333333 ,26.394131469726563,84.20894810769845 ,19054.0,10:41:58 AM,1572671518171
-1.504 ,8.454 ,7.082,23.567954999999998,87.29881333333333 ,26.394131469726563,84.20894810769845 ,19054.0,10:41:58 AM,1572671518175
-2.747 ,6.286 ,4.737,23.567954999999998,87.29881333333333 ,26.394131469726563,84.20894810769845 ,19054.0,10:41:58 AM,1572671518176
-1.614 ,5.922 ,6.808,23.567954999999998,87.29881333333333 ,26.394131469726563,84.20894810769845 ,19054.0,10:41:58 AM,1572671518180
-1.08 ,7.168 ,5.489,23.567954999999998,87.29881333333333 ,26.394131469726563,84.20894810769845 ,19054.0,10:41:58 AM,1572671518181
-0.027 ,7.667 ,6.141,23.567954999999998,87.29881333333333 ,26.394131469726563,84.20894810769845 ,19054.0,10:41:58 AM,1572671518186
1.124 ,7.047 ,7.264,23.567954999999998,87.29881333333333 ,26.394131469726563,84.20894810769845 ,19054.0,10:41:58 AM,1572671518187
0.79 ,5.027 ,5.829,23.567954999999998,87.29881333333333 ,26.394131469726563,84.20894810769845 ,19054.0,10:41:58 AM,1572671518191
0.493 ,3.957 ,5.369,23.567954999999998,87.29881333333333 ,26.394131469726563,84.20894810769845 ,19054.0,10:41:58 AM,1572671518192
-0.042 ,5.536 ,6.829,23.567954999999998,87.29881333333333 ,26.394131469726563,84.20894810769845 ,32573.0,10:41:58 AM,1572671518196
-0.897 ,9.395 ,11.498,23.567954999999998,87.29881333333333 ,26.394131469726563,84.20894810769845 ,32573.0,10:41:58 AM,1572671518197
-0.943 ,11.815 ,13.185,23.567954999999998,87.29881333333333 ,26.394131469726563,84.20894810769845 ,32573.0,10:41:58 AM,1572671518200
-0.483 ,9.988 ,7.462,23.567954999999998,87.29881333333333 ,26.394131469726563,84.20894810769845 ,32573.0,10:41:58 AM,1572671518201
0.245 ,6.58 ,0.057,23.567954999999998,87.29881333333333 ,26.394131469726563,84.20894810769845 ,32573.0,10:41:58 AM,1572671518206
1.445 ,5.928 ,-2.219,23.567954999999998,87.29881333333333 ,26.394131469726563,84.20894810769845 ,32573.0,10:41:58 AM,1572671518207
1.73 ,8.573 ,0.046,23.567954999999998,87.29881333333333 ,26.394131469726563,84.20894810769845 ,32573.0,10:41:58 AM,1572671518210
1.72 ,11.906 ,5.188,23.567954999999998,87.29881333333333 ,26.394131469726563,84.20894810769845 ,32573.0,10:41:58 AM,1572671518211
-0.07 ,12.526 ,7.302,23.567954999999998,87.29881333333333 ,26.394131469726563,84.20894810769845 ,32573.0,10:41:58 AM,1572671518215
-1.344 ,10.925 ,7.453,23.567954999999998,87.29881333333333 ,26.394131469726563,84.20894810769845 ,32573.0,10:41:58 AM,1572671518216
-2.717 ,9.099 ,5.728,23.567954999999998,87.29881333333333 ,26.394131469726563,84.20894810769845 ,32573.0,10:41:58 AM,1572671518220
-2.269 ,8.554 ,6.242,23.567954999999998,87.29881333333333 ,26.394131469726563,84.20894810769845 ,32573.0,10:41:58 AM,1572671518221
-1.86 ,8.399 ,5.693,23.567954999999998,87.29881333333333 ,26.394131469726563,84.20894810769845 ,32573.0,10:41:58 AM,1572671518226
-0.367 ,7.915 ,5.225,23.567954999999998,87.29881333333333 ,26.394131469726563,84.20894810769845 ,32573.0,10:41:58 AM,1572671518227
0.481 ,7.108 ,3.492,23.567954999999998,87.29881333333333 ,26.394131469726563,84.20894810769845 ,32573.0,10:41:58 AM,1572671518230
1.136 ,5.421 ,3.84,23.567954999999998,87.29881333333333 ,26.394131469726563,84.20894810769845 ,32573.0,10:41:58 AM,1572671518231
0.345 ,4.353 ,4.028,23.567954999999998,87.29881333333333 ,26.394131469726563,84.20894810769845 ,32573.0,10:41:58 AM,1572671518235
-0.404 ,4.798 ,7.153,23.567954999999998,87.29881333333333 ,26.394131469726563,84.20894810769845 ,32573.0,10:41:58 AM,1572671518236
-1.612 ,6.975 ,12.45,23.567954999999998,87.29881333333333 ,26.394131469726563,84.20894810769845 ,32573.0,10:41:58 AM,1572671518240
-2.635 ,8.605 ,16.007,23.567954999999998,87.29881333333333 ,26.394131469726563,84.20894810769845 ,32573.0,10:41:58 AM,1572671518241
-2.318 ,7.367 ,11.418,23.567954999999998,87.29881333333333 ,26.394131469726563,84.20894810769845 ,32573.0,10:41:58 AM,1572671518246
-1.302 ,4.273 ,4.791,23.567954999999998,87.29881333333333 ,26.394131469726563,84.20894810769845 ,32573.0,10:41:58 AM,1572671518247
-0.352 ,3.792 ,0.912,23.567954999999998,87.29881333333333 ,26.394131469726563,84.20894810769845 ,32573.0,10:41:58 AM,1572671518250
0.465 ,6.85 ,3.045,23.567954999999998,87.29881333333333 ,26.394131469726563,84.20894810769845 ,32573.0,10:41:58 AM,1572671518251
-0.088 ,9.289 ,6.093,23.567954999999998,87.29881333333333 ,26.394131469726563,84.20894810769845 ,32573.0,10:41:58 AM,1572671518255
-1.88 ,8.93 ,7.35,23.567954999999998,87.29881333333333 ,26.394131469726563,84.20894810769845 ,32573.0,10:41:58 AM,1572671518256
-3.05 ,7.853 ,8.631,23.567954999999998,87.29881333333333 ,26.394131469726563,84.20894810769845 ,32573.0,10:41:58 AM,1572671518261
-4.013 ,7.931 ,9.867,23.567954999999998,87.29881333333333 ,26.394131469726563,84.20894810769845 ,32573.0,10:41:58 AM,1572671518262
-3.625 ,8.784 ,10.241,23.567954999999998,87.29881333333333 ,26.394131469726563,84.20894810769845 ,32573.0,10:41:58 AM,1572671518266
-2.465 ,9.22 ,7.833,23.567954999999998,87.29881333333333 ,26.394131469726563,84.20894810769845 ,32573.0,10:41:58 AM,1572671518267
-0.934 ,8.991 ,5.541,23.567954999999998,87.29881333333333 ,26.394131469726563,84.20894810769845 ,32573.0,10:41:58 AM,1572671518270
0.628 ,8.734 ,4.414,23.567954999999998,87.29881333333333 ,26.394131469726563,84.20894810769845 ,32573.0,10:41:58 AM,1572671518271
0.867 ,8.235 ,1.391,23.567954999999998,87.29881333333333 ,26.394131469726563,84.20894810769845 ,32573.0,10:41:58 AM,1572671518275
1.022 ,7.526 ,2.095,23.567954999999998,87.29881333333333 ,26.394131469726563,84.20894810769845 ,32573.0,10:41:58 AM,1572671518276
-0.101 ,8.454 ,4.082,23.567954999999998,87.29881333333333 ,26.394131469726563,84.20894810769845 ,32573.0,10:41:58 AM,1572671518280
-0.915 ,10.484 ,9.235,23.567954999999998,87.29881333333333 ,26.394131469726563,84.20894810769845 ,32573.0,10:41:58 AM,1572671518281
-1.661 ,11.475 ,11.88,23.567954999999998,87.29881333333333 ,26.394131469726563,84.20894810769845 ,32573.0,10:41:58 AM,1572671518286
-2.141 ,8.886 ,9.43,23.567954999999998,87.29881333333333 ,26.394131469726563,84.20894810769845 ,32573.0,10:41:58 AM,1572671518286
-1.444 ,4.981 ,3.845,23.567954999999998,87.29881333333333 ,26.394131469726563,84.20894810769845 ,32573.0,10:41:58 AM,1572671518291
-0.502 ,3.325 ,1.5,23.567954999999998,87.29881333333333 ,26.394131469726563,84.20894810769845 ,32573.0,10:41:58 AM,1572671518292
0.401 ,5.345 ,5.364,23.567954999999998,87.29881333333333 ,26.394131469726563,84.20894810769845 ,32573.0,10:41:58 AM,1572671518296
0.319 ,8.67 ,8.944,23.567954999999998,87.29881333333333 ,26.394131469726563,84.20894810769845 ,32573.0,10:41:58 AM,1572671518296
-0.263 ,8.543 ,10.531,23.567954999999998,87.29881333333333 ,26.394131469726563,84.20894810769845 ,32573.0,10:41:58 AM,1572671518300
-1.116 ,6.678 ,8.367,23.567954999999998,87.29881333333333 ,26.394131469726563,84.20894810769845 ,32573.0,10:41:58 AM,1572671518301
-1.505 ,5.947 ,6.511,23.567954999999998,87.29881333333333 ,26.394131469726563,84.20894810769845 ,32573.0,10:41:58 AM,1572671518305
-0.91 ,7.753 ,7.087,23.567954999999998,87.29881333333333 ,26.394131469726563,84.20894810769845 ,32573.0,10:41:58 AM,1572671518306
0.03 ,9.288 ,5.879,23.567954999999998,87.29881333333333 ,26.394131469726563,84.20894810769845 ,32573.0,10:41:58 AM,1572671518310
0.81 ,9.369 ,3.05,23.567954999999998,87.29881333333333 ,26.394131469726563,84.20894810769845 ,32573.0,10:41:58 AM,1572671518311
