x,y,z,latitude,longitude,speed,sound,light,time,timestamp
0.498 ,6.713 ,6.355,23.566350000000003,87.29877499999999 ,22.593629264831545,83.20323625927125 ,16798.0,10:41:39 AM,1572671499377
-1.145 ,7.636 ,6.64,23.566350000000003,87.29877499999999 ,22.593629264831545,83.20323625927125 ,16798.0,10:41:39 AM,1572671499377
-1.302 ,8.685 ,10.991,23.566350000000003,87.29877499999999 ,22.593629264831545,83.20323625927125 ,16798.0,10:41:39 AM,1572671499380
-2.401 ,9.234 ,10.99,23.566350000000003,87.29877499999999 ,22.593629264831545,83.20323625927125 ,16798.0,10:41:39 AM,1572671499381
-2.209 ,10.017 ,8.806,23.566350000000003,87.29877499999999 ,22.593629264831545,83.20323625927125 ,16798.0,10:41:39 AM,1572671499387
-1.715 ,9.609 ,7.359,23.566350000000003,87.29877499999999 ,22.593629264831545,83.20323625927125 ,16798.0,10:41:39 AM,1572671499388
-1.014 ,8.043 ,3.067,23.566350000000003,87.29877499999999 ,22.593629264831545,83.20323625927125 ,16798.0,10:41:39 AM,1572671499390
-0.619 ,6.893 ,-1.912,23.566350000000003,87.29877499999999 ,22.593629264831545,83.20323625927125 ,16798.0,10:41:39 AM,1572671499391
-0.305 ,7.048 ,-1.623,23.566350000000003,87.29877499999999 ,22.593629264831545,83.20323625927125 ,33582.0,10:41:39 AM,1572671499394
0.266 ,9.683 ,2.775,23.566350000000003,87.29877499999999 ,22.593629264831545,83.20323625927125 ,33582.0,10:41:39 AM,1572671499395
-0.521 ,11.63 ,4.26,23.566350000000003,87.29877499999999 ,22.593629264831545,83.20323625927125 ,33582.0,10:41:39 AM,1572671499399
-0.463 ,10.968 ,4.16,23.566350000000003,87.29877499999999 ,22.593629264831545,83.20323625927125 ,33582.0,10:41:39 AM,1572671499400
-1.047 ,8.485 ,3.216,23.566350000000003,87.29877499999999 ,22.593629264831545,83.20323625927125 ,33582.0,10:41:39 AM,1572671499406
-1.186 ,6.796 ,2.553,23.566350000000003,87.29877499999999 ,22.593629264831545,83.20323625927125 ,33582.0,10:41:39 AM,1572671499407
-1.769 ,6.97 ,2.041,23.566350000000003,87.29877499999999 ,22.593629264831545,83.20323625927125 ,33582.0,10:41:39 AM,1572671499410
-1.723 ,7.983 ,6.669,23.566350000000003,87.29877499999999 ,22.593629264831545,83.20323625927125 ,33582.0,10:41:39 AM,1572671499410
-1.755 ,9.693 ,9.099,23.566350000000003,87.29877499999999 ,22.593629264831545,83.20323625927125 ,33582.0,10:41:39 AM,1572671499416
-2.376 ,10.462 ,9.48,23.566350000000003,87.29877499999999 ,22.593629264831545,83.20323625927125 ,33582.0,10:41:39 AM,1572671499417
-2.526 ,9.416 ,9.783,23.566350000000003,87.29877499999999 ,22.593629264831545,83.20323625927125 ,33582.0,10:41:39 AM,1572671499422
-2.077 ,7.595 ,7.854,23.566350000000003,87.29877499999999 ,22.593629264831545,83.20323625927125 ,33582.0,10:41:39 AM,1572671499423
-1.487 ,6.088 ,4.071,23.566350000000003,87.29877499999999 ,22.593629264831545,83.20323625927125 ,33582.0,10:41:39 AM,1572671499425
0.464 ,5.904 ,5.477,23.566350000000003,87.29877499999999 ,22.593629264831545,83.20323625927125 ,33582.0,10:41:39 AM,1572671499426
1.661 ,7.508 ,6.843,23.566350000000003,87.29877499999999 ,22.593629264831545,83.20323625927125 ,33582.0,10:41:39 AM,1572671499429
3.091 ,9.688 ,5.733,23.566350000000003,87.29877499999999 ,22.593629264831545,83.20323625927125 ,33582.0,10:41:39 AM,1572671499430
2.705 ,9.747 ,3.451,23.566350000000003,87.29877499999999 ,22.593629264831545,83.20323625927125 ,33582.0,10:41:39 AM,1572671499438
1.502 ,8.81 ,2.066,23.566350000000003,87.29877499999999 ,22.593629264831545,83.20323625927125 ,33582.0,10:41:39 AM,1572671499438
-0.409 ,8.509 ,-0.423,23.566350000000003,87.29877499999999 ,22.593629264831545,83.20323625927125 ,33582.0,10:41:39 AM,1572671499439
-2.139 ,8.26 ,1.032,23.566350000000003,87.29877499999999 ,22.593629264831545,83.20323625927125 ,33582.0,10:41:39 AM,1572671499439
-4.126 ,9.004 ,3.597,23.566350000000003,87.29877499999999 ,22.593629264831545,83.20323625927125 ,33582.0,10:41:39 AM,1572671499446
-3.589 ,10.328 ,7.189,23.566350000000003,87.29877499999999 ,22.593629264831545,83.20323625927125 ,33582.0,10:41:39 AM,1572671499447
-3.673 ,10.838 ,8.538,23.566350000000003,87.29877499999999 ,22.593629264831545,83.20323625927125 ,33582.0,10:41:39 AM,1572671499450
-2.459 ,9.0 ,8.862,23.566350000000003,87.29877499999999 ,22.593629264831545,83.20323625927125 ,33582.0,10:41:39 AM,1572671499450
-0.896 ,6.031 ,5.644,23.566350000000003,87.29877499999999 ,22.593629264831545,83.20323625927125 ,33582.0,10:41:39 AM,1572671499455
0.07 ,4.053 ,1.315,23.566350000000003,87.29877499999999 ,22.593629264831545,83.20323625927125 ,33582.0,10:41:39 AM,1572671499456
1.387 ,4.148 ,3.066,23.566350000000003,87.29877499999999 ,22.593629264831545,83.20323625927125 ,33582.0,10:41:39 AM,1572671499459
1.338 ,6.729 ,5.738,23.566350000000003,87.29877499999999 ,22.593629264831545,83.20323625927125 ,33582.0,10:41:39 AM,1572671499459
0.333 ,9.554 ,6.897,23.566350000000003,87.29877499999999 ,22.593629264831545,83.20323625927125 ,33582.0,10:41:39 AM,1572671499465
-0.581 ,9.432 ,8.491,23.566350000000003,87.29877499999999 ,22.593629264831545,83.20323625927125 ,33582.0,10:41:39 AM,1572671499466
-2.932 ,7.844 ,5.929,23.566350000000003,87.29877499999999 ,22.593629264831545,83.20323625927125 ,33582.0,10:41:39 AM,1572671499470
-2.793 ,6.873 ,4.251,23.566350000000003,87.29877499999999 ,22.593629264831545,83.20323625927125 ,33582.0,10:41:39 AM,1572671499471
-3.107 ,6.89 ,4.367,23.566350000000003,87.29877499999999 ,22.593629264831545,83.20323625927125 ,33582.0,10:41:39 AM,1572671499475
-2.464 ,8.233 ,7.003,23.566350000000003,87.29877499999999 ,22.593629264831545,83.20323625927125 ,33582.0,10:41:39 AM,1572671499476
-1.439 ,10.078 ,7.555,23.566350000000003,87.29877499999999 ,22.593629264831545,83.20323625927125 ,33582.0,10:41:39 AM,1572671499480
-2.01 ,10.791 ,7.735,23.566350000000003,87.29877499999999 ,22.593629264831545,83.20323625927125 ,33582.0,10:41:39 AM,1572671499480
-1.599 ,9.811 ,8.345,23.566350000000003,87.29877499999999 ,22.593629264831545,83.20323625927125 ,33582.0,10:41:39 AM,1572671499487
-2.372 ,8.311 ,3.221,23.566350000000003,87.29877499999999 ,22.593629264831545,83.20323625927125 ,33582.0,10:41:39 AM,1572671499490
-1.945 ,7.612 ,2.8,23.566350000000003,87.29877499999999 ,22.593629264831545,83.20323625927125 ,33582.0,10:41:39 AM,1572671499490
-0.448 ,9.056 ,5.049,23.566350000000003,87.29877499999999 ,22.593629264831545,83.20323625927125 ,33582.0,10:41:39 AM,1572671499491
0.348 ,11.212 ,3.424,23.566350000000003,87.29877499999999 ,22.593629264831545,83.20323625927125 ,33582.0,10:41:39 AM,1572671499494
2.538 ,11.444 ,2.985,23.566350000000003,87.29877499999999 ,22.593629264831545,83.20323625927125 ,33582.0,10:41:39 AM,1572671499495
1.963 ,9.289 ,0.527,23.566350000000003,87.29877499999999 ,22.593629264831545,83.20323625927125 ,33582.0,10:41:39 AM,1572671499499
0.954 ,7.154 ,-1.301,23.566350000000003,87.29877499999999 ,22.593629264831545,83.20323625927125 ,33582.0,10:41:39 AM,1572671499500
0.115 ,6.431 ,1.382,23.566350000000003,87.29877499999999 ,22.593629264831545,83.20323625927125 ,33582.0,10:41:39 AM,1572671499508
-2.701 ,7.496 ,7.506,23.566350000000003,87.29877499999999 ,22.593629264831545,83.20323625927125 ,33582.0,10:41:39 AM,1572671499509
-4.351 ,9.93 ,10.732,23.566350000000003,87.29877499999999 ,22.593629264831545,83.20323625927125 ,33582.0,10:41:39 AM,1572671499509
-3.817 ,11.018 ,12.354,23.566350000000003,87.29877499999999 ,22.593629264831545,83.20323625927125 ,33582.0,10:41:39 AM,1572671499510
-4.749 ,8.958 ,8.479,23.566350000000003,87.29877499999999 ,22.593629264831545,83.20323625927125 ,33582.0,10:41:39 AM,1572671499514
-2.966 ,6.484 ,4.104,23.566350000000003,87.29877499999999 ,22.593629264831545,83.20323625927125 ,33582.0,10:41:39 AM,1572671499514
-1.613 ,4.701 ,-0.356,23.566350000000003,87.29877499999999 ,22.593629264831545,83.20323625927125 ,33582.0,10:41:39 AM,1572671499520
-0.625 ,5.106 ,2.334,23.566350000000003,87.29877499999999 ,22.593629264831545,83.20323625927125 ,33582.0,10:41:39 AM,1572671499520
0.395 ,7.085 ,8.025,23.566350000000003,87.29877499999999 ,22.593629264831545,83.20323625927125 ,33582.0,10:41:39 AM,1572671499524
0.044 ,8.96 ,9.802,23.566350000000003,87.29877499999999 ,22.593629264831545,83.20323625927125 ,33582.0,10:41:39 AM,1572671499524
-0.361 ,8.724 ,10.648,23.566350000000003,87.29877499999999 ,22.593629264831545,83.20323625927125 ,33582.0,10:41:39 AM,1572671499529
-1.283 ,7.312 ,9.187,23.566350000000003,87.29877499999999 ,22.593629264831545,83.20323625927125 ,33582.0,10:41:39 AM,1572671499529
-1.931 ,6.408 ,5.459,23.566350000000003,87.29877499999999 ,22.593629264831545,83.20323625927125 ,33582.0,10:41:39 AM,1572671499535
-2.113 ,6.792 ,4.227,23.566350000000003,87.29877499999999 ,22.593629264831545,83.20323625927125 ,33582.0,10:41:39 AM,1572671499536
-2.485 ,8.25 ,6.03,23.566350000000003,87.29877499999999 ,22.593629264831545,83.20323625927125 ,33582.0,10:41:39 AM,1572671499539
-1.613 ,10.251 ,5.867,23.566350000000003,87.29877499999999 ,22.593629264831545,83.20323625927125 ,33582.0,10:41:39 AM,1572671499539
-0.933 ,10.825 ,4.904,23.566350000000003,87.29877499999999 ,22.593629264831545,83.20323625927125 ,33582.0,10:41:39 AM,1572671499543
-0.534 ,9.878 ,4.05,23.566350000000003,87.29877499999999 ,22.593629264831545,83.20323625927125 ,33582.0,10:41:39 AM,1572671499544
0.361 ,9.446 ,1.125,23.566350000000003,87.29877499999999 ,22.593629264831545,83.20323625927125 ,33582.0,10:41:39 AM,1572671499548
0.0 ,9.061 ,-0.646,23.566350000000003,87.29877499999999 ,22.593629264831545,83.20323625927125 ,33582.0,10:41:39 AM,1572671499549
0.911 ,9.779 ,3.999,23.566350000000003,87.29877499999999 ,22.593629264831545,83.20323625927125 ,33582.0,10:41:39 AM,1572671499554
0.699 ,11.661 ,4.332,23.566350000000003,87.29877499999999 ,22.593629264831545,83.20323625927125 ,33582.0,10:41:39 AM,1572671499555
1.089 ,12.19 ,3.037,23.566350000000003,87.29877499999999 ,22.593629264831545,83.20323625927125 ,33582.0,10:41:39 AM,1572671499560
0.91 ,10.386 ,1.373,23.566350000000003,87.29877499999999 ,22.593629264831545,83.20323625927125 ,33582.0,10:41:39 AM,1572671499560
-0.217 ,7.625 ,-0.512,23.566350000000003,87.29877499999999 ,22.593629264831545,83.20323625927125 ,33582.0,10:41:39 AM,1572671499565
-1.035 ,6.25 ,-0.68,23.566350000000003,87.29877499999999 ,22.593629264831545,83.20323625927125 ,33582.0,10:41:39 AM,1572671499565
-2.608 ,5.934 ,5.765,23.566350000000003,87.29877499999999 ,22.593629264831545,83.20323625927125 ,33582.0,10:41:39 AM,1572671499572
-4.427 ,7.62 ,11.764,23.566350000000003,87.29877499999999 ,22.593629264831545,83.20323625927125 ,33582.0,10:41:39 AM,1572671499573
-4.108 ,9.933 ,15.29,23.566350000000003,87.29877499999999 ,22.593629264831545,83.20323625927125 ,33582.0,10:41:39 AM,1572671499574
-4.382 ,8.804 ,14.343,23.566350000000003,87.29877499999999 ,22.593629264831545,83.20323625927125 ,33582.0,10:41:39 AM,1572671499574
-3.236 ,6.911 ,9.294,23.566350000000003,87.29877499999999 ,22.593629264831545,83.20323625927125 ,33582.0,10:41:39 AM,1572671499578
-1.9 ,5.285 ,2.203,23.566350000000003,87.29877499999999 ,22.593629264831545,83.20323625927125 ,33582.0,10:41:39 AM,1572671499579
-0.266 ,4.74 ,0.748,23.566350000000003,87.29877499999999 ,22.593629264831545,83.20323625927125 ,33582.0,10:41:39 AM,1572671499587
0.877 ,6.628 ,3.673,23.566350000000003,87.29877499999999 ,22.593629264831545,83.20323625927125 ,33582.0,10:41:39 AM,1572671499588
1.447 ,9.22 ,5.456,23.566350000000003,87.29877499999999 ,22.593629264831545,83.20323625927125 ,33582.0,10:41:39 AM,1572671499590
1.605 ,9.778 ,5.715,23.566350000000003,87.29877499999999 ,22.593629264831545,83.20323625927125 ,33582.0,10:41:39 AM,1572671499591
0.322 ,8.686 ,4.573,23.566350000000003,87.29877499999999 ,22.593629264831545,83.20323625927125 ,32927.0,10:41:39 AM,1572671499593
-0.193 ,7.921 ,4.254,23.566350000000003,87.29877499999999 ,22.593629264831545,83.20323625927125 ,32927.0,10:41:39 AM,1572671499594
-1.429 ,8.103 ,4.098,23.566350000000003,87.29877499999999 ,22.593629264831545,83.20323625927125 ,32927.0,10:41:39 AM,1572671499599
-2.608 ,8.775 ,7.946,23.566350000000003,87.29877499999999 ,22.593629264831545,83.20323625927125 ,32927.0,10:41:39 AM,1572671499600
-2.309 ,10.193 ,10.557,23.566350000000003,87.29877499999999 ,22.593629264831545,83.20323625927125 ,32927.0,10:41:39 AM,1572671499604
-2.201 ,10.375 ,10.27,23.566350000000003,87.29877499999999 ,22.593629264831545,83.20323625927125 ,32927.0,10:41:39 AM,1572671499605
-1.564 ,8.402 ,8.495,23.566350000000003,87.29877499999999 ,22.593629264831545,83.20323625927125 ,32927.0,10:41:39 AM,1572671499610
-0.412 ,6.994 ,4.393,23.566350000000003,87.29877499999999 ,22.593629264831545,83.20323625927125 ,32927.0,10:41:39 AM,1572671499611
0.222 ,6.593 ,3.354,23.566350000000003,87.29877499999999 ,22.593629264831545,83.20323625927125 ,32927.0,10:41:39 AM,1572671499614
1.036 ,7.811 ,5.696,23.566350000000003,87.29877499999999 ,22.593629264831545,83.20323625927125 ,32927.0,10:41:39 AM,1572671499616
1.32 ,9.383 ,6.29,23.566350000000003,87.29877499999999 ,22.593629264831545,83.20323625927125 ,32927.0,10:41:39 AM,1572671499621
2.065 ,9.405 ,5.52,23.566350000000003,87.29877499999999 ,22.593629264831545,83.20323625927125 ,32927.0,10:41:39 AM,1572671499621
