x,y,z,latitude,longitude,speed,sound,light,time,timestamp
0.758 ,8.564 ,2.351,23.568114999999995,87.30246000000001 ,23.944465255737306,83.8701603631979 ,23087.0,10:43:02 AM,1572671582623
-0.296 ,9.568 ,1.466,23.568114999999995,87.30246000000001 ,23.944465255737306,83.8701603631979 ,23087.0,10:43:02 AM,1572671582628
-0.003 ,9.852 ,4.442,23.568114999999995,87.30246000000001 ,23.944465255737306,83.8701603631979 ,23087.0,10:43:02 AM,1572671582629
-1.075 ,8.346 ,6.396,23.568114999999995,87.30246000000001 ,23.944465255737306,83.8701603631979 ,23087.0,10:43:02 AM,1572671582632
-1.662 ,8.868 ,5.723,23.568114999999995,87.30246000000001 ,23.944465255737306,83.8701603631979 ,23087.0,10:43:02 AM,1572671582633
-0.739 ,10.617 ,13.47,23.568114999999995,87.30246000000001 ,23.944465255737306,83.8701603631979 ,23087.0,10:43:02 AM,1572671582638
-0.337 ,12.003 ,14.045,23.568114999999995,87.30246000000001 ,23.944465255737306,83.8701603631979 ,23087.0,10:43:02 AM,1572671582639
0.65 ,10.448 ,9.777,23.568114999999995,87.30246000000001 ,23.944465255737306,83.8701603631979 ,23087.0,10:43:02 AM,1572671582642
0.9 ,6.089 ,7.472,23.568114999999995,87.30246000000001 ,23.944465255737306,83.8701603631979 ,23087.0,10:43:02 AM,1572671582643
0.704 ,3.891 ,-0.253,23.568114999999995,87.30246000000001 ,23.944465255737306,83.8701603631979 ,23087.0,10:43:02 AM,1572671582648
1.896 ,4.494 ,0.571,23.568114999999995,87.30246000000001 ,23.944465255737306,83.8701603631979 ,23087.0,10:43:02 AM,1572671582649
0.014 ,6.694 ,5.483,23.568114999999995,87.30246000000001 ,23.944465255737306,83.8701603631979 ,23087.0,10:43:02 AM,1572671582653
0.604 ,9.66 ,5.709,23.568114999999995,87.30246000000001 ,23.944465255737306,83.8701603631979 ,23087.0,10:43:02 AM,1572671582654
0.202 ,10.449 ,5.964,23.568114999999995,87.30246000000001 ,23.944465255737306,83.8701603631979 ,23087.0,10:43:02 AM,1572671582657
-1.192 ,9.284 ,3.622,23.568114999999995,87.30246000000001 ,23.944465255737306,83.8701603631979 ,23087.0,10:43:02 AM,1572671582658
-0.212 ,9.162 ,2.036,23.568114999999995,87.30246000000001 ,23.944465255737306,83.8701603631979 ,23087.0,10:43:02 AM,1572671582664
-0.746 ,8.909 ,3.624,23.568114999999995,87.30246000000001 ,23.944465255737306,83.8701603631979 ,23087.0,10:43:02 AM,1572671582665
-0.251 ,9.356 ,1.979,23.568114999999995,87.30246000000001 ,23.944465255737306,83.8701603631979 ,23087.0,10:43:02 AM,1572671582668
1.101 ,8.011 ,0.732,23.568114999999995,87.30246000000001 ,23.944465255737306,83.8701603631979 ,23087.0,10:43:02 AM,1572671582669
0.601 ,6.68 ,2.125,23.568114999999995,87.30246000000001 ,23.944465255737306,83.8701603631979 ,23087.0,10:43:02 AM,1572671582672
-0.088 ,7.723 ,2.559,23.568114999999995,87.30246000000001 ,23.944465255737306,83.8701603631979 ,23087.0,10:43:02 AM,1572671582673
-0.751 ,9.055 ,6.987,23.568114999999995,87.30246000000001 ,23.944465255737306,83.8701603631979 ,23087.0,10:43:02 AM,1572671582678
-3.798 ,8.771 ,11.412,23.568114999999995,87.30246000000001 ,23.944465255737306,83.8701603631979 ,23087.0,10:43:02 AM,1572671582678
-4.511 ,7.324 ,9.209,23.568114999999995,87.30246000000001 ,23.944465255737306,83.8701603631979 ,23087.0,10:43:02 AM,1572671582683
-2.817 ,5.747 ,9.865,23.568114999999995,87.30246000000001 ,23.944465255737306,83.8701603631979 ,23087.0,10:43:02 AM,1572671582684
-2.487 ,5.608 ,8.352,23.568114999999995,87.30246000000001 ,23.944465255737306,83.8701603631979 ,23087.0,10:43:02 AM,1572671582688
0.961 ,8.585 ,9.816,23.568114999999995,87.30246000000001 ,23.944465255737306,83.8701603631979 ,23087.0,10:43:02 AM,1572671582689
1.454 ,10.866 ,12.928,23.568114999999995,87.30246000000001 ,23.944465255737306,83.8701603631979 ,23087.0,10:43:02 AM,1572671582692
1.563 ,11.457 ,12.695,23.568114999999995,87.30246000000001 ,23.944465255737306,83.8701603631979 ,23087.0,10:43:02 AM,1572671582693
0.65 ,8.791 ,5.625,23.568114999999995,87.30246000000001 ,23.944465255737306,83.8701603631979 ,23087.0,10:43:02 AM,1572671582697
-0.196 ,4.57 ,6.293,23.568114999999995,87.30246000000001 ,23.944465255737306,83.8701603631979 ,23087.0,10:43:02 AM,1572671582698
-1.542 ,4.746 ,4.294,23.568114999999995,87.30246000000001 ,23.944465255737306,83.8701603631979 ,23087.0,10:43:02 AM,1572671582702
-0.322 ,7.884 ,8.741,23.568114999999995,87.30246000000001 ,23.944465255737306,83.8701603631979 ,23087.0,10:43:02 AM,1572671582703
-0.858 ,10.64 ,16.214,23.568114999999995,87.30246000000001 ,23.944465255737306,83.8701603631979 ,23087.0,10:43:02 AM,1572671582708
0.808 ,11.517 ,15.028,23.568114999999995,87.30246000000001 ,23.944465255737306,83.8701603631979 ,23087.0,10:43:02 AM,1572671582709
1.314 ,10.132 ,10.792,23.568114999999995,87.30246000000001 ,23.944465255737306,83.8701603631979 ,23087.0,10:43:02 AM,1572671582713
1.614 ,7.671 ,5.836,23.568114999999995,87.30246000000001 ,23.944465255737306,83.8701603631979 ,23087.0,10:43:02 AM,1572671582713
2.164 ,8.876 ,2.228,23.568114999999995,87.30246000000001 ,23.944465255737306,83.8701603631979 ,23087.0,10:43:02 AM,1572671582717
1.069 ,11.579 ,4.539,23.568114999999995,87.30246000000001 ,23.944465255737306,83.8701603631979 ,23087.0,10:43:02 AM,1572671582718
0.178 ,14.311 ,4.476,23.568114999999995,87.30246000000001 ,23.944465255737306,83.8701603631979 ,23087.0,10:43:02 AM,1572671582723
-1.692 ,14.011 ,1.133,23.568114999999995,87.30246000000001 ,23.944465255737306,83.8701603631979 ,23087.0,10:43:02 AM,1572671582724
-1.641 ,10.897 ,2.058,23.568114999999995,87.30246000000001 ,23.944465255737306,83.8701603631979 ,23087.0,10:43:02 AM,1572671582728
-2.84 ,8.783 ,-0.83,23.568114999999995,87.30246000000001 ,23.944465255737306,83.8701603631979 ,23087.0,10:43:02 AM,1572671582729
-1.322 ,7.792 ,1.937,23.568114999999995,87.30246000000001 ,23.944465255737306,83.8701603631979 ,23087.0,10:43:02 AM,1572671582733
-0.886 ,7.831 ,6.618,23.568114999999995,87.30246000000001 ,23.944465255737306,83.8701603631979 ,23087.0,10:43:02 AM,1572671582733
-0.925 ,8.385 ,6.835,23.568114999999995,87.30246000000001 ,23.944465255737306,83.8701603631979 ,23087.0,10:43:02 AM,1572671582737
1.201 ,9.215 ,11.019,23.568114999999995,87.30246000000001 ,23.944465255737306,83.8701603631979 ,23087.0,10:43:02 AM,1572671582738
-1.854 ,9.032 ,8.03,23.568114999999995,87.30246000000001 ,23.944465255737306,83.8701603631979 ,23087.0,10:43:02 AM,1572671582742
-1.728 ,9.174 ,8.545,23.568114999999995,87.30246000000001 ,23.944465255737306,83.8701603631979 ,23087.0,10:43:02 AM,1572671582743
-2.487 ,9.232 ,9.597,23.568114999999995,87.30246000000001 ,23.944465255737306,83.8701603631979 ,23087.0,10:43:02 AM,1572671582748
-2.991 ,8.243 ,8.574,23.568114999999995,87.30246000000001 ,23.944465255737306,83.8701603631979 ,23087.0,10:43:02 AM,1572671582749
-1.351 ,7.33 ,6.557,23.568114999999995,87.30246000000001 ,23.944465255737306,83.8701603631979 ,23087.0,10:43:02 AM,1572671582752
-0.738 ,6.006 ,7.42,23.568114999999995,87.30246000000001 ,23.944465255737306,83.8701603631979 ,23087.0,10:43:02 AM,1572671582753
0.917 ,6.386 ,6.252,23.568114999999995,87.30246000000001 ,23.944465255737306,83.8701603631979 ,23087.0,10:43:02 AM,1572671582757
2.315 ,6.697 ,5.449,23.568114999999995,87.30246000000001 ,23.944465255737306,83.8701603631979 ,23087.0,10:43:02 AM,1572671582758
1.355 ,6.27 ,3.949,23.568114999999995,87.30246000000001 ,23.944465255737306,83.8701603631979 ,23087.0,10:43:02 AM,1572671582762
1.736 ,7.939 ,-0.617,23.568114999999995,87.30246000000001 ,23.944465255737306,83.8701603631979 ,23087.0,10:43:02 AM,1572671582763
-1.397 ,9.66 ,-4.559,23.568114999999995,87.30246000000001 ,23.944465255737306,83.8701603631979 ,23087.0,10:43:02 AM,1572671582768
-2.819 ,10.127 ,-7.29,23.568114999999995,87.30246000000001 ,23.944465255737306,83.8701603631979 ,23087.0,10:43:02 AM,1572671582769
-4.942 ,10.436 ,-9.938,23.568114999999995,87.30246000000001 ,23.944465255737306,83.8701603631979 ,23087.0,10:43:02 AM,1572671582773
-7.344 ,10.46 ,-6.798,23.568114999999995,87.30246000000001 ,23.944465255737306,83.8701603631979 ,23087.0,10:43:02 AM,1572671582774
-7.195 ,11.656 ,-4.129,23.568114999999995,87.30246000000001 ,23.944465255737306,84.62252515788337 ,23087.0,10:43:02 AM,1572671582777
-4.007 ,11.338 ,-0.539,23.568114999999995,87.30246000000001 ,23.944465255737306,84.62252515788337 ,23087.0,10:43:02 AM,1572671582777
-0.679 ,9.059 ,3.256,23.568114999999995,87.30246000000001 ,23.944465255737306,84.62252515788337 ,23087.0,10:43:02 AM,1572671582782
3.043 ,8.843 ,0.543,23.568114999999995,87.30246000000001 ,23.944465255737306,84.62252515788337 ,23087.0,10:43:02 AM,1572671582783
6.102 ,8.503 ,-0.97,23.568114999999995,87.30246000000001 ,23.944465255737306,84.62252515788337 ,23087.0,10:43:02 AM,1572671582788
8.277 ,6.001 ,2.024,23.568114999999995,87.30246000000001 ,23.944465255737306,84.62252515788337 ,23087.0,10:43:02 AM,1572671582788
5.272 ,5.572 ,-1.673,23.568114999999995,87.30246000000001 ,23.944465255737306,84.62252515788337 ,23087.0,10:43:02 AM,1572671582793
1.093 ,6.219 ,-0.339,23.568114999999995,87.30246000000001 ,23.944465255737306,84.62252515788337 ,23087.0,10:43:02 AM,1572671582793
-0.937 ,7.843 ,7.237,23.568114999999995,87.30246000000001 ,23.944465255737306,84.62252515788337 ,23892.0,10:43:02 AM,1572671582797
-5.165 ,9.506 ,12.014,23.568114999999995,87.30246000000001 ,23.944465255737306,84.62252515788337 ,23892.0,10:43:02 AM,1572671582799
-5.085 ,11.311 ,17.348,23.568114999999995,87.30246000000001 ,23.944465255737306,84.62252515788337 ,23892.0,10:43:02 AM,1572671582803
-4.049 ,10.825 ,13.182,23.568114999999995,87.30246000000001 ,23.944465255737306,84.62252515788337 ,23892.0,10:43:02 AM,1572671582803
-2.494 ,8.225 ,9.622,23.568114999999995,87.30246000000001 ,23.944465255737306,84.62252515788337 ,23892.0,10:43:02 AM,1572671582808
1.216 ,4.934 ,9.399,23.568114999999995,87.30246000000001 ,23.944465255737306,84.62252515788337 ,23892.0,10:43:02 AM,1572671582808
2.12 ,5.348 ,0.24,23.568114999999995,87.30246000000001 ,23.944465255737306,84.62252515788337 ,23892.0,10:43:02 AM,1572671582813
3.507 ,5.521 ,0.288,23.568114999999995,87.30246000000001 ,23.944465255737306,84.62252515788337 ,23892.0,10:43:02 AM,1572671582813
0.203 ,7.497 ,-1.449,23.568114999999995,87.30246000000001 ,23.944465255737306,84.62252515788337 ,23892.0,10:43:02 AM,1572671582817
0.869 ,10.006 ,4.469,23.568114999999995,87.30246000000001 ,23.944465255737306,84.62252515788337 ,23892.0,10:43:02 AM,1572671582818
-1.978 ,9.994 ,6.901,23.568114999999995,87.30246000000001 ,23.944465255737306,84.62252515788337 ,23892.0,10:43:02 AM,1572671582822
-5.086 ,9.082 ,5.793,23.568114999999995,87.30246000000001 ,23.944465255737306,84.62252515788337 ,23892.0,10:43:02 AM,1572671582823
-0.874 ,8.032 ,14.825,23.568114999999995,87.30246000000001 ,23.944465255737306,84.62252515788337 ,23892.0,10:43:02 AM,1572671582828
-1.824 ,6.803 ,15.873,23.568114999999995,87.30246000000001 ,23.944465255737306,84.62252515788337 ,23892.0,10:43:02 AM,1572671582828
1.151 ,6.878 ,12.612,23.568114999999995,87.30246000000001 ,23.944465255737306,84.62252515788337 ,23892.0,10:43:02 AM,1572671582833
4.428 ,5.573 ,10.301,23.568114999999995,87.30246000000001 ,23.944465255737306,84.62252515788337 ,23892.0,10:43:02 AM,1572671582834
2.043 ,4.422 ,5.729,23.568114999999995,87.30246000000001 ,23.944465255737306,84.62252515788337 ,23892.0,10:43:02 AM,1572671582837
2.106 ,5.722 ,4.309,23.568114999999995,87.30246000000001 ,23.944465255737306,84.62252515788337 ,23892.0,10:43:02 AM,1572671582838
-0.557 ,6.474 ,4.914,23.568114999999995,87.30246000000001 ,23.944465255737306,84.62252515788337 ,23892.0,10:43:02 AM,1572671582846
-3.287 ,6.713 ,6.018,23.568114999999995,87.30246000000001 ,23.944465255737306,84.62252515788337 ,23892.0,10:43:02 AM,1572671582847
-2.571 ,8.891 ,8.713,23.568114999999995,87.30246000000001 ,23.944465255737306,84.62252515788337 ,23892.0,10:43:02 AM,1572671582847
-4.585 ,9.911 ,6.215,23.568114999999995,87.30246000000001 ,23.944465255737306,84.62252515788337 ,23892.0,10:43:02 AM,1572671582848
-0.692 ,10.756 ,5.338,23.568179999999998,87.30248666666667 ,25.147063064575196,84.62252515788337 ,23892.0,10:43:02 AM,1572671582852
-0.283 ,10.373 ,2.797,23.568179999999998,87.30248666666667 ,25.147063064575196,84.62252515788337 ,23892.0,10:43:02 AM,1572671582853
-0.136 ,10.312 ,1.041,23.568179999999998,87.30248666666667 ,25.147063064575196,84.62252515788337 ,23892.0,10:43:02 AM,1572671582857
0.785 ,10.462 ,-2.718,23.568179999999998,87.30248666666667 ,25.147063064575196,84.62252515788337 ,23892.0,10:43:02 AM,1572671582858
-0.874 ,8.199 ,-3.415,23.568179999999998,87.30248666666667 ,25.147063064575196,84.62252515788337 ,23892.0,10:43:02 AM,1572671582862
-2.326 ,6.969 ,-0.129,23.568179999999998,87.30248666666667 ,25.147063064575196,84.62252515788337 ,23892.0,10:43:02 AM,1572671582863
-3.051 ,9.362 ,2.714,23.568179999999998,87.30248666666667 ,25.147063064575196,84.62252515788337 ,23892.0,10:43:02 AM,1572671582867
-3.625 ,10.879 ,11.242,23.568179999999998,87.30248666666667 ,25.147063064575196,84.62252515788337 ,23892.0,10:43:02 AM,1572671582868
-2.901 ,9.866 ,15.429,23.568179999999998,87.30248666666667 ,25.147063064575196,84.62252515788337 ,23892.0,10:43:02 AM,1572671582871
