x,y,z,latitude,longitude,speed,sound,light,time,timestamp
-1.334 ,7.49 ,1.034,23.56401166666667,87.29874 ,34.31385269165039,87.75523459898922 ,31701.0,10:41:12 AM,1572671472460
-1.965 ,6.457 ,-2.112,23.56401166666667,87.29874 ,34.31385269165039,87.75523459898922 ,31701.0,10:41:12 AM,1572671472461
-1.409 ,10.401 ,1.076,23.56401166666667,87.29874 ,34.31385269165039,87.75523459898922 ,31701.0,10:41:12 AM,1572671472466
-1.208 ,14.199 ,3.317,23.56401166666667,87.29874 ,34.31385269165039,87.75523459898922 ,31701.0,10:41:12 AM,1572671472467
-2.028 ,11.712 ,3.907,23.56401166666667,87.29874 ,34.31385269165039,87.75523459898922 ,31701.0,10:41:12 AM,1572671472470
-0.615 ,8.165 ,-2.7,23.56401166666667,87.29874 ,34.31385269165039,87.75523459898922 ,31701.0,10:41:12 AM,1572671472471
0.005 ,7.084 ,-2.233,23.56401166666667,87.29874 ,34.31385269165039,87.75523459898922 ,31701.0,10:41:12 AM,1572671472475
0.074 ,10.194 ,2.759,23.56401166666667,87.29874 ,34.31385269165039,87.75523459898922 ,31701.0,10:41:12 AM,1572671472476
0.913 ,13.306 ,6.171,23.56401166666667,87.29874 ,34.31385269165039,87.75523459898922 ,31701.0,10:41:12 AM,1572671472480
-0.569 ,10.477 ,7.222,23.56401166666667,87.29874 ,34.31385269165039,87.75523459898922 ,31701.0,10:41:12 AM,1572671472481
0.06 ,6.369 ,2.097,23.56401166666667,87.29874 ,34.31385269165039,87.75523459898922 ,31701.0,10:41:12 AM,1572671472485
0.536 ,5.843 ,2.083,23.56401166666667,87.29874 ,34.31385269165039,87.75523459898922 ,31701.0,10:41:12 AM,1572671472486
0.012 ,9.446 ,6.993,23.56401166666667,87.29874 ,34.31385269165039,87.75523459898922 ,31701.0,10:41:12 AM,1572671472490
0.465 ,13.084 ,7.781,23.56401166666667,87.29874 ,34.31385269165039,87.75523459898922 ,31701.0,10:41:12 AM,1572671472491
0.442 ,10.902 ,9.727,23.56401166666667,87.29874 ,34.31385269165039,87.75523459898922 ,31701.0,10:41:12 AM,1572671472495
-2.129 ,6.605 ,2.607,23.56401166666667,87.29874 ,34.31385269165039,87.75523459898922 ,31701.0,10:41:12 AM,1572671472496
-1.036 ,5.043 ,0.639,23.56401166666667,87.29874 ,34.31385269165039,87.75523459898922 ,31701.0,10:41:12 AM,1572671472500
-2.41 ,6.954 ,5.908,23.56401166666667,87.29874 ,34.31385269165039,87.75523459898922 ,31701.0,10:41:12 AM,1572671472501
-3.221 ,9.636 ,8.804,23.56401166666667,87.29874 ,34.31385269165039,87.75523459898922 ,31701.0,10:41:12 AM,1572671472506
-2.365 ,9.913 ,11.686,23.56401166666667,87.29874 ,34.31385269165039,87.75523459898922 ,31701.0,10:41:12 AM,1572671472507
-3.351 ,6.957 ,9.382,23.56401166666667,87.29874 ,34.31385269165039,87.75523459898922 ,31701.0,10:41:12 AM,1572671472510
-1.377 ,6.132 ,6.133,23.56401166666667,87.29874 ,34.31385269165039,87.75523459898922 ,31701.0,10:41:12 AM,1572671472511
-0.861 ,7.516 ,5.185,23.56401166666667,87.29874 ,34.31385269165039,87.75523459898922 ,31701.0,10:41:12 AM,1572671472515
-0.849 ,9.08 ,4.681,23.56401166666667,87.29874 ,34.31385269165039,87.75523459898922 ,31701.0,10:41:12 AM,1572671472516
-0.44 ,9.55 ,2.55,23.56401166666667,87.29874 ,34.31385269165039,87.75523459898922 ,31701.0,10:41:12 AM,1572671472520
-1.129 ,7.685 ,4.689,23.56401166666667,87.29874 ,34.31385269165039,87.75523459898922 ,31701.0,10:41:12 AM,1572671472521
-1.029 ,7.922 ,2.28,23.56401166666667,87.29874 ,34.31385269165039,87.75523459898922 ,31701.0,10:41:12 AM,1572671472525
-0.308 ,9.191 ,4.307,23.56401166666667,87.29874 ,34.31385269165039,87.75523459898922 ,31701.0,10:41:12 AM,1572671472526
-0.507 ,9.622 ,6.754,23.56401166666667,87.29874 ,34.31385269165039,87.75523459898922 ,31701.0,10:41:12 AM,1572671472530
0.871 ,10.568 ,7.247,23.56401166666667,87.29874 ,34.31385269165039,87.75523459898922 ,31701.0,10:41:12 AM,1572671472531
-0.121 ,8.98 ,7.342,23.56401166666667,87.29874 ,34.31385269165039,87.75523459898922 ,31701.0,10:41:12 AM,1572671472535
0.572 ,7.382 ,3.765,23.56401166666667,87.29874 ,34.31385269165039,87.75523459898922 ,31701.0,10:41:12 AM,1572671472536
-0.191 ,6.3 ,1.658,23.56401166666667,87.29874 ,34.31385269165039,87.75523459898922 ,31701.0,10:41:12 AM,1572671472540
-0.643 ,6.816 ,5.534,23.56401166666667,87.29874 ,34.31385269165039,87.75523459898922 ,31701.0,10:41:12 AM,1572671472540
-1.967 ,9.769 ,6.717,23.56401166666667,87.29874 ,34.31385269165039,87.75523459898922 ,31701.0,10:41:12 AM,1572671472546
-1.972 ,10.519 ,10.533,23.56401166666667,87.29874 ,34.31385269165039,87.75523459898922 ,31701.0,10:41:12 AM,1572671472547
-1.878 ,8.251 ,8.149,23.56401166666667,87.29874 ,34.31385269165039,87.75523459898922 ,31701.0,10:41:12 AM,1572671472550
-0.993 ,5.338 ,2.113,23.56401166666667,87.29874 ,34.31385269165039,87.75523459898922 ,31701.0,10:41:12 AM,1572671472551
0.887 ,5.407 ,2.73,23.56401166666667,87.29874 ,34.31385269165039,87.75523459898922 ,31701.0,10:41:12 AM,1572671472554
0.923 ,8.33 ,6.825,23.56401166666667,87.29874 ,34.31385269165039,87.75523459898922 ,31701.0,10:41:12 AM,1572671472555
0.512 ,11.265 ,12.288,23.56401166666667,87.29874 ,34.31385269165039,87.75523459898922 ,31701.0,10:41:12 AM,1572671472560
-0.666 ,9.754 ,12.508,23.56401166666667,87.29874 ,34.31385269165039,87.75523459898922 ,31701.0,10:41:12 AM,1572671472561
-0.375 ,6.416 ,10.726,23.56401166666667,87.29874 ,34.31385269165039,87.75523459898922 ,31701.0,10:41:12 AM,1572671472565
-0.469 ,6.606 ,9.978,23.56401166666667,87.29874 ,34.31385269165039,87.75523459898922 ,31701.0,10:41:12 AM,1572671472566
-0.158 ,10.374 ,10.932,23.56401166666667,87.29874 ,34.31385269165039,87.75523459898922 ,31701.0,10:41:12 AM,1572671472570
1.168 ,11.892 ,10.865,23.56401166666667,87.29874 ,34.31385269165039,87.75523459898922 ,31701.0,10:41:12 AM,1572671472571
0.59 ,9.003 ,7.345,23.56401166666667,87.29874 ,34.31385269165039,87.75523459898922 ,31701.0,10:41:12 AM,1572671472575
-0.176 ,5.525 ,-1.77,23.56401166666667,87.29874 ,34.31385269165039,87.75523459898922 ,31701.0,10:41:12 AM,1572671472576
1.229 ,6.016 ,0.388,23.56401166666667,87.29874 ,34.31385269165039,87.75523459898922 ,31701.0,10:41:12 AM,1572671472580
-1.494 ,10.629 ,3.668,23.56401166666667,87.29874 ,34.31385269165039,87.75523459898922 ,31701.0,10:41:12 AM,1572671472580
-0.97 ,15.356 ,8.583,23.56401166666667,87.29874 ,34.31385269165039,87.75523459898922 ,31701.0,10:41:12 AM,1572671472585
-4.091 ,13.635 ,4.001,23.56401166666667,87.29874 ,34.31385269165039,87.75523459898922 ,31701.0,10:41:12 AM,1572671472586
-3.532 ,7.316 ,-1.14,23.56401166666667,87.29874 ,34.31385269165039,87.75523459898922 ,31701.0,10:41:12 AM,1572671472590
-3.406 ,5.129 ,-4.168,23.56401166666667,87.29874 ,34.31385269165039,87.75523459898922 ,31701.0,10:41:12 AM,1572671472591
-4.222 ,8.88 ,1.615,23.56401166666667,87.29874 ,34.31385269165039,87.75523459898922 ,35939.0,10:41:12 AM,1572671472595
-2.318 ,14.065 ,11.579,23.56401166666667,87.29874 ,34.31385269165039,87.75523459898922 ,35939.0,10:41:12 AM,1572671472596
-2.312 ,14.326 ,9.227,23.56401166666667,87.29874 ,34.31385269165039,87.75523459898922 ,35939.0,10:41:12 AM,1572671472599
0.337 ,7.984 ,5.951,23.56401166666667,87.29874 ,34.31385269165039,87.75523459898922 ,35939.0,10:41:12 AM,1572671472600
2.627 ,5.292 ,-4.599,23.56401166666667,87.29874 ,34.31385269165039,87.75523459898922 ,35939.0,10:41:12 AM,1572671472605
4.039 ,7.538 ,-3.176,23.56401166666667,87.29874 ,34.31385269165039,87.75523459898922 ,35939.0,10:41:12 AM,1572671472606
4.718 ,12.093 ,0.62,23.56401166666667,87.29874 ,34.31385269165039,87.75523459898922 ,35939.0,10:41:12 AM,1572671472610
2.683 ,13.272 ,2.873,23.56401166666667,87.29874 ,34.31385269165039,87.75523459898922 ,35939.0,10:41:12 AM,1572671472611
-0.952 ,8.899 ,1.15,23.56401166666667,87.29874 ,34.31385269165039,87.75523459898922 ,35939.0,10:41:12 AM,1572671472614
-1.775 ,6.098 ,0.948,23.56401166666667,87.29874 ,34.31385269165039,87.75523459898922 ,35939.0,10:41:12 AM,1572671472615
-3.974 ,7.189 ,7.329,23.56401166666667,87.29874 ,34.31385269165039,87.75523459898922 ,35939.0,10:41:12 AM,1572671472619
-4.192 ,11.115 ,13.557,23.56401166666667,87.29874 ,34.31385269165039,87.75523459898922 ,35939.0,10:41:12 AM,1572671472620
-2.777 ,11.451 ,14.914,23.56401166666667,87.29874 ,34.31385269165039,87.75523459898922 ,35939.0,10:41:12 AM,1572671472625
-2.723 ,6.514 ,11.655,23.56401166666667,87.29874 ,34.31385269165039,87.75523459898922 ,35939.0,10:41:12 AM,1572671472626
-0.496 ,3.426 ,5.879,23.56401166666667,87.29874 ,34.31385269165039,87.75523459898922 ,35939.0,10:41:12 AM,1572671472630
0.006 ,5.263 ,4.514,23.56401166666667,87.29874 ,34.31385269165039,87.75523459898922 ,35939.0,10:41:12 AM,1572671472631
0.433 ,8.572 ,8.309,23.56401166666667,87.29874 ,34.31385269165039,87.75523459898922 ,35939.0,10:41:12 AM,1572671472635
0.094 ,11.005 ,7.196,23.56401166666667,87.29874 ,34.31385269165039,87.75523459898922 ,35939.0,10:41:12 AM,1572671472636
-1.771 ,8.448 ,6.037,23.56401166666667,87.29874 ,34.31385269165039,87.75523459898922 ,35939.0,10:41:12 AM,1572671472640
-1.811 ,6.66 ,2.826,23.56401166666667,87.29874 ,34.31385269165039,87.75523459898922 ,35939.0,10:41:12 AM,1572671472641
-1.354 ,8.251 ,5.489,23.56401166666667,87.29874 ,34.31385269165039,87.75523459898922 ,35939.0,10:41:12 AM,1572671472645
-0.836 ,10.427 ,10.639,23.56401166666667,87.29874 ,34.31385269165039,87.75523459898922 ,35939.0,10:41:12 AM,1572671472646
-0.781 ,10.103 ,8.868,23.56401166666667,87.29874 ,34.31385269165039,87.75523459898922 ,35939.0,10:41:12 AM,1572671472650
-0.515 ,5.622 ,4.787,23.56401166666667,87.29874 ,34.31385269165039,87.75523459898922 ,35939.0,10:41:12 AM,1572671472651
0.204 ,1.948 ,3.196,23.56401166666667,87.29874 ,34.31385269165039,87.75523459898922 ,35939.0,10:41:12 AM,1572671472655
0.063 ,4.406 ,3.694,23.56401166666667,87.29874 ,34.31385269165039,87.75523459898922 ,35939.0,10:41:12 AM,1572671472655
-1.104 ,9.326 ,8.205,23.56401166666667,87.29874 ,34.31385269165039,87.75523459898922 ,35939.0,10:41:12 AM,1572671472660
-0.806 ,11.287 ,9.121,23.56401166666667,87.29874 ,34.31385269165039,87.75523459898922 ,35939.0,10:41:12 AM,1572671472660
-1.721 ,9.608 ,6.39,23.56401166666667,87.29874 ,34.31385269165039,87.75523459898922 ,35939.0,10:41:12 AM,1572671472665
-1.175 ,5.316 ,1.459,23.56401166666667,87.29874 ,34.31385269165039,87.75523459898922 ,35939.0,10:41:12 AM,1572671472666
0.323 ,5.021 ,-1.897,23.56401166666667,87.29874 ,34.31385269165039,87.75523459898922 ,35939.0,10:41:12 AM,1572671472669
1.42 ,7.126 ,2.122,23.56401166666667,87.29874 ,34.31385269165039,87.75523459898922 ,35939.0,10:41:12 AM,1572671472670
2.109 ,9.573 ,6.112,23.56401166666667,87.29874 ,34.31385269165039,87.75523459898922 ,35939.0,10:41:12 AM,1572671472674
1.216 ,9.542 ,4.835,23.56401166666667,87.29874 ,34.31385269165039,87.75523459898922 ,35939.0,10:41:12 AM,1572671472675
-0.175 ,6.956 ,5.624,23.56401166666667,87.29874 ,34.31385269165039,87.75523459898922 ,35939.0,10:41:12 AM,1572671472679
-1.534 ,6.294 ,0.815,23.56401166666667,87.29874 ,34.31385269165039,87.75523459898922 ,35939.0,10:41:12 AM,1572671472680
-1.924 ,7.902 ,2.208,23.56401166666667,87.29874 ,34.31385269165039,87.75523459898922 ,35939.0,10:41:12 AM,1572671472685
-2.649 ,9.993 ,5.844,23.56401166666667,87.29874 ,34.31385269165039,87.75523459898922 ,35939.0,10:41:12 AM,1572671472686
-1.617 ,11.576 ,8.778,23.56401166666667,87.29874 ,34.31385269165039,87.75523459898922 ,35939.0,10:41:12 AM,1572671472691
-1.578 ,10.902 ,9.822,23.56401166666667,87.29874 ,34.31385269165039,87.75523459898922 ,35939.0,10:41:12 AM,1572671472692
1.062 ,8.239 ,8.728,23.56401166666667,87.29874 ,34.31385269165039,87.75523459898922 ,35939.0,10:41:12 AM,1572671472695
2.401 ,7.106 ,6.296,23.56401166666667,87.29874 ,34.31385269165039,87.75523459898922 ,35939.0,10:41:12 AM,1572671472696
3.136 ,8.339 ,8.023,23.56401166666667,87.29874 ,34.31385269165039,87.75523459898922 ,35939.0,10:41:12 AM,1572671472699
3.307 ,10.488 ,7.433,23.56401166666667,87.29874 ,34.31385269165039,87.75523459898922 ,35939.0,10:41:12 AM,1572671472700
1.259 ,10.14 ,7.356,23.56401166666667,87.29874 ,34.31385269165039,87.75523459898922 ,35939.0,10:41:12 AM,1572671472704
-1.49 ,7.829 ,3.676,23.56401166666667,87.29874 ,34.31385269165039,87.75523459898922 ,35939.0,10:41:12 AM,1572671472705
