x,y,z,latitude,longitude,speed,sound,light,time,timestamp
-0.763 ,8.7 ,7.706,23.558378333333334,87.29871666666668 ,19.795598602294923,83.93697496486456 ,50410.0,10:39:57 AM,1572671397692
-1.923 ,10.112 ,10.498,23.558378333333334,87.29871666666668 ,19.795598602294923,83.93697496486456 ,50410.0,10:39:57 AM,1572671397693
-0.3 ,9.061 ,7.183,23.558378333333334,87.29871666666668 ,19.795598602294923,83.93697496486456 ,50410.0,10:39:57 AM,1572671397697
-1.333 ,6.78 ,1.69,23.558378333333334,87.29871666666668 ,19.795598602294923,83.93697496486456 ,50410.0,10:39:57 AM,1572671397698
-0.656 ,7.051 ,-1.536,23.558378333333334,87.29871666666668 ,19.795598602294923,83.93697496486456 ,50410.0,10:39:57 AM,1572671397702
1.341 ,11.336 ,1.957,23.558378333333334,87.29871666666668 ,19.795598602294923,83.93697496486456 ,50410.0,10:39:57 AM,1572671397703
0.645 ,14.431 ,5.355,23.558378333333334,87.29871666666668 ,19.795598602294923,83.93697496486456 ,50410.0,10:39:57 AM,1572671397708
1.706 ,14.522 ,4.823,23.558378333333334,87.29871666666668 ,19.795598602294923,83.93697496486456 ,50410.0,10:39:57 AM,1572671397709
1.523 ,9.935 ,0.981,23.558378333333334,87.29871666666668 ,19.795598602294923,83.93697496486456 ,50410.0,10:39:57 AM,1572671397712
0.43 ,5.442 ,-0.939,23.558378333333334,87.29871666666668 ,19.795598602294923,83.93697496486456 ,50410.0,10:39:57 AM,1572671397713
-0.382 ,5.877 ,0.269,23.558378333333334,87.29871666666668 ,19.795598602294923,83.93697496486456 ,50410.0,10:39:57 AM,1572671397716
-0.293 ,9.062 ,9.656,23.558378333333334,87.29871666666668 ,19.795598602294923,83.93697496486456 ,50410.0,10:39:57 AM,1572671397717
-2.728 ,10.744 ,13.899,23.558378333333334,87.29871666666668 ,19.795598602294923,83.93697496486456 ,50410.0,10:39:57 AM,1572671397722
-2.926 ,9.976 ,9.682,23.558378333333334,87.29871666666668 ,19.795598602294923,83.93697496486456 ,50410.0,10:39:57 AM,1572671397723
-3.131 ,6.693 ,8.307,23.558378333333334,87.29871666666668 ,19.795598602294923,83.93697496486456 ,50410.0,10:39:57 AM,1572671397727
-3.961 ,6.099 ,3.091,23.558378333333334,87.29871666666668 ,19.795598602294923,83.93697496486456 ,50410.0,10:39:57 AM,1572671397727
-1.941 ,9.842 ,5.818,23.558378333333334,87.29871666666668 ,19.795598602294923,83.93697496486456 ,50410.0,10:39:57 AM,1572671397731
-1.57 ,11.741 ,10.056,23.558378333333334,87.29871666666668 ,19.795598602294923,83.93697496486456 ,50410.0,10:39:57 AM,1572671397732
-0.995 ,10.996 ,6.828,23.558378333333334,87.29871666666668 ,19.795598602294923,83.93697496486456 ,50410.0,10:39:57 AM,1572671397736
-0.067 ,6.966 ,4.207,23.558378333333334,87.29871666666668 ,19.795598602294923,83.93697496486456 ,50410.0,10:39:57 AM,1572671397736
-0.333 ,3.612 ,5.152,23.558378333333334,87.29871666666668 ,19.795598602294923,83.93697496486456 ,50410.0,10:39:57 AM,1572671397741
-0.688 ,4.795 ,5.493,23.558378333333334,87.29871666666668 ,19.795598602294923,83.93697496486456 ,50410.0,10:39:57 AM,1572671397741
0.013 ,7.745 ,14.049,23.558378333333334,87.29871666666668 ,19.795598602294923,83.93697496486456 ,50410.0,10:39:57 AM,1572671397748
-1.919 ,8.492 ,12.828,23.558378333333334,87.29871666666668 ,19.795598602294923,83.93697496486456 ,50410.0,10:39:57 AM,1572671397748
-0.858 ,7.401 ,9.199,23.558378333333334,87.29871666666668 ,19.795598602294923,83.93697496486456 ,50410.0,10:39:57 AM,1572671397751
-2.615 ,5.867 ,4.488,23.558378333333334,87.29871666666668 ,19.795598602294923,83.93697496486456 ,50410.0,10:39:57 AM,1572671397752
-1.948 ,7.472 ,1.458,23.558378333333334,87.29871666666668 ,19.795598602294923,83.93697496486456 ,50410.0,10:39:57 AM,1572671397756
-1.633 ,11.819 ,3.743,23.558378333333334,87.29871666666668 ,19.795598602294923,83.93697496486456 ,50410.0,10:39:57 AM,1572671397757
-2.505 ,13.016 ,6.722,23.558378333333334,87.29871666666668 ,19.795598602294923,83.93697496486456 ,50410.0,10:39:57 AM,1572671397761
-1.791 ,11.227 ,2.033,23.558378333333334,87.29871666666668 ,19.795598602294923,83.93697496486456 ,50410.0,10:39:57 AM,1572671397762
-1.67 ,6.896 ,-0.751,23.558378333333334,87.29871666666668 ,19.795598602294923,83.93697496486456 ,50410.0,10:39:57 AM,1572671397767
-2.389 ,4.992 ,-1.911,23.558378333333334,87.29871666666668 ,19.795598602294923,83.93697496486456 ,50410.0,10:39:57 AM,1572671397768
-0.988 ,7.472 ,0.604,23.558378333333334,87.29871666666668 ,19.795598602294923,83.93697496486456 ,50410.0,10:39:57 AM,1572671397771
-1.523 ,10.412 ,7.023,23.558378333333334,87.29871666666668 ,19.795598602294923,83.93697496486456 ,50410.0,10:39:57 AM,1572671397772
-2.179 ,10.819 ,8.106,23.558378333333334,87.29871666666668 ,19.795598602294923,83.93697496486456 ,50410.0,10:39:57 AM,1572671397776
-1.939 ,9.397 ,4.553,23.558378333333334,87.29871666666668 ,19.795598602294923,83.93697496486456 ,50410.0,10:39:57 AM,1572671397777
-2.911 ,7.036 ,2.363,23.558378333333334,87.29871666666668 ,19.795598602294923,83.93697496486456 ,50410.0,10:39:57 AM,1572671397781
-1.626 ,7.46 ,-0.694,23.558378333333334,87.29871666666668 ,19.795598602294923,83.93697496486456 ,50410.0,10:39:57 AM,1572671397782
0.151 ,10.497 ,2.988,23.558378333333334,87.29871666666668 ,19.795598602294923,83.93697496486456 ,50410.0,10:39:57 AM,1572671397787
1.101 ,11.418 ,6.33,23.558378333333334,87.29871666666668 ,19.795598602294923,83.93697496486456 ,50410.0,10:39:57 AM,1572671397788
2.073 ,10.525 ,1.643,23.558378333333334,87.29871666666668 ,19.795598602294923,83.93697496486456 ,50410.0,10:39:57 AM,1572671397792
1.848 ,6.987 ,2.236,23.558378333333334,87.29871666666668 ,19.795598602294923,83.93697496486456 ,50410.0,10:39:57 AM,1572671397793
0.474 ,5.425 ,2.284,23.558378333333334,87.29871666666668 ,19.795598602294923,83.93697496486456 ,50599.0,10:39:57 AM,1572671397797
-0.46 ,6.888 ,4.946,23.558378333333334,87.29871666666668 ,19.795598602294923,83.93697496486456 ,50599.0,10:39:57 AM,1572671397798
-0.739 ,8.105 ,14.221,23.558378333333334,87.29871666666668 ,19.795598602294923,83.93697496486456 ,50599.0,10:39:57 AM,1572671397801
-2.354 ,7.482 ,9.847,23.558378333333334,87.29871666666668 ,19.795598602294923,83.93697496486456 ,50599.0,10:39:57 AM,1572671397802
-0.798 ,5.606 ,10.179,23.558378333333334,87.29871666666668 ,19.795598602294923,83.93697496486456 ,50599.0,10:39:57 AM,1572671397807
-2.173 ,3.9 ,6.917,23.558378333333334,87.29871666666668 ,19.795598602294923,83.93697496486456 ,50599.0,10:39:57 AM,1572671397807
-1.153 ,6.794 ,6.42,23.558378333333334,87.29871666666668 ,19.795598602294923,83.93697496486456 ,50599.0,10:39:57 AM,1572671397811
-1.005 ,10.6 ,11.676,23.558378333333334,87.29871666666668 ,19.795598602294923,83.93697496486456 ,50599.0,10:39:57 AM,1572671397812
-1.763 ,11.396 ,11.624,23.558378333333334,87.29871666666668 ,19.795598602294923,83.93697496486456 ,50599.0,10:39:57 AM,1572671397817
-0.984 ,8.631 ,6.237,23.558378333333334,87.29871666666668 ,19.795598602294923,83.93697496486456 ,50599.0,10:39:57 AM,1572671397817
-0.814 ,3.756 ,3.588,23.558378333333334,87.29871666666668 ,19.795598602294923,83.93697496486456 ,50599.0,10:39:57 AM,1572671397821
-0.29 ,3.446 ,1.61,23.558378333333334,87.29871666666668 ,19.795598602294923,83.93697496486456 ,50599.0,10:39:57 AM,1572671397822
1.457 ,7.515 ,7.513,23.558378333333334,87.29871666666668 ,19.795598602294923,83.93697496486456 ,50599.0,10:39:57 AM,1572671397827
1.263 ,11.193 ,12.666,23.558378333333334,87.29871666666668 ,19.795598602294923,83.93697496486456 ,50599.0,10:39:57 AM,1572671397828
1.415 ,11.138 ,9.081,23.558378333333334,87.29871666666668 ,19.795598602294923,83.93697496486456 ,50599.0,10:39:57 AM,1572671397832
1.415 ,7.777 ,6.44,23.558378333333334,87.29871666666668 ,19.795598602294923,83.93697496486456 ,50599.0,10:39:57 AM,1572671397833
-0.579 ,5.834 ,-1.114,23.558378333333334,87.29871666666668 ,19.795598602294923,83.93697496486456 ,50599.0,10:39:57 AM,1572671397837
0.386 ,9.02 ,0.634,23.558378333333334,87.29871666666668 ,19.795598602294923,83.93697496486456 ,50599.0,10:39:57 AM,1572671397837
-1.303 ,13.221 ,6.573,23.558378333333334,87.29871666666668 ,19.795598602294923,83.93697496486456 ,50599.0,10:39:57 AM,1572671397842
-2.71 ,14.352 ,7.561,23.558378333333334,87.29871666666668 ,19.795598602294923,83.93697496486456 ,50599.0,10:39:57 AM,1572671397842
-2.475 ,10.54 ,4.083,23.558378333333334,87.29871666666668 ,19.795598602294923,83.93697496486456 ,50599.0,10:39:57 AM,1572671397847
-2.702 ,4.865 ,1.773,23.558378333333334,87.29871666666668 ,19.795598602294923,83.93697496486456 ,50599.0,10:39:57 AM,1572671397848
-1.991 ,3.858 ,0.116,23.558426666666666,87.29871166666665 ,22.70851535797119,83.93697496486456 ,50599.0,10:39:57 AM,1572671397852
0.172 ,7.618 ,5.817,23.558426666666666,87.29871166666665 ,22.70851535797119,83.93697496486456 ,50599.0,10:39:57 AM,1572671397853
0.236 ,10.64 ,11.046,23.558426666666666,87.29871166666665 ,22.70851535797119,83.93697496486456 ,50599.0,10:39:57 AM,1572671397857
0.559 ,10.704 ,7.797,23.558426666666666,87.29871166666665 ,22.70851535797119,83.93697496486456 ,50599.0,10:39:57 AM,1572671397857
-0.081 ,7.85 ,3.55,23.558426666666666,87.29871166666665 ,22.70851535797119,83.93697496486456 ,50599.0,10:39:57 AM,1572671397861
-1.885 ,6.074 ,-1.421,23.558426666666666,87.29871166666665 ,22.70851535797119,83.93697496486456 ,50599.0,10:39:57 AM,1572671397862
-1.284 ,9.234 ,0.748,23.558426666666666,87.29871166666665 ,22.70851535797119,83.93697496486456 ,50599.0,10:39:57 AM,1572671397866
-2.261 ,12.757 ,6.729,23.558426666666666,87.29871166666665 ,22.70851535797119,83.93697496486456 ,50599.0,10:39:57 AM,1572671397866
-2.122 ,13.344 ,7.452,23.558426666666666,87.29871166666665 ,22.70851535797119,83.93697496486456 ,50599.0,10:39:57 AM,1572671397871
-0.791 ,9.848 ,3.212,23.558426666666666,87.29871166666665 ,22.70851535797119,83.93697496486456 ,50599.0,10:39:57 AM,1572671397872
-0.388 ,5.464 ,1.348,23.558426666666666,87.29871166666665 ,22.70851535797119,83.93697496486456 ,50599.0,10:39:57 AM,1572671397876
0.408 ,5.486 ,-1.037,23.558426666666666,87.29871166666665 ,22.70851535797119,83.93697496486456 ,50599.0,10:39:57 AM,1572671397876
2.009 ,8.94 ,5.782,23.558426666666666,87.29871166666665 ,22.70851535797119,83.93697496486456 ,50599.0,10:39:57 AM,1572671397881
0.837 ,10.902 ,8.418,23.558426666666666,87.29871166666665 ,22.70851535797119,83.93697496486456 ,50599.0,10:39:57 AM,1572671397882
1.368 ,11.351 ,5.808,23.558426666666666,87.29871166666665 ,22.70851535797119,83.93697496486456 ,50599.0,10:39:57 AM,1572671397886
-0.255 ,8.148 ,3.176,23.558426666666666,87.29871166666665 ,22.70851535797119,83.93697496486456 ,50599.0,10:39:57 AM,1572671397886
-1.563 ,6.944 ,-0.981,23.558426666666666,87.29871166666665 ,22.70851535797119,83.93697496486456 ,50599.0,10:39:57 AM,1572671397890
-0.624 ,9.822 ,3.653,23.558426666666666,87.29871166666665 ,22.70851535797119,83.93697496486456 ,50599.0,10:39:57 AM,1572671397891
-2.186 ,11.535 ,9.53,23.558426666666666,87.29871166666665 ,22.70851535797119,83.93697496486456 ,50599.0,10:39:57 AM,1572671397895
-2.071 ,10.872 ,9.924,23.558426666666666,87.29871166666665 ,22.70851535797119,83.93697496486456 ,50599.0,10:39:57 AM,1572671397896
-2.014 ,6.313 ,6.463,23.558426666666666,87.29871166666665 ,22.70851535797119,83.93697496486456 ,50599.0,10:39:57 AM,1572671397901
-2.275 ,2.036 ,5.379,23.558426666666666,87.29871166666665 ,22.70851535797119,83.93697496486456 ,50599.0,10:39:57 AM,1572671397902
-2.323 ,2.922 ,3.785,23.558426666666666,87.29871166666665 ,22.70851535797119,83.93697496486456 ,50599.0,10:39:57 AM,1572671397906
-0.964 ,6.584 ,11.715,23.558426666666666,87.29871166666665 ,22.70851535797119,83.93697496486456 ,50599.0,10:39:57 AM,1572671397907
-2.309 ,8.989 ,12.202,23.558426666666666,87.29871166666665 ,22.70851535797119,83.93697496486456 ,50599.0,10:39:57 AM,1572671397911
-0.811 ,9.517 ,8.988,23.558426666666666,87.29871166666665 ,22.70851535797119,83.93697496486456 ,50599.0,10:39:57 AM,1572671397912
-2.404 ,7.245 ,3.479,23.558426666666666,87.29871166666665 ,22.70851535797119,83.93697496486456 ,50599.0,10:39:57 AM,1572671397916
-1.569 ,7.33 ,-0.877,23.558426666666666,87.29871166666665 ,22.70851535797119,83.93697496486456 ,50599.0,10:39:57 AM,1572671397917
-0.911 ,10.841 ,0.862,23.558426666666666,87.29871166666665 ,22.70851535797119,83.93697496486456 ,50599.0,10:39:57 AM,1572671397921
-1.21 ,12.747 ,6.132,23.558426666666666,87.29871166666665 ,22.70851535797119,83.93697496486456 ,50599.0,10:39:57 AM,1572671397921
-0.765 ,12.647 ,4.551,23.558426666666666,87.29871166666665 ,22.70851535797119,83.93697496486456 ,50599.0,10:39:57 AM,1572671397926
-1.359 ,8.496 ,3.183,23.558426666666666,87.29871166666665 ,22.70851535797119,83.93697496486456 ,50599.0,10:39:57 AM,1572671397926
-1.822 ,5.519 ,3.029,23.558426666666666,87.29871166666665 ,22.70851535797119,83.93697496486456 ,50599.0,10:39:57 AM,1572671397931
-1.838 ,6.523 ,3.082,23.558426666666666,87.29871166666665 ,22.70851535797119,83.93697496486456 ,50599.0,10:39:57 AM,1572671397932
-1.194 ,9.001 ,10.276,23.558426666666666,87.29871166666665 ,22.70851535797119,83.93697496486456 ,50599.0,10:39:57 AM,1572671397935
-1.607 ,9.731 ,8.588,23.558426666666666,87.29871166666665 ,22.70851535797119,83.93697496486456 ,50599.0,10:39:57 AM,1572671397936
