x,y,z,latitude,longitude,speed,sound,light,time,timestamp
0.609 ,8.879 ,-3.786,23.571286666666666,87.30254500000001 ,14.00126838684082,79.77159339332025 ,28318.0,10:43:45 AM,1572671625249
-1.954 ,8.197 ,-1.912,23.571286666666666,87.30254500000001 ,14.00126838684082,79.77159339332025 ,28318.0,10:43:45 AM,1572671625252
-3.375 ,8.608 ,5.492,23.571286666666666,87.30254500000001 ,14.00126838684082,79.77159339332025 ,28318.0,10:43:45 AM,1572671625253
-3.369 ,10.34 ,10.498,23.571286666666666,87.30254500000001 ,14.00126838684082,79.77159339332025 ,28318.0,10:43:45 AM,1572671625257
-3.755 ,10.368 ,16.306,23.571286666666666,87.30254500000001 ,14.00126838684082,79.77159339332025 ,28318.0,10:43:45 AM,1572671625258
-3.227 ,8.575 ,15.624,23.571286666666666,87.30254500000001 ,14.00126838684082,79.77159339332025 ,28318.0,10:43:45 AM,1572671625262
-1.344 ,6.086 ,10.956,23.571286666666666,87.30254500000001 ,14.00126838684082,79.77159339332025 ,28318.0,10:43:45 AM,1572671625263
0.3 ,4.403 ,6.649,23.571286666666666,87.30254500000001 ,14.00126838684082,79.77159339332025 ,28318.0,10:43:45 AM,1572671625268
-0.069 ,5.857 ,4.985,23.571286666666666,87.30254500000001 ,14.00126838684082,79.77159339332025 ,28318.0,10:43:45 AM,1572671625269
1.331 ,9.458 ,6.68,23.571286666666666,87.30254500000001 ,14.00126838684082,79.77159339332025 ,28318.0,10:43:45 AM,1572671625272
1.286 ,12.395 ,3.875,23.571286666666666,87.30254500000001 ,14.00126838684082,79.77159339332025 ,28318.0,10:43:45 AM,1572671625273
0.091 ,11.572 ,2.156,23.571286666666666,87.30254500000001 ,14.00126838684082,79.77159339332025 ,28318.0,10:43:45 AM,1572671625277
0.261 ,10.181 ,-0.753,23.571286666666666,87.30254500000001 ,14.00126838684082,79.77159339332025 ,28318.0,10:43:45 AM,1572671625278
-1.488 ,9.59 ,-3.834,23.571286666666666,87.30254500000001 ,14.00126838684082,79.77159339332025 ,28318.0,10:43:45 AM,1572671625282
-1.863 ,9.668 ,1.44,23.571286666666666,87.30254500000001 ,14.00126838684082,79.77159339332025 ,28318.0,10:43:45 AM,1572671625283
-1.457 ,10.624 ,5.064,23.571286666666666,87.30254500000001 ,14.00126838684082,79.77159339332025 ,28318.0,10:43:45 AM,1572671625288
-2.997 ,11.152 ,5.106,23.571286666666666,87.30254500000001 ,14.00126838684082,79.77159339332025 ,28318.0,10:43:45 AM,1572671625289
-3.142 ,10.536 ,7.616,23.571286666666666,87.30254500000001 ,14.00126838684082,79.77159339332025 ,28318.0,10:43:45 AM,1572671625292
-3.366 ,8.745 ,3.41,23.571286666666666,87.30254500000001 ,14.00126838684082,79.77159339332025 ,28318.0,10:43:45 AM,1572671625293
-3.537 ,6.889 ,1.105,23.571286666666666,87.30254500000001 ,14.00126838684082,79.77159339332025 ,28318.0,10:43:45 AM,1572671625297
-2.828 ,6.48 ,2.935,23.571286666666666,87.30254500000001 ,14.00126838684082,79.77159339332025 ,28318.0,10:43:45 AM,1572671625298
-2.02 ,8.603 ,4.399,23.571286666666666,87.30254500000001 ,14.00126838684082,79.77159339332025 ,28318.0,10:43:45 AM,1572671625302
0.181 ,10.066 ,5.989,23.571286666666666,87.30254500000001 ,14.00126838684082,79.77159339332025 ,28318.0,10:43:45 AM,1572671625303
-0.028 ,9.191 ,7.174,23.571286666666666,87.30254500000001 ,14.00126838684082,79.77159339332025 ,28318.0,10:43:45 AM,1572671625308
0.674 ,7.641 ,7.481,23.571286666666666,87.30254500000001 ,14.00126838684082,79.77159339332025 ,28318.0,10:43:45 AM,1572671625308
0.486 ,6.565 ,5.018,23.571286666666666,87.30254500000001 ,14.00126838684082,79.77159339332025 ,28318.0,10:43:45 AM,1572671625312
-1.223 ,5.461 ,7.453,23.571286666666666,87.30254500000001 ,14.00126838684082,79.77159339332025 ,28318.0,10:43:45 AM,1572671625313
-1.301 ,6.671 ,11.637,23.571286666666666,87.30254500000001 ,14.00126838684082,79.77159339332025 ,28318.0,10:43:45 AM,1572671625317
-2.833 ,9.182 ,12.304,23.571286666666666,87.30254500000001 ,14.00126838684082,79.77159339332025 ,28318.0,10:43:45 AM,1572671625318
-3.731 ,9.136 ,13.035,23.571286666666666,87.30254500000001 ,14.00126838684082,79.77159339332025 ,28318.0,10:43:45 AM,1572671625322
-2.689 ,7.902 ,8.221,23.571286666666666,87.30254500000001 ,14.00126838684082,79.77159339332025 ,28318.0,10:43:45 AM,1572671625323
-3.363 ,6.274 ,1.548,23.571286666666666,87.30254500000001 ,14.00126838684082,79.77159339332025 ,28318.0,10:43:45 AM,1572671625328
-1.278 ,6.924 ,3.633,23.571286666666666,87.30254500000001 ,14.00126838684082,79.77159339332025 ,28318.0,10:43:45 AM,1572671625329
-0.82 ,9.66 ,3.467,23.571286666666666,87.30254500000001 ,14.00126838684082,79.77159339332025 ,28318.0,10:43:45 AM,1572671625332
1.013 ,11.83 ,4.392,23.571286666666666,87.30254500000001 ,14.00126838684082,79.77159339332025 ,28318.0,10:43:45 AM,1572671625333
0.455 ,12.022 ,4.281,23.571286666666666,87.30254500000001 ,14.00126838684082,79.77159339332025 ,28318.0,10:43:45 AM,1572671625337
1.306 ,10.977 ,4.128,23.571286666666666,87.30254500000001 ,14.00126838684082,79.77159339332025 ,28318.0,10:43:45 AM,1572671625338
1.453 ,10.269 ,-0.446,23.571286666666666,87.30254500000001 ,14.00126838684082,79.77159339332025 ,28318.0,10:43:45 AM,1572671625342
-0.077 ,9.487 ,-1.72,23.571286666666666,87.30254500000001 ,14.00126838684082,79.77159339332025 ,28318.0,10:43:45 AM,1572671625343
-0.765 ,10.75 ,0.805,23.571286666666666,87.30254500000001 ,14.00126838684082,79.77159339332025 ,28318.0,10:43:45 AM,1572671625347
-1.369 ,12.907 ,1.483,23.571286666666666,87.30254500000001 ,14.00126838684082,79.77159339332025 ,28318.0,10:43:45 AM,1572671625348
-3.546 ,12.872 ,2.236,23.571286666666666,87.30254500000001 ,14.00126838684082,79.77159339332025 ,28318.0,10:43:45 AM,1572671625352
-3.822 ,11.029 ,1.241,23.571286666666666,87.30254500000001 ,14.00126838684082,79.77159339332025 ,28318.0,10:43:45 AM,1572671625353
-3.384 ,8.499 ,-1.748,23.571286666666666,87.30254500000001 ,14.00126838684082,79.77159339332025 ,28318.0,10:43:45 AM,1572671625357
-3.233 ,6.713 ,-0.86,23.571286666666666,87.30254500000001 ,14.00126838684082,79.77159339332025 ,28318.0,10:43:45 AM,1572671625357
-1.544 ,8.232 ,4.803,23.571286666666666,87.30254500000001 ,14.00126838684082,79.77159339332025 ,28318.0,10:43:45 AM,1572671625362
1.133 ,11.13 ,7.269,23.571286666666666,87.30254500000001 ,14.00126838684082,79.77159339332025 ,28318.0,10:43:45 AM,1572671625363
1.824 ,11.864 ,7.779,23.571286666666666,87.30254500000001 ,14.00126838684082,79.77159339332025 ,28318.0,10:43:45 AM,1572671625367
1.585 ,9.012 ,6.017,23.571286666666666,87.30254500000001 ,14.00126838684082,79.77159339332025 ,28318.0,10:43:45 AM,1572671625368
2.161 ,7.21 ,1.112,23.571286666666666,87.30254500000001 ,14.00126838684082,79.77159339332025 ,28318.0,10:43:45 AM,1572671625372
0.212 ,5.966 ,0.981,23.571286666666666,87.30254500000001 ,14.00126838684082,79.77159339332025 ,28318.0,10:43:45 AM,1572671625373
-0.543 ,6.894 ,7.061,23.571286666666666,87.30254500000001 ,14.00126838684082,79.77159339332025 ,28318.0,10:43:45 AM,1572671625377
-0.817 ,10.261 ,10.554,23.571286666666666,87.30254500000001 ,14.00126838684082,79.77159339332025 ,28318.0,10:43:45 AM,1572671625378
-2.056 ,11.875 ,14.29,23.571286666666666,87.30254500000001 ,14.00126838684082,79.77159339332025 ,28318.0,10:43:45 AM,1572671625382
-1.68 ,11.086 ,12.485,23.571286666666666,87.30254500000001 ,14.00126838684082,79.77159339332025 ,28318.0,10:43:45 AM,1572671625383
-0.952 ,8.238 ,4.388,23.571286666666666,87.30254500000001 ,14.00126838684082,79.77159339332025 ,28318.0,10:43:45 AM,1572671625388
-0.271 ,5.114 ,-0.339,23.571286666666666,87.30254500000001 ,14.00126838684082,79.77159339332025 ,28318.0,10:43:45 AM,1572671625388
0.2 ,5.391 ,0.633,23.571286666666666,87.30254500000001 ,14.00126838684082,79.77159339332025 ,28318.0,10:43:45 AM,1572671625393
0.415 ,9.439 ,1.823,23.571286666666666,87.30254500000001 ,14.00126838684082,79.77159339332025 ,28318.0,10:43:45 AM,1572671625394
-0.41 ,12.754 ,3.305,23.571286666666666,87.30254500000001 ,14.00126838684082,79.77159339332025 ,27570.0,10:43:45 AM,1572671625397
-2.33 ,12.165 ,1.434,23.571286666666666,87.30254500000001 ,14.00126838684082,79.77159339332025 ,27570.0,10:43:45 AM,1572671625398
-2.784 ,10.237 ,-1.456,23.571286666666666,87.30254500000001 ,14.00126838684082,79.77159339332025 ,27570.0,10:43:45 AM,1572671625402
-5.1 ,8.626 ,-3.747,23.571286666666666,87.30254500000001 ,14.00126838684082,79.77159339332025 ,27570.0,10:43:45 AM,1572671625402
-5.081 ,9.336 ,3.137,23.571286666666666,87.30254500000001 ,14.00126838684082,79.77159339332025 ,27570.0,10:43:45 AM,1572671625408
-3.624 ,12.227 ,10.043,23.571286666666666,87.30254500000001 ,14.00126838684082,79.77159339332025 ,27570.0,10:43:45 AM,1572671625408
-2.907 ,13.476 ,14.565,23.571286666666666,87.30254500000001 ,14.00126838684082,79.77159339332025 ,27570.0,10:43:45 AM,1572671625412
-0.996 ,10.928 ,12.342,23.571286666666666,87.30254500000001 ,14.00126838684082,79.77159339332025 ,27570.0,10:43:45 AM,1572671625413
0.88 ,6.702 ,5.266,23.571286666666666,87.30254500000001 ,14.00126838684082,79.77159339332025 ,27570.0,10:43:45 AM,1572671625418
1.206 ,4.067 ,2.413,23.571286666666666,87.30254500000001 ,14.00126838684082,79.77159339332025 ,27570.0,10:43:45 AM,1572671625419
1.104 ,5.972 ,5.234,23.571286666666666,87.30254500000001 ,14.00126838684082,79.77159339332025 ,27570.0,10:43:45 AM,1572671625422
1.335 ,9.999 ,7.803,23.571286666666666,87.30254500000001 ,14.00126838684082,79.77159339332025 ,27570.0,10:43:45 AM,1572671625423
0.844 ,11.536 ,8.187,23.571286666666666,87.30254500000001 ,14.00126838684082,79.77159339332025 ,27570.0,10:43:45 AM,1572671625427
-1.01 ,9.799 ,6.399,23.571286666666666,87.30254500000001 ,14.00126838684082,79.77159339332025 ,27570.0,10:43:45 AM,1572671625428
-0.68 ,7.883 ,2.897,23.571286666666666,87.30254500000001 ,14.00126838684082,79.77159339332025 ,27570.0,10:43:45 AM,1572671625432
-2.024 ,6.823 ,-1.521,23.571286666666666,87.30254500000001 ,14.00126838684082,79.77159339332025 ,27570.0,10:43:45 AM,1572671625432
-3.16 ,6.915 ,1.912,23.571286666666666,87.30254500000001 ,14.00126838684082,79.77159339332025 ,27570.0,10:43:45 AM,1572671625437
-3.064 ,8.903 ,5.574,23.571286666666666,87.30254500000001 ,14.00126838684082,79.77159339332025 ,27570.0,10:43:45 AM,1572671625437
-4.336 ,10.078 ,5.946,23.571286666666666,87.30254500000001 ,14.00126838684082,79.77159339332025 ,27570.0,10:43:45 AM,1572671625441
-5.323 ,9.085 ,5.589,23.571286666666666,87.30254500000001 ,14.00126838684082,79.77159339332025 ,27570.0,10:43:45 AM,1572671625442
-5.279 ,7.447 ,1.153,23.571286666666666,87.30254500000001 ,14.00126838684082,79.77159339332025 ,27570.0,10:43:45 AM,1572671625447
-4.02 ,6.506 ,0.517,23.571286666666666,87.30254500000001 ,14.00126838684082,79.77159339332025 ,27570.0,10:43:45 AM,1572671625448
-2.977 ,8.067 ,3.267,23.571286666666666,87.30254500000001 ,14.00126838684082,79.77159339332025 ,27570.0,10:43:45 AM,1572671625452
0.426 ,11.438 ,6.776,23.571286666666666,87.30254500000001 ,14.00126838684082,79.77159339332025 ,27570.0,10:43:45 AM,1572671625453
1.933 ,13.26 ,5.285,23.571286666666666,87.30254500000001 ,14.00126838684082,79.77159339332025 ,27570.0,10:43:45 AM,1572671625456
3.225 ,10.951 ,4.217,23.571286666666666,87.30254500000001 ,14.00126838684082,79.77159339332025 ,27570.0,10:43:45 AM,1572671625457
3.359 ,7.513 ,-0.817,23.571286666666666,87.30254500000001 ,14.00126838684082,79.77159339332025 ,27570.0,10:43:45 AM,1572671625461
2.733 ,6.262 ,-1.244,23.571286666666666,87.30254500000001 ,14.00126838684082,79.77159339332025 ,27570.0,10:43:45 AM,1572671625462
0.391 ,7.482 ,4.135,23.571286666666666,87.30254500000001 ,14.00126838684082,79.77159339332025 ,27570.0,10:43:45 AM,1572671625467
-0.809 ,10.501 ,8.887,23.571286666666666,87.30254500000001 ,14.00126838684082,79.77159339332025 ,27570.0,10:43:45 AM,1572671625468
-2.641 ,12.067 ,10.216,23.571286666666666,87.30254500000001 ,14.00126838684082,79.77159339332025 ,27570.0,10:43:45 AM,1572671625472
-4.089 ,9.903 ,7.366,23.571286666666666,87.30254500000001 ,14.00126838684082,79.77159339332025 ,27570.0,10:43:45 AM,1572671625473
-3.727 ,6.79 ,0.907,23.571286666666666,87.30254500000001 ,14.00126838684082,79.77159339332025 ,27570.0,10:43:45 AM,1572671625476
-3.446 ,5.272 ,-3.49,23.571286666666666,87.30254500000001 ,14.00126838684082,79.77159339332025 ,27570.0,10:43:45 AM,1572671625477
-2.01 ,7.217 ,1.677,23.571286666666666,87.30254500000001 ,14.00126838684082,79.77159339332025 ,27570.0,10:43:45 AM,1572671625481
0.172 ,11.442 ,6.269,23.571286666666666,87.30254500000001 ,14.00126838684082,79.77159339332025 ,27570.0,10:43:45 AM,1572671625482
2.183 ,13.506 ,7.112,23.571286666666666,87.30254500000001 ,14.00126838684082,79.77159339332025 ,27570.0,10:43:45 AM,1572671625488
2.103 ,11.277 ,2.921,23.571286666666666,87.30254500000001 ,14.00126838684082,79.77159339332025 ,27570.0,10:43:45 AM,1572671625488
2.887 ,7.635 ,-1.854,23.571286666666666,87.30254500000001 ,14.00126838684082,79.77159339332025 ,27570.0,10:43:45 AM,1572671625492
1.956 ,5.758 ,-4.189,23.571286666666666,87.30254500000001 ,14.00126838684082,79.77159339332025 ,27570.0,10:43:45 AM,1572671625492
-1.19 ,6.65 ,0.499,23.571286666666666,87.30254500000001 ,14.00126838684082,80.36330439540416 ,27570.0,10:43:45 AM,1572671625497
