x,y,z,latitude,longitude,speed,sound,light,time,timestamp
0.345 ,7.914 ,6.145,23.551753333333334,87.29651666666665 ,0.0,69.35440276536768 ,5937.0,10:38:16 AM,1572671296265
-0.079 ,7.892 ,6.357,23.551753333333334,87.29651666666665 ,0.0,69.35440276536768 ,5937.0,10:38:16 AM,1572671296267
-0.318 ,7.887 ,6.863,23.551753333333334,87.29651666666665 ,0.0,69.35440276536768 ,5937.0,10:38:16 AM,1572671296267
-0.436 ,7.889 ,6.889,23.551753333333334,87.29651666666665 ,0.0,69.35440276536768 ,5937.0,10:38:16 AM,1572671296273
-0.236 ,7.922 ,6.794,23.551753333333334,87.29651666666665 ,0.0,69.35440276536768 ,5937.0,10:38:16 AM,1572671296274
0.125 ,7.893 ,6.552,23.551753333333334,87.29651666666665 ,0.0,69.35440276536768 ,5937.0,10:38:16 AM,1572671296280
0.36 ,7.872 ,6.284,23.551753333333334,87.29651666666665 ,0.0,69.35440276536768 ,5937.0,10:38:16 AM,1572671296280
0.56 ,7.823 ,5.995,23.551753333333334,87.29651666666665 ,0.0,69.35440276536768 ,5937.0,10:38:16 AM,1572671296282
0.445 ,7.82 ,5.867,23.551753333333334,87.29651666666665 ,0.0,69.35440276536768 ,5937.0,10:38:16 AM,1572671296282
0.157 ,7.756 ,5.753,23.551753333333334,87.29651666666665 ,0.0,69.35440276536768 ,5937.0,10:38:16 AM,1572671296286
-0.258 ,7.885 ,6.111,23.551753333333334,87.29651666666665 ,0.0,69.35440276536768 ,5937.0,10:38:16 AM,1572671296287
-0.558 ,8.12 ,6.525,23.551753333333334,87.29651666666665 ,0.0,69.35440276536768 ,5937.0,10:38:16 AM,1572671296291
-0.729 ,8.15 ,6.467,23.551753333333334,87.29651666666665 ,0.0,69.35440276536768 ,5937.0,10:38:16 AM,1572671296292
-0.489 ,8.038 ,6.211,23.551753333333334,87.29651666666665 ,0.0,69.35440276536768 ,5937.0,10:38:16 AM,1572671296297
-0.188 ,7.993 ,6.008,23.551753333333334,87.29651666666665 ,0.0,69.35440276536768 ,5937.0,10:38:16 AM,1572671296298
0.196 ,8.12 ,5.814,23.551753333333334,87.29651666666665 ,0.0,69.35440276536768 ,5937.0,10:38:16 AM,1572671296302
0.573 ,8.182 ,5.772,23.551753333333334,87.29651666666665 ,0.0,69.35440276536768 ,5937.0,10:38:16 AM,1572671296303
0.738 ,8.108 ,5.631,23.551753333333334,87.29651666666665 ,0.0,69.35440276536768 ,5937.0,10:38:16 AM,1572671296309
0.663 ,7.935 ,5.529,23.551753333333334,87.29651666666665 ,0.0,69.35440276536768 ,5937.0,10:38:16 AM,1572671296310
0.355 ,7.825 ,5.665,23.551753333333334,87.29651666666665 ,0.0,69.35440276536768 ,5937.0,10:38:16 AM,1572671296313
0.023 ,7.77 ,5.94,23.551753333333334,87.29651666666665 ,0.0,69.35440276536768 ,5937.0,10:38:16 AM,1572671296314
-0.35 ,7.804 ,6.311,23.551753333333334,87.29651666666665 ,0.0,69.35440276536768 ,5937.0,10:38:16 AM,1572671296318
-0.478 ,7.628 ,6.759,23.551753333333334,87.29651666666665 ,0.0,69.35440276536768 ,5937.0,10:38:16 AM,1572671296318
-0.558 ,7.569 ,6.845,23.551753333333334,87.29651666666665 ,0.0,69.35440276536768 ,5937.0,10:38:16 AM,1572671296322
-0.37 ,7.465 ,6.655,23.551753333333334,87.29651666666665 ,0.0,69.35440276536768 ,5937.0,10:38:16 AM,1572671296322
-0.214 ,7.301 ,6.614,23.551753333333334,87.29651666666665 ,0.0,69.35440276536768 ,5937.0,10:38:16 AM,1572671296327
-0.024 ,7.38 ,6.598,23.551753333333334,87.29651666666665 ,0.0,69.35440276536768 ,5937.0,10:38:16 AM,1572671296327
0.036 ,7.528 ,6.45,23.551753333333334,87.29651666666665 ,0.0,69.35440276536768 ,5937.0,10:38:16 AM,1572671296332
0.123 ,7.638 ,6.41,23.551753333333334,87.29651666666665 ,0.0,69.35440276536768 ,5937.0,10:38:16 AM,1572671296333
0.149 ,7.679 ,6.28,23.551753333333334,87.29651666666665 ,0.0,69.35440276536768 ,5937.0,10:38:16 AM,1572671296338
-0.002 ,7.81 ,6.011,23.551753333333334,87.29651666666665 ,0.0,69.35440276536768 ,5937.0,10:38:16 AM,1572671296338
0.042 ,7.786 ,6.106,23.551753333333334,87.29651666666665 ,0.0,69.35440276536768 ,5937.0,10:38:16 AM,1572671296342
0.056 ,7.934 ,6.05,23.551753333333334,87.29651666666665 ,0.0,69.35440276536768 ,5937.0,10:38:16 AM,1572671296343
0.193 ,7.919 ,6.269,23.551753333333334,87.29651666666665 ,0.0,69.35440276536768 ,5937.0,10:38:16 AM,1572671296347
-0.036 ,7.77 ,5.721,23.551753333333334,87.29651666666665 ,0.0,69.35440276536768 ,5937.0,10:38:16 AM,1572671296348
0.214 ,7.847 ,6.458,23.551753333333334,87.29651666666665 ,0.0,69.35440276536768 ,5937.0,10:38:16 AM,1572671296351
0.046 ,8.031 ,6.661,23.551753333333334,87.29651666666665 ,0.0,69.35440276536768 ,5937.0,10:38:16 AM,1572671296352
0.046 ,8.43 ,6.209,23.551753333333334,87.29651666666665 ,0.0,69.35440276536768 ,5937.0,10:38:16 AM,1572671296357
0.067 ,8.2 ,6.369,23.551753333333334,87.29651666666665 ,0.0,69.35440276536768 ,5937.0,10:38:16 AM,1572671296357
0.154 ,8.033 ,6.145,23.551753333333334,87.29651666666665 ,0.0,69.35440276536768 ,5937.0,10:38:16 AM,1572671296364
-0.02 ,8.074 ,5.459,23.551753333333334,87.29651666666665 ,0.0,69.35440276536768 ,5937.0,10:38:16 AM,1572671296365
0.488 ,8.012 ,5.935,23.551753333333334,87.29651666666665 ,0.0,69.35440276536768 ,5937.0,10:38:16 AM,1572671296366
0.384 ,8.062 ,5.714,23.551753333333334,87.29651666666665 ,0.0,69.35440276536768 ,5937.0,10:38:16 AM,1572671296367
0.571 ,7.983 ,6.373,23.551753333333334,87.29651666666665 ,0.0,69.35440276536768 ,5937.0,10:38:16 AM,1572671296372
0.262 ,7.927 ,6.214,23.551753333333334,87.29651666666665 ,0.0,69.35440276536768 ,5937.0,10:38:16 AM,1572671296373
0.234 ,7.799 ,6.68,23.551753333333334,87.29651666666665 ,0.0,69.35440276536768 ,5937.0,10:38:16 AM,1572671296377
-0.139 ,7.844 ,6.565,23.551753333333334,87.29651666666665 ,0.0,69.35440276536768 ,5937.0,10:38:16 AM,1572671296377
-0.143 ,7.708 ,6.743,23.551753333333334,87.29651666666665 ,0.0,69.35440276536768 ,5937.0,10:38:16 AM,1572671296383
-0.324 ,7.811 ,6.506,23.551753333333334,87.29651666666665 ,0.0,69.35440276536768 ,5937.0,10:38:16 AM,1572671296384
-0.176 ,7.813 ,6.23,23.551753333333334,87.29651666666665 ,0.0,69.35440276536768 ,5937.0,10:38:16 AM,1572671296388
-0.045 ,7.866 ,6.041,23.551753333333334,87.29651666666665 ,0.0,69.35440276536768 ,5937.0,10:38:16 AM,1572671296389
0.102 ,7.86 ,5.897,23.551753333333334,87.29651666666665 ,0.0,69.35440276536768 ,5937.0,10:38:16 AM,1572671296392
0.064 ,7.774 ,5.765,23.551753333333334,87.29651666666665 ,0.0,69.35440276536768 ,5937.0,10:38:16 AM,1572671296392
0.128 ,7.812 ,5.96,23.551753333333334,87.29651666666665 ,0.0,69.35440276536768 ,5922.0,10:38:16 AM,1572671296397
-0.069 ,7.768 ,6.061,23.551753333333334,87.29651666666665 ,0.0,69.35440276536768 ,5922.0,10:38:16 AM,1572671296398
-0.221 ,7.793 ,6.138,23.551753333333334,87.29651666666665 ,0.0,69.35440276536768 ,5922.0,10:38:16 AM,1572671296401
-0.315 ,7.824 ,6.121,23.551753333333334,87.29651666666665 ,0.0,69.35440276536768 ,5922.0,10:38:16 AM,1572671296402
-0.352 ,7.756 ,6.23,23.551753333333334,87.29651666666665 ,0.0,69.35440276536768 ,5922.0,10:38:16 AM,1572671296407
-0.385 ,7.77 ,6.075,23.551753333333334,87.29651666666665 ,0.0,69.35440276536768 ,5922.0,10:38:16 AM,1572671296407
-0.355 ,7.812 ,6.005,23.551753333333334,87.29651666666665 ,0.0,69.35440276536768 ,5922.0,10:38:16 AM,1572671296415
-0.275 ,7.703 ,6.021,23.551753333333334,87.29651666666665 ,0.0,69.35440276536768 ,5922.0,10:38:16 AM,1572671296415
-0.217 ,7.585 ,5.926,23.551753333333334,87.29651666666665 ,0.0,69.35440276536768 ,5922.0,10:38:16 AM,1572671296417
-0.151 ,7.512 ,6.078,23.551753333333334,87.29651666666665 ,0.0,69.35440276536768 ,5922.0,10:38:16 AM,1572671296418
-0.115 ,7.541 ,6.282,23.551753333333334,87.29651666666665 ,0.0,69.35440276536768 ,5922.0,10:38:16 AM,1572671296422
-0.111 ,7.594 ,6.4,23.551753333333334,87.29651666666665 ,0.0,69.35440276536768 ,5922.0,10:38:16 AM,1572671296422
0.009 ,7.592 ,6.589,23.551753333333334,87.29651666666665 ,0.0,69.35440276536768 ,5922.0,10:38:16 AM,1572671296427
-0.022 ,7.571 ,6.574,23.551753333333334,87.29651666666665 ,0.0,69.35440276536768 ,5922.0,10:38:16 AM,1572671296427
-0.002 ,7.594 ,6.624,23.551753333333334,87.29651666666665 ,0.0,69.35440276536768 ,5922.0,10:38:16 AM,1572671296432
-0.091 ,7.559 ,6.638,23.551753333333334,87.29651666666665 ,0.0,69.35440276536768 ,5922.0,10:38:16 AM,1572671296433
0.058 ,7.595 ,6.61,23.551753333333334,87.29651666666665 ,0.0,69.35440276536768 ,5922.0,10:38:16 AM,1572671296438
0.105 ,7.716 ,6.512,23.551753333333334,87.29651666666665 ,0.0,69.35440276536768 ,5922.0,10:38:16 AM,1572671296438
0.239 ,7.826 ,6.588,23.551753333333334,87.29651666666665 ,0.0,69.35440276536768 ,5922.0,10:38:16 AM,1572671296441
0.312 ,7.879 ,6.461,23.551753333333334,87.29651666666665 ,0.0,69.35440276536768 ,5922.0,10:38:16 AM,1572671296441
0.401 ,7.908 ,6.294,23.551753333333334,87.29651666666665 ,0.0,69.35440276536768 ,5922.0,10:38:16 AM,1572671296448
0.451 ,7.99 ,6.193,23.551753333333334,87.29651666666665 ,0.0,69.35440276536768 ,5922.0,10:38:16 AM,1572671296448
0.427 ,8.026 ,6.032,23.551753333333334,87.29651666666665 ,0.0,69.35440276536768 ,5922.0,10:38:16 AM,1572671296452
0.224 ,8.051 ,6.081,23.551753333333334,87.29651666666665 ,0.0,69.35440276536768 ,5922.0,10:38:16 AM,1572671296452
0.176 ,8.071 ,6.177,23.551753333333334,87.29651666666665 ,0.0,69.35440276536768 ,5922.0,10:38:16 AM,1572671296456
0.111 ,8.117 ,6.183,23.551753333333334,87.29651666666665 ,0.0,69.35440276536768 ,5922.0,10:38:16 AM,1572671296456
0.111 ,8.11 ,6.178,23.551753333333334,87.29651666666665 ,0.0,69.35440276536768 ,5922.0,10:38:16 AM,1572671296465
0.137 ,8.084 ,6.245,23.551753333333334,87.29651666666665 ,0.0,69.35440276536768 ,5922.0,10:38:16 AM,1572671296465
0.23 ,7.995 ,6.153,23.551753333333334,87.29651666666665 ,0.0,69.35440276536768 ,5922.0,10:38:16 AM,1572671296466
0.294 ,8.085 ,5.965,23.551753333333334,87.29651666666665 ,0.0,69.35440276536768 ,5922.0,10:38:16 AM,1572671296467
0.292 ,8.172 ,6.209,23.551753333333334,87.29651666666665 ,0.0,69.35440276536768 ,5922.0,10:38:16 AM,1572671296471
0.183 ,7.994 ,6.487,23.551753333333334,87.29651666666665 ,0.0,69.35440276536768 ,5922.0,10:38:16 AM,1572671296472
0.117 ,7.847 ,6.334,23.551753333333334,87.29651666666665 ,0.0,69.35440276536768 ,5922.0,10:38:16 AM,1572671296476
0.042 ,7.652 ,6.36,23.551753333333334,87.29651666666665 ,0.0,69.35440276536768 ,5922.0,10:38:16 AM,1572671296476
-0.009 ,7.624 ,6.603,23.551753333333334,87.29651666666665 ,0.0,69.35440276536768 ,5922.0,10:38:16 AM,1572671296481
-0.075 ,7.877 ,6.742,23.551753333333334,87.29651666666665 ,0.0,69.35440276536768 ,5922.0,10:38:16 AM,1572671296482
0.078 ,7.871 ,7.092,23.551753333333334,87.29651666666665 ,0.0,69.35440276536768 ,5922.0,10:38:16 AM,1572671296486
0.038 ,7.88 ,6.807,23.551753333333334,87.29651666666665 ,0.0,69.35440276536768 ,5922.0,10:38:16 AM,1572671296486
0.105 ,7.783 ,6.394,23.551753333333334,87.29651666666665 ,0.0,69.35440276536768 ,5922.0,10:38:16 AM,1572671296491
0.159 ,7.901 ,6.233,23.551753333333334,87.29651666666665 ,0.0,69.35440276536768 ,5922.0,10:38:16 AM,1572671296491
0.273 ,7.884 ,6.457,23.551753333333334,87.29651666666665 ,0.0,69.35440276536768 ,5922.0,10:38:16 AM,1572671296498
0.288 ,7.861 ,6.219,23.551753333333334,87.29651666666665 ,0.0,69.35440276536768 ,5922.0,10:38:16 AM,1572671296498
0.288 ,7.767 ,6.061,23.551753333333334,87.29651666666665 ,0.0,69.35440276536768 ,5922.0,10:38:16 AM,1572671296502
0.239 ,7.716 ,6.154,23.551753333333334,87.29651666666665 ,0.0,69.35440276536768 ,5922.0,10:38:16 AM,1572671296502
0.166 ,7.957 ,6.483,23.551753333333334,87.29651666666665 ,0.0,69.35440276536768 ,5922.0,10:38:16 AM,1572671296506
0.164 ,8.062 ,6.808,23.551753333333334,87.29651666666665 ,0.0,69.35440276536768 ,5922.0,10:38:16 AM,1572671296507
0.081 ,7.962 ,6.527,23.551753333333334,87.29651666666665 ,0.0,69.35440276536768 ,5922.0,10:38:16 AM,1572671296513
