x,y,z,latitude,longitude,speed,sound,light,time,timestamp
-2.174 ,5.413 ,7.084,23.55559333333333,87.29864666666666 ,35.10138015747071,88.54459099750727 ,50920.0,10:39:21 AM,1572671361315
-1.521 ,1.971 ,1.57,23.55559333333333,87.29864666666666 ,35.10138015747071,88.54459099750727 ,50920.0,10:39:21 AM,1572671361316
0.364 ,4.369 ,6.257,23.55559333333333,87.29864666666666 ,35.10138015747071,88.54459099750727 ,50920.0,10:39:21 AM,1572671361320
0.146 ,9.663 ,9.039,23.55559333333333,87.29864666666666 ,35.10138015747071,88.54459099750727 ,50920.0,10:39:21 AM,1572671361320
0.11 ,13.332 ,10.059,23.55559333333333,87.29864666666666 ,35.10138015747071,88.54459099750727 ,50920.0,10:39:21 AM,1572671361328
-1.262 ,10.674 ,9.65,23.55559333333333,87.29864666666666 ,35.10138015747071,88.54459099750727 ,50920.0,10:39:21 AM,1572671361329
-2.568 ,6.568 ,2.327,23.55559333333333,87.29864666666666 ,35.10138015747071,88.54459099750727 ,50920.0,10:39:21 AM,1572671361329
-1.421 ,4.653 ,0.916,23.55559333333333,87.29864666666666 ,35.10138015747071,88.54459099750727 ,50920.0,10:39:21 AM,1572671361330
0.102 ,6.367 ,6.76,23.55559333333333,87.29864666666666 ,35.10138015747071,88.54459099750727 ,50920.0,10:39:21 AM,1572671361335
0.752 ,9.926 ,9.601,23.55559333333333,87.29864666666666 ,35.10138015747071,88.54459099750727 ,50920.0,10:39:21 AM,1572671361335
1.763 ,11.751 ,10.877,23.55559333333333,87.29864666666666 ,35.10138015747071,88.54459099750727 ,50920.0,10:39:21 AM,1572671361339
1.301 ,9.071 ,11.632,23.55559333333333,87.29864666666666 ,35.10138015747071,88.54459099750727 ,50920.0,10:39:21 AM,1572671361340
0.406 ,6.885 ,4.294,23.55559333333333,87.29864666666666 ,35.10138015747071,88.54459099750727 ,50920.0,10:39:21 AM,1572671361345
1.375 ,6.354 ,3.638,23.55559333333333,87.29864666666666 ,35.10138015747071,88.54459099750727 ,50920.0,10:39:21 AM,1572671361345
0.942 ,7.972 ,5.277,23.55559333333333,87.29864666666666 ,35.10138015747071,88.54459099750727 ,50920.0,10:39:21 AM,1572671361350
-0.131 ,10.176 ,5.436,23.55559333333333,87.29864666666666 ,35.10138015747071,88.54459099750727 ,50920.0,10:39:21 AM,1572671361351
-1.231 ,10.983 ,6.584,23.55559333333333,87.29864666666666 ,35.10138015747071,88.54459099750727 ,50920.0,10:39:21 AM,1572671361356
-3.776 ,8.861 ,7.317,23.55559333333333,87.29864666666666 ,35.10138015747071,88.54459099750727 ,50920.0,10:39:21 AM,1572671361357
-4.326 ,6.72 ,4.485,23.55559333333333,87.29864666666666 ,35.10138015747071,88.54459099750727 ,50920.0,10:39:21 AM,1572671361361
-2.827 ,6.217 ,4.484,23.55559333333333,87.29864666666666 ,35.10138015747071,88.54459099750727 ,50920.0,10:39:21 AM,1572671361362
-2.869 ,7.357 ,4.199,23.55559333333333,87.29864666666666 ,35.10138015747071,88.54459099750727 ,50920.0,10:39:21 AM,1572671361364
-0.399 ,10.133 ,5.959,23.55559333333333,87.29864666666666 ,35.10138015747071,88.54459099750727 ,50920.0,10:39:21 AM,1572671361364
-0.873 ,10.792 ,6.752,23.55559333333333,87.29864666666666 ,35.10138015747071,88.54459099750727 ,50920.0,10:39:21 AM,1572671361369
-1.797 ,8.285 ,5.294,23.55559333333333,87.29864666666666 ,35.10138015747071,88.54459099750727 ,50920.0,10:39:21 AM,1572671361370
-1.48 ,4.571 ,0.868,23.55559333333333,87.29864666666666 ,35.10138015747071,88.54459099750727 ,50920.0,10:39:21 AM,1572671361377
-1.457 ,2.919 ,2.167,23.55559333333333,87.29864666666666 ,35.10138015747071,88.54459099750727 ,50920.0,10:39:21 AM,1572671361377
-0.287 ,6.366 ,5.284,23.55559333333333,87.29864666666666 ,35.10138015747071,88.54459099750727 ,50920.0,10:39:21 AM,1572671361380
0.094 ,10.691 ,9.662,23.55559333333333,87.29864666666666 ,35.10138015747071,88.54459099750727 ,50920.0,10:39:21 AM,1572671361380
0.224 ,11.256 ,11.92,23.55559333333333,87.29864666666666 ,35.10138015747071,88.54459099750727 ,50920.0,10:39:21 AM,1572671361384
-0.113 ,6.69 ,8.078,23.55559333333333,87.29864666666666 ,35.10138015747071,88.54459099750727 ,50920.0,10:39:21 AM,1572671361385
0.358 ,3.096 ,0.656,23.55559333333333,87.29864666666666 ,35.10138015747071,88.54459099750727 ,50920.0,10:39:21 AM,1572671361389
0.658 ,3.905 ,2.228,23.55559333333333,87.29864666666666 ,35.10138015747071,88.54459099750727 ,50920.0,10:39:21 AM,1572671361390
-0.221 ,8.976 ,4.355,23.55559333333333,87.29864666666666 ,35.10138015747071,88.54459099750727 ,50920.0,10:39:21 AM,1572671361395
-0.582 ,12.822 ,9.76,23.55559333333333,87.29864666666666 ,35.10138015747071,88.54459099750727 ,50920.0,10:39:21 AM,1572671361395
-2.602 ,10.379 ,7.98,23.55559333333333,87.29864666666666 ,35.10138015747071,88.54459099750727 ,50920.0,10:39:21 AM,1572671361399
-4.471 ,5.103 ,0.997,23.55559333333333,87.29864666666666 ,35.10138015747071,88.54459099750727 ,50920.0,10:39:21 AM,1572671361400
-2.445 ,2.986 ,0.644,23.55559333333333,87.29864666666666 ,35.10138015747071,88.54459099750727 ,50920.0,10:39:21 AM,1572671361404
-2.093 ,6.295 ,4.878,23.55559333333333,87.29864666666666 ,35.10138015747071,88.54459099750727 ,50920.0,10:39:21 AM,1572671361404
-0.603 ,12.49 ,8.666,23.55559333333333,87.29864666666666 ,35.10138015747071,88.54459099750727 ,50920.0,10:39:21 AM,1572671361411
1.101 ,13.868 ,11.447,23.55559333333333,87.29864666666666 ,35.10138015747071,88.54459099750727 ,50920.0,10:39:21 AM,1572671361411
0.282 ,8.717 ,5.431,23.55559333333333,87.29864666666666 ,35.10138015747071,88.54459099750727 ,50920.0,10:39:21 AM,1572671361414
0.695 ,3.416 ,-1.619,23.55559333333333,87.29864666666666 ,35.10138015747071,88.54459099750727 ,50920.0,10:39:21 AM,1572671361415
1.046 ,4.276 ,-1.587,23.55559333333333,87.29864666666666 ,35.10138015747071,88.54459099750727 ,50920.0,10:39:21 AM,1572671361423
2.511 ,10.064 ,10.943,23.55559333333333,87.29864666666666 ,35.10138015747071,88.54459099750727 ,50920.0,10:39:21 AM,1572671361423
1.101 ,14.675 ,14.346,23.55559333333333,87.29864666666666 ,35.10138015747071,88.54459099750727 ,50920.0,10:39:21 AM,1572671361424
0.795 ,12.58 ,15.294,23.55559333333333,87.29864666666666 ,35.10138015747071,88.54459099750727 ,50920.0,10:39:21 AM,1572671361424
0.08 ,3.865 ,9.494,23.55559333333333,87.29864666666666 ,35.10138015747071,88.54459099750727 ,50920.0,10:39:21 AM,1572671361429
-1.078 ,-1.541 ,1.773,23.55559333333333,87.29864666666666 ,35.10138015747071,88.54459099750727 ,50920.0,10:39:21 AM,1572671361430
-0.501 ,0.726 ,6.141,23.55559333333333,87.29864666666666 ,35.10138015747071,88.54459099750727 ,50920.0,10:39:21 AM,1572671361434
-0.503 ,7.079 ,14.381,23.55559333333333,87.29864666666666 ,35.10138015747071,88.54459099750727 ,50920.0,10:39:21 AM,1572671361434
-1.411 ,12.882 ,16.142,23.55559333333333,87.29864666666666 ,35.10138015747071,88.54459099750727 ,50920.0,10:39:21 AM,1572671361439
-2.224 ,11.141 ,11.617,23.55559333333333,87.29864666666666 ,35.10138015747071,88.54459099750727 ,50920.0,10:39:21 AM,1572671361439
-3.744 ,5.2 ,-0.336,23.55559333333333,87.29864666666666 ,35.10138015747071,88.54459099750727 ,50920.0,10:39:21 AM,1572671361446
-2.871 ,1.741 ,-6.505,23.55559333333333,87.29864666666666 ,35.10138015747071,88.54459099750727 ,50920.0,10:39:21 AM,1572671361447
-3.009 ,3.967 ,-4.778,23.55559333333333,87.29864666666666 ,35.10138015747071,88.54459099750727 ,50920.0,10:39:21 AM,1572671361450
-1.341 ,10.144 ,3.53,23.55559333333333,87.29864666666666 ,35.10138015747071,88.54459099750727 ,50920.0,10:39:21 AM,1572671361450
-1.351 ,15.249 ,8.66,23.55559333333333,87.29864666666666 ,35.10138015747071,88.54459099750727 ,50920.0,10:39:21 AM,1572671361454
-0.583 ,14.011 ,9.152,23.55559333333333,87.29864666666666 ,35.10138015747071,88.54459099750727 ,50920.0,10:39:21 AM,1572671361455
-1.248 ,8.826 ,3.638,23.55559333333333,87.29864666666666 ,35.10138015747071,88.54459099750727 ,50920.0,10:39:21 AM,1572671361459
-0.364 ,6.527 ,0.822,23.55559333333333,87.29864666666666 ,35.10138015747071,88.54459099750727 ,50920.0,10:39:21 AM,1572671361460
1.61 ,7.962 ,4.26,23.55559333333333,87.29864666666666 ,35.10138015747071,88.54459099750727 ,50920.0,10:39:21 AM,1572671361465
1.883 ,10.926 ,6.609,23.55559333333333,87.29864666666666 ,35.10138015747071,88.54459099750727 ,50920.0,10:39:21 AM,1572671361465
1.721 ,12.708 ,6.755,23.55559333333333,87.29864666666666 ,35.10138015747071,88.54459099750727 ,50920.0,10:39:21 AM,1572671361470
1.687 ,10.721 ,5.887,23.55559333333333,87.29864666666666 ,35.10138015747071,88.54459099750727 ,50920.0,10:39:21 AM,1572671361470
-1.493 ,8.053 ,1.06,23.55559333333333,87.29864666666666 ,35.10138015747071,88.54459099750727 ,50920.0,10:39:21 AM,1572671361476
-0.361 ,6.822 ,0.827,23.55559333333333,87.29864666666666 ,35.10138015747071,88.54459099750727 ,50920.0,10:39:21 AM,1572671361476
-1.849 ,7.313 ,3.033,23.55559333333333,87.29864666666666 ,35.10138015747071,88.54459099750727 ,50920.0,10:39:21 AM,1572671361479
-1.576 ,10.006 ,6.211,23.55559333333333,87.29864666666666 ,35.10138015747071,88.54459099750727 ,50920.0,10:39:21 AM,1572671361479
-0.969 ,12.226 ,9.221,23.55559333333333,87.29864666666666 ,35.10138015747071,88.54459099750727 ,50920.0,10:39:21 AM,1572671361484
-2.128 ,10.246 ,8.58,23.55559333333333,87.29864666666666 ,35.10138015747071,88.54459099750727 ,50920.0,10:39:21 AM,1572671361484
-2.341 ,6.865 ,4.295,23.55559333333333,87.29864666666666 ,35.10138015747071,88.38489476363921 ,50920.0,10:39:21 AM,1572671361489
-1.328 ,4.616 ,2.373,23.55559333333333,87.29864666666666 ,35.10138015747071,88.38489476363921 ,50920.0,10:39:21 AM,1572671361489
-1.644 ,5.567 ,4.791,23.55559333333333,87.29864666666666 ,35.10138015747071,88.38489476363921 ,50920.0,10:39:21 AM,1572671361494
-1.59 ,10.757 ,8.31,23.55559333333333,87.29864666666666 ,35.10138015747071,88.38489476363921 ,50920.0,10:39:21 AM,1572671361494
-2.445 ,14.371 ,11.527,23.55559333333333,87.29864666666666 ,35.10138015747071,88.38489476363921 ,50920.0,10:39:21 AM,1572671361499
-1.953 ,12.437 ,11.495,23.55559333333333,87.29864666666666 ,35.10138015747071,88.38489476363921 ,50920.0,10:39:21 AM,1572671361499
-3.243 ,5.853 ,3.701,23.55559333333333,87.29864666666666 ,35.10138015747071,88.38489476363921 ,50920.0,10:39:21 AM,1572671361503
-0.989 ,1.978 ,0.21,23.55559333333333,87.29864666666666 ,35.10138015747071,88.38489476363921 ,50920.0,10:39:21 AM,1572671361504
-0.61 ,2.944 ,2.799,23.55559333333333,87.29864666666666 ,35.10138015747071,88.38489476363921 ,50920.0,10:39:21 AM,1572671361510
0.086 ,8.474 ,10.165,23.55559333333333,87.29864666666666 ,35.10138015747071,88.38489476363921 ,50920.0,10:39:21 AM,1572671361510
-0.059 ,11.758 ,17.409,23.55559333333333,87.29864666666666 ,35.10138015747071,88.38489476363921 ,50920.0,10:39:21 AM,1572671361514
-1.281 ,7.467 ,13.357,23.55559333333333,87.29864666666666 ,35.10138015747071,88.38489476363921 ,50920.0,10:39:21 AM,1572671361514
-1.785 ,1.169 ,5.3,23.55559333333333,87.29864666666666 ,35.10138015747071,88.38489476363921 ,50920.0,10:39:21 AM,1572671361518
-0.309 ,0.157 ,0.689,23.55559333333333,87.29864666666666 ,35.10138015747071,88.38489476363921 ,50920.0,10:39:21 AM,1572671361519
0.786 ,5.518 ,6.984,23.55559333333333,87.29864666666666 ,35.10138015747071,88.38489476363921 ,50920.0,10:39:21 AM,1572671361528
-0.297 ,12.495 ,12.672,23.55559333333333,87.29864666666666 ,35.10138015747071,88.38489476363921 ,50920.0,10:39:21 AM,1572671361528
-0.236 ,13.621 ,15.073,23.55559333333333,87.29864666666666 ,35.10138015747071,88.38489476363921 ,50920.0,10:39:21 AM,1572671361529
-1.229 ,6.654 ,8.905,23.55559333333333,87.29864666666666 ,35.10138015747071,88.38489476363921 ,50920.0,10:39:21 AM,1572671361529
-3.258 ,-0.029 ,0.886,23.55559333333333,87.29864666666666 ,35.10138015747071,88.38489476363921 ,50920.0,10:39:21 AM,1572671361534
-0.752 ,0.688 ,0.841,23.55559333333333,87.29864666666666 ,35.10138015747071,88.38489476363921 ,50920.0,10:39:21 AM,1572671361534
-1.004 ,7.206 ,9.144,23.55559333333333,87.29864666666666 ,35.10138015747071,88.38489476363921 ,50920.0,10:39:21 AM,1572671361538
-0.507 ,14.594 ,15.065,23.55559333333333,87.29864666666666 ,35.10138015747071,88.38489476363921 ,50920.0,10:39:21 AM,1572671361539
-1.022 ,13.673 ,10.835,23.55559333333333,87.29864666666666 ,35.10138015747071,88.38489476363921 ,50920.0,10:39:21 AM,1572671361544
-1.745 ,7.361 ,1.46,23.55559333333333,87.29864666666666 ,35.10138015747071,88.38489476363921 ,50920.0,10:39:21 AM,1572671361545
-1.432 ,2.509 ,-4.025,23.55559333333333,87.29864666666666 ,35.10138015747071,88.38489476363921 ,50920.0,10:39:21 AM,1572671361551
-0.739 ,4.853 ,-2.56,23.55559333333333,87.29864666666666 ,35.10138015747071,88.38489476363921 ,50920.0,10:39:21 AM,1572671361551
1.138 ,10.799 ,9.662,23.55559333333333,87.29864666666666 ,35.10138015747071,88.38489476363921 ,50920.0,10:39:21 AM,1572671361553
1.289 ,14.675 ,13.063,23.55559333333333,87.29864666666666 ,35.10138015747071,88.38489476363921 ,50920.0,10:39:21 AM,1572671361554
2.514 ,12.113 ,10.44,23.55559333333333,87.29864666666666 ,35.10138015747071,88.38489476363921 ,50920.0,10:39:21 AM,1572671361560
2.243 ,5.292 ,4.232,23.55559333333333,87.29864666666666 ,35.10138015747071,88.38489476363921 ,50920.0,10:39:21 AM,1572671361561
