x,y,z,latitude,longitude,speed,sound,light,time,timestamp
-0.664 ,10.793 ,2.525,23.551753333333334,87.29651666666665 ,0.0,70.81605447690647 ,6285.0,10:38:23 AM,1572671303243
-1.03 ,10.404 ,3.559,23.551753333333334,87.29651666666665 ,0.0,70.81605447690647 ,6285.0,10:38:23 AM,1572671303248
-3.212 ,8.456 ,2.332,23.551753333333334,87.29651666666665 ,0.0,70.81605447690647 ,6285.0,10:38:23 AM,1572671303249
-4.474 ,7.286 ,1.524,23.551753333333334,87.29651666666665 ,0.0,70.81605447690647 ,6285.0,10:38:23 AM,1572671303252
-4.195 ,7.662 ,4.142,23.551753333333334,87.29651666666665 ,0.0,70.81605447690647 ,6285.0,10:38:23 AM,1572671303252
-5.409 ,8.241 ,4.063,23.551753333333334,87.29651666666665 ,0.0,70.81605447690647 ,6285.0,10:38:23 AM,1572671303257
-4.443 ,8.206 ,6.718,23.551753333333334,87.29651666666665 ,0.0,70.81605447690647 ,6285.0,10:38:23 AM,1572671303257
-3.399 ,7.582 ,8.812,23.551753333333334,87.29651666666665 ,0.0,70.81605447690647 ,6285.0,10:38:23 AM,1572671303263
-2.025 ,7.544 ,10.271,23.551753333333334,87.29651666666665 ,0.0,70.81605447690647 ,6285.0,10:38:23 AM,1572671303263
-0.332 ,8.257 ,10.872,23.551753333333334,87.29651666666665 ,0.0,70.81605447690647 ,6285.0,10:38:23 AM,1572671303268
0.048 ,8.426 ,8.429,23.551753333333334,87.29651666666665 ,0.0,70.81605447690647 ,6285.0,10:38:23 AM,1572671303269
1.197 ,8.101 ,6.716,23.551753333333334,87.29651666666665 ,0.0,70.81605447690647 ,6285.0,10:38:23 AM,1572671303272
0.99 ,8.23 ,3.641,23.551753333333334,87.29651666666665 ,0.0,70.81605447690647 ,6285.0,10:38:23 AM,1572671303272
0.446 ,9.063 ,0.803,23.551753333333334,87.29651666666665 ,0.0,70.81605447690647 ,6285.0,10:38:23 AM,1572671303282
0.091 ,9.378 ,1.252,23.551753333333334,87.29651666666665 ,0.0,70.81605447690647 ,6285.0,10:38:23 AM,1572671303282
-1.711 ,9.777 ,2.034,23.551753333333334,87.29651666666665 ,0.0,70.81605447690647 ,6285.0,10:38:23 AM,1572671303283
-2.737 ,9.477 ,4.345,23.551753333333334,87.29651666666665 ,0.0,70.81605447690647 ,6285.0,10:38:23 AM,1572671303284
-4.705 ,8.35 ,3.531,23.551753333333334,87.29651666666665 ,0.0,70.81605447690647 ,6285.0,10:38:23 AM,1572671303287
-5.225 ,7.725 ,3.16,23.551753333333334,87.29651666666665 ,0.0,70.81605447690647 ,6285.0,10:38:23 AM,1572671303287
-4.711 ,7.812 ,3.825,23.551753333333334,87.29651666666665 ,0.0,70.81605447690647 ,6285.0,10:38:23 AM,1572671303292
-5.186 ,8.036 ,4.438,23.551753333333334,87.29651666666665 ,0.0,70.81605447690647 ,6285.0,10:38:23 AM,1572671303293
-4.085 ,8.32 ,7.02,23.551753333333334,87.29651666666665 ,0.0,70.81605447690647 ,6285.0,10:38:23 AM,1572671303298
-2.574 ,8.182 ,9.871,23.551753333333334,87.29651666666665 ,0.0,70.81605447690647 ,6285.0,10:38:23 AM,1572671303299
-1.655 ,8.17 ,10.117,23.551753333333334,87.29651666666665 ,0.0,70.81605447690647 ,6285.0,10:38:23 AM,1572671303302
-0.29 ,8.255 ,9.195,23.551753333333334,87.29651666666665 ,0.0,70.81605447690647 ,6285.0,10:38:23 AM,1572671303303
0.451 ,8.371 ,7.811,23.551753333333334,87.29651666666665 ,0.0,70.81605447690647 ,6285.0,10:38:23 AM,1572671303307
1.189 ,8.643 ,6.673,23.551753333333334,87.29651666666665 ,0.0,70.81605447690647 ,6285.0,10:38:23 AM,1572671303307
0.645 ,9.364 ,3.454,23.551753333333334,87.29651666666665 ,0.0,70.81605447690647 ,6285.0,10:38:23 AM,1572671303313
0.395 ,9.824 ,1.168,23.551753333333334,87.29651666666665 ,0.0,70.81605447690647 ,6285.0,10:38:23 AM,1572671303313
-0.865 ,9.475 ,1.227,23.551753333333334,87.29651666666665 ,0.0,70.81605447690647 ,6285.0,10:38:23 AM,1572671303319
-2.565 ,9.458 ,2.569,23.551753333333334,87.29651666666665 ,0.0,70.81605447690647 ,6285.0,10:38:23 AM,1572671303319
-3.623 ,8.889 ,4.823,23.551753333333334,87.29651666666665 ,0.0,70.81605447690647 ,6285.0,10:38:23 AM,1572671303322
-5.374 ,8.077 ,2.768,23.551753333333334,87.29651666666665 ,0.0,70.81605447690647 ,6285.0,10:38:23 AM,1572671303322
-4.687 ,8.162 ,3.94,23.551753333333334,87.29651666666665 ,0.0,70.81605447690647 ,6285.0,10:38:23 AM,1572671303329
-4.844 ,8.81 ,4.186,23.551753333333334,87.29651666666665 ,0.0,70.81605447690647 ,6285.0,10:38:23 AM,1572671303329
-4.864 ,8.991 ,5.642,23.551753333333334,87.29651666666665 ,0.0,70.81605447690647 ,6285.0,10:38:23 AM,1572671303332
-3.142 ,8.798 ,8.629,23.551753333333334,87.29651666666665 ,0.0,70.81605447690647 ,6285.0,10:38:23 AM,1572671303333
-1.875 ,8.146 ,10.192,23.551753333333334,87.29651666666665 ,0.0,70.81605447690647 ,6285.0,10:38:23 AM,1572671303337
-0.581 ,8.132 ,9.891,23.551753333333334,87.29651666666665 ,0.0,70.81605447690647 ,6285.0,10:38:23 AM,1572671303337
0.596 ,8.293 ,9.031,23.551753333333334,87.29651666666665 ,0.0,70.81605447690647 ,6285.0,10:38:23 AM,1572671303341
1.721 ,8.129 ,8.28,23.551753333333334,87.29651666666665 ,0.0,70.81605447690647 ,6285.0,10:38:23 AM,1572671303342
2.005 ,8.033 ,6.898,23.551753333333334,87.29651666666665 ,0.0,70.81605447690647 ,6285.0,10:38:23 AM,1572671303347
1.022 ,8.514 ,2.116,23.551753333333334,87.29651666666665 ,0.0,70.81605447690647 ,6285.0,10:38:23 AM,1572671303348
1.131 ,8.455 ,1.74,23.551753333333334,87.29651666666665 ,0.0,70.81605447690647 ,6285.0,10:38:23 AM,1572671303352
-1.266 ,8.634 ,1.675,23.551753333333334,87.29651666666665 ,0.0,70.81605447690647 ,6285.0,10:38:23 AM,1572671303353
-2.203 ,8.743 ,4.542,23.551753333333334,87.29651666666665 ,0.0,70.81605447690647 ,6285.0,10:38:23 AM,1572671303356
-4.083 ,7.939 ,4.298,23.551753333333334,87.29651666666665 ,0.0,70.81605447690647 ,6285.0,10:38:23 AM,1572671303357
-4.878 ,7.314 ,2.983,23.551753333333334,87.29651666666665 ,0.0,70.81605447690647 ,6285.0,10:38:23 AM,1572671303364
-4.302 ,7.608 ,4.374,23.551753333333334,87.29651666666665 ,0.0,70.81605447690647 ,6285.0,10:38:23 AM,1572671303364
-5.016 ,8.332 ,4.854,23.551753333333334,87.29651666666665 ,0.0,70.81605447690647 ,6285.0,10:38:23 AM,1572671303367
-4.314 ,8.391 ,7.693,23.551753333333334,87.29651666666665 ,0.0,70.81605447690647 ,6285.0,10:38:23 AM,1572671303368
-2.914 ,7.376 ,9.875,23.551753333333334,87.29651666666665 ,0.0,70.81605447690647 ,6285.0,10:38:23 AM,1572671303372
-2.008 ,6.742 ,10.219,23.551753333333334,87.29651666666665 ,0.0,70.81605447690647 ,6285.0,10:38:23 AM,1572671303373
-0.738 ,7.094 ,9.456,23.551753333333334,87.29651666666665 ,0.0,70.81605447690647 ,6285.0,10:38:23 AM,1572671303380
-0.075 ,7.561 ,7.907,23.551753333333334,87.29651666666665 ,0.0,70.81605447690647 ,6285.0,10:38:23 AM,1572671303380
1.755 ,8.049 ,8.476,23.551753333333334,87.29651666666665 ,0.0,70.81605447690647 ,6285.0,10:38:23 AM,1572671303382
1.044 ,8.482 ,5.189,23.551753333333334,87.29651666666665 ,0.0,70.81605447690647 ,6285.0,10:38:23 AM,1572671303383
1.123 ,9.16 ,1.871,23.551753333333334,87.29651666666665 ,0.0,70.81605447690647 ,6285.0,10:38:23 AM,1572671303387
0.821 ,9.208 ,2.009,23.551753333333334,87.29651666666665 ,0.0,70.81605447690647 ,6285.0,10:38:23 AM,1572671303388
-1.145 ,9.368 ,1.629,23.551753333333334,87.29651666666665 ,0.0,70.81605447690647 ,6285.0,10:38:23 AM,1572671303392
-1.953 ,8.761 ,3.736,23.551753333333334,87.29651666666665 ,0.0,70.81605447690647 ,6285.0,10:38:23 AM,1572671303392
-3.755 ,7.799 ,2.383,23.551753333333334,87.29651666666665 ,0.0,70.81605447690647 ,6451.0,10:38:23 AM,1572671303397
-3.514 ,8.166 ,3.319,23.551753333333334,87.29651666666665 ,0.0,70.81605447690647 ,6451.0,10:38:23 AM,1572671303397
-3.543 ,9.115 ,4.049,23.551753333333334,87.29651666666665 ,0.0,70.81605447690647 ,6451.0,10:38:23 AM,1572671303403
-3.975 ,8.947 ,4.738,23.551753333333334,87.29651666666665 ,0.0,70.81605447690647 ,6451.0,10:38:23 AM,1572671303403
-2.914 ,8.122 ,7.543,23.551753333333334,87.29651666666665 ,0.0,70.81605447690647 ,6451.0,10:38:23 AM,1572671303408
-1.696 ,7.393 ,9.463,23.551753333333334,87.29651666666665 ,0.0,70.81605447690647 ,6451.0,10:38:23 AM,1572671303409
-0.855 ,7.701 ,9.826,23.551753333333334,87.29651666666665 ,0.0,75.45444231141003 ,6451.0,10:38:23 AM,1572671303413
0.109 ,8.13 ,9.169,23.551753333333334,87.29651666666665 ,0.0,75.45444231141003 ,6451.0,10:38:23 AM,1572671303413
0.782 ,8.442 ,7.537,23.551753333333334,87.29651666666665 ,0.0,75.45444231141003 ,6451.0,10:38:23 AM,1572671303417
1.825 ,8.509 ,7.614,23.551753333333334,87.29651666666665 ,0.0,75.45444231141003 ,6451.0,10:38:23 AM,1572671303418
0.531 ,9.033 ,2.796,23.551753333333334,87.29651666666665 ,0.0,75.45444231141003 ,6451.0,10:38:23 AM,1572671303422
0.935 ,8.942 ,1.391,23.551753333333334,87.29651666666665 ,0.0,75.45444231141003 ,6451.0,10:38:23 AM,1572671303423
-0.592 ,8.49 ,0.859,23.551753333333334,87.29651666666665 ,0.0,75.45444231141003 ,6451.0,10:38:23 AM,1572671303431
-1.536 ,8.091 ,2.669,23.551753333333334,87.29651666666665 ,0.0,75.45444231141003 ,6451.0,10:38:23 AM,1572671303432
-2.921 ,7.504 ,3.1,23.551753333333334,87.29651666666665 ,0.0,75.45444231141003 ,6451.0,10:38:23 AM,1572671303432
-3.756 ,7.152 ,2.71,23.551753333333334,87.29651666666665 ,0.0,75.45444231141003 ,6451.0,10:38:23 AM,1572671303433
-3.52 ,7.608 ,4.335,23.551753333333334,87.29651666666665 ,0.0,75.45444231141003 ,6451.0,10:38:23 AM,1572671303437
-4.299 ,8.176 ,4.132,23.551753333333334,87.29651666666665 ,0.0,75.45444231141003 ,6451.0,10:38:23 AM,1572671303437
-4.046 ,7.709 ,6.473,23.551753333333334,87.29651666666665 ,0.0,75.45444231141003 ,6451.0,10:38:23 AM,1572671303442
-3.053 ,7.102 ,8.859,23.551753333333334,87.29651666666665 ,0.0,75.45444231141003 ,6451.0,10:38:23 AM,1572671303443
-2.087 ,6.956 ,10.068,23.551753333333334,87.29651666666665 ,0.0,75.45444231141003 ,6451.0,10:38:23 AM,1572671303449
-0.88 ,7.653 ,9.994,23.551753333333334,87.29651666666665 ,0.0,75.45444231141003 ,6451.0,10:38:23 AM,1572671303449
-0.143 ,8.089 ,8.729,23.551753333333334,87.29651666666665 ,0.0,75.45444231141003 ,6451.0,10:38:23 AM,1572671303452
1.418 ,8.278 ,8.392,23.551753333333334,87.29651666666665 ,0.0,75.45444231141003 ,6451.0,10:38:23 AM,1572671303452
1.026 ,8.182 ,6.132,23.551753333333334,87.29651666666665 ,0.0,75.45444231141003 ,6451.0,10:38:23 AM,1572671303456
0.857 ,8.655 ,2.289,23.551753333333334,87.29651666666665 ,0.0,75.45444231141003 ,6451.0,10:38:23 AM,1572671303457
0.77 ,8.547 ,2.138,23.551753333333334,87.29651666666665 ,0.0,75.45444231141003 ,6451.0,10:38:23 AM,1572671303462
-0.836 ,9.002 ,2.282,23.551753333333334,87.29651666666665 ,0.0,75.45444231141003 ,6451.0,10:38:23 AM,1572671303463
-1.538 ,9.228 ,4.353,23.551753333333334,87.29651666666665 ,0.0,75.45444231141003 ,6451.0,10:38:23 AM,1572671303466
-3.157 ,9.125 ,2.802,23.551753333333334,87.29651666666665 ,0.0,75.45444231141003 ,6451.0,10:38:23 AM,1572671303467
-2.978 ,9.103 ,2.9,23.551753333333334,87.29651666666665 ,0.0,75.45444231141003 ,6451.0,10:38:23 AM,1572671303471
-3.161 ,9.541 ,2.292,23.551753333333334,87.29651666666665 ,0.0,75.45444231141003 ,6451.0,10:38:23 AM,1572671303472
-3.753 ,9.156 ,2.053,23.551753333333334,87.29651666666665 ,0.0,75.45444231141003 ,6451.0,10:38:23 AM,1572671303479
-2.729 ,8.278 ,5.787,23.551753333333334,87.29651666666665 ,0.0,75.45444231141003 ,6451.0,10:38:23 AM,1572671303480
-2.046 ,7.877 ,8.397,23.551753333333334,87.29651666666665 ,0.0,75.45444231141003 ,6451.0,10:38:23 AM,1572671303481
-1.055 ,8.051 ,10.132,23.551753333333334,87.29651666666665 ,0.0,75.45444231141003 ,6451.0,10:38:23 AM,1572671303482
-0.051 ,8.25 ,10.328,23.551753333333334,87.29651666666665 ,0.0,75.45444231141003 ,6451.0,10:38:23 AM,1572671303486
0.558 ,8.207 ,9.146,23.551753333333334,87.29651666666665 ,0.0,75.45444231141003 ,6451.0,10:38:23 AM,1572671303486
2.153 ,8.024 ,9.144,23.551753333333334,87.29651666666665 ,0.0,75.45444231141003 ,6451.0,10:38:23 AM,1572671303492
