x,y,z,latitude,longitude,speed,sound,light,time,timestamp
-1.986 ,5.304 ,3.794,23.563575,87.298745 ,34.74189720153809,87.51118822653787 ,41500.0,10:41:07 AM,1572671467476
-0.928 ,1.899 ,1.785,23.563575,87.298745 ,34.74189720153809,87.51118822653787 ,41500.0,10:41:07 AM,1572671467476
1.62 ,3.987 ,6.982,23.563575,87.298745 ,34.74189720153809,87.51118822653787 ,41500.0,10:41:07 AM,1572671467481
1.415 ,8.687 ,14.506,23.563575,87.298745 ,34.74189720153809,87.51118822653787 ,41500.0,10:41:07 AM,1572671467481
2.09 ,11.825 ,16.933,23.563575,87.298745 ,34.74189720153809,87.51118822653787 ,41500.0,10:41:07 AM,1572671467486
0.251 ,9.93 ,14.016,23.563575,87.298745 ,34.74189720153809,87.51118822653787 ,41500.0,10:41:07 AM,1572671467487
-1.935 ,8.03 ,9.093,23.563575,87.298745 ,34.74189720153809,87.51118822653787 ,41500.0,10:41:07 AM,1572671467491
1.514 ,5.309 ,8.411,23.563575,87.298745 ,34.74189720153809,87.51118822653787 ,41500.0,10:41:07 AM,1572671467492
-4.287 ,3.492 ,2.496,23.563575,87.298745 ,34.74189720153809,87.51118822653787 ,41500.0,10:41:07 AM,1572671467495
-2.216 ,3.81 ,11.788,23.563575,87.298745 ,34.74189720153809,87.51118822653787 ,41500.0,10:41:07 AM,1572671467496
-0.88 ,3.712 ,22.452,23.563575,87.298745 ,34.74189720153809,87.51118822653787 ,41500.0,10:41:07 AM,1572671467500
-4.433 ,3.849 ,20.451,23.563575,87.298745 ,34.74189720153809,87.51118822653787 ,41500.0,10:41:07 AM,1572671467501
1.099 ,4.379 ,20.677,23.563575,87.298745 ,34.74189720153809,87.51118822653787 ,41500.0,10:41:07 AM,1572671467506
0.324 ,4.956 ,12.395,23.563575,87.298745 ,34.74189720153809,87.51118822653787 ,41500.0,10:41:07 AM,1572671467507
-0.418 ,5.534 ,10.153,23.563575,87.298745 ,34.74189720153809,87.51118822653787 ,41500.0,10:41:07 AM,1572671467510
3.239 ,9.028 ,5.481,23.563575,87.298745 ,34.74189720153809,87.51118822653787 ,41500.0,10:41:07 AM,1572671467511
1.811 ,10.779 ,1.327,23.563575,87.298745 ,34.74189720153809,87.51118822653787 ,41500.0,10:41:07 AM,1572671467515
0.535 ,9.566 ,1.032,23.563575,87.298745 ,34.74189720153809,87.51118822653787 ,41500.0,10:41:07 AM,1572671467517
1.163 ,9.865 ,-0.36,23.563575,87.298745 ,34.74189720153809,87.51118822653787 ,41500.0,10:41:07 AM,1572671467520
0.516 ,10.677 ,1.815,23.563575,87.298745 ,34.74189720153809,87.51118822653787 ,41500.0,10:41:07 AM,1572671467521
-1.366 ,12.678 ,5.485,23.563575,87.298745 ,34.74189720153809,87.51118822653787 ,41500.0,10:41:07 AM,1572671467527
-2.675 ,14.09 ,8.13,23.563575,87.298745 ,34.74189720153809,87.51118822653787 ,41500.0,10:41:07 AM,1572671467528
-2.985 ,12.524 ,8.045,23.563575,87.298745 ,34.74189720153809,87.51118822653787 ,41500.0,10:41:07 AM,1572671467530
-4.601 ,9.648 ,0.272,23.563575,87.298745 ,34.74189720153809,87.51118822653787 ,41500.0,10:41:07 AM,1572671467531
-2.938 ,7.392 ,-0.466,23.563575,87.298745 ,34.74189720153809,87.51118822653787 ,41500.0,10:41:07 AM,1572671467536
-2.795 ,9.587 ,2.574,23.563575,87.298745 ,34.74189720153809,87.51118822653787 ,41500.0,10:41:07 AM,1572671467536
-2.128 ,13.914 ,8.183,23.563575,87.298745 ,34.74189720153809,87.51118822653787 ,41500.0,10:41:07 AM,1572671467540
0.432 ,15.091 ,11.871,23.563575,87.298745 ,34.74189720153809,87.51118822653787 ,41500.0,10:41:07 AM,1572671467541
-0.114 ,10.564 ,6.861,23.563575,87.298745 ,34.74189720153809,87.51118822653787 ,41500.0,10:41:07 AM,1572671467546
2.842 ,6.832 ,1.939,23.563575,87.298745 ,34.74189720153809,87.51118822653787 ,41500.0,10:41:07 AM,1572671467547
2.837 ,4.643 ,1.981,23.563575,87.298745 ,34.74189720153809,87.51118822653787 ,41500.0,10:41:07 AM,1572671467550
1.142 ,6.349 ,6.139,23.563575,87.298745 ,34.74189720153809,87.51118822653787 ,41500.0,10:41:07 AM,1572671467551
1.066 ,9.196 ,10.529,23.563575,87.298745 ,34.74189720153809,87.51118822653787 ,41500.0,10:41:07 AM,1572671467555
-2.298 ,7.547 ,10.662,23.563575,87.298745 ,34.74189720153809,87.51118822653787 ,41500.0,10:41:07 AM,1572671467556
-4.159 ,5.619 ,6.11,23.563575,87.298745 ,34.74189720153809,87.51118822653787 ,41500.0,10:41:07 AM,1572671467560
-3.636 ,6.173 ,2.282,23.563575,87.298745 ,34.74189720153809,87.51118822653787 ,41500.0,10:41:07 AM,1572671467561
-4.772 ,8.844 ,4.136,23.563575,87.298745 ,34.74189720153809,87.51118822653787 ,41500.0,10:41:07 AM,1572671467566
-3.83 ,12.572 ,4.901,23.563575,87.298745 ,34.74189720153809,87.51118822653787 ,41500.0,10:41:07 AM,1572671467567
-2.287 ,13.057 ,2.683,23.563575,87.298745 ,34.74189720153809,87.51118822653787 ,41500.0,10:41:07 AM,1572671467571
-1.706 ,10.097 ,-2.051,23.563575,87.298745 ,34.74189720153809,87.1975023262292 ,41500.0,10:41:07 AM,1572671467572
0.141 ,8.939 ,-6.52,23.563575,87.298745 ,34.74189720153809,87.1975023262292 ,41500.0,10:41:07 AM,1572671467576
0.579 ,9.609 ,-4.649,23.563575,87.298745 ,34.74189720153809,87.1975023262292 ,41500.0,10:41:07 AM,1572671467577
1.141 ,13.053 ,3.018,23.563575,87.298745 ,34.74189720153809,87.1975023262292 ,41500.0,10:41:07 AM,1572671467580
0.752 ,15.301 ,6.717,23.563575,87.298745 ,34.74189720153809,87.1975023262292 ,41500.0,10:41:07 AM,1572671467581
1.066 ,13.041 ,5.831,23.563575,87.298745 ,34.74189720153809,87.1975023262292 ,41500.0,10:41:07 AM,1572671467586
-0.285 ,8.146 ,-1.336,23.563575,87.298745 ,34.74189720153809,87.1975023262292 ,41500.0,10:41:07 AM,1572671467586
1.461 ,4.919 ,-4.754,23.563575,87.298745 ,34.74189720153809,87.1975023262292 ,41500.0,10:41:07 AM,1572671467590
1.039 ,5.529 ,-1.285,23.563575,87.298745 ,34.74189720153809,87.1975023262292 ,41500.0,10:41:07 AM,1572671467591
0.07 ,8.382 ,7.35,23.563575,87.298745 ,34.74189720153809,87.1975023262292 ,41582.0,10:41:07 AM,1572671467595
-1.351 ,9.909 ,12.585,23.563575,87.298745 ,34.74189720153809,87.1975023262292 ,41582.0,10:41:07 AM,1572671467596
-2.06 ,7.455 ,16.481,23.563575,87.298745 ,34.74189720153809,87.1975023262292 ,41582.0,10:41:07 AM,1572671467600
-1.948 ,2.96 ,12.693,23.563575,87.298745 ,34.74189720153809,87.1975023262292 ,41582.0,10:41:07 AM,1572671467601
-1.041 ,0.885 ,10.399,23.563575,87.298745 ,34.74189720153809,87.1975023262292 ,41582.0,10:41:07 AM,1572671467606
0.167 ,3.04 ,14.04,23.563575,87.298745 ,34.74189720153809,87.1975023262292 ,41582.0,10:41:07 AM,1572671467606
1.418 ,6.278 ,15.854,23.563575,87.298745 ,34.74189720153809,87.1975023262292 ,41582.0,10:41:07 AM,1572671467610
1.211 ,6.521 ,15.966,23.563575,87.298745 ,34.74189720153809,87.1975023262292 ,41582.0,10:41:07 AM,1572671467611
-2.197 ,6.299 ,8.574,23.563575,87.298745 ,34.74189720153809,87.1975023262292 ,41582.0,10:41:07 AM,1572671467615
1.023 ,4.924 ,6.733,23.563575,87.298745 ,34.74189720153809,87.1975023262292 ,41582.0,10:41:07 AM,1572671467616
-2.637 ,3.062 ,4.405,23.563575,87.298745 ,34.74189720153809,87.1975023262292 ,41582.0,10:41:07 AM,1572671467620
-5.001 ,3.509 ,4.547,23.563575,87.298745 ,34.74189720153809,87.1975023262292 ,41582.0,10:41:07 AM,1572671467621
-1.213 ,5.169 ,14.909,23.563575,87.298745 ,34.74189720153809,87.1975023262292 ,41582.0,10:41:07 AM,1572671467625
-6.106 ,5.782 ,12.454,23.563575,87.298745 ,34.74189720153809,87.1975023262292 ,41582.0,10:41:07 AM,1572671467626
-2.532 ,5.67 ,9.979,23.563575,87.298745 ,34.74189720153809,87.1975023262292 ,41582.0,10:41:07 AM,1572671467630
-2.319 ,4.478 ,3.413,23.563575,87.298745 ,34.74189720153809,87.1975023262292 ,41582.0,10:41:07 AM,1572671467631
-4.261 ,4.837 ,-0.587,23.563575,87.298745 ,34.74189720153809,87.1975023262292 ,41582.0,10:41:07 AM,1572671467635
-0.697 ,9.21 ,1.768,23.563575,87.298745 ,34.74189720153809,87.1975023262292 ,41582.0,10:41:07 AM,1572671467636
-1.352 ,10.181 ,6.28,23.563575,87.298745 ,34.74189720153809,87.1975023262292 ,41582.0,10:41:07 AM,1572671467640
0.173 ,11.528 ,9.024,23.563575,87.298745 ,34.74189720153809,87.1975023262292 ,41582.0,10:41:07 AM,1572671467641
3.369 ,12.668 ,6.551,23.563575,87.298745 ,34.74189720153809,87.1975023262292 ,41582.0,10:41:07 AM,1572671467646
3.614 ,11.742 ,3.382,23.563575,87.298745 ,34.74189720153809,87.1975023262292 ,41582.0,10:41:07 AM,1572671467647
5.489 ,11.232 ,3.596,23.563575,87.298745 ,34.74189720153809,87.1975023262292 ,41582.0,10:41:07 AM,1572671467650
4.903 ,11.611 ,-0.012,23.563575,87.298745 ,34.74189720153809,87.1975023262292 ,41582.0,10:41:07 AM,1572671467651
2.238 ,11.018 ,-0.703,23.563575,87.298745 ,34.74189720153809,87.1975023262292 ,41582.0,10:41:07 AM,1572671467655
1.301 ,11.746 ,-0.577,23.563575,87.298745 ,34.74189720153809,87.1975023262292 ,41582.0,10:41:07 AM,1572671467656
-1.602 ,12.847 ,0.613,23.563575,87.298745 ,34.74189720153809,87.1975023262292 ,41582.0,10:41:07 AM,1572671467660
-2.51 ,14.35 ,5.256,23.563575,87.298745 ,34.74189720153809,87.1975023262292 ,41582.0,10:41:07 AM,1572671467661
-3.413 ,14.305 ,3.645,23.563575,87.298745 ,34.74189720153809,87.1975023262292 ,41582.0,10:41:07 AM,1572671467665
-2.627 ,10.391 ,1.338,23.563575,87.298745 ,34.74189720153809,87.1975023262292 ,41582.0,10:41:07 AM,1572671467666
-2.846 ,5.966 ,-0.457,23.563575,87.298745 ,34.74189720153809,87.1975023262292 ,41582.0,10:41:07 AM,1572671467670
-0.945 ,5.067 ,0.772,23.563575,87.298745 ,34.74189720153809,87.1975023262292 ,41582.0,10:41:07 AM,1572671467671
-1.255 ,7.599 ,9.51,23.563575,87.298745 ,34.74189720153809,87.1975023262292 ,41582.0,10:41:07 AM,1572671467675
-2.033 ,11.232 ,16.926,23.563575,87.298745 ,34.74189720153809,87.1975023262292 ,41582.0,10:41:07 AM,1572671467676
-2.227 ,11.455 ,15.59,23.563575,87.298745 ,34.74189720153809,87.1975023262292 ,41582.0,10:41:07 AM,1572671467680
-1.712 ,6.624 ,15.5,23.563575,87.298745 ,34.74189720153809,87.1975023262292 ,41582.0,10:41:07 AM,1572671467681
-2.146 ,4.182 ,5.848,23.563575,87.298745 ,34.74189720153809,87.1975023262292 ,41582.0,10:41:07 AM,1572671467686
0.865 ,5.887 ,5.249,23.563575,87.298745 ,34.74189720153809,87.1975023262292 ,41582.0,10:41:07 AM,1572671467687
-0.046 ,8.933 ,8.838,23.563575,87.298745 ,34.74189720153809,87.1975023262292 ,41582.0,10:41:07 AM,1572671467691
1.135 ,11.475 ,8.92,23.563575,87.298745 ,34.74189720153809,87.1975023262292 ,41582.0,10:41:07 AM,1572671467692
0.884 ,9.626 ,4.711,23.563575,87.298745 ,34.74189720153809,87.1975023262292 ,41582.0,10:41:07 AM,1572671467696
0.061 ,6.566 ,0.307,23.563575,87.298745 ,34.74189720153809,87.1975023262292 ,41582.0,10:41:07 AM,1572671467697
-0.197 ,6.338 ,-2.931,23.563575,87.298745 ,34.74189720153809,87.1975023262292 ,41582.0,10:41:07 AM,1572671467700
-1.526 ,8.876 ,-1.255,23.563575,87.298745 ,34.74189720153809,87.1975023262292 ,41582.0,10:41:07 AM,1572671467701
-4.143 ,10.84 ,0.637,23.563575,87.298745 ,34.74189720153809,87.1975023262292 ,41582.0,10:41:07 AM,1572671467705
-4.086 ,10.585 ,3.018,23.563575,87.298745 ,34.74189720153809,87.1975023262292 ,41582.0,10:41:07 AM,1572671467706
-5.979 ,8.698 ,2.885,23.563575,87.298745 ,34.74189720153809,87.1975023262292 ,41582.0,10:41:07 AM,1572671467711
-4.054 ,7.478 ,2.897,23.563575,87.298745 ,34.74189720153809,87.1975023262292 ,41582.0,10:41:07 AM,1572671467713
-1.858 ,7.751 ,2.742,23.563575,87.298745 ,34.74189720153809,87.1975023262292 ,41582.0,10:41:07 AM,1572671467715
0.803 ,8.256 ,7.496,23.563575,87.298745 ,34.74189720153809,87.1975023262292 ,41582.0,10:41:07 AM,1572671467716
2.881 ,9.392 ,7.481,23.563575,87.298745 ,34.74189720153809,87.1975023262292 ,41582.0,10:41:07 AM,1572671467720
3.383 ,8.165 ,4.746,23.563575,87.298745 ,34.74189720153809,87.1975023262292 ,41582.0,10:41:07 AM,1572671467721
