x,y,z,latitude,longitude,speed,sound,light,time,timestamp
1.333 ,9.793 ,2.426,23.57420833333333,87.30247666666668 ,19.356437301635744,81.9276278033898 ,19697.0,10:44:27 AM,1572671667876
-1.087 ,7.409 ,3.693,23.57420833333333,87.30247666666668 ,19.356437301635744,81.9276278033898 ,19697.0,10:44:27 AM,1572671667881
-2.907 ,7.794 ,4.046,23.57420833333333,87.30247666666668 ,19.356437301635744,81.9276278033898 ,19697.0,10:44:27 AM,1572671667882
-3.914 ,10.933 ,6.121,23.57420833333333,87.30247666666668 ,19.356437301635744,81.9276278033898 ,19697.0,10:44:27 AM,1572671667887
-3.971 ,12.012 ,14.446,23.57420833333333,87.30247666666668 ,19.356437301635744,81.9276278033898 ,19697.0,10:44:27 AM,1572671667887
-4.218 ,10.662 ,12.673,23.57420833333333,87.30247666666668 ,19.356437301635744,81.9276278033898 ,19697.0,10:44:27 AM,1572671667891
-1.194 ,7.338 ,7.611,23.57420833333333,87.30247666666668 ,19.356437301635744,81.9276278033898 ,19697.0,10:44:27 AM,1572671667892
-0.16 ,4.552 ,6.579,23.57420833333333,87.30247666666668 ,19.356437301635744,81.9276278033898 ,19697.0,10:44:27 AM,1572671667896
0.646 ,5.492 ,11.223,23.57420833333333,87.30247666666668 ,19.356437301635744,81.9276278033898 ,19697.0,10:44:27 AM,1572671667897
3.754 ,8.968 ,19.261,23.57420833333333,87.30247666666668 ,19.356437301635744,81.9276278033898 ,19697.0,10:44:27 AM,1572671667901
2.044 ,9.123 ,19.665,23.57420833333333,87.30247666666668 ,19.356437301635744,81.9276278033898 ,19697.0,10:44:27 AM,1572671667902
1.789 ,5.171 ,19.443,23.57420833333333,87.30247666666668 ,19.356437301635744,81.9276278033898 ,19697.0,10:44:27 AM,1572671667906
2.776 ,2.305 ,11.138,23.57420833333333,87.30247666666668 ,19.356437301635744,81.9276278033898 ,19697.0,10:44:27 AM,1572671667907
3.129 ,2.138 ,2.253,23.57420833333333,87.30247666666668 ,19.356437301635744,81.9276278033898 ,19697.0,10:44:27 AM,1572671667911
2.388 ,5.038 ,3.895,23.57420833333333,87.30247666666668 ,19.356437301635744,81.9276278033898 ,19697.0,10:44:27 AM,1572671667912
1.262 ,11.441 ,6.812,23.57420833333333,87.30247666666668 ,19.356437301635744,81.9276278033898 ,19697.0,10:44:27 AM,1572671667916
-2.326 ,13.223 ,7.703,23.57420833333333,87.30247666666668 ,19.356437301635744,81.9276278033898 ,19697.0,10:44:27 AM,1572671667917
-6.246 ,9.186 ,4.066,23.57420833333333,87.30247666666668 ,19.356437301635744,81.9276278033898 ,19697.0,10:44:27 AM,1572671667921
-8.465 ,4.213 ,-2.109,23.57420833333333,87.30247666666668 ,19.356437301635744,81.9276278033898 ,19697.0,10:44:27 AM,1572671667922
-7.327 ,1.673 ,-2.057,23.57420833333333,87.30247666666668 ,19.356437301635744,81.9276278033898 ,19697.0,10:44:27 AM,1572671667927
-6.466 ,4.476 ,0.402,23.57420833333333,87.30247666666668 ,19.356437301635744,81.9276278033898 ,19697.0,10:44:27 AM,1572671667927
-4.921 ,9.919 ,6.328,23.57420833333333,87.30247666666668 ,19.356437301635744,81.9276278033898 ,19697.0,10:44:27 AM,1572671667931
-2.512 ,14.822 ,11.968,23.57420833333333,87.30247666666668 ,19.356437301635744,81.9276278033898 ,19697.0,10:44:27 AM,1572671667932
-2.793 ,13.356 ,7.865,23.57420833333333,87.30247666666668 ,19.356437301635744,81.9276278033898 ,19697.0,10:44:27 AM,1572671667936
-2.623 ,6.395 ,2.417,23.57420833333333,87.30247666666668 ,19.356437301635744,81.9276278033898 ,19697.0,10:44:27 AM,1572671667937
-2.763 ,2.463 ,-4.908,23.57420833333333,87.30247666666668 ,19.356437301635744,81.9276278033898 ,19697.0,10:44:27 AM,1572671667941
-2.043 ,4.573 ,-5.151,23.57420833333333,87.30247666666668 ,19.356437301635744,81.9276278033898 ,19697.0,10:44:27 AM,1572671667942
-0.273 ,8.318 ,3.045,23.57420833333333,87.30247666666668 ,19.356437301635744,81.9276278033898 ,19697.0,10:44:27 AM,1572671667947
0.626 ,10.415 ,7.01,23.57420833333333,87.30247666666668 ,19.356437301635744,81.9276278033898 ,19697.0,10:44:27 AM,1572671667948
2.695 ,9.997 ,8.139,23.57420833333333,87.30247666666668 ,19.356437301635744,81.9276278033898 ,19697.0,10:44:27 AM,1572671667951
2.905 ,7.896 ,4.448,23.57420833333333,87.30247666666668 ,19.356437301635744,81.9276278033898 ,19697.0,10:44:27 AM,1572671667952
1.778 ,5.814 ,1.427,23.57420833333333,87.30247666666668 ,19.356437301635744,81.9276278033898 ,19697.0,10:44:27 AM,1572671667956
0.772 ,5.699 ,-0.718,23.57420833333333,87.30247666666668 ,19.356437301635744,81.9276278033898 ,19697.0,10:44:27 AM,1572671667957
-0.053 ,7.836 ,-2.775,23.57420833333333,87.30247666666668 ,19.356437301635744,81.9276278033898 ,19697.0,10:44:27 AM,1572671667962
-2.335 ,9.583 ,-2.48,23.57420833333333,87.30247666666668 ,19.356437301635744,81.9276278033898 ,19697.0,10:44:27 AM,1572671667962
-3.508 ,10.929 ,4.471,23.57420833333333,87.30247666666668 ,19.356437301635744,81.9276278033898 ,19697.0,10:44:27 AM,1572671667967
-3.461 ,13.413 ,5.248,23.57420833333333,87.30247666666668 ,19.356437301635744,81.9276278033898 ,19697.0,10:44:27 AM,1572671667968
-3.554 ,12.971 ,2.564,23.57420833333333,87.30247666666668 ,19.356437301635744,81.9276278033898 ,19697.0,10:44:27 AM,1572671667972
-2.322 ,10.139 ,4.496,23.57420833333333,87.30247666666668 ,19.356437301635744,81.9276278033898 ,19697.0,10:44:27 AM,1572671667972
-0.641 ,9.961 ,7.191,23.57420833333333,87.30247666666668 ,19.356437301635744,81.9276278033898 ,19697.0,10:44:27 AM,1572671667976
2.722 ,11.686 ,11.182,23.57420833333333,87.30247666666668 ,19.356437301635744,81.9276278033898 ,19697.0,10:44:27 AM,1572671667977
3.687 ,11.231 ,12.609,23.57420833333333,87.30247666666668 ,19.356437301635744,81.9276278033898 ,19697.0,10:44:27 AM,1572671667981
3.481 ,10.654 ,13.519,23.57420833333333,87.30247666666668 ,19.356437301635744,81.9276278033898 ,19697.0,10:44:27 AM,1572671667982
2.377 ,12.851 ,11.137,23.57420833333333,87.30247666666668 ,19.356437301635744,81.9276278033898 ,19697.0,10:44:27 AM,1572671667987
2.983 ,11.083 ,11.298,23.57420833333333,87.30247666666668 ,19.356437301635744,81.9276278033898 ,19697.0,10:44:27 AM,1572671667988
-0.799 ,7.314 ,5.768,23.57420833333333,87.30247666666668 ,19.356437301635744,81.9276278033898 ,19697.0,10:44:27 AM,1572671667992
-2.274 ,5.695 ,6.868,23.57420833333333,87.30247666666668 ,19.356437301635744,81.9276278033898 ,19697.0,10:44:27 AM,1572671667992
-0.22 ,6.79 ,13.648,23.57420833333333,87.30247666666668 ,19.356437301635744,81.9276278033898 ,19535.0,10:44:27 AM,1572671667996
-3.354 ,4.951 ,11.109,23.57420833333333,87.30247666666668 ,19.356437301635744,81.9276278033898 ,19535.0,10:44:27 AM,1572671667997
-1.515 ,2.711 ,15.839,23.57420833333333,87.30247666666668 ,19.356437301635744,81.9276278033898 ,19535.0,10:44:28 AM,1572671668002
-2.768 ,2.511 ,10.98,23.57420833333333,87.30247666666668 ,19.356437301635744,81.9276278033898 ,19535.0,10:44:28 AM,1572671668003
-2.999 ,2.868 ,8.303,23.57420833333333,87.30247666666668 ,19.356437301635744,81.9276278033898 ,19535.0,10:44:28 AM,1572671668007
-4.378 ,4.191 ,6.413,23.57420833333333,87.30247666666668 ,19.356437301635744,81.9276278033898 ,19535.0,10:44:28 AM,1572671668008
-5.258 ,6.057 ,8.38,23.57420833333333,87.30247666666668 ,19.356437301635744,81.9276278033898 ,19535.0,10:44:28 AM,1572671668011
-3.532 ,7.709 ,6.015,23.57420833333333,87.30247666666668 ,19.356437301635744,81.9276278033898 ,19535.0,10:44:28 AM,1572671668012
-4.846 ,6.748 ,-1.499,23.57420833333333,87.30247666666668 ,19.356437301635744,81.9276278033898 ,19535.0,10:44:28 AM,1572671668016
-4.635 ,5.099 ,-0.079,23.57420833333333,87.30247666666668 ,19.356437301635744,81.9276278033898 ,19535.0,10:44:28 AM,1572671668017
-3.645 ,6.772 ,0.961,23.57420833333333,87.30247666666668 ,19.356437301635744,81.9276278033898 ,19535.0,10:44:28 AM,1572671668021
-6.706 ,7.693 ,1.877,23.57420833333333,87.30247666666668 ,19.356437301635744,81.9276278033898 ,19535.0,10:44:28 AM,1572671668022
-6.969 ,6.712 ,11.731,23.57420833333333,87.30247666666668 ,19.356437301635744,81.9276278033898 ,19535.0,10:44:28 AM,1572671668028
-7.026 ,6.067 ,15.624,23.57420833333333,87.30247666666668 ,19.356437301635744,81.9276278033898 ,19535.0,10:44:28 AM,1572671668029
-7.01 ,4.272 ,13.428,23.57420833333333,87.30247666666668 ,19.356437301635744,81.9276278033898 ,19535.0,10:44:28 AM,1572671668033
-4.129 ,4.294 ,14.699,23.57420833333333,87.30247666666668 ,19.356437301635744,81.9276278033898 ,19535.0,10:44:28 AM,1572671668033
-0.85 ,5.846 ,16.592,23.57420833333333,87.30247666666668 ,19.356437301635744,81.9276278033898 ,19535.0,10:44:28 AM,1572671668037
3.075 ,8.943 ,12.862,23.57420833333333,87.30247666666668 ,19.356437301635744,81.9276278033898 ,19535.0,10:44:28 AM,1572671668038
4.305 ,8.418 ,5.171,23.57420833333333,87.30247666666668 ,19.356437301635744,81.9276278033898 ,19535.0,10:44:28 AM,1572671668042
4.349 ,5.748 ,0.337,23.57420833333333,87.30247666666668 ,19.356437301635744,81.9276278033898 ,19535.0,10:44:28 AM,1572671668043
4.208 ,5.162 ,-0.473,23.57420833333333,87.30247666666668 ,19.356437301635744,81.9276278033898 ,19535.0,10:44:28 AM,1572671668047
1.325 ,7.248 ,0.738,23.57420833333333,87.30247666666668 ,19.356437301635744,81.9276278033898 ,19535.0,10:44:28 AM,1572671668048
-1.881 ,10.825 ,7.705,23.57420833333333,87.30247666666668 ,19.356437301635744,81.9276278033898 ,19535.0,10:44:28 AM,1572671668052
-2.561 ,13.158 ,16.385,23.57420833333333,87.30247666666668 ,19.356437301635744,81.9276278033898 ,19535.0,10:44:28 AM,1572671668052
-4.571 ,12.629 ,13.362,23.57420833333333,87.30247666666668 ,19.356437301635744,81.9276278033898 ,19535.0,10:44:28 AM,1572671668056
-4.477 ,9.787 ,10.25,23.57420833333333,87.30247666666668 ,19.356437301635744,81.9276278033898 ,19535.0,10:44:28 AM,1572671668057
-2.104 ,8.187 ,6.547,23.57420833333333,87.30247666666668 ,19.356437301635744,81.9276278033898 ,19535.0,10:44:28 AM,1572671668061
-1.488 ,9.265 ,2.626,23.57420833333333,87.30247666666668 ,19.356437301635744,81.9276278033898 ,19535.0,10:44:28 AM,1572671668062
0.076 ,12.414 ,2.675,23.57420833333333,87.30247666666668 ,19.356437301635744,81.9276278033898 ,19535.0,10:44:28 AM,1572671668067
0.054 ,14.0 ,2.022,23.57420833333333,87.30247666666668 ,19.356437301635744,81.9276278033898 ,19535.0,10:44:28 AM,1572671668068
-0.495 ,12.496 ,1.876,23.57420833333333,87.30247666666668 ,19.356437301635744,81.9276278033898 ,19535.0,10:44:28 AM,1572671668071
-1.144 ,10.547 ,-0.751,23.57420833333333,87.30247666666668 ,19.356437301635744,81.9276278033898 ,19535.0,10:44:28 AM,1572671668072
-1.649 ,9.48 ,-0.096,23.57420833333333,87.30247666666668 ,19.356437301635744,81.9276278033898 ,19535.0,10:44:28 AM,1572671668076
-0.344 ,9.791 ,5.071,23.57420833333333,87.30247666666668 ,19.356437301635744,81.9276278033898 ,19535.0,10:44:28 AM,1572671668077
0.971 ,10.673 ,8.192,23.57420833333333,87.30247666666668 ,19.356437301635744,81.9276278033898 ,19535.0,10:44:28 AM,1572671668081
2.074 ,9.466 ,6.262,23.57420833333333,87.30247666666668 ,19.356437301635744,81.9276278033898 ,19535.0,10:44:28 AM,1572671668082
2.216 ,6.575 ,1.265,23.57420833333333,87.30247666666668 ,19.356437301635744,81.9276278033898 ,19535.0,10:44:28 AM,1572671668087
1.454 ,4.192 ,-1.846,23.57420833333333,87.30247666666668 ,19.356437301635744,81.9276278033898 ,19535.0,10:44:28 AM,1572671668088
0.006 ,5.672 ,-0.072,23.57420833333333,87.30247666666668 ,19.356437301635744,81.9276278033898 ,19535.0,10:44:28 AM,1572671668091
-2.772 ,9.616 ,4.405,23.57420833333333,87.30247666666668 ,19.356437301635744,81.9276278033898 ,19535.0,10:44:28 AM,1572671668092
-4.223 ,11.125 ,9.827,23.57420833333333,87.30247666666668 ,19.356437301635744,81.9276278033898 ,19535.0,10:44:28 AM,1572671668096
-5.155 ,10.005 ,8.443,23.57420833333333,87.30247666666668 ,19.356437301635744,81.9276278033898 ,19535.0,10:44:28 AM,1572671668097
-4.109 ,6.466 ,7.258,23.57420833333333,87.30247666666668 ,19.356437301635744,81.9276278033898 ,19535.0,10:44:28 AM,1572671668102
-1.63 ,3.727 ,5.043,23.57420833333333,87.30247666666668 ,19.356437301635744,81.9276278033898 ,19535.0,10:44:28 AM,1572671668102
0.267 ,3.781 ,3.796,23.57420833333333,87.30247666666668 ,19.356437301635744,81.9276278033898 ,19535.0,10:44:28 AM,1572671668107
2.893 ,6.013 ,6.982,23.57420833333333,87.30247666666668 ,19.356437301635744,81.9276278033898 ,19535.0,10:44:28 AM,1572671668108
2.679 ,9.386 ,6.387,23.57420833333333,87.30247666666668 ,19.356437301635744,81.9276278033898 ,19535.0,10:44:28 AM,1572671668111
3.341 ,9.466 ,5.836,23.57420833333333,87.30247666666668 ,19.356437301635744,81.9276278033898 ,19535.0,10:44:28 AM,1572671668112
0.025 ,6.791 ,1.519,23.57420833333333,87.30247666666668 ,19.356437301635744,81.9276278033898 ,19535.0,10:44:28 AM,1572671668116
-3.506 ,5.089 ,-0.272,23.57420833333333,87.30247666666668 ,19.356437301635744,81.9276278033898 ,19535.0,10:44:28 AM,1572671668117
-3.637 ,5.947 ,3.194,23.57420833333333,87.30247666666668 ,19.356437301635744,81.9276278033898 ,19535.0,10:44:28 AM,1572671668121
-6.326 ,6.955 ,5.072,23.57420833333333,87.30247666666668 ,19.356437301635744,81.9276278033898 ,19535.0,10:44:28 AM,1572671668122
-4.557 ,8.411 ,13.468,23.57420833333333,87.30247666666668 ,19.356437301635744,81.9276278033898 ,19535.0,10:44:28 AM,1572671668127
