x,y,z,latitude,longitude,speed,sound,light,time,timestamp
2.127 ,15.019 ,8.296,23.568878333333334,87.30250833333334 ,30.956217956542968,86.0839947726975 ,24887.0,10:43:14 AM,1572671594090
0.811 ,12.985 ,1.671,23.568878333333334,87.30250833333334 ,30.956217956542968,86.0839947726975 ,24887.0,10:43:14 AM,1572671594094
-0.387 ,9.105 ,-1.547,23.568878333333334,87.30250833333334 ,30.956217956542968,86.0839947726975 ,24887.0,10:43:14 AM,1572671594095
0.546 ,8.533 ,-4.263,23.568878333333334,87.30250833333334 ,30.956217956542968,86.0839947726975 ,24887.0,10:43:14 AM,1572671594098
-1.886 ,8.948 ,-0.214,23.568878333333334,87.30250833333334 ,30.956217956542968,86.0839947726975 ,24887.0,10:43:14 AM,1572671594099
-2.124 ,9.402 ,5.419,23.568878333333334,87.30250833333334 ,30.956217956542968,86.0839947726975 ,24887.0,10:43:14 AM,1572671594104
-3.094 ,8.952 ,7.009,23.568878333333334,87.30250833333334 ,30.956217956542968,86.0839947726975 ,24887.0,10:43:14 AM,1572671594105
-3.757 ,5.461 ,6.525,23.568878333333334,87.30250833333334 ,30.956217956542968,86.0839947726975 ,24887.0,10:43:14 AM,1572671594109
-0.467 ,5.035 ,6.693,23.568878333333334,87.30250833333334 ,30.956217956542968,86.0839947726975 ,24887.0,10:43:14 AM,1572671594110
-2.323 ,7.12 ,7.427,23.568878333333334,87.30250833333334 ,30.956217956542968,86.0839947726975 ,24887.0,10:43:14 AM,1572671594114
1.615 ,11.226 ,9.924,23.568878333333334,87.30250833333334 ,30.956217956542968,86.0839947726975 ,24887.0,10:43:14 AM,1572671594114
1.637 ,12.021 ,1.423,23.568878333333334,87.30250833333334 ,30.956217956542968,86.0839947726975 ,24887.0,10:43:14 AM,1572671594119
2.508 ,8.22 ,-0.352,23.568878333333334,87.30250833333334 ,30.956217956542968,86.0839947726975 ,24887.0,10:43:14 AM,1572671594120
1.835 ,7.937 ,-9.803,23.568878333333334,87.30250833333334 ,30.956217956542968,86.0839947726975 ,24887.0,10:43:14 AM,1572671594124
1.455 ,7.989 ,-6.873,23.568878333333334,87.30250833333334 ,30.956217956542968,86.0839947726975 ,24887.0,10:43:14 AM,1572671594124
-0.173 ,7.037 ,-2.805,23.568878333333334,87.30250833333334 ,30.956217956542968,86.0839947726975 ,24887.0,10:43:14 AM,1572671594129
-1.165 ,7.104 ,-1.692,23.568878333333334,87.30250833333334 ,30.956217956542968,86.0839947726975 ,24887.0,10:43:14 AM,1572671594130
-1.65 ,5.948 ,3.608,23.568878333333334,87.30250833333334 ,30.956217956542968,86.0839947726975 ,24887.0,10:43:14 AM,1572671594134
-0.6 ,7.503 ,2.707,23.568878333333334,87.30250833333334 ,30.956217956542968,86.0839947726975 ,24887.0,10:43:14 AM,1572671594134
-1.514 ,10.253 ,7.039,23.568878333333334,87.30250833333334 ,30.956217956542968,86.0839947726975 ,24887.0,10:43:14 AM,1572671594138
-0.227 ,11.649 ,9.298,23.568878333333334,87.30250833333334 ,30.956217956542968,86.0839947726975 ,24887.0,10:43:14 AM,1572671594139
-1.251 ,10.819 ,1.514,23.568878333333334,87.30250833333334 ,30.956217956542968,86.0839947726975 ,24887.0,10:43:14 AM,1572671594144
-0.27 ,5.552 ,1.636,23.568878333333334,87.30250833333334 ,30.956217956542968,86.0839947726975 ,24887.0,10:43:14 AM,1572671594145
-0.166 ,4.376 ,-2.476,23.568878333333334,87.30250833333334 ,30.956217956542968,86.0839947726975 ,24887.0,10:43:14 AM,1572671594149
-0.277 ,6.827 ,-0.771,23.568878333333334,87.30250833333334 ,30.956217956542968,86.0839947726975 ,24887.0,10:43:14 AM,1572671594149
0.066 ,8.86 ,9.463,23.568878333333334,87.30250833333334 ,30.956217956542968,86.0839947726975 ,24887.0,10:43:14 AM,1572671594153
-2.183 ,7.886 ,10.549,23.568878333333334,87.30250833333334 ,30.956217956542968,86.0839947726975 ,24887.0,10:43:14 AM,1572671594154
-2.396 ,6.336 ,13.923,23.568878333333334,87.30250833333334 ,30.956217956542968,86.0839947726975 ,24887.0,10:43:14 AM,1572671594160
-2.228 ,4.458 ,14.957,23.568878333333334,87.30250833333334 ,30.956217956542968,86.0839947726975 ,24887.0,10:43:14 AM,1572671594161
-2.45 ,6.026 ,17.672,23.568878333333334,87.30250833333334 ,30.956217956542968,86.0839947726975 ,24887.0,10:43:14 AM,1572671594164
-1.546 ,10.779 ,20.55,23.568878333333334,87.30250833333334 ,30.956217956542968,86.0839947726975 ,24887.0,10:43:14 AM,1572671594165
1.114 ,12.167 ,17.878,23.568878333333334,87.30250833333334 ,30.956217956542968,86.0839947726975 ,24887.0,10:43:14 AM,1572671594169
0.094 ,7.029 ,7.031,23.568878333333334,87.30250833333334 ,30.956217956542968,86.0839947726975 ,24887.0,10:43:14 AM,1572671594171
0.157 ,2.114 ,0.932,23.568878333333334,87.30250833333334 ,30.956217956542968,86.0839947726975 ,24887.0,10:43:14 AM,1572671594174
0.6 ,3.138 ,-0.452,23.568878333333334,87.30250833333334 ,30.956217956542968,86.0839947726975 ,24887.0,10:43:14 AM,1572671594174
-2.142 ,6.404 ,6.372,23.568878333333334,87.30250833333334 ,30.956217956542968,86.0839947726975 ,24887.0,10:43:14 AM,1572671594178
-2.765 ,10.174 ,14.976,23.568878333333334,87.30250833333334 ,30.956217956542968,86.0839947726975 ,24887.0,10:43:14 AM,1572671594179
-4.784 ,10.871 ,12.772,23.568878333333334,87.30250833333334 ,30.956217956542968,86.0839947726975 ,24887.0,10:43:14 AM,1572671594184
-3.437 ,7.416 ,10.634,23.568878333333334,87.30250833333334 ,30.956217956542968,86.0839947726975 ,24887.0,10:43:14 AM,1572671594184
-3.174 ,5.946 ,6.4,23.568878333333334,87.30250833333334 ,30.956217956542968,86.0839947726975 ,24887.0,10:43:14 AM,1572671594189
-3.896 ,8.086 ,8.917,23.568878333333334,87.30250833333334 ,30.956217956542968,86.0839947726975 ,24887.0,10:43:14 AM,1572671594190
-0.633 ,11.815 ,11.901,23.568878333333334,87.30250833333334 ,30.956217956542968,86.0839947726975 ,49282.0,10:43:14 AM,1572671594193
-2.006 ,11.159 ,4.039,23.568878333333334,87.30250833333334 ,30.956217956542968,86.0839947726975 ,49282.0,10:43:14 AM,1572671594194
-0.98 ,5.864 ,2.365,23.568878333333334,87.30250833333334 ,30.956217956542968,86.0839947726975 ,49282.0,10:43:14 AM,1572671594198
0.495 ,4.77 ,-4.336,23.568878333333334,87.30250833333334 ,30.956217956542968,86.0839947726975 ,49282.0,10:43:14 AM,1572671594199
0.456 ,6.776 ,-4.02,23.568878333333334,87.30250833333334 ,30.956217956542968,86.0839947726975 ,49282.0,10:43:14 AM,1572671594203
1.33 ,10.005 ,0.51,23.568878333333334,87.30250833333334 ,30.956217956542968,86.0839947726975 ,49282.0,10:43:14 AM,1572671594204
0.431 ,11.872 ,0.965,23.568878333333334,87.30250833333334 ,30.956217956542968,86.0839947726975 ,49282.0,10:43:14 AM,1572671594209
1.824 ,9.786 ,1.153,23.568878333333334,87.30250833333334 ,30.956217956542968,86.0839947726975 ,49282.0,10:43:14 AM,1572671594210
-0.692 ,7.075 ,-5.307,23.568878333333334,87.30250833333334 ,30.956217956542968,86.0839947726975 ,49282.0,10:43:14 AM,1572671594214
-3.079 ,8.291 ,-0.826,23.568878333333334,87.30250833333334 ,30.956217956542968,86.0839947726975 ,49282.0,10:43:14 AM,1572671594214
-1.323 ,12.994 ,7.906,23.568878333333334,87.30250833333334 ,30.956217956542968,86.0839947726975 ,49282.0,10:43:14 AM,1572671594218
-4.876 ,15.145 ,9.264,23.568878333333334,87.30250833333334 ,30.956217956542968,86.0839947726975 ,49282.0,10:43:14 AM,1572671594219
-4.347 ,12.513 ,8.719,23.568878333333334,87.30250833333334 ,30.956217956542968,86.0839947726975 ,49282.0,10:43:14 AM,1572671594224
-0.21 ,8.815 ,6.71,23.568878333333334,87.30250833333334 ,30.956217956542968,86.0839947726975 ,49282.0,10:43:14 AM,1572671594225
-1.624 ,8.484 ,4.871,23.568878333333334,87.30250833333334 ,30.956217956542968,86.0839947726975 ,49282.0,10:43:14 AM,1572671594229
4.477 ,9.98 ,12.838,23.568878333333334,87.30250833333334 ,30.956217956542968,86.0839947726975 ,49282.0,10:43:14 AM,1572671594230
5.377 ,11.822 ,9.244,23.568878333333334,87.30250833333334 ,30.956217956542968,86.0839947726975 ,49282.0,10:43:14 AM,1572671594233
4.367 ,10.759 ,2.632,23.568878333333334,87.30250833333334 ,30.956217956542968,86.0839947726975 ,49282.0,10:43:14 AM,1572671594234
4.602 ,9.294 ,0.424,23.568878333333334,87.30250833333334 ,30.956217956542968,86.0839947726975 ,49282.0,10:43:14 AM,1572671594238
-1.017 ,9.76 ,1.779,23.568878333333334,87.30250833333334 ,30.956217956542968,86.0839947726975 ,49282.0,10:43:14 AM,1572671594239
-2.079 ,12.669 ,9.074,23.568878333333334,87.30250833333334 ,30.956217956542968,86.0839947726975 ,49282.0,10:43:14 AM,1572671594243
-4.931 ,12.204 ,9.082,23.568878333333334,87.30250833333334 ,30.956217956542968,86.0839947726975 ,49282.0,10:43:14 AM,1572671594244
-6.446 ,7.46 ,8.857,23.568878333333334,87.30250833333334 ,30.956217956542968,86.0839947726975 ,49282.0,10:43:14 AM,1572671594249
-2.931 ,4.034 ,3.917,23.568878333333334,87.30250833333334 ,30.956217956542968,86.0839947726975 ,49282.0,10:43:14 AM,1572671594250
-2.433 ,3.496 ,4.001,23.568878333333334,87.30250833333334 ,30.956217956542968,86.0839947726975 ,49282.0,10:43:14 AM,1572671594253
-0.939 ,5.948 ,7.894,23.568878333333334,87.30250833333334 ,30.956217956542968,86.0839947726975 ,49282.0,10:43:14 AM,1572671594254
0.133 ,9.671 ,7.779,23.568878333333334,87.30250833333334 ,30.956217956542968,86.0839947726975 ,49282.0,10:43:14 AM,1572671594258
-1.364 ,8.67 ,5.308,23.568878333333334,87.30250833333334 ,30.956217956542968,86.0839947726975 ,49282.0,10:43:14 AM,1572671594259
0.196 ,7.175 ,3.151,23.568878333333334,87.30250833333334 ,30.956217956542968,86.0839947726975 ,49282.0,10:43:14 AM,1572671594264
-2.474 ,8.11 ,-0.724,23.568878333333334,87.30250833333334 ,30.956217956542968,86.0839947726975 ,49282.0,10:43:14 AM,1572671594264
0.506 ,10.796 ,2.303,23.568878333333334,87.30250833333334 ,30.956217956542968,86.0839947726975 ,49282.0,10:43:14 AM,1572671594269
1.324 ,11.892 ,1.157,23.568878333333334,87.30250833333334 ,30.956217956542968,86.0839947726975 ,49282.0,10:43:14 AM,1572671594270
1.879 ,8.904 ,2.735,23.568878333333334,87.30250833333334 ,30.956217956542968,86.0839947726975 ,49282.0,10:43:14 AM,1572671594273
3.082 ,6.687 ,-1.686,23.568878333333334,87.30250833333334 ,30.956217956542968,86.0839947726975 ,49282.0,10:43:14 AM,1572671594274
1.706 ,4.871 ,-0.191,23.568878333333334,87.30250833333334 ,30.956217956542968,86.0839947726975 ,49282.0,10:43:14 AM,1572671594278
-0.216 ,3.402 ,2.229,23.568878333333334,87.30250833333334 ,30.956217956542968,86.0839947726975 ,49282.0,10:43:14 AM,1572671594279
-1.9 ,4.157 ,4.046,23.568878333333334,87.30250833333334 ,30.956217956542968,86.0839947726975 ,49282.0,10:43:14 AM,1572671594284
-4.721 ,5.251 ,6.695,23.568878333333334,87.30250833333334 ,30.956217956542968,86.0839947726975 ,49282.0,10:43:14 AM,1572671594285
-3.593 ,7.076 ,9.94,23.568878333333334,87.30250833333334 ,30.956217956542968,86.0839947726975 ,49282.0,10:43:14 AM,1572671594289
-5.57 ,8.616 ,10.829,23.568878333333334,87.30250833333334 ,30.956217956542968,86.0839947726975 ,49282.0,10:43:14 AM,1572671594290
-3.297 ,9.901 ,11.206,23.568878333333334,87.30250833333334 ,30.956217956542968,87.95197051453104 ,49282.0,10:43:14 AM,1572671594294
0.216 ,9.262 ,8.368,23.568878333333334,87.30250833333334 ,30.956217956542968,87.95197051453104 ,49282.0,10:43:14 AM,1572671594295
1.572 ,7.205 ,9.352,23.568878333333334,87.30250833333334 ,30.956217956542968,87.95197051453104 ,49282.0,10:43:14 AM,1572671594298
4.326 ,7.513 ,6.73,23.568878333333334,87.30250833333334 ,30.956217956542968,87.95197051453104 ,49282.0,10:43:14 AM,1572671594299
4.523 ,8.66 ,5.258,23.568878333333334,87.30250833333334 ,30.956217956542968,87.95197051453104 ,49282.0,10:43:14 AM,1572671594303
2.201 ,8.395 ,8.795,23.568878333333334,87.30250833333334 ,30.956217956542968,87.95197051453104 ,49282.0,10:43:14 AM,1572671594304
0.923 ,7.843 ,8.823,23.568878333333334,87.30250833333334 ,30.956217956542968,87.95197051453104 ,49282.0,10:43:14 AM,1572671594308
-2.341 ,8.18 ,8.442,23.568878333333334,87.30250833333334 ,30.956217956542968,87.95197051453104 ,49282.0,10:43:14 AM,1572671594309
-1.214 ,8.627 ,10.132,23.568878333333334,87.30250833333334 ,30.956217956542968,87.95197051453104 ,49282.0,10:43:14 AM,1572671594313
-3.715 ,10.119 ,9.566,23.568878333333334,87.30250833333334 ,30.956217956542968,87.95197051453104 ,49282.0,10:43:14 AM,1572671594314
-3.775 ,11.322 ,11.365,23.568878333333334,87.30250833333334 ,30.956217956542968,87.95197051453104 ,49282.0,10:43:14 AM,1572671594318
-2.52 ,11.227 ,7.104,23.568878333333334,87.30250833333334 ,30.956217956542968,87.95197051453104 ,49282.0,10:43:14 AM,1572671594319
-3.442 ,7.8 ,1.886,23.568878333333334,87.30250833333334 ,30.956217956542968,87.95197051453104 ,49282.0,10:43:14 AM,1572671594323
-0.701 ,5.686 ,1.337,23.568878333333334,87.30250833333334 ,30.956217956542968,87.95197051453104 ,49282.0,10:43:14 AM,1572671594324
-1.038 ,7.999 ,-0.242,23.568878333333334,87.30250833333334 ,30.956217956542968,87.95197051453104 ,49282.0,10:43:14 AM,1572671594329
-0.935 ,11.13 ,5.225,23.568878333333334,87.30250833333334 ,30.956217956542968,87.95197051453104 ,49282.0,10:43:14 AM,1572671594330
-0.067 ,12.483 ,6.92,23.568878333333334,87.30250833333334 ,30.956217956542968,87.95197051453104 ,49282.0,10:43:14 AM,1572671594333
-0.508 ,9.415 ,6.293,23.568878333333334,87.30250833333334 ,30.956217956542968,87.95197051453104 ,49282.0,10:43:14 AM,1572671594334
1.475 ,6.954 ,2.584,23.568878333333334,87.30250833333334 ,30.956217956542968,87.95197051453104 ,49282.0,10:43:14 AM,1572671594338
