x,y,z,latitude,longitude,speed,sound,light,time,timestamp
-0.326 ,19.701 ,8.352,23.572118333333332,87.30256666666668 ,37.90126304626465,86.68642450869469 ,23908.0,10:43:56 AM,1572671636714
-0.492 ,16.848 ,6.564,23.572118333333332,87.30256666666668 ,37.90126304626465,86.68642450869469 ,23908.0,10:43:56 AM,1572671636718
0.451 ,10.793 ,-3.267,23.572118333333332,87.30256666666668 ,37.90126304626465,86.68642450869469 ,23908.0,10:43:56 AM,1572671636719
0.048 ,5.565 ,-7.259,23.572118333333332,87.30256666666668 ,37.90126304626465,86.68642450869469 ,23908.0,10:43:56 AM,1572671636724
-0.674 ,8.09 ,1.245,23.572118333333332,87.30256666666668 ,37.90126304626465,86.68642450869469 ,23908.0,10:43:56 AM,1572671636725
-0.227 ,13.606 ,15.573,23.572118333333332,87.30256666666668 ,37.90126304626465,86.68642450869469 ,23908.0,10:43:56 AM,1572671636729
-1.116 ,16.133 ,25.154,23.572118333333332,87.30256666666668 ,37.90126304626465,86.68642450869469 ,23908.0,10:43:56 AM,1572671636730
-1.254 ,10.74 ,22.157,23.572118333333332,87.30256666666668 ,37.90126304626465,86.68642450869469 ,23908.0,10:43:56 AM,1572671636733
1.342 ,2.16 ,15.973,23.572118333333332,87.30256666666668 ,37.90126304626465,86.68642450869469 ,23908.0,10:43:56 AM,1572671636734
1.135 ,-2.004 ,7.798,23.572118333333332,87.30256666666668 ,37.90126304626465,86.68642450869469 ,23908.0,10:43:56 AM,1572671636738
2.241 ,0.519 ,8.009,23.572118333333332,87.30256666666668 ,37.90126304626465,86.68642450869469 ,23908.0,10:43:56 AM,1572671636739
1.381 ,4.672 ,11.104,23.572118333333332,87.30256666666668 ,37.90126304626465,86.68642450869469 ,23908.0,10:43:56 AM,1572671636744
0.221 ,6.439 ,15.288,23.572118333333332,87.30256666666668 ,37.90126304626465,86.68642450869469 ,23908.0,10:43:56 AM,1572671636745
-0.507 ,6.585 ,9.033,23.572118333333332,87.30256666666668 ,37.90126304626465,86.68642450869469 ,23908.0,10:43:56 AM,1572671636749
-0.182 ,6.193 ,2.43,23.572118333333332,87.30256666666668 ,37.90126304626465,86.68642450869469 ,23908.0,10:43:56 AM,1572671636749
-0.563 ,6.043 ,-0.366,23.572118333333332,87.30256666666668 ,37.90126304626465,86.68642450869469 ,23908.0,10:43:56 AM,1572671636753
-2.297 ,7.07 ,-5.501,23.572118333333332,87.30256666666668 ,37.90126304626465,86.68642450869469 ,23908.0,10:43:56 AM,1572671636754
-3.81 ,6.946 ,-6.105,23.572118333333332,87.30256666666668 ,37.90126304626465,86.68642450869469 ,23908.0,10:43:56 AM,1572671636758
-6.224 ,5.944 ,-1.384,23.572118333333332,87.30256666666668 ,37.90126304626465,86.68642450869469 ,23908.0,10:43:56 AM,1572671636759
-8.264 ,5.675 ,1.684,23.572118333333332,87.30256666666668 ,37.90126304626465,86.68642450869469 ,23908.0,10:43:56 AM,1572671636764
-5.422 ,6.632 ,7.64,23.572118333333332,87.30256666666668 ,37.90126304626465,86.68642450869469 ,23908.0,10:43:56 AM,1572671636765
-4.619 ,8.448 ,7.339,23.572118333333332,87.30256666666668 ,37.90126304626465,86.68642450869469 ,23908.0,10:43:56 AM,1572671636769
-1.368 ,10.594 ,6.825,23.572118333333332,87.30256666666668 ,37.90126304626465,86.68642450869469 ,23908.0,10:43:56 AM,1572671636770
0.619 ,10.298 ,5.498,23.572118333333332,87.30256666666668 ,37.90126304626465,86.68642450869469 ,23908.0,10:43:56 AM,1572671636774
-0.549 ,7.509 ,-0.423,23.572118333333332,87.30256666666668 ,37.90126304626465,86.68642450869469 ,23908.0,10:43:56 AM,1572671636774
0.17 ,4.605 ,0.187,23.572118333333332,87.30256666666668 ,37.90126304626465,86.68642450869469 ,23908.0,10:43:56 AM,1572671636778
-1.776 ,3.456 ,2.576,23.572118333333332,87.30256666666668 ,37.90126304626465,86.68642450869469 ,23908.0,10:43:56 AM,1572671636779
-1.356 ,5.583 ,8.64,23.572118333333332,87.30256666666668 ,37.90126304626465,86.68642450869469 ,23908.0,10:43:56 AM,1572671636784
0.74 ,8.531 ,18.128,23.572118333333332,87.30256666666668 ,37.90126304626465,86.68642450869469 ,23908.0,10:43:56 AM,1572671636785
1.985 ,8.839 ,21.447,23.572118333333332,87.30256666666668 ,37.90126304626465,86.68642450869469 ,23908.0,10:43:56 AM,1572671636789
4.246 ,5.919 ,15.405,23.572118333333332,87.30256666666668 ,37.90126304626465,86.68642450869469 ,23908.0,10:43:56 AM,1572671636789
6.148 ,2.466 ,5.151,23.572118333333332,87.30256666666668 ,37.90126304626465,86.68642450869469 ,22193.0,10:43:56 AM,1572671636794
6.06 ,1.331 ,-0.099,23.572118333333332,87.30256666666668 ,37.90126304626465,86.68642450869469 ,22193.0,10:43:56 AM,1572671636795
4.858 ,6.142 ,-0.719,23.572118333333332,87.30256666666668 ,37.90126304626465,86.68642450869469 ,22193.0,10:43:56 AM,1572671636799
-0.534 ,11.68 ,2.446,23.572118333333332,87.30256666666668 ,37.90126304626465,86.68642450869469 ,22193.0,10:43:56 AM,1572671636800
-3.967 ,13.349 ,8.913,23.572118333333332,87.30256666666668 ,37.90126304626465,86.68642450869469 ,22193.0,10:43:56 AM,1572671636804
-7.293 ,9.608 ,1.094,23.572118333333332,87.30256666666668 ,37.90126304626465,86.68642450869469 ,22193.0,10:43:56 AM,1572671636804
-6.581 ,4.547 ,-3.044,23.572118333333332,87.30256666666668 ,37.90126304626465,86.68642450869469 ,22193.0,10:43:56 AM,1572671636809
-4.486 ,3.398 ,-0.865,23.572118333333332,87.30256666666668 ,37.90126304626465,86.68642450869469 ,22193.0,10:43:56 AM,1572671636809
-0.395 ,10.175 ,4.416,23.572118333333332,87.30256666666668 ,37.90126304626465,86.68642450869469 ,22193.0,10:43:56 AM,1572671636814
3.392 ,16.271 ,11.872,23.572118333333332,87.30256666666668 ,37.90126304626465,86.68642450869469 ,22193.0,10:43:56 AM,1572671636815
3.862 ,15.887 ,10.899,23.572118333333332,87.30256666666668 ,37.90126304626465,86.68642450869469 ,22193.0,10:43:56 AM,1572671636818
4.139 ,10.543 ,2.389,23.572118333333332,87.30256666666668 ,37.90126304626465,86.68642450869469 ,22193.0,10:43:56 AM,1572671636819
3.294 ,5.719 ,-6.56,23.572118333333332,87.30256666666668 ,37.90126304626465,86.68642450869469 ,22193.0,10:43:56 AM,1572671636824
0.932 ,4.731 ,-6.998,23.572118333333332,87.30256666666668 ,37.90126304626465,86.68642450869469 ,22193.0,10:43:56 AM,1572671636824
0.246 ,9.105 ,-0.613,23.572118333333332,87.30256666666668 ,37.90126304626465,86.68642450869469 ,22193.0,10:43:56 AM,1572671636829
-2.323 ,12.399 ,8.182,23.572118333333332,87.30256666666668 ,37.90126304626465,86.68642450869469 ,22193.0,10:43:56 AM,1572671636830
-2.687 ,11.76 ,14.859,23.572118333333332,87.30256666666668 ,37.90126304626465,86.68642450869469 ,22193.0,10:43:56 AM,1572671636834
-1.388 ,7.806 ,14.453,23.572118333333332,87.30256666666668 ,37.90126304626465,86.68642450869469 ,22193.0,10:43:56 AM,1572671636834
0.746 ,3.538 ,12.748,23.572118333333332,87.30256666666668 ,37.90126304626465,86.68642450869469 ,22193.0,10:43:56 AM,1572671636844
3.086 ,2.95 ,5.735,23.572118333333332,87.30256666666668 ,37.90126304626465,86.68642450869469 ,22193.0,10:43:56 AM,1572671636845
5.719 ,5.165 ,3.297,23.572118333333332,87.30256666666668 ,37.90126304626465,86.68642450869469 ,22193.0,10:43:56 AM,1572671636846
2.402 ,7.507 ,1.303,23.572118333333332,87.30256666666668 ,37.90126304626465,86.68642450869469 ,22193.0,10:43:56 AM,1572671636847
-0.044 ,9.581 ,-0.489,23.572118333333332,87.30256666666668 ,37.90126304626465,86.68642450869469 ,22193.0,10:43:56 AM,1572671636848
-4.607 ,8.33 ,1.907,23.572118333333332,87.30256666666668 ,37.90126304626465,86.68642450869469 ,22193.0,10:43:56 AM,1572671636848
-7.813 ,6.518 ,3.371,23.57220166666667,87.30257833333332 ,35.87963790893555,86.68642450869469 ,22193.0,10:43:56 AM,1572671636854
-8.441 ,6.266 ,5.641,23.57220166666667,87.30257833333332 ,35.87963790893555,86.68642450869469 ,22193.0,10:43:56 AM,1572671636854
-5.716 ,6.237 ,15.042,23.57220166666667,87.30257833333332 ,35.87963790893555,86.68642450869469 ,22193.0,10:43:56 AM,1572671636858
-3.777 ,8.382 ,15.554,23.57220166666667,87.30257833333332 ,35.87963790893555,86.68642450869469 ,22193.0,10:43:56 AM,1572671636858
0.161 ,8.212 ,17.405,23.57220166666667,87.30257833333332 ,35.87963790893555,86.68642450869469 ,22193.0,10:43:56 AM,1572671636863
1.766 ,6.138 ,14.902,23.57220166666667,87.30257833333332 ,35.87963790893555,86.68642450869469 ,22193.0,10:43:56 AM,1572671636863
0.9 ,4.306 ,8.103,23.57220166666667,87.30257833333332 ,35.87963790893555,86.68642450869469 ,22193.0,10:43:56 AM,1572671636868
0.048 ,4.155 ,3.667,23.57220166666667,87.30257833333332 ,35.87963790893555,86.68642450869469 ,22193.0,10:43:56 AM,1572671636869
-0.919 ,6.045 ,2.903,23.57220166666667,87.30257833333332 ,35.87963790893555,86.68642450869469 ,22193.0,10:43:56 AM,1572671636873
-2.368 ,7.133 ,3.237,23.57220166666667,87.30257833333332 ,35.87963790893555,86.68642450869469 ,22193.0,10:43:56 AM,1572671636874
-0.246 ,7.884 ,6.537,23.57220166666667,87.30257833333332 ,35.87963790893555,86.68642450869469 ,22193.0,10:43:56 AM,1572671636878
0.699 ,9.115 ,3.89,23.57220166666667,87.30257833333332 ,35.87963790893555,86.68642450869469 ,22193.0,10:43:56 AM,1572671636879
3.7 ,9.354 ,6.048,23.57220166666667,87.30257833333332 ,35.87963790893555,86.68642450869469 ,22193.0,10:43:56 AM,1572671636884
3.937 ,9.577 ,3.449,23.57220166666667,87.30257833333332 ,35.87963790893555,86.68642450869469 ,22193.0,10:43:56 AM,1572671636884
2.262 ,8.887 ,2.577,23.57220166666667,87.30257833333332 ,35.87963790893555,86.68642450869469 ,22193.0,10:43:56 AM,1572671636889
-0.132 ,6.7 ,-1.856,23.57220166666667,87.30257833333332 ,35.87963790893555,86.68642450869469 ,22193.0,10:43:56 AM,1572671636889
-3.0 ,4.932 ,-5.495,23.57220166666667,87.30257833333332 ,35.87963790893555,86.68642450869469 ,22193.0,10:43:56 AM,1572671636894
-4.462 ,4.128 ,-2.377,23.57220166666667,87.30257833333332 ,35.87963790893555,86.68642450869469 ,22193.0,10:43:56 AM,1572671636895
-4.53 ,8.15 ,0.741,23.57220166666667,87.30257833333332 ,35.87963790893555,86.68642450869469 ,22193.0,10:43:56 AM,1572671636898
-4.031 ,13.934 ,7.015,23.57220166666667,87.30257833333332 ,35.87963790893555,86.68642450869469 ,22193.0,10:43:56 AM,1572671636899
-2.514 ,15.487 ,14.694,23.57220166666667,87.30257833333332 ,35.87963790893555,86.68642450869469 ,22193.0,10:43:56 AM,1572671636904
-0.886 ,12.35 ,12.752,23.57220166666667,87.30257833333332 ,35.87963790893555,86.68642450869469 ,22193.0,10:43:56 AM,1572671636904
2.38 ,6.124 ,6.871,23.57220166666667,87.30257833333332 ,35.87963790893555,86.68642450869469 ,22193.0,10:43:56 AM,1572671636908
4.989 ,1.824 ,5.028,23.57220166666667,87.30257833333332 ,35.87963790893555,86.68642450869469 ,22193.0,10:43:56 AM,1572671636909
5.981 ,3.44 ,7.42,23.57220166666667,87.30257833333332 ,35.87963790893555,86.68642450869469 ,22193.0,10:43:56 AM,1572671636913
5.968 ,8.672 ,13.55,23.57220166666667,87.30257833333332 ,35.87963790893555,86.68642450869469 ,22193.0,10:43:56 AM,1572671636914
2.912 ,10.24 ,17.635,23.57220166666667,87.30257833333332 ,35.87963790893555,86.68642450869469 ,22193.0,10:43:56 AM,1572671636918
0.169 ,7.192 ,16.024,23.57220166666667,87.30257833333332 ,35.87963790893555,86.68642450869469 ,22193.0,10:43:56 AM,1572671636919
-1.761 ,5.031 ,11.304,23.57220166666667,87.30257833333332 ,35.87963790893555,86.68642450869469 ,22193.0,10:43:56 AM,1572671636924
-2.473 ,7.097 ,8.883,23.57220166666667,87.30257833333332 ,35.87963790893555,86.68642450869469 ,22193.0,10:43:56 AM,1572671636924
1.162 ,8.757 ,15.247,23.57220166666667,87.30257833333332 ,35.87963790893555,86.68642450869469 ,22193.0,10:43:56 AM,1572671636929
-2.548 ,9.756 ,9.378,23.57220166666667,87.30257833333332 ,35.87963790893555,86.68642450869469 ,22193.0,10:43:56 AM,1572671636930
-0.654 ,5.956 ,12.418,23.57220166666667,87.30257833333332 ,35.87963790893555,86.68642450869469 ,22193.0,10:43:56 AM,1572671636933
-0.342 ,0.705 ,8.326,23.57220166666667,87.30257833333332 ,35.87963790893555,86.68642450869469 ,22193.0,10:43:56 AM,1572671636934
-2.666 ,-0.325 ,5.073,23.57220166666667,87.30257833333332 ,35.87963790893555,86.68642450869469 ,22193.0,10:43:56 AM,1572671636938
-1.631 ,4.544 ,8.278,23.57220166666667,87.30257833333332 ,35.87963790893555,86.68642450869469 ,22193.0,10:43:56 AM,1572671636938
-3.094 ,10.355 ,7.689,23.57220166666667,87.30257833333332 ,35.87963790893555,86.68642450869469 ,22193.0,10:43:56 AM,1572671636943
-5.001 ,11.824 ,3.942,23.57220166666667,87.30257833333332 ,35.87963790893555,86.68642450869469 ,22193.0,10:43:56 AM,1572671636943
-4.661 ,7.579 ,-3.642,23.57220166666667,87.30257833333332 ,35.87963790893555,86.68642450869469 ,22193.0,10:43:56 AM,1572671636949
-4.301 ,2.391 ,-9.921,23.57220166666667,87.30257833333332 ,35.87963790893555,86.68642450869469 ,22193.0,10:43:56 AM,1572671636950
-3.521 ,1.207 ,-5.779,23.57220166666667,87.30257833333332 ,35.87963790893555,86.68642450869469 ,22193.0,10:43:56 AM,1572671636952
-3.497 ,6.633 ,0.057,23.57220166666667,87.30257833333332 ,35.87963790893555,86.68642450869469 ,22193.0,10:43:56 AM,1572671636953
-2.133 ,12.981 ,8.084,23.57220166666667,87.30257833333332 ,35.87963790893555,86.68642450869469 ,22193.0,10:43:56 AM,1572671636958
-1.189 ,14.311 ,12.467,23.57220166666667,87.30257833333332 ,35.87963790893555,86.68642450869469 ,22193.0,10:43:56 AM,1572671636958
-1.536 ,11.223 ,7.04,23.57220166666667,87.30257833333332 ,35.87963790893555,86.68642450869469 ,22193.0,10:43:56 AM,1572671636963
