x,y,z,latitude,longitude,speed,sound,light,time,timestamp
0.027 ,7.919 ,6.191,23.551753333333334,87.29651666666665 ,0.0,69.3068161690165 ,6146.0,10:38:17 AM,1572671297013
-0.078 ,7.993 ,6.147,23.551753333333334,87.29651666666665 ,0.0,69.3068161690165 ,6146.0,10:38:17 AM,1572671297014
-0.136 ,7.978 ,6.279,23.551753333333334,87.29651666666665 ,0.0,69.3068161690165 ,6146.0,10:38:17 AM,1572671297015
-0.169 ,8.079 ,6.193,23.551753333333334,87.29651666666665 ,0.0,69.3068161690165 ,6146.0,10:38:17 AM,1572671297020
-0.168 ,8.114 ,6.158,23.551753333333334,87.29651666666665 ,0.0,69.3068161690165 ,6146.0,10:38:17 AM,1572671297020
-0.131 ,8.102 ,5.982,23.551753333333334,87.29651666666665 ,0.0,69.3068161690165 ,6146.0,10:38:17 AM,1572671297025
-0.091 ,8.097 ,5.818,23.551753333333334,87.29651666666665 ,0.0,69.3068161690165 ,6146.0,10:38:17 AM,1572671297025
-0.113 ,8.078 ,5.776,23.551753333333334,87.29651666666665 ,0.0,69.3068161690165 ,6146.0,10:38:17 AM,1572671297030
-0.197 ,8.061 ,5.868,23.551753333333334,87.29651666666665 ,0.0,69.3068161690165 ,6146.0,10:38:17 AM,1572671297030
-0.231 ,8.065 ,6.051,23.551753333333334,87.29651666666665 ,0.0,69.3068161690165 ,6146.0,10:38:17 AM,1572671297035
-0.289 ,7.959 ,6.272,23.551753333333334,87.29651666666665 ,0.0,69.3068161690165 ,6146.0,10:38:17 AM,1572671297036
-0.384 ,7.945 ,6.448,23.551753333333334,87.29651666666665 ,0.0,69.3068161690165 ,6146.0,10:38:17 AM,1572671297040
-0.381 ,7.867 ,6.437,23.551753333333334,87.29651666666665 ,0.0,69.3068161690165 ,6146.0,10:38:17 AM,1572671297040
-0.401 ,7.843 ,6.462,23.551753333333334,87.29651666666665 ,0.0,69.3068161690165 ,6146.0,10:38:17 AM,1572671297045
-0.355 ,7.848 ,6.5,23.551753333333334,87.29651666666665 ,0.0,69.3068161690165 ,6146.0,10:38:17 AM,1572671297046
-0.284 ,7.858 ,6.39,23.551753333333334,87.29651666666665 ,0.0,69.3068161690165 ,6146.0,10:38:17 AM,1572671297049
-0.234 ,7.892 ,6.239,23.551753333333334,87.29651666666665 ,0.0,69.3068161690165 ,6146.0,10:38:17 AM,1572671297050
-0.255 ,7.802 ,6.155,23.551753333333334,87.29651666666665 ,0.0,69.3068161690165 ,6146.0,10:38:17 AM,1572671297056
-0.29 ,7.928 ,6.063,23.551753333333334,87.29651666666665 ,0.0,69.3068161690165 ,6146.0,10:38:17 AM,1572671297056
-0.331 ,7.941 ,6.078,23.551753333333334,87.29651666666665 ,0.0,69.3068161690165 ,6146.0,10:38:17 AM,1572671297061
-0.451 ,7.981 ,6.073,23.551753333333334,87.29651666666665 ,0.0,69.3068161690165 ,6146.0,10:38:17 AM,1572671297061
-0.477 ,8.012 ,6.152,23.551753333333334,87.29651666666665 ,0.0,69.3068161690165 ,6146.0,10:38:17 AM,1572671297064
-0.549 ,8.074 ,6.111,23.551753333333334,87.29651666666665 ,0.0,69.3068161690165 ,6146.0,10:38:17 AM,1572671297065
-0.498 ,8.089 ,6.007,23.551753333333334,87.29651666666665 ,0.0,69.3068161690165 ,6146.0,10:38:17 AM,1572671297069
-0.492 ,8.132 ,5.918,23.551753333333334,87.29651666666665 ,0.0,69.3068161690165 ,6146.0,10:38:17 AM,1572671297070
-0.476 ,8.12 ,5.862,23.551753333333334,87.29651666666665 ,0.0,69.3068161690165 ,6146.0,10:38:17 AM,1572671297074
-0.526 ,8.086 ,5.734,23.551753333333334,87.29651666666665 ,0.0,69.3068161690165 ,6146.0,10:38:17 AM,1572671297074
-0.525 ,8.092 ,5.757,23.551753333333334,87.29651666666665 ,0.0,69.3068161690165 ,6146.0,10:38:17 AM,1572671297080
-0.579 ,8.089 ,5.8,23.551753333333334,87.29651666666665 ,0.0,69.3068161690165 ,6146.0,10:38:17 AM,1572671297081
-0.575 ,8.089 ,5.823,23.551753333333334,87.29651666666665 ,0.0,69.3068161690165 ,6146.0,10:38:17 AM,1572671297085
-0.569 ,8.071 ,5.99,23.551753333333334,87.29651666666665 ,0.0,69.3068161690165 ,6146.0,10:38:17 AM,1572671297086
-0.538 ,8.025 ,5.996,23.551753333333334,87.29651666666665 ,0.0,69.3068161690165 ,6146.0,10:38:17 AM,1572671297090
-0.461 ,7.977 ,5.975,23.551753333333334,87.29651666666665 ,0.0,69.3068161690165 ,6146.0,10:38:17 AM,1572671297090
-0.44 ,7.937 ,5.94,23.551753333333334,87.29651666666665 ,0.0,69.3068161690165 ,6146.0,10:38:17 AM,1572671297096
-0.439 ,7.897 ,6.005,23.551753333333334,87.29651666666665 ,0.0,69.3068161690165 ,6146.0,10:38:17 AM,1572671297097
-0.518 ,7.914 ,5.972,23.551753333333334,87.29651666666665 ,0.0,69.3068161690165 ,6146.0,10:38:17 AM,1572671297100
-0.615 ,7.86 ,6.042,23.551753333333334,87.29651666666665 ,0.0,69.3068161690165 ,6146.0,10:38:17 AM,1572671297101
-0.684 ,7.83 ,6.121,23.551753333333334,87.29651666666665 ,0.0,69.3068161690165 ,6146.0,10:38:17 AM,1572671297105
-0.689 ,7.871 ,6.087,23.551753333333334,87.29651666666665 ,0.0,69.3068161690165 ,6146.0,10:38:17 AM,1572671297105
-0.763 ,7.905 ,6.06,23.551753333333334,87.29651666666665 ,0.0,69.3068161690165 ,6146.0,10:38:17 AM,1572671297113
-0.771 ,7.88 ,6.099,23.551753333333334,87.29651666666665 ,0.0,69.3068161690165 ,6146.0,10:38:17 AM,1572671297114
-0.72 ,7.881 ,6.079,23.551753333333334,87.29651666666665 ,0.0,69.3068161690165 ,6146.0,10:38:17 AM,1572671297114
-0.747 ,7.911 ,6.02,23.551753333333334,87.29651666666665 ,0.0,69.3068161690165 ,6146.0,10:38:17 AM,1572671297115
-0.773 ,7.89 ,5.927,23.551753333333334,87.29651666666665 ,0.0,69.3068161690165 ,6146.0,10:38:17 AM,1572671297120
-0.787 ,7.866 ,5.951,23.551753333333334,87.29651666666665 ,0.0,69.3068161690165 ,6146.0,10:38:17 AM,1572671297120
-0.842 ,7.928 ,6.047,23.551753333333334,87.29651666666665 ,0.0,69.3068161690165 ,6146.0,10:38:17 AM,1572671297125
-0.868 ,7.945 ,6.128,23.551753333333334,87.29651666666665 ,0.0,69.3068161690165 ,6146.0,10:38:17 AM,1572671297125
-0.88 ,7.989 ,6.12,23.551753333333334,87.29651666666665 ,0.0,69.3068161690165 ,6146.0,10:38:17 AM,1572671297131
-0.77 ,7.927 ,6.321,23.551753333333334,87.29651666666665 ,0.0,69.3068161690165 ,6146.0,10:38:17 AM,1572671297131
-0.818 ,7.989 ,6.132,23.551753333333334,87.29651666666665 ,0.0,69.3068161690165 ,6146.0,10:38:17 AM,1572671297134
-0.647 ,7.92 ,6.358,23.551753333333334,87.29651666666665 ,0.0,69.3068161690165 ,6146.0,10:38:17 AM,1572671297134
-0.567 ,7.868 ,6.203,23.551753333333334,87.29651666666665 ,0.0,69.3068161690165 ,6146.0,10:38:17 AM,1572671297139
-0.544 ,7.941 ,6.032,23.551753333333334,87.29651666666665 ,0.0,69.3068161690165 ,6146.0,10:38:17 AM,1572671297140
-0.483 ,7.913 ,6.287,23.551753333333334,87.29651666666665 ,0.0,69.3068161690165 ,6146.0,10:38:17 AM,1572671297146
-0.656 ,7.958 ,5.988,23.551753333333334,87.29651666666665 ,0.0,69.3068161690165 ,6146.0,10:38:17 AM,1572671297146
-0.694 ,7.947 ,6.001,23.551753333333334,87.29651666666665 ,0.0,69.3068161690165 ,6146.0,10:38:17 AM,1572671297150
-0.946 ,7.914 ,5.932,23.551753333333334,87.29651666666665 ,0.0,69.3068161690165 ,6146.0,10:38:17 AM,1572671297151
-1.126 ,7.878 ,5.999,23.551753333333334,87.29651666666665 ,0.0,69.3068161690165 ,6146.0,10:38:17 AM,1572671297154
-1.158 ,7.898 ,6.159,23.551753333333334,87.29651666666665 ,0.0,69.3068161690165 ,6146.0,10:38:17 AM,1572671297155
-1.107 ,7.907 ,6.229,23.551753333333334,87.29651666666665 ,0.0,69.3068161690165 ,6146.0,10:38:17 AM,1572671297161
-1.066 ,7.921 ,6.214,23.551753333333334,87.29651666666665 ,0.0,69.3068161690165 ,6146.0,10:38:17 AM,1572671297162
-0.955 ,8.01 ,6.074,23.551753333333334,87.29651666666665 ,0.0,69.3068161690165 ,6146.0,10:38:17 AM,1572671297165
-0.893 ,8.011 ,5.831,23.551753333333334,87.29651666666665 ,0.0,69.3068161690165 ,6146.0,10:38:17 AM,1572671297165
-0.804 ,7.989 ,5.859,23.551753333333334,87.29651666666665 ,0.0,72.82565817429757 ,6146.0,10:38:17 AM,1572671297169
-0.904 ,7.951 ,5.608,23.551753333333334,87.29651666666665 ,0.0,72.82565817429757 ,6146.0,10:38:17 AM,1572671297170
-0.911 ,7.881 ,5.794,23.551753333333334,87.29651666666665 ,0.0,72.82565817429757 ,6146.0,10:38:17 AM,1572671297174
-1.061 ,7.994 ,5.942,23.551753333333334,87.29651666666665 ,0.0,72.82565817429757 ,6146.0,10:38:17 AM,1572671297174
-0.973 ,7.971 ,6.219,23.551753333333334,87.29651666666665 ,0.0,72.82565817429757 ,6146.0,10:38:17 AM,1572671297181
-1.011 ,7.956 ,6.257,23.551753333333334,87.29651666666665 ,0.0,72.82565817429757 ,6146.0,10:38:17 AM,1572671297182
-0.941 ,7.874 ,6.358,23.551753333333334,87.29651666666665 ,0.0,72.82565817429757 ,6146.0,10:38:17 AM,1572671297185
-0.797 ,7.744 ,6.402,23.551753333333334,87.29651666666665 ,0.0,72.82565817429757 ,6146.0,10:38:17 AM,1572671297185
-0.678 ,7.726 ,6.437,23.551753333333334,87.29651666666665 ,0.0,72.82565817429757 ,6146.0,10:38:17 AM,1572671297189
-0.603 ,7.806 ,6.302,23.551753333333334,87.29651666666665 ,0.0,72.82565817429757 ,6146.0,10:38:17 AM,1572671297190
-0.515 ,7.844 ,6.337,23.551753333333334,87.29651666666665 ,0.0,72.82565817429757 ,6129.0,10:38:17 AM,1572671297197
-0.577 ,7.858 ,6.141,23.551753333333334,87.29651666666665 ,0.0,72.82565817429757 ,6129.0,10:38:17 AM,1572671297198
-0.765 ,7.752 ,5.96,23.551753333333334,87.29651666666665 ,0.0,72.82565817429757 ,6129.0,10:38:17 AM,1572671297199
-0.956 ,7.83 ,5.962,23.551753333333334,87.29651666666665 ,0.0,72.82565817429757 ,6129.0,10:38:17 AM,1572671297200
-1.047 ,7.946 ,6.59,23.551753333333334,87.29651666666665 ,0.0,72.82565817429757 ,6129.0,10:38:17 AM,1572671297204
-1.023 ,7.908 ,6.523,23.551753333333334,87.29651666666665 ,0.0,72.82565817429757 ,6129.0,10:38:17 AM,1572671297205
-1.058 ,8.074 ,5.792,23.551753333333334,87.29651666666665 ,0.0,72.82565817429757 ,6129.0,10:38:17 AM,1572671297211
-0.868 ,7.834 ,6.076,23.551753333333334,87.29651666666665 ,0.0,72.82565817429757 ,6129.0,10:38:17 AM,1572671297212
-0.95 ,7.728 ,5.666,23.551753333333334,87.29651666666665 ,0.0,72.82565817429757 ,6129.0,10:38:17 AM,1572671297214
-1.008 ,7.83 ,6.009,23.551753333333334,87.29651666666665 ,0.0,72.82565817429757 ,6129.0,10:38:17 AM,1572671297214
-1.206 ,7.867 ,6.806,23.551753333333334,87.29651666666665 ,0.0,72.82565817429757 ,6129.0,10:38:17 AM,1572671297219
-1.256 ,8.207 ,6.772,23.551753333333334,87.29651666666665 ,0.0,72.82565817429757 ,6129.0,10:38:17 AM,1572671297219
-1.02 ,8.209 ,6.669,23.551753333333334,87.29651666666665 ,0.0,72.82565817429757 ,6129.0,10:38:17 AM,1572671297223
-0.806 ,8.171 ,6.163,23.551753333333334,87.29651666666665 ,0.0,72.82565817429757 ,6129.0,10:38:17 AM,1572671297224
-0.469 ,8.081 ,5.74,23.551753333333334,87.29651666666665 ,0.0,72.82565817429757 ,6129.0,10:38:17 AM,1572671297230
-0.331 ,8.186 ,5.51,23.551753333333334,87.29651666666665 ,0.0,72.82565817429757 ,6129.0,10:38:17 AM,1572671297231
-0.308 ,8.166 ,5.374,23.551753333333334,87.29651666666665 ,0.0,72.82565817429757 ,6129.0,10:38:17 AM,1572671297234
-0.521 ,8.108 ,5.644,23.551753333333334,87.29651666666665 ,0.0,72.82565817429757 ,6129.0,10:38:17 AM,1572671297235
-0.934 ,8.041 ,5.574,23.551753333333334,87.29651666666665 ,0.0,72.82565817429757 ,6129.0,10:38:17 AM,1572671297239
-1.184 ,8.127 ,5.836,23.551753333333334,87.29651666666665 ,0.0,72.82565817429757 ,6129.0,10:38:17 AM,1572671297240
-1.553 ,8.226 ,5.966,23.551753333333334,87.29651666666665 ,0.0,72.82565817429757 ,6129.0,10:38:17 AM,1572671297246
-1.702 ,8.308 ,6.025,23.551753333333334,87.29651666666665 ,0.0,72.82565817429757 ,6129.0,10:38:17 AM,1572671297246
-1.62 ,8.281 ,6.06,23.551753333333334,87.29651666666665 ,0.0,72.82565817429757 ,6129.0,10:38:17 AM,1572671297249
-1.397 ,8.128 ,5.935,23.551753333333334,87.29651666666665 ,0.0,72.82565817429757 ,6129.0,10:38:17 AM,1572671297249
-1.062 ,8.004 ,5.798,23.551753333333334,87.29651666666665 ,0.0,72.82565817429757 ,6129.0,10:38:17 AM,1572671297254
-0.706 ,7.976 ,5.492,23.551753333333334,87.29651666666665 ,0.0,72.82565817429757 ,6129.0,10:38:17 AM,1572671297254
-0.403 ,7.806 ,5.885,23.551753333333334,87.29651666666665 ,0.0,72.82565817429757 ,6129.0,10:38:17 AM,1572671297261
