x,y,z,latitude,longitude,speed,sound,light,time,timestamp
-0.491 ,11.383 ,2.617,23.554190000000002,87.29827666666667 ,38.89076385498047,88.90747720458712 ,50920.0,10:39:02 AM,1572671342378
0.421 ,9.958 ,2.575,23.554190000000002,87.29827666666667 ,38.89076385498047,88.90747720458712 ,50920.0,10:39:02 AM,1572671342379
-0.293 ,11.26 ,4.61,23.554190000000002,87.29827666666667 ,38.89076385498047,88.90747720458712 ,50920.0,10:39:02 AM,1572671342382
0.764 ,14.277 ,7.83,23.554190000000002,87.29827666666667 ,38.89076385498047,88.90747720458712 ,50920.0,10:39:02 AM,1572671342382
-1.496 ,13.713 ,9.662,23.554190000000002,87.29827666666667 ,38.89076385498047,88.90747720458712 ,50920.0,10:39:02 AM,1572671342387
-0.668 ,9.672 ,7.001,23.554190000000002,87.29827666666667 ,38.89076385498047,88.90747720458712 ,50920.0,10:39:02 AM,1572671342387
-0.812 ,7.412 ,2.612,23.554190000000002,87.29827666666667 ,38.89076385498047,88.90747720458712 ,50920.0,10:39:02 AM,1572671342393
-1.189 ,7.534 ,1.892,23.554190000000002,87.29827666666667 ,38.89076385498047,88.90747720458712 ,50920.0,10:39:02 AM,1572671342393
0.972 ,10.508 ,4.627,23.554190000000002,87.29827666666667 ,38.89076385498047,88.90747720458712 ,50920.0,10:39:02 AM,1572671342398
-0.819 ,10.024 ,6.865,23.554190000000002,87.29827666666667 ,38.89076385498047,88.90747720458712 ,50920.0,10:39:02 AM,1572671342398
0.076 ,6.568 ,3.625,23.554190000000002,87.29827666666667 ,38.89076385498047,88.90747720458712 ,50920.0,10:39:02 AM,1572671342402
0.616 ,5.891 ,2.987,23.554190000000002,87.29827666666667 ,38.89076385498047,88.90747720458712 ,50920.0,10:39:02 AM,1572671342402
-0.146 ,7.743 ,5.897,23.554190000000002,87.29827666666667 ,38.89076385498047,88.90747720458712 ,50920.0,10:39:02 AM,1572671342408
0.758 ,10.876 ,8.617,23.554190000000002,87.29827666666667 ,38.89076385498047,88.90747720458712 ,50920.0,10:39:02 AM,1572671342408
-2.326 ,9.62 ,9.523,23.554190000000002,87.29827666666667 ,38.89076385498047,88.90747720458712 ,50920.0,10:39:02 AM,1572671342413
-0.941 ,4.683 ,7.336,23.554190000000002,87.29827666666667 ,38.89076385498047,88.90747720458712 ,50920.0,10:39:02 AM,1572671342413
-1.668 ,3.563 ,1.196,23.554190000000002,87.29827666666667 ,38.89076385498047,88.90747720458712 ,50920.0,10:39:02 AM,1572671342417
-2.064 ,5.084 ,3.383,23.554190000000002,87.29827666666667 ,38.89076385498047,88.90747720458712 ,50920.0,10:39:02 AM,1572671342418
-1.17 ,9.032 ,6.76,23.554190000000002,87.29827666666667 ,38.89076385498047,88.90747720458712 ,50920.0,10:39:02 AM,1572671342423
-2.581 ,9.153 ,11.004,23.554190000000002,87.29827666666667 ,38.89076385498047,88.90747720458712 ,50920.0,10:39:02 AM,1572671342424
-1.121 ,6.069 ,8.132,23.554190000000002,87.29827666666667 ,38.89076385498047,88.90747720458712 ,50920.0,10:39:02 AM,1572671342430
0.649 ,6.521 ,4.828,23.554190000000002,87.29827666666667 ,38.89076385498047,88.90747720458712 ,50920.0,10:39:02 AM,1572671342430
1.203 ,9.136 ,2.711,23.554190000000002,87.29827666666667 ,38.89076385498047,88.90747720458712 ,50920.0,10:39:02 AM,1572671342432
2.963 ,12.647 ,4.445,23.554190000000002,87.29827666666667 ,38.89076385498047,88.90747720458712 ,50920.0,10:39:02 AM,1572671342432
-0.399 ,11.759 ,5.501,23.554190000000002,87.29827666666667 ,38.89076385498047,88.90747720458712 ,50920.0,10:39:02 AM,1572671342438
0.414 ,8.129 ,3.527,23.554190000000002,87.29827666666667 ,38.89076385498047,88.90747720458712 ,50920.0,10:39:02 AM,1572671342438
-0.841 ,6.824 ,3.366,23.554190000000002,87.29827666666667 ,38.89076385498047,88.90747720458712 ,50920.0,10:39:02 AM,1572671342444
-1.394 ,6.923 ,6.34,23.554190000000002,87.29827666666667 ,38.89076385498047,88.90747720458712 ,50920.0,10:39:02 AM,1572671342444
-1.042 ,8.885 ,11.31,23.554190000000002,87.29827666666667 ,38.89076385498047,88.90747720458712 ,50920.0,10:39:02 AM,1572671342446
-2.045 ,6.687 ,17.442,23.554190000000002,87.29827666666667 ,38.89076385498047,88.90747720458712 ,50920.0,10:39:02 AM,1572671342447
-1.596 ,2.966 ,12.493,23.554190000000002,87.29827666666667 ,38.89076385498047,88.90747720458712 ,50920.0,10:39:02 AM,1572671342452
-0.969 ,2.348 ,9.357,23.554190000000002,87.29827666666667 ,38.89076385498047,88.90747720458712 ,50920.0,10:39:02 AM,1572671342453
-0.163 ,4.535 ,8.417,23.554190000000002,87.29827666666667 ,38.89076385498047,88.90747720458712 ,50920.0,10:39:02 AM,1572671342457
0.171 ,9.258 ,9.393,23.554190000000002,87.29827666666667 ,38.89076385498047,88.90747720458712 ,50920.0,10:39:02 AM,1572671342457
-1.854 ,10.325 ,9.946,23.554190000000002,87.29827666666667 ,38.89076385498047,88.90747720458712 ,50920.0,10:39:02 AM,1572671342462
-1.084 ,8.401 ,4.417,23.554190000000002,87.29827666666667 ,38.89076385498047,88.90747720458712 ,50920.0,10:39:02 AM,1572671342463
-2.774 ,6.526 ,-1.212,23.554190000000002,87.29827666666667 ,38.89076385498047,88.90747720458712 ,50920.0,10:39:02 AM,1572671342468
-2.578 ,7.397 ,-1.214,23.554190000000002,87.29827666666667 ,38.89076385498047,88.90747720458712 ,50920.0,10:39:02 AM,1572671342468
-2.585 ,10.632 ,1.631,23.554190000000002,87.29827666666667 ,38.89076385498047,88.90747720458712 ,50920.0,10:39:02 AM,1572671342473
-2.566 ,11.236 ,7.253,23.554190000000002,87.29827666666667 ,38.89076385498047,88.90747720458712 ,50920.0,10:39:02 AM,1572671342474
-2.256 ,10.128 ,3.215,23.554190000000002,87.29827666666667 ,38.89076385498047,88.90747720458712 ,50920.0,10:39:02 AM,1572671342478
-1.921 ,8.997 ,1.733,23.554190000000002,87.29827666666667 ,38.89076385498047,88.90747720458712 ,50920.0,10:39:02 AM,1572671342478
-2.298 ,10.276 ,0.596,23.554190000000002,87.29827666666667 ,38.89076385498047,88.90747720458712 ,50920.0,10:39:02 AM,1572671342482
-1.596 ,13.091 ,1.89,23.554190000000002,87.29827666666667 ,38.89076385498047,88.90747720458712 ,50920.0,10:39:02 AM,1572671342482
-1.481 ,13.144 ,2.683,23.554190000000002,87.29827666666667 ,38.89076385498047,88.90747720458712 ,50920.0,10:39:02 AM,1572671342489
-0.071 ,11.755 ,-2.896,23.554190000000002,87.29827666666667 ,38.89076385498047,88.90747720458712 ,50920.0,10:39:02 AM,1572671342489
0.765 ,10.537 ,-5.239,23.554190000000002,87.29827666666667 ,38.89076385498047,88.90747720458712 ,50920.0,10:39:02 AM,1572671342494
2.407 ,10.641 ,-3.582,23.554190000000002,87.29827666666667 ,38.89076385498047,88.90747720458712 ,50920.0,10:39:02 AM,1572671342494
2.418 ,11.69 ,0.394,23.554190000000002,87.29827666666667 ,38.89076385498047,88.90747720458712 ,50920.0,10:39:02 AM,1572671342496
0.507 ,9.75 ,6.261,23.554190000000002,87.29827666666667 ,38.89076385498047,88.90747720458712 ,50920.0,10:39:02 AM,1572671342497
0.623 ,6.893 ,8.104,23.554190000000002,87.29827666666667 ,38.89076385498047,88.90747720458712 ,50920.0,10:39:02 AM,1572671342501
-1.141 ,6.282 ,12.078,23.554190000000002,87.29827666666667 ,38.89076385498047,88.90747720458712 ,50920.0,10:39:02 AM,1572671342502
-1.74 ,8.554 ,14.642,23.554190000000002,87.29827666666667 ,38.89076385498047,88.90747720458712 ,50920.0,10:39:02 AM,1572671342506
-1.17 ,10.157 ,12.433,23.554190000000002,87.29827666666667 ,38.89076385498047,88.90747720458712 ,50920.0,10:39:02 AM,1572671342507
-1.044 ,6.785 ,12.849,23.554190000000002,87.29827666666667 ,38.89076385498047,88.90747720458712 ,50920.0,10:39:02 AM,1572671342512
-1.133 ,4.466 ,0.965,23.554190000000002,87.29827666666667 ,38.89076385498047,88.90747720458712 ,50920.0,10:39:02 AM,1572671342512
0.759 ,5.802 ,0.556,23.554190000000002,87.29827666666667 ,38.89076385498047,88.90747720458712 ,50920.0,10:39:02 AM,1572671342517
0.77 ,7.225 ,2.553,23.554190000000002,87.29827666666667 ,38.89076385498047,88.90747720458712 ,50920.0,10:39:02 AM,1572671342518
-1.214 ,8.487 ,2.448,23.554190000000002,87.29827666666667 ,38.89076385498047,88.90747720458712 ,50920.0,10:39:02 AM,1572671342522
-2.135 ,6.226 ,4.778,23.554190000000002,87.29827666666667 ,38.89076385498047,88.90747720458712 ,50920.0,10:39:02 AM,1572671342522
-1.291 ,3.147 ,9.401,23.554190000000002,87.29827666666667 ,38.89076385498047,88.90747720458712 ,50920.0,10:39:02 AM,1572671342528
-3.011 ,5.909 ,8.781,23.554190000000002,87.29827666666667 ,38.89076385498047,88.90747720458712 ,50920.0,10:39:02 AM,1572671342528
-0.899 ,9.358 ,13.016,23.554190000000002,87.29827666666667 ,38.89076385498047,88.90747720458712 ,50920.0,10:39:02 AM,1572671342533
-1.903 ,11.025 ,11.529,23.554190000000002,87.29827666666667 ,38.89076385498047,88.90747720458712 ,50920.0,10:39:02 AM,1572671342533
-2.085 ,6.996 ,9.808,23.554190000000002,87.29827666666667 ,38.89076385498047,88.90747720458712 ,50920.0,10:39:02 AM,1572671342536
-0.822 ,2.596 ,3.205,23.554190000000002,87.29827666666667 ,38.89076385498047,88.90747720458712 ,50920.0,10:39:02 AM,1572671342537
-0.674 ,4.264 ,0.236,23.554190000000002,87.29827666666667 ,38.89076385498047,88.90747720458712 ,50920.0,10:39:02 AM,1572671342543
2.23 ,8.809 ,3.967,23.554190000000002,87.29827666666667 ,38.89076385498047,88.90747720458712 ,50920.0,10:39:02 AM,1572671342544
2.236 ,12.237 ,5.673,23.554190000000002,87.29827666666667 ,38.89076385498047,88.90747720458712 ,50920.0,10:39:02 AM,1572671342547
1.047 ,10.71 ,6.224,23.554190000000002,87.29827666666667 ,38.89076385498047,88.90747720458712 ,50920.0,10:39:02 AM,1572671342548
2.426 ,7.562 ,2.868,23.554190000000002,87.29827666666667 ,38.89076385498047,88.90747720458712 ,50920.0,10:39:02 AM,1572671342552
0.428 ,7.352 ,4.367,23.554190000000002,87.29827666666667 ,38.89076385498047,88.90747720458712 ,50920.0,10:39:02 AM,1572671342552
-0.826 ,10.795 ,6.334,23.554190000000002,87.29827666666667 ,38.89076385498047,88.90747720458712 ,50920.0,10:39:02 AM,1572671342557
-2.195 ,13.726 ,12.742,23.554190000000002,87.29827666666667 ,38.89076385498047,88.90747720458712 ,50920.0,10:39:02 AM,1572671342558
-3.546 ,10.355 ,14.433,23.554190000000002,87.29827666666667 ,38.89076385498047,88.90747720458712 ,50920.0,10:39:02 AM,1572671342563
-2.796 ,5.027 ,7.56,23.554190000000002,87.29827666666667 ,38.89076385498047,88.90747720458712 ,50920.0,10:39:02 AM,1572671342563
-2.625 ,1.962 ,2.659,23.554190000000002,87.29827666666667 ,38.89076385498047,88.90747720458712 ,50920.0,10:39:02 AM,1572671342568
-0.072 ,3.483 ,4.482,23.554190000000002,87.29827666666667 ,38.89076385498047,88.90747720458712 ,50920.0,10:39:02 AM,1572671342568
0.141 ,7.604 ,9.966,23.554190000000002,87.29827666666667 ,38.89076385498047,88.90747720458712 ,50920.0,10:39:02 AM,1572671342573
-0.221 ,8.733 ,14.236,23.554190000000002,87.29827666666667 ,38.89076385498047,88.90747720458712 ,50920.0,10:39:02 AM,1572671342574
-0.257 ,7.237 ,10.294,23.554190000000002,87.29827666666667 ,38.89076385498047,88.90747720458712 ,50920.0,10:39:02 AM,1572671342578
-1.479 ,5.672 ,9.462,23.554190000000002,87.29827666666667 ,38.89076385498047,88.90747720458712 ,50920.0,10:39:02 AM,1572671342578
-2.79 ,7.778 ,5.922,23.554190000000002,87.29827666666667 ,38.89076385498047,88.90747720458712 ,50920.0,10:39:02 AM,1572671342582
-2.669 ,10.656 ,7.211,23.554190000000002,87.29827666666667 ,38.89076385498047,88.90747720458712 ,50920.0,10:39:02 AM,1572671342583
-2.56 ,10.855 ,8.884,23.554190000000002,87.29827666666667 ,38.89076385498047,88.90747720458712 ,50920.0,10:39:02 AM,1572671342586
-2.859 ,9.745 ,-0.119,23.554190000000002,87.29827666666667 ,38.89076385498047,88.90747720458712 ,50920.0,10:39:02 AM,1572671342587
-1.635 ,8.997 ,-1.511,23.554190000000002,87.29827666666667 ,38.89076385498047,88.90747720458712 ,50920.0,10:39:02 AM,1572671342593
-1.363 ,9.318 ,-2.945,23.554190000000002,87.29827666666667 ,38.89076385498047,88.90747720458712 ,50920.0,10:39:02 AM,1572671342593
-0.981 ,10.923 ,1.293,23.554190000000002,87.29827666666667 ,38.89076385498047,88.90747720458712 ,50920.0,10:39:02 AM,1572671342596
-1.727 ,10.12 ,4.418,23.554190000000002,87.29827666666667 ,38.89076385498047,88.90747720458712 ,50920.0,10:39:02 AM,1572671342597
-0.337 ,9.225 ,3.499,23.554190000000002,87.29827666666667 ,38.89076385498047,88.90747720458712 ,50920.0,10:39:02 AM,1572671342603
-0.928 ,9.676 ,3.802,23.554190000000002,87.29827666666667 ,38.89076385498047,88.90747720458712 ,50920.0,10:39:02 AM,1572671342603
0.683 ,12.298 ,4.383,23.554190000000002,87.29827666666667 ,38.89076385498047,88.90747720458712 ,50920.0,10:39:02 AM,1572671342607
0.947 ,13.746 ,4.044,23.554190000000002,87.29827666666667 ,38.89076385498047,88.90747720458712 ,50920.0,10:39:02 AM,1572671342607
-0.07 ,10.284 ,3.392,23.554190000000002,87.29827666666667 ,38.89076385498047,88.90747720458712 ,50920.0,10:39:02 AM,1572671342612
1.174 ,7.71 ,-2.536,23.554190000000002,87.29827666666667 ,38.89076385498047,88.90747720458712 ,50920.0,10:39:02 AM,1572671342612
-0.263 ,7.122 ,0.287,23.554190000000002,87.29827666666667 ,38.89076385498047,88.90747720458712 ,50920.0,10:39:02 AM,1572671342616
-0.126 ,9.79 ,5.669,23.554190000000002,87.29827666666667 ,38.89076385498047,88.90747720458712 ,50920.0,10:39:02 AM,1572671342617
-1.645 ,10.211 ,10.527,23.554190000000002,87.29827666666667 ,38.89076385498047,88.90747720458712 ,50920.0,10:39:02 AM,1572671342622
-2.918 ,6.131 ,13.158,23.554190000000002,87.29827666666667 ,38.89076385498047,88.90747720458712 ,50920.0,10:39:02 AM,1572671342622
