x,y,z,latitude,longitude,speed,sound,light,time,timestamp
-2.268 ,8.45 ,9.676,23.56698333333333,87.298795 ,37.150797271728514,87.35221051627516 ,42248.0,10:41:48 AM,1572671508096
0.238 ,5.476 ,6.011,23.56698333333333,87.298795 ,37.150797271728514,87.35221051627516 ,42248.0,10:41:48 AM,1572671508097
-0.595 ,3.786 ,2.46,23.56698333333333,87.298795 ,37.150797271728514,87.35221051627516 ,42248.0,10:41:48 AM,1572671508102
1.059 ,5.873 ,6.334,23.56698333333333,87.298795 ,37.150797271728514,87.35221051627516 ,42248.0,10:41:48 AM,1572671508102
0.055 ,8.196 ,9.803,23.56698333333333,87.298795 ,37.150797271728514,87.35221051627516 ,42248.0,10:41:48 AM,1572671508107
-1.269 ,7.856 ,7.259,23.56698333333333,87.298795 ,37.150797271728514,87.35221051627516 ,42248.0,10:41:48 AM,1572671508108
-1.228 ,7.057 ,7.381,23.56698333333333,87.298795 ,37.150797271728514,87.35221051627516 ,42248.0,10:41:48 AM,1572671508112
-5.388 ,7.806 ,5.65,23.56698333333333,87.298795 ,37.150797271728514,87.35221051627516 ,42248.0,10:41:48 AM,1572671508112
-3.793 ,11.257 ,8.581,23.56698333333333,87.298795 ,37.150797271728514,87.35221051627516 ,42248.0,10:41:48 AM,1572671508117
-4.809 ,12.769 ,5.297,23.56698333333333,87.298795 ,37.150797271728514,87.35221051627516 ,42248.0,10:41:48 AM,1572671508117
-3.986 ,11.643 ,-1.981,23.56698333333333,87.298795 ,37.150797271728514,87.35221051627516 ,42248.0,10:41:48 AM,1572671508121
-0.05 ,11.05 ,-6.721,23.56698333333333,87.298795 ,37.150797271728514,87.35221051627516 ,42248.0,10:41:48 AM,1572671508122
0.536 ,11.04 ,-9.503,23.56698333333333,87.298795 ,37.150797271728514,87.35221051627516 ,42248.0,10:41:48 AM,1572671508127
4.792 ,13.689 ,-2.813,23.56698333333333,87.298795 ,37.150797271728514,87.35221051627516 ,42248.0,10:41:48 AM,1572671508128
1.703 ,15.61 ,-2.969,23.56698333333333,87.298795 ,37.150797271728514,87.35221051627516 ,42248.0,10:41:48 AM,1572671508131
3.386 ,16.731 ,-0.422,23.56698333333333,87.298795 ,37.150797271728514,87.35221051627516 ,42248.0,10:41:48 AM,1572671508132
2.337 ,14.594 ,0.756,23.56698333333333,87.298795 ,37.150797271728514,87.35221051627516 ,42248.0,10:41:48 AM,1572671508136
0.092 ,12.186 ,-0.579,23.56698333333333,87.298795 ,37.150797271728514,87.35221051627516 ,42248.0,10:41:48 AM,1572671508137
-0.927 ,12.724 ,-3.125,23.56698333333333,87.298795 ,37.150797271728514,87.35221051627516 ,42248.0,10:41:48 AM,1572671508141
-1.6 ,10.652 ,1.107,23.56698333333333,87.298795 ,37.150797271728514,87.35221051627516 ,42248.0,10:41:48 AM,1572671508142
-1.935 ,8.603 ,1.714,23.56698333333333,87.298795 ,37.150797271728514,87.35221051627516 ,42248.0,10:41:48 AM,1572671508147
-2.05 ,8.262 ,0.285,23.56698333333333,87.298795 ,37.150797271728514,87.35221051627516 ,42248.0,10:41:48 AM,1572671508148
-0.348 ,8.273 ,1.876,23.56698333333333,87.298795 ,37.150797271728514,87.35221051627516 ,42248.0,10:41:48 AM,1572671508151
-0.848 ,8.856 ,2.252,23.56698333333333,87.298795 ,37.150797271728514,87.35221051627516 ,42248.0,10:41:48 AM,1572671508152
-1.599 ,8.694 ,1.08,23.56698333333333,87.298795 ,37.150797271728514,87.35221051627516 ,42248.0,10:41:48 AM,1572671508156
0.736 ,7.204 ,3.849,23.56698333333333,87.298795 ,37.150797271728514,87.35221051627516 ,42248.0,10:41:48 AM,1572671508158
-1.67 ,7.634 ,3.954,23.56698333333333,87.298795 ,37.150797271728514,87.35221051627516 ,42248.0,10:41:48 AM,1572671508161
-1.001 ,9.578 ,10.633,23.56698333333333,87.298795 ,37.150797271728514,87.35221051627516 ,42248.0,10:41:48 AM,1572671508162
-1.591 ,10.938 ,16.044,23.56698333333333,87.298795 ,37.150797271728514,87.35221051627516 ,42248.0,10:41:48 AM,1572671508167
-1.906 ,8.886 ,13.853,23.56698333333333,87.298795 ,37.150797271728514,87.35221051627516 ,42248.0,10:41:48 AM,1572671508168
1.599 ,3.543 ,14.042,23.56698333333333,87.298795 ,37.150797271728514,87.35221051627516 ,42248.0,10:41:48 AM,1572671508172
0.833 ,1.174 ,6.974,23.56698333333333,87.298795 ,37.150797271728514,87.35221051627516 ,42248.0,10:41:48 AM,1572671508173
3.0 ,4.302 ,8.65,23.56698333333333,87.298795 ,37.150797271728514,87.35221051627516 ,42248.0,10:41:48 AM,1572671508176
1.641 ,7.404 ,13.593,23.56698333333333,87.298795 ,37.150797271728514,87.35221051627516 ,42248.0,10:41:48 AM,1572671508177
0.404 ,8.514 ,10.776,23.56698333333333,87.298795 ,37.150797271728514,87.35221051627516 ,42248.0,10:41:48 AM,1572671508181
0.596 ,8.063 ,10.081,23.56698333333333,87.298795 ,37.150797271728514,87.35221051627516 ,42248.0,10:41:48 AM,1572671508182
-2.616 ,8.148 ,7.061,23.56698333333333,87.298795 ,37.150797271728514,87.35221051627516 ,42248.0,10:41:48 AM,1572671508187
-0.769 ,12.35 ,10.142,23.56698333333333,87.298795 ,37.150797271728514,87.35221051627516 ,42248.0,10:41:48 AM,1572671508188
0.401 ,12.826 ,11.708,23.56698333333333,87.298795 ,37.150797271728514,87.35221051627516 ,42248.0,10:41:48 AM,1572671508192
0.049 ,7.951 ,1.112,23.56698333333333,87.298795 ,37.150797271728514,87.35221051627516 ,42248.0,10:41:48 AM,1572671508193
2.805 ,2.748 ,-1.699,23.56698333333333,87.298795 ,37.150797271728514,87.35221051627516 ,38479.0,10:41:48 AM,1572671508196
0.878 ,1.418 ,-3.276,23.56698333333333,87.298795 ,37.150797271728514,87.35221051627516 ,38479.0,10:41:48 AM,1572671508197
0.664 ,5.959 ,5.716,23.56698333333333,87.298795 ,37.150797271728514,87.35221051627516 ,38479.0,10:41:48 AM,1572671508201
-3.49 ,9.605 ,8.464,23.56698333333333,87.298795 ,37.150797271728514,87.35221051627516 ,38479.0,10:41:48 AM,1572671508202
-3.323 ,9.16 ,10.136,23.56698333333333,87.298795 ,37.150797271728514,87.35221051627516 ,38479.0,10:41:48 AM,1572671508207
-5.619 ,8.287 ,7.384,23.56698333333333,87.298795 ,37.150797271728514,87.35221051627516 ,38479.0,10:41:48 AM,1572671508208
-5.128 ,10.279 ,4.67,23.56698333333333,87.298795 ,37.150797271728514,87.35221051627516 ,38479.0,10:41:48 AM,1572671508212
-2.032 ,12.405 ,7.362,23.56698333333333,87.298795 ,37.150797271728514,87.35221051627516 ,38479.0,10:41:48 AM,1572671508212
-2.511 ,10.774 ,2.104,23.56698333333333,87.298795 ,37.150797271728514,87.35221051627516 ,38479.0,10:41:48 AM,1572671508216
2.091 ,7.342 ,-0.814,23.56698333333333,87.298795 ,37.150797271728514,87.35221051627516 ,38479.0,10:41:48 AM,1572671508217
1.983 ,5.121 ,-3.221,23.56698333333333,87.298795 ,37.150797271728514,87.35221051627516 ,38479.0,10:41:48 AM,1572671508221
2.945 ,8.187 ,3.318,23.56698333333333,87.298795 ,37.150797271728514,87.35221051627516 ,38479.0,10:41:48 AM,1572671508222
2.465 ,12.364 ,9.916,23.56698333333333,87.298795 ,37.150797271728514,87.35221051627516 ,38479.0,10:41:48 AM,1572671508227
-0.314 ,11.506 ,8.09,23.56698333333333,87.298795 ,37.150797271728514,87.35221051627516 ,38479.0,10:41:48 AM,1572671508228
0.579 ,8.956 ,4.769,23.56698333333333,87.298795 ,37.150797271728514,87.35221051627516 ,38479.0,10:41:48 AM,1572671508231
-1.633 ,7.995 ,1.385,23.56698333333333,87.298795 ,37.150797271728514,87.35221051627516 ,38479.0,10:41:48 AM,1572671508232
-0.461 ,11.648 ,2.362,23.56698333333333,87.298795 ,37.150797271728514,87.35221051627516 ,38479.0,10:41:48 AM,1572671508236
-0.401 ,13.901 ,2.653,23.56698333333333,87.298795 ,37.150797271728514,87.35221051627516 ,38479.0,10:41:48 AM,1572671508237
-0.974 ,11.436 ,-1.447,23.56698333333333,87.298795 ,37.150797271728514,87.35221051627516 ,38479.0,10:41:48 AM,1572671508241
1.685 ,8.755 ,-3.012,23.56698333333333,87.298795 ,37.150797271728514,87.35221051627516 ,38479.0,10:41:48 AM,1572671508242
-0.336 ,8.038 ,-6.194,23.56698333333333,87.298795 ,37.150797271728514,87.35221051627516 ,38479.0,10:41:48 AM,1572671508247
1.812 ,11.152 ,1.398,23.56698333333333,87.298795 ,37.150797271728514,87.35221051627516 ,38479.0,10:41:48 AM,1572671508247
-1.517 ,12.079 ,3.292,23.56698333333333,87.298795 ,37.150797271728514,87.35221051627516 ,38479.0,10:41:48 AM,1572671508252
-0.893 ,8.945 ,4.277,23.56698333333333,87.298795 ,37.150797271728514,87.35221051627516 ,38479.0,10:41:48 AM,1572671508253
-0.901 ,6.257 ,5.379,23.56698333333333,87.298795 ,37.150797271728514,87.35221051627516 ,38479.0,10:41:48 AM,1572671508256
-2.498 ,6.948 ,5.594,23.56698333333333,87.298795 ,37.150797271728514,87.35221051627516 ,38479.0,10:41:48 AM,1572671508257
-0.027 ,9.706 ,8.874,23.56698333333333,87.298795 ,37.150797271728514,87.35221051627516 ,38479.0,10:41:48 AM,1572671508263
-1.449 ,7.47 ,7.513,23.56698333333333,87.298795 ,37.150797271728514,87.35221051627516 ,38479.0,10:41:48 AM,1572671508264
-0.579 ,3.339 ,2.847,23.56698333333333,87.298795 ,37.150797271728514,87.35221051627516 ,38479.0,10:41:48 AM,1572671508267
-0.218 ,1.46 ,0.163,23.56698333333333,87.298795 ,37.150797271728514,87.35221051627516 ,38479.0,10:41:48 AM,1572671508267
-0.647 ,3.385 ,3.554,23.56698333333333,87.298795 ,37.150797271728514,87.35221051627516 ,38479.0,10:41:48 AM,1572671508272
0.58 ,7.394 ,11.708,23.56698333333333,87.298795 ,37.150797271728514,87.35221051627516 ,38479.0,10:41:48 AM,1572671508272
-2.028 ,8.162 ,12.703,23.56698333333333,87.298795 ,37.150797271728514,87.35221051627516 ,38479.0,10:41:48 AM,1572671508277
-0.281 ,5.409 ,13.702,23.56698333333333,87.298795 ,37.150797271728514,87.35221051627516 ,38479.0,10:41:48 AM,1572671508278
-1.959 ,3.272 ,12.051,23.56698333333333,87.298795 ,37.150797271728514,87.35221051627516 ,38479.0,10:41:48 AM,1572671508281
-0.99 ,5.302 ,14.834,23.56698333333333,87.298795 ,37.150797271728514,87.35221051627516 ,38479.0,10:41:48 AM,1572671508282
0.829 ,8.727 ,18.326,23.56698333333333,87.298795 ,37.150797271728514,87.35221051627516 ,38479.0,10:41:48 AM,1572671508287
-1.232 ,8.213 ,16.138,23.56698333333333,87.298795 ,37.150797271728514,87.35221051627516 ,38479.0,10:41:48 AM,1572671508288
-0.004 ,6.205 ,10.627,23.56698333333333,87.298795 ,37.150797271728514,87.35221051627516 ,38479.0,10:41:48 AM,1572671508291
1.904 ,5.19 ,6.63,23.56698333333333,87.298795 ,37.150797271728514,87.35221051627516 ,38479.0,10:41:48 AM,1572671508292
1.505 ,1.946 ,3.562,23.56698333333333,87.298795 ,37.150797271728514,87.35221051627516 ,38479.0,10:41:48 AM,1572671508296
-0.575 ,3.574 ,3.539,23.56698333333333,87.298795 ,37.150797271728514,87.35221051627516 ,38479.0,10:41:48 AM,1572671508297
-0.385 ,6.767 ,10.331,23.56698333333333,87.298795 ,37.150797271728514,87.35221051627516 ,38479.0,10:41:48 AM,1572671508301
-1.383 ,8.978 ,15.493,23.56698333333333,87.298795 ,37.150797271728514,87.35221051627516 ,38479.0,10:41:48 AM,1572671508302
-3.731 ,9.512 ,15.045,23.56698333333333,87.298795 ,37.150797271728514,87.35221051627516 ,38479.0,10:41:48 AM,1572671508306
-0.338 ,8.808 ,10.763,23.56698333333333,87.298795 ,37.150797271728514,87.35221051627516 ,38479.0,10:41:48 AM,1572671508308
-2.801 ,8.407 ,0.847,23.56698333333333,87.298795 ,37.150797271728514,87.35221051627516 ,38479.0,10:41:48 AM,1572671508311
-1.192 ,7.185 ,-1.943,23.56698333333333,87.298795 ,37.150797271728514,87.35221051627516 ,38479.0,10:41:48 AM,1572671508312
1.359 ,5.971 ,-2.258,23.56698333333333,87.298795 ,37.150797271728514,87.35221051627516 ,38479.0,10:41:48 AM,1572671508316
0.182 ,6.226 ,-0.856,23.56698333333333,87.298795 ,37.150797271728514,87.35221051627516 ,38479.0,10:41:48 AM,1572671508317
1.042 ,9.903 ,0.222,23.56698333333333,87.298795 ,37.150797271728514,87.35221051627516 ,38479.0,10:41:48 AM,1572671508321
0.345 ,11.832 ,4.587,23.56698333333333,87.298795 ,37.150797271728514,87.35221051627516 ,38479.0,10:41:48 AM,1572671508322
0.519 ,11.21 ,3.337,23.56698333333333,87.298795 ,37.150797271728514,87.35221051627516 ,38479.0,10:41:48 AM,1572671508327
1.272 ,9.991 ,1.04,23.56698333333333,87.298795 ,37.150797271728514,87.35221051627516 ,38479.0,10:41:48 AM,1572671508327
-2.05 ,9.994 ,-4.293,23.56698333333333,87.298795 ,37.150797271728514,87.35221051627516 ,38479.0,10:41:48 AM,1572671508331
0.829 ,13.105 ,1.951,23.56698333333333,87.298795 ,37.150797271728514,87.35221051627516 ,38479.0,10:41:48 AM,1572671508332
-1.298 ,14.291 ,5.66,23.56698333333333,87.298795 ,37.150797271728514,87.35221051627516 ,38479.0,10:41:48 AM,1572671508336
-0.372 ,11.959 ,3.883,23.56698333333333,87.298795 ,37.150797271728514,87.35221051627516 ,38479.0,10:41:48 AM,1572671508337
2.602 ,7.673 ,6.194,23.56698333333333,87.298795 ,37.150797271728514,87.35221051627516 ,38479.0,10:41:48 AM,1572671508341
2.066 ,5.013 ,4.307,23.56698333333333,87.298795 ,37.150797271728514,87.35221051627516 ,38479.0,10:41:48 AM,1572671508342
