x,y,z,latitude,longitude,speed,sound,light,time,timestamp
0.728 ,8.559 ,1.703,23.570316666666667,87.30256666666668 ,31.7937744140625,87.59348368764002 ,27806.0,10:43:29 AM,1572671609793
-0.5 ,10.099 ,4.38,23.570316666666667,87.30256666666668 ,31.7937744140625,87.59348368764002 ,26553.0,10:43:29 AM,1572671609797
-1.392 ,10.072 ,6.385,23.570316666666667,87.30256666666668 ,31.7937744140625,87.59348368764002 ,26553.0,10:43:29 AM,1572671609798
-0.059 ,8.657 ,11.442,23.570316666666667,87.30256666666668 ,31.7937744140625,87.59348368764002 ,26553.0,10:43:29 AM,1572671609802
-0.109 ,9.792 ,11.32,23.570316666666667,87.30256666666668 ,31.7937744140625,87.59348368764002 ,26553.0,10:43:29 AM,1572671609803
0.024 ,11.068 ,9.236,23.570316666666667,87.30256666666668 ,31.7937744140625,87.59348368764002 ,26553.0,10:43:29 AM,1572671609808
1.448 ,8.499 ,10.199,23.570316666666667,87.30256666666668 ,31.7937744140625,87.59348368764002 ,26553.0,10:43:29 AM,1572671609808
0.445 ,5.958 ,1.588,23.570316666666667,87.30256666666668 ,31.7937744140625,87.59348368764002 ,26553.0,10:43:29 AM,1572671609813
2.102 ,5.82 ,-2.405,23.570316666666667,87.30256666666668 ,31.7937744140625,87.59348368764002 ,26553.0,10:43:29 AM,1572671609813
1.8 ,7.841 ,0.164,23.570316666666667,87.30256666666668 ,31.7937744140625,87.59348368764002 ,26553.0,10:43:29 AM,1572671609817
0.193 ,11.572 ,2.388,23.570316666666667,87.30256666666668 ,31.7937744140625,87.59348368764002 ,26553.0,10:43:29 AM,1572671609818
-1.785 ,13.977 ,5.672,23.570316666666667,87.30256666666668 ,31.7937744140625,87.59348368764002 ,26553.0,10:43:29 AM,1572671609823
-5.122 ,10.775 ,7.81,23.570316666666667,87.30256666666668 ,31.7937744140625,87.59348368764002 ,26553.0,10:43:29 AM,1572671609824
-5.887 ,6.475 ,8.429,23.570316666666667,87.30256666666668 ,31.7937744140625,87.59348368764002 ,26553.0,10:43:29 AM,1572671609828
-4.649 ,4.088 ,5.952,23.570316666666667,87.30256666666668 ,31.7937744140625,87.59348368764002 ,26553.0,10:43:29 AM,1572671609828
-1.346 ,4.601 ,6.595,23.570316666666667,87.30256666666668 ,31.7937744140625,87.59348368764002 ,26553.0,10:43:29 AM,1572671609833
0.588 ,7.174 ,9.187,23.570316666666667,87.30256666666668 ,31.7937744140625,87.59348368764002 ,26553.0,10:43:29 AM,1572671609833
2.141 ,8.85 ,11.607,23.570316666666667,87.30256666666668 ,31.7937744140625,87.59348368764002 ,26553.0,10:43:29 AM,1572671609840
0.122 ,8.786 ,8.521,23.570316666666667,87.30256666666668 ,31.7937744140625,87.59348368764002 ,26553.0,10:43:29 AM,1572671609841
-1.225 ,5.377 ,9.498,23.570316666666667,87.30256666666668 ,31.7937744140625,87.59348368764002 ,26553.0,10:43:29 AM,1572671609842
-3.348 ,2.753 ,8.917,23.570316666666667,87.30256666666668 ,31.7937744140625,87.59348368764002 ,26553.0,10:43:29 AM,1572671609843
-3.052 ,3.045 ,8.776,23.570395,87.30256833333333 ,30.385495376586913,87.59348368764002 ,26553.0,10:43:29 AM,1572671609847
-0.713 ,4.854 ,12.96,23.570395,87.30256833333333 ,30.385495376586913,87.59348368764002 ,26553.0,10:43:29 AM,1572671609848
0.71 ,6.068 ,18.035,23.570395,87.30256833333333 ,30.385495376586913,87.59348368764002 ,26553.0,10:43:29 AM,1572671609852
2.626 ,6.775 ,16.735,23.570395,87.30256833333333 ,30.385495376586913,87.59348368764002 ,26553.0,10:43:29 AM,1572671609853
2.442 ,3.966 ,10.395,23.570395,87.30256833333333 ,30.385495376586913,87.59348368764002 ,26553.0,10:43:29 AM,1572671609856
1.475 ,0.11 ,7.812,23.570395,87.30256833333333 ,30.385495376586913,87.59348368764002 ,26553.0,10:43:29 AM,1572671609857
0.237 ,2.11 ,4.359,23.570395,87.30256833333333 ,30.385495376586913,87.59348368764002 ,26553.0,10:43:29 AM,1572671609862
-1.575 ,6.591 ,4.967,23.570395,87.30256833333333 ,30.385495376586913,87.59348368764002 ,26553.0,10:43:29 AM,1572671609862
-3.176 ,10.509 ,7.325,23.570395,87.30256833333333 ,30.385495376586913,87.59348368764002 ,26553.0,10:43:29 AM,1572671609867
-4.505 ,11.71 ,6.973,23.570395,87.30256833333333 ,30.385495376586913,87.59348368764002 ,26553.0,10:43:29 AM,1572671609867
-5.493 ,10.149 ,4.39,23.570395,87.30256833333333 ,30.385495376586913,87.59348368764002 ,26553.0,10:43:29 AM,1572671609872
-4.18 ,6.718 ,3.64,23.570395,87.30256833333333 ,30.385495376586913,87.59348368764002 ,26553.0,10:43:29 AM,1572671609872
-2.371 ,5.065 ,4.673,23.570395,87.30256833333333 ,30.385495376586913,87.59348368764002 ,26553.0,10:43:29 AM,1572671609877
0.777 ,7.585 ,7.323,23.570395,87.30256833333333 ,30.385495376586913,87.59348368764002 ,26553.0,10:43:29 AM,1572671609878
3.376 ,11.181 ,8.102,23.570395,87.30256833333333 ,30.385495376586913,87.59348368764002 ,26553.0,10:43:29 AM,1572671609882
3.709 ,12.2 ,5.446,23.570395,87.30256833333333 ,30.385495376586913,87.59348368764002 ,26553.0,10:43:29 AM,1572671609883
2.684 ,11.632 ,2.505,23.570395,87.30256833333333 ,30.385495376586913,87.59348368764002 ,26553.0,10:43:29 AM,1572671609887
1.144 ,10.963 ,-1.135,23.570395,87.30256833333333 ,30.385495376586913,87.59348368764002 ,26553.0,10:43:29 AM,1572671609888
-0.593 ,10.255 ,1.203,23.570395,87.30256833333333 ,30.385495376586913,87.59348368764002 ,26553.0,10:43:29 AM,1572671609892
-1.122 ,10.785 ,4.166,23.570395,87.30256833333333 ,30.385495376586913,87.59348368764002 ,26553.0,10:43:29 AM,1572671609892
0.901 ,11.982 ,7.047,23.570395,87.30256833333333 ,30.385495376586913,87.59348368764002 ,26553.0,10:43:29 AM,1572671609897
2.815 ,11.728 ,7.835,23.570395,87.30256833333333 ,30.385495376586913,87.59348368764002 ,26553.0,10:43:29 AM,1572671609897
2.629 ,9.87 ,6.64,23.570395,87.30256833333333 ,30.385495376586913,87.59348368764002 ,26553.0,10:43:29 AM,1572671609902
1.813 ,8.645 ,4.827,23.570395,87.30256833333333 ,30.385495376586913,87.59348368764002 ,26553.0,10:43:29 AM,1572671609903
1.031 ,8.154 ,5.272,23.570395,87.30256833333333 ,30.385495376586913,87.59348368764002 ,26553.0,10:43:29 AM,1572671609907
-1.723 ,7.288 ,5.578,23.570395,87.30256833333333 ,30.385495376586913,87.59348368764002 ,26553.0,10:43:29 AM,1572671609908
-3.294 ,8.314 ,4.072,23.570395,87.30256833333333 ,30.385495376586913,87.59348368764002 ,26553.0,10:43:29 AM,1572671609912
-2.949 ,10.856 ,0.291,23.570395,87.30256833333333 ,30.385495376586913,87.59348368764002 ,26553.0,10:43:29 AM,1572671609913
-3.363 ,11.432 ,-1.204,23.570395,87.30256833333333 ,30.385495376586913,87.59348368764002 ,26553.0,10:43:29 AM,1572671609917
-3.295 ,11.348 ,-0.688,23.570395,87.30256833333333 ,30.385495376586913,87.59348368764002 ,26553.0,10:43:29 AM,1572671609918
-3.309 ,10.915 ,-1.274,23.570395,87.30256833333333 ,30.385495376586913,87.59348368764002 ,26553.0,10:43:29 AM,1572671609922
-2.07 ,8.478 ,1.457,23.570395,87.30256833333333 ,30.385495376586913,87.59348368764002 ,26553.0,10:43:29 AM,1572671609923
-1.821 ,5.964 ,4.339,23.570395,87.30256833333333 ,30.385495376586913,87.59348368764002 ,26553.0,10:43:29 AM,1572671609928
-0.302 ,6.65 ,5.872,23.570395,87.30256833333333 ,30.385495376586913,87.59348368764002 ,26553.0,10:43:29 AM,1572671609929
0.718 ,8.862 ,7.696,23.570395,87.30256833333333 ,30.385495376586913,87.59348368764002 ,26553.0,10:43:29 AM,1572671609932
0.592 ,9.241 ,10.56,23.570395,87.30256833333333 ,30.385495376586913,87.59348368764002 ,26553.0,10:43:29 AM,1572671609933
0.213 ,9.577 ,11.042,23.570395,87.30256833333333 ,30.385495376586913,87.59348368764002 ,26553.0,10:43:29 AM,1572671609937
-0.124 ,8.949 ,8.553,23.570395,87.30256833333333 ,30.385495376586913,87.59348368764002 ,26553.0,10:43:29 AM,1572671609938
-0.046 ,6.978 ,6.784,23.570395,87.30256833333333 ,30.385495376586913,87.59348368764002 ,26553.0,10:43:29 AM,1572671609942
0.723 ,6.635 ,4.18,23.570395,87.30256833333333 ,30.385495376586913,87.59348368764002 ,26553.0,10:43:29 AM,1572671609943
1.961 ,7.841 ,0.779,23.570395,87.30256833333333 ,30.385495376586913,87.59348368764002 ,26553.0,10:43:29 AM,1572671609947
1.177 ,7.213 ,2.926,23.570395,87.30256833333333 ,30.385495376586913,87.59348368764002 ,26553.0,10:43:29 AM,1572671609948
-1.248 ,5.837 ,4.309,23.570395,87.30256833333333 ,30.385495376586913,87.59348368764002 ,26553.0,10:43:29 AM,1572671609952
-3.471 ,5.546 ,5.328,23.570395,87.30256833333333 ,30.385495376586913,87.59348368764002 ,26553.0,10:43:29 AM,1572671609953
-6.273 ,4.505 ,10.38,23.570395,87.30256833333333 ,30.385495376586913,87.59348368764002 ,26553.0,10:43:29 AM,1572671609957
-8.02 ,5.503 ,14.279,23.570395,87.30256833333333 ,30.385495376586913,87.59348368764002 ,26553.0,10:43:29 AM,1572671609958
-5.678 ,7.491 ,14.224,23.570395,87.30256833333333 ,30.385495376586913,87.59348368764002 ,26553.0,10:43:29 AM,1572671609962
-4.219 ,7.713 ,8.24,23.570395,87.30256833333333 ,30.385495376586913,87.59348368764002 ,26553.0,10:43:29 AM,1572671609962
-1.942 ,5.56 ,5.13,23.570395,87.30256833333333 ,30.385495376586913,87.59348368764002 ,26553.0,10:43:29 AM,1572671609968
0.906 ,6.118 ,3.815,23.570395,87.30256833333333 ,30.385495376586913,87.59348368764002 ,26553.0,10:43:29 AM,1572671609968
0.865 ,7.546 ,4.276,23.570395,87.30256833333333 ,30.385495376586913,87.59348368764002 ,26553.0,10:43:29 AM,1572671609972
0.901 ,7.869 ,10.264,23.570395,87.30256833333333 ,30.385495376586913,87.59348368764002 ,26553.0,10:43:29 AM,1572671609973
-1.067 ,6.731 ,10.743,23.570395,87.30256833333333 ,30.385495376586913,87.59348368764002 ,26553.0,10:43:29 AM,1572671609977
-1.099 ,5.272 ,8.44,23.570395,87.30256833333333 ,30.385495376586913,87.59348368764002 ,26553.0,10:43:29 AM,1572671609977
-0.923 ,3.629 ,9.3,23.570395,87.30256833333333 ,30.385495376586913,87.59348368764002 ,26553.0,10:43:29 AM,1572671609982
-0.982 ,3.519 ,9.264,23.570395,87.30256833333333 ,30.385495376586913,87.59348368764002 ,26553.0,10:43:29 AM,1572671609982
-1.102 ,6.608 ,9.212,23.570395,87.30256833333333 ,30.385495376586913,87.59348368764002 ,26553.0,10:43:29 AM,1572671609987
-1.148 ,8.196 ,10.46,23.570395,87.30256833333333 ,30.385495376586913,87.59348368764002 ,26553.0,10:43:29 AM,1572671609988
-1.257 ,8.546 ,10.808,23.570395,87.30256833333333 ,30.385495376586913,87.59348368764002 ,26553.0,10:43:29 AM,1572671609992
-1.206 ,7.957 ,6.619,23.570395,87.30256833333333 ,30.385495376586913,87.59348368764002 ,26553.0,10:43:29 AM,1572671609993
-0.254 ,7.157 ,0.364,23.570395,87.30256833333333 ,30.385495376586913,87.59348368764002 ,26945.0,10:43:29 AM,1572671609996
-0.222 ,6.871 ,-2.043,23.570395,87.30256833333333 ,30.385495376586913,87.59348368764002 ,26945.0,10:43:29 AM,1572671609997
-0.214 ,8.634 ,-0.309,23.570395,87.30256833333333 ,30.385495376586913,87.59348368764002 ,26945.0,10:43:30 AM,1572671610002
-0.525 ,11.51 ,5.55,23.570395,87.30256833333333 ,30.385495376586913,87.59348368764002 ,26945.0,10:43:30 AM,1572671610003
-1.825 ,11.863 ,9.226,23.570395,87.30256833333333 ,30.385495376586913,87.59348368764002 ,26945.0,10:43:30 AM,1572671610008
-1.424 ,10.292 ,9.662,23.570395,87.30256833333333 ,30.385495376586913,87.59348368764002 ,26945.0,10:43:30 AM,1572671610009
-1.181 ,7.428 ,3.985,23.570395,87.30256833333333 ,30.385495376586913,87.59348368764002 ,26945.0,10:43:30 AM,1572671610012
1.53 ,6.441 ,2.201,23.570395,87.30256833333333 ,30.385495376586913,87.59348368764002 ,26945.0,10:43:30 AM,1572671610013
1.894 ,7.898 ,-0.055,23.570395,87.30256833333333 ,30.385495376586913,87.59348368764002 ,26945.0,10:43:30 AM,1572671610017
1.271 ,9.803 ,1.318,23.570395,87.30256833333333 ,30.385495376586913,87.59348368764002 ,26945.0,10:43:30 AM,1572671610018
-1.017 ,11.057 ,2.249,23.570395,87.30256833333333 ,30.385495376586913,87.59348368764002 ,26945.0,10:43:30 AM,1572671610022
-3.008 ,8.64 ,3.376,23.570395,87.30256833333333 ,30.385495376586913,87.59348368764002 ,26945.0,10:43:30 AM,1572671610023
-4.421 ,6.202 ,1.913,23.570395,87.30256833333333 ,30.385495376586913,87.59348368764002 ,26945.0,10:43:30 AM,1572671610028
-3.873 ,6.149 ,2.718,23.570395,87.30256833333333 ,30.385495376586913,87.59348368764002 ,26945.0,10:43:30 AM,1572671610028
-1.113 ,8.555 ,6.846,23.570395,87.30256833333333 ,30.385495376586913,87.59348368764002 ,26945.0,10:43:30 AM,1572671610032
-0.949 ,10.582 ,7.669,23.570395,87.30256833333333 ,30.385495376586913,87.59348368764002 ,26945.0,10:43:30 AM,1572671610033
1.086 ,11.007 ,10.822,23.570395,87.30256833333333 ,30.385495376586913,87.59348368764002 ,26945.0,10:43:30 AM,1572671610036
2.43 ,9.355 ,8.241,23.570395,87.30256833333333 ,30.385495376586913,87.59348368764002 ,26945.0,10:43:30 AM,1572671610037
1.386 ,6.354 ,3.843,23.570395,87.30256833333333 ,30.385495376586913,87.59348368764002 ,26945.0,10:43:30 AM,1572671610041
