x,y,z,latitude,longitude,speed,sound,light,time,timestamp
5.649 ,8.942 ,2.93,23.574180000000002,87.302665 ,17.394110870361327,76.7068452503586 ,10771.0,10:44:32 AM,1572671672114
5.908 ,6.797 ,-3.994,23.574180000000002,87.302665 ,17.394110870361327,76.7068452503586 ,10771.0,10:44:32 AM,1572671672120
4.268 ,7.008 ,-8.485,23.574180000000002,87.302665 ,17.394110870361327,76.7068452503586 ,10771.0,10:44:32 AM,1572671672120
4.677 ,10.941 ,-7.175,23.574180000000002,87.302665 ,17.394110870361327,76.7068452503586 ,10771.0,10:44:32 AM,1572671672127
2.845 ,12.747 ,-5.154,23.574180000000002,87.302665 ,17.394110870361327,76.7068452503586 ,10771.0,10:44:32 AM,1572671672127
-0.467 ,11.415 ,-3.484,23.574180000000002,87.302665 ,17.394110870361327,76.7068452503586 ,10771.0,10:44:32 AM,1572671672129
-2.116 ,9.885 ,-4.002,23.574180000000002,87.302665 ,17.394110870361327,76.7068452503586 ,10771.0,10:44:32 AM,1572671672130
-2.977 ,8.652 ,-4.597,23.574180000000002,87.302665 ,17.394110870361327,76.7068452503586 ,10771.0,10:44:32 AM,1572671672134
-4.042 ,9.332 ,0.255,23.574180000000002,87.302665 ,17.394110870361327,76.7068452503586 ,10771.0,10:44:32 AM,1572671672135
-4.773 ,13.03 ,2.08,23.574180000000002,87.302665 ,17.394110870361327,76.7068452503586 ,10771.0,10:44:32 AM,1572671672139
-2.984 ,15.565 ,0.802,23.574180000000002,87.302665 ,17.394110870361327,76.7068452503586 ,10771.0,10:44:32 AM,1572671672139
-2.291 ,12.085 ,-3.64,23.574180000000002,87.302665 ,17.394110870361327,76.7068452503586 ,10771.0,10:44:32 AM,1572671672144
-1.358 ,6.963 ,-8.645,23.574180000000002,87.302665 ,17.394110870361327,76.7068452503586 ,10771.0,10:44:32 AM,1572671672145
0.26 ,4.729 ,-10.473,23.574180000000002,87.302665 ,17.394110870361327,76.7068452503586 ,10771.0,10:44:32 AM,1572671672149
1.995 ,6.338 ,-2.185,23.574180000000002,87.302665 ,17.394110870361327,76.7068452503586 ,10771.0,10:44:32 AM,1572671672149
0.643 ,10.089 ,7.142,23.574180000000002,87.302665 ,17.394110870361327,76.7068452503586 ,10771.0,10:44:32 AM,1572671672158
2.831 ,13.328 ,17.989,23.574180000000002,87.302665 ,17.394110870361327,76.7068452503586 ,10771.0,10:44:32 AM,1572671672158
1.671 ,11.94 ,15.302,23.574180000000002,87.302665 ,17.394110870361327,76.7068452503586 ,10771.0,10:44:32 AM,1572671672159
1.94 ,5.28 ,10.774,23.574180000000002,87.302665 ,17.394110870361327,76.7068452503586 ,10771.0,10:44:32 AM,1572671672159
1.224 ,2.212 ,2.675,23.574180000000002,87.302665 ,17.394110870361327,76.7068452503586 ,10771.0,10:44:32 AM,1572671672164
0.826 ,4.349 ,3.166,23.574180000000002,87.302665 ,17.394110870361327,76.7068452503586 ,10771.0,10:44:32 AM,1572671672165
-0.968 ,9.914 ,8.594,23.574180000000002,87.302665 ,17.394110870361327,76.7068452503586 ,10771.0,10:44:32 AM,1572671672170
-1.979 ,14.402 ,15.23,23.574180000000002,87.302665 ,17.394110870361327,76.7068452503586 ,10771.0,10:44:32 AM,1572671672170
-3.713 ,16.011 ,12.842,23.574180000000002,87.302665 ,17.394110870361327,76.7068452503586 ,10771.0,10:44:32 AM,1572671672176
-4.41 ,12.525 ,5.645,23.574180000000002,87.302665 ,17.394110870361327,76.7068452503586 ,10771.0,10:44:32 AM,1572671672176
-5.379 ,8.639 ,-0.118,23.574180000000002,87.302665 ,17.394110870361327,76.7068452503586 ,10771.0,10:44:32 AM,1572671672179
-2.285 ,7.696 ,2.286,23.574180000000002,87.302665 ,17.394110870361327,76.7068452503586 ,10771.0,10:44:32 AM,1572671672180
-2.991 ,10.142 ,1.414,23.574180000000002,87.302665 ,17.394110870361327,76.7068452503586 ,10771.0,10:44:32 AM,1572671672184
-0.925 ,12.08 ,9.926,23.574180000000002,87.302665 ,17.394110870361327,76.7068452503586 ,10771.0,10:44:32 AM,1572671672185
-1.075 ,12.644 ,10.401,23.574180000000002,87.302665 ,17.394110870361327,76.7068452503586 ,10771.0,10:44:32 AM,1572671672191
-1.977 ,10.114 ,6.104,23.574180000000002,87.302665 ,17.394110870361327,76.7068452503586 ,10771.0,10:44:32 AM,1572671672191
-3.069 ,6.231 ,-0.249,23.574180000000002,87.302665 ,17.394110870361327,76.7068452503586 ,10486.0,10:44:32 AM,1572671672193
-4.081 ,3.721 ,-1.669,23.574180000000002,87.302665 ,17.394110870361327,76.7068452503586 ,10486.0,10:44:32 AM,1572671672194
-6.683 ,5.913 ,1.454,23.574180000000002,87.302665 ,17.394110870361327,76.7068452503586 ,10486.0,10:44:32 AM,1572671672198
-6.381 ,7.735 ,9.126,23.574180000000002,87.302665 ,17.394110870361327,76.7068452503586 ,10486.0,10:44:32 AM,1572671672199
-6.499 ,7.239 ,12.32,23.574180000000002,87.302665 ,17.394110870361327,76.7068452503586 ,10486.0,10:44:32 AM,1572671672205
-4.888 ,5.463 ,14.301,23.574180000000002,87.302665 ,17.394110870361327,76.7068452503586 ,10486.0,10:44:32 AM,1572671672206
-1.85 ,4.273 ,14.283,23.574180000000002,87.302665 ,17.394110870361327,76.7068452503586 ,10486.0,10:44:32 AM,1572671672208
1.696 ,3.867 ,10.705,23.574180000000002,87.302665 ,17.394110870361327,76.7068452503586 ,10486.0,10:44:32 AM,1572671672209
4.022 ,4.139 ,5.594,23.574180000000002,87.302665 ,17.394110870361327,76.7068452503586 ,10486.0,10:44:32 AM,1572671672213
6.005 ,5.177 ,3.369,23.574180000000002,87.302665 ,17.394110870361327,76.7068452503586 ,10486.0,10:44:32 AM,1572671672214
5.534 ,6.757 ,-0.592,23.574180000000002,87.302665 ,17.394110870361327,76.7068452503586 ,10486.0,10:44:32 AM,1572671672219
3.041 ,7.576 ,-2.166,23.574180000000002,87.302665 ,17.394110870361327,76.7068452503586 ,10486.0,10:44:32 AM,1572671672220
-0.587 ,9.156 ,-0.228,23.574180000000002,87.302665 ,17.394110870361327,76.7068452503586 ,10486.0,10:44:32 AM,1572671672225
-3.321 ,10.615 ,3.524,23.574180000000002,87.302665 ,17.394110870361327,76.7068452503586 ,10486.0,10:44:32 AM,1572671672225
-5.498 ,9.501 ,7.308,23.574180000000002,87.302665 ,17.394110870361327,76.7068452503586 ,10486.0,10:44:32 AM,1572671672229
-7.867 ,8.551 ,7.882,23.574180000000002,87.302665 ,17.394110870361327,76.7068452503586 ,10486.0,10:44:32 AM,1572671672229
-4.012 ,9.677 ,14.157,23.574180000000002,87.302665 ,17.394110870361327,76.7068452503586 ,10486.0,10:44:32 AM,1572671672234
-1.579 ,9.982 ,14.126,23.574180000000002,87.302665 ,17.394110870361327,76.7068452503586 ,10486.0,10:44:32 AM,1572671672234
-0.035 ,9.72 ,11.081,23.574180000000002,87.302665 ,17.394110870361327,76.7068452503586 ,10486.0,10:44:32 AM,1572671672240
2.677 ,10.909 ,11.065,23.574180000000002,87.302665 ,17.394110870361327,76.7068452503586 ,10486.0,10:44:32 AM,1572671672240
2.39 ,11.824 ,7.597,23.574180000000002,87.302665 ,17.394110870361327,76.7068452503586 ,10486.0,10:44:32 AM,1572671672244
-0.057 ,10.628 ,3.304,23.574180000000002,87.302665 ,17.394110870361327,76.7068452503586 ,10486.0,10:44:32 AM,1572671672245
-0.436 ,9.038 ,2.562,23.574180000000002,87.302665 ,17.394110870361327,76.7068452503586 ,10486.0,10:44:32 AM,1572671672249
-3.266 ,9.714 ,1.683,23.574180000000002,87.302665 ,17.394110870361327,76.7068452503586 ,10486.0,10:44:32 AM,1572671672249
-2.045 ,11.156 ,9.518,23.574180000000002,87.302665 ,17.394110870361327,76.7068452503586 ,10486.0,10:44:32 AM,1572671672257
-2.082 ,11.864 ,13.221,23.574180000000002,87.302665 ,17.394110870361327,76.7068452503586 ,10486.0,10:44:32 AM,1572671672258
-0.192 ,11.494 ,14.728,23.574180000000002,87.302665 ,17.394110870361327,76.7068452503586 ,10486.0,10:44:32 AM,1572671672258
3.171 ,9.72 ,12.674,23.574180000000002,87.302665 ,17.394110870361327,76.7068452503586 ,10486.0,10:44:32 AM,1572671672259
2.541 ,6.35 ,3.155,23.574180000000002,87.302665 ,17.394110870361327,76.7068452503586 ,10486.0,10:44:32 AM,1572671672264
2.301 ,6.071 ,-2.123,23.574180000000002,87.302665 ,17.394110870361327,76.7068452503586 ,10486.0,10:44:32 AM,1572671672264
0.448 ,9.688 ,-5.789,23.574180000000002,87.302665 ,17.394110870361327,76.7068452503586 ,10486.0,10:44:32 AM,1572671672269
-2.853 ,12.183 ,-3.891,23.574180000000002,87.302665 ,17.394110870361327,76.7068452503586 ,10486.0,10:44:32 AM,1572671672269
-4.606 ,12.931 ,-0.574,23.574180000000002,87.302665 ,17.394110870361327,76.7068452503586 ,10486.0,10:44:32 AM,1572671672273
-6.612 ,12.966 ,-3.935,23.574180000000002,87.302665 ,17.394110870361327,76.7068452503586 ,10486.0,10:44:32 AM,1572671672273
-5.48 ,11.76 ,-1.979,23.574180000000002,87.302665 ,17.394110870361327,76.7068452503586 ,10486.0,10:44:32 AM,1572671672278
-4.436 ,8.375 ,0.337,23.574180000000002,87.302665 ,17.394110870361327,76.7068452503586 ,10486.0,10:44:32 AM,1572671672279
-3.519 ,5.008 ,-1.66,23.574180000000002,87.302665 ,17.394110870361327,76.7068452503586 ,10486.0,10:44:32 AM,1572671672284
-1.664 ,3.853 ,-0.803,23.574180000000002,87.302665 ,17.394110870361327,76.7068452503586 ,10486.0,10:44:32 AM,1572671672285
-2.089 ,4.698 ,7.034,23.574180000000002,87.302665 ,17.394110870361327,76.7068452503586 ,10486.0,10:44:32 AM,1572671672289
-3.303 ,7.546 ,14.064,23.574180000000002,87.302665 ,17.394110870361327,76.7068452503586 ,10486.0,10:44:32 AM,1572671672290
-2.617 ,9.884 ,15.373,23.574180000000002,87.302665 ,17.394110870361327,76.7068452503586 ,10486.0,10:44:32 AM,1572671672296
-2.482 ,8.876 ,11.304,23.574180000000002,87.302665 ,17.394110870361327,76.7068452503586 ,10486.0,10:44:32 AM,1572671672297
-0.433 ,7.398 ,7.816,23.574180000000002,87.302665 ,17.394110870361327,76.7068452503586 ,10486.0,10:44:32 AM,1572671672299
2.647 ,7.99 ,6.74,23.574180000000002,87.302665 ,17.394110870361327,76.7068452503586 ,10486.0,10:44:32 AM,1572671672300
3.89 ,10.327 ,5.645,23.574180000000002,87.302665 ,17.394110870361327,76.7068452503586 ,10486.0,10:44:32 AM,1572671672305
3.693 ,12.692 ,9.361,23.574180000000002,87.302665 ,17.394110870361327,76.7068452503586 ,10486.0,10:44:32 AM,1572671672306
2.325 ,13.54 ,14.263,23.574180000000002,87.302665 ,17.394110870361327,76.7068452503586 ,10486.0,10:44:32 AM,1572671672309
1.855 ,9.611 ,15.584,23.574180000000002,87.302665 ,17.394110870361327,76.7068452503586 ,10486.0,10:44:32 AM,1572671672310
-4.299 ,4.668 ,6.873,23.574180000000002,87.302665 ,17.394110870361327,76.7068452503586 ,10486.0,10:44:32 AM,1572671672313
-3.789 ,2.427 ,12.005,23.574180000000002,87.302665 ,17.394110870361327,76.7068452503586 ,10486.0,10:44:32 AM,1572671672314
-5.251 ,4.72 ,16.191,23.574180000000002,87.302665 ,17.394110870361327,76.7068452503586 ,10486.0,10:44:32 AM,1572671672319
-6.41 ,9.563 ,16.247,23.574180000000002,87.302665 ,17.394110870361327,76.7068452503586 ,10486.0,10:44:32 AM,1572671672320
-4.963 ,11.109 ,19.148,23.574180000000002,87.302665 ,17.394110870361327,76.7068452503586 ,10486.0,10:44:32 AM,1572671672325
-4.809 ,10.24 ,10.787,23.574180000000002,87.302665 ,17.394110870361327,76.7068452503586 ,10486.0,10:44:32 AM,1572671672325
-2.596 ,8.213 ,-0.328,23.574180000000002,87.302665 ,17.394110870361327,76.7068452503586 ,10486.0,10:44:32 AM,1572671672328
-1.472 ,4.954 ,-6.29,23.574180000000002,87.302665 ,17.394110870361327,76.7068452503586 ,10486.0,10:44:32 AM,1572671672329
-1.147 ,5.194 ,-5.959,23.574180000000002,87.302665 ,17.394110870361327,76.7068452503586 ,10486.0,10:44:32 AM,1572671672333
1.617 ,8.907 ,0.609,23.574180000000002,87.302665 ,17.394110870361327,76.7068452503586 ,10486.0,10:44:32 AM,1572671672334
0.503 ,10.144 ,4.257,23.574180000000002,87.302665 ,17.394110870361327,76.7068452503586 ,10486.0,10:44:32 AM,1572671672338
0.93 ,10.313 ,8.179,23.574180000000002,87.302665 ,17.394110870361327,76.7068452503586 ,10486.0,10:44:32 AM,1572671672339
1.402 ,10.811 ,5.019,23.574180000000002,87.302665 ,17.394110870361327,76.7068452503586 ,10486.0,10:44:32 AM,1572671672343
0.881 ,9.478 ,-1.918,23.574180000000002,87.302665 ,17.394110870361327,76.7068452503586 ,10486.0,10:44:32 AM,1572671672344
-0.755 ,7.443 ,-8.203,23.574180000000002,87.302665 ,17.394110870361327,76.7068452503586 ,10486.0,10:44:32 AM,1572671672348
-2.201 ,8.051 ,-9.912,23.574180000000002,87.302665 ,17.394110870361327,76.7068452503586 ,10486.0,10:44:32 AM,1572671672349
-3.805 ,9.729 ,-10.4,23.574180000000002,87.302665 ,17.394110870361327,76.7068452503586 ,10486.0,10:44:32 AM,1572671672354
-5.058 ,8.638 ,-6.51,23.574180000000002,87.302665 ,17.394110870361327,76.7068452503586 ,10486.0,10:44:32 AM,1572671672355
-5.079 ,7.513 ,-0.592,23.574180000000002,87.302665 ,17.394110870361327,76.7068452503586 ,10486.0,10:44:32 AM,1572671672359
0.626 ,7.391 ,8.411,23.574180000000002,87.302665 ,17.394110870361327,76.7068452503586 ,10486.0,10:44:32 AM,1572671672360
1.028 ,9.714 ,2.395,23.574180000000002,87.302665 ,17.394110870361327,76.7068452503586 ,10486.0,10:44:32 AM,1572671672364
