x,y,z,latitude,longitude,speed,sound,light,time,timestamp
-1.229 ,5.423 ,10.398,23.57358,87.30264333333335 ,21.094551658630373,72.17009294465561 ,4163.0,10:44:43 AM,1572671683832
-2.135 ,7.077 ,15.096,23.57358,87.30264333333335 ,21.094551658630373,72.17009294465561 ,4163.0,10:44:43 AM,1572671683837
-1.377 ,8.649 ,22.337,23.57358,87.30264333333335 ,21.094551658630373,72.17009294465561 ,4163.0,10:44:43 AM,1572671683838
-2.621 ,7.359 ,20.072,23.57358,87.30264333333335 ,21.094551658630373,72.17009294465561 ,4163.0,10:44:43 AM,1572671683840
-1.351 ,3.67 ,14.236,23.57358,87.30264333333335 ,21.094551658630373,72.17009294465561 ,4163.0,10:44:43 AM,1572671683841
0.57 ,2.118 ,4.318,23.57358,87.30264333333335 ,21.094551658630373,72.17009294465561 ,4163.0,10:44:43 AM,1572671683847
0.286 ,3.089 ,-1.737,23.57358,87.30264333333335 ,21.094551658630373,72.17009294465561 ,4163.0,10:44:43 AM,1572671683848
1.198 ,7.149 ,3.595,23.57358,87.30264333333335 ,21.094551658630373,72.17009294465561 ,4163.0,10:44:43 AM,1572671683854
-0.727 ,9.979 ,7.644,23.57358,87.30264333333335 ,21.094551658630373,72.17009294465561 ,4163.0,10:44:43 AM,1572671683855
-1.931 ,9.889 ,10.755,23.57358,87.30264333333335 ,21.094551658630373,72.17009294465561 ,4163.0,10:44:43 AM,1572671683856
-2.741 ,7.043 ,8.333,23.57358,87.30264333333335 ,21.094551658630373,72.17009294465561 ,4163.0,10:44:43 AM,1572671683856
-2.662 ,4.796 ,7.282,23.573528333333336,87.30264666666666 ,17.55161533355713,72.17009294465561 ,4163.0,10:44:43 AM,1572671683860
-2.25 ,6.215 ,7.962,23.573528333333336,87.30264666666666 ,17.55161533355713,72.17009294465561 ,4163.0,10:44:43 AM,1572671683861
-0.95 ,9.068 ,11.814,23.573528333333336,87.30264666666666 ,17.55161533355713,72.17009294465561 ,4163.0,10:44:43 AM,1572671683865
-0.668 ,11.284 ,8.968,23.573528333333336,87.30264666666666 ,17.55161533355713,72.17009294465561 ,4163.0,10:44:43 AM,1572671683866
1.201 ,10.601 ,3.604,23.573528333333336,87.30264666666666 ,17.55161533355713,72.17009294465561 ,4163.0,10:44:43 AM,1572671683869
0.485 ,9.678 ,-4.708,23.573528333333336,87.30264666666666 ,17.55161533355713,72.17009294465561 ,4163.0,10:44:43 AM,1572671683870
1.42 ,10.338 ,-2.864,23.573528333333336,87.30264666666666 ,17.55161533355713,72.17009294465561 ,4163.0,10:44:43 AM,1572671683875
0.868 ,11.445 ,1.172,23.573528333333336,87.30264666666666 ,17.55161533355713,72.17009294465561 ,4163.0,10:44:43 AM,1572671683875
1.155 ,11.278 ,4.852,23.573528333333336,87.30264666666666 ,17.55161533355713,72.17009294465561 ,4163.0,10:44:43 AM,1572671683879
1.737 ,9.228 ,5.611,23.573528333333336,87.30264666666666 ,17.55161533355713,72.17009294465561 ,4163.0,10:44:43 AM,1572671683880
1.373 ,7.623 ,6.066,23.573528333333336,87.30264666666666 ,17.55161533355713,72.17009294465561 ,4163.0,10:44:43 AM,1572671683885
0.881 ,7.787 ,12.25,23.573528333333336,87.30264666666666 ,17.55161533355713,72.17009294465561 ,4163.0,10:44:43 AM,1572671683885
-0.628 ,7.844 ,14.943,23.573528333333336,87.30264666666666 ,17.55161533355713,72.17009294465561 ,4163.0,10:44:43 AM,1572671683890
-1.121 ,5.583 ,12.855,23.573528333333336,87.30264666666666 ,17.55161533355713,72.17009294465561 ,4163.0,10:44:43 AM,1572671683890
-1.147 ,3.192 ,5.72,23.573528333333336,87.30264666666666 ,17.55161533355713,72.17009294465561 ,4163.0,10:44:43 AM,1572671683895
-1.156 ,3.434 ,1.622,23.573528333333336,87.30264666666666 ,17.55161533355713,72.17009294465561 ,4163.0,10:44:43 AM,1572671683895
-1.079 ,7.093 ,6.296,23.573528333333336,87.30264666666666 ,17.55161533355713,72.17009294465561 ,4163.0,10:44:43 AM,1572671683900
-2.489 ,9.617 ,11.51,23.573528333333336,87.30264666666666 ,17.55161533355713,72.17009294465561 ,4163.0,10:44:43 AM,1572671683900
-2.584 ,8.237 ,12.138,23.573528333333336,87.30264666666666 ,17.55161533355713,72.17009294465561 ,4163.0,10:44:43 AM,1572671683905
-1.05 ,4.345 ,9.285,23.573528333333336,87.30264666666666 ,17.55161533355713,72.17009294465561 ,4163.0,10:44:43 AM,1572671683905
-0.212 ,2.36 ,6.132,23.573528333333336,87.30264666666666 ,17.55161533355713,72.17009294465561 ,4163.0,10:44:43 AM,1572671683910
1.852 ,6.007 ,10.891,23.573528333333336,87.30264666666666 ,17.55161533355713,72.17009294465561 ,4163.0,10:44:43 AM,1572671683910
2.357 ,10.012 ,14.987,23.573528333333336,87.30264666666666 ,17.55161533355713,72.17009294465561 ,4163.0,10:44:43 AM,1572671683915
2.947 ,9.903 ,12.177,23.573528333333336,87.30264666666666 ,17.55161533355713,72.17009294465561 ,4163.0,10:44:43 AM,1572671683915
2.618 ,6.398 ,4.361,23.573528333333336,87.30264666666666 ,17.55161533355713,72.17009294465561 ,4163.0,10:44:43 AM,1572671683919
2.197 ,5.084 ,0.475,23.573528333333336,87.30264666666666 ,17.55161533355713,72.17009294465561 ,4163.0,10:44:43 AM,1572671683920
0.652 ,8.214 ,4.015,23.573528333333336,87.30264666666666 ,17.55161533355713,72.17009294465561 ,4163.0,10:44:43 AM,1572671683925
-1.0 ,11.134 ,11.41,23.573528333333336,87.30264666666666 ,17.55161533355713,72.17009294465561 ,4163.0,10:44:43 AM,1572671683926
-1.562 ,9.671 ,12.559,23.573528333333336,87.30264666666666 ,17.55161533355713,72.17009294465561 ,4163.0,10:44:43 AM,1572671683930
-1.351 ,4.819 ,8.28,23.573528333333336,87.30264666666666 ,17.55161533355713,72.17009294465561 ,4163.0,10:44:43 AM,1572671683931
-0.625 ,2.88 ,7.259,23.573528333333336,87.30264666666666 ,17.55161533355713,72.17009294465561 ,4163.0,10:44:43 AM,1572671683935
-0.628 ,6.148 ,11.659,23.573528333333336,87.30264666666666 ,17.55161533355713,72.17009294465561 ,4163.0,10:44:43 AM,1572671683936
-1.109 ,9.265 ,17.378,23.573528333333336,87.30264666666666 ,17.55161533355713,72.17009294465561 ,4163.0,10:44:43 AM,1572671683940
-1.963 ,7.699 ,13.329,23.573528333333336,87.30264666666666 ,17.55161533355713,72.17009294465561 ,4163.0,10:44:43 AM,1572671683941
-1.412 ,2.478 ,4.548,23.573528333333336,87.30264666666666 ,17.55161533355713,72.17009294465561 ,4163.0,10:44:43 AM,1572671683945
-1.295 ,0.517 ,-0.988,23.573528333333336,87.30264666666666 ,17.55161533355713,72.17009294465561 ,4163.0,10:44:43 AM,1572671683946
-1.742 ,4.347 ,2.238,23.573528333333336,87.30264666666666 ,17.55161533355713,72.17009294465561 ,4163.0,10:44:43 AM,1572671683950
-2.674 ,10.09 ,9.851,23.573528333333336,87.30264666666666 ,17.55161533355713,72.17009294465561 ,4163.0,10:44:43 AM,1572671683951
-4.146 ,11.095 ,13.645,23.573528333333336,87.30264666666666 ,17.55161533355713,72.17009294465561 ,4163.0,10:44:43 AM,1572671683955
-4.415 ,6.598 ,10.609,23.573528333333336,87.30264666666666 ,17.55161533355713,72.17009294465561 ,4163.0,10:44:43 AM,1572671683956
-3.843 ,2.862 ,5.944,23.573528333333336,87.30264666666666 ,17.55161533355713,72.17009294465561 ,4163.0,10:44:43 AM,1572671683960
-1.156 ,4.598 ,7.59,23.573528333333336,87.30264666666666 ,17.55161533355713,72.17009294465561 ,4163.0,10:44:43 AM,1572671683961
-0.034 ,9.725 ,9.889,23.573528333333336,87.30264666666666 ,17.55161533355713,72.17009294465561 ,4163.0,10:44:43 AM,1572671683966
1.308 ,12.647 ,9.582,23.573528333333336,87.30264666666666 ,17.55161533355713,72.17009294465561 ,4163.0,10:44:43 AM,1572671683967
2.563 ,10.755 ,4.898,23.573528333333336,87.30264666666666 ,17.55161533355713,72.17009294465561 ,4163.0,10:44:43 AM,1572671683970
1.388 ,7.186 ,-0.893,23.573528333333336,87.30264666666666 ,17.55161533355713,72.17009294465561 ,4163.0,10:44:43 AM,1572671683971
0.87 ,6.519 ,1.338,23.573528333333336,87.30264666666666 ,17.55161533355713,72.17009294465561 ,4163.0,10:44:43 AM,1572671683975
-1.075 ,8.649 ,6.165,23.573528333333336,87.30264666666666 ,17.55161533355713,72.17009294465561 ,4163.0,10:44:43 AM,1572671683976
-2.177 ,9.421 ,10.58,23.573528333333336,87.30264666666666 ,17.55161533355713,72.17009294465561 ,4163.0,10:44:43 AM,1572671683980
-2.646 ,7.12 ,6.925,23.573528333333336,87.30264666666666 ,17.55161533355713,72.17009294465561 ,4163.0,10:44:43 AM,1572671683981
-2.858 ,3.936 ,3.282,23.573528333333336,87.30264666666666 ,17.55161533355713,72.17009294465561 ,4163.0,10:44:43 AM,1572671683985
-3.045 ,3.343 ,4.913,23.573528333333336,87.30264666666666 ,17.55161533355713,72.17009294465561 ,4163.0,10:44:43 AM,1572671683986
-4.903 ,5.729 ,6.309,23.573528333333336,87.30264666666666 ,17.55161533355713,72.17009294465561 ,4163.0,10:44:43 AM,1572671683990
-4.88 ,7.297 ,7.876,23.573528333333336,87.30264666666666 ,17.55161533355713,72.17009294465561 ,4163.0,10:44:43 AM,1572671683991
-4.32 ,5.273 ,5.259,23.573528333333336,87.30264666666666 ,17.55161533355713,72.17009294465561 ,4351.0,10:44:43 AM,1572671683995
-3.082 ,3.371 ,2.672,23.573528333333336,87.30264666666666 ,17.55161533355713,72.17009294465561 ,4351.0,10:44:43 AM,1572671683996
-1.133 ,5.32 ,3.449,23.573528333333336,87.30264666666666 ,17.55161533355713,72.17009294465561 ,4351.0,10:44:43 AM,1572671684000
0.681 ,8.274 ,7.391,23.573528333333336,87.30264666666666 ,17.55161533355713,72.17009294465561 ,4351.0,10:44:44 AM,1572671684000
2.837 ,9.562 ,10.153,23.573528333333336,87.30264666666666 ,17.55161533355713,72.17009294465561 ,4351.0,10:44:44 AM,1572671684005
4.106 ,7.522 ,6.567,23.573528333333336,87.30264666666666 ,17.55161533355713,72.17009294465561 ,4351.0,10:44:44 AM,1572671684006
5.37 ,5.208 ,1.635,23.573528333333336,87.30264666666666 ,17.55161533355713,72.17009294465561 ,4351.0,10:44:44 AM,1572671684010
5.259 ,6.173 ,0.242,23.573528333333336,87.30264666666666 ,17.55161533355713,72.17009294465561 ,4351.0,10:44:44 AM,1572671684011
2.9 ,9.12 ,3.804,23.573528333333336,87.30264666666666 ,17.55161533355713,72.17009294465561 ,4351.0,10:44:44 AM,1572671684015
-0.058 ,10.397 ,7.561,23.573528333333336,87.30264666666666 ,17.55161533355713,72.17009294465561 ,4351.0,10:44:44 AM,1572671684015
-3.737 ,7.369 ,5.906,23.573528333333336,87.30264666666666 ,17.55161533355713,72.17009294465561 ,4351.0,10:44:44 AM,1572671684020
-5.584 ,2.952 ,4.3,23.573528333333336,87.30264666666666 ,17.55161533355713,72.17009294465561 ,4351.0,10:44:44 AM,1572671684020
-6.228 ,2.408 ,5.216,23.573528333333336,87.30264666666666 ,17.55161533355713,72.17009294465561 ,4351.0,10:44:44 AM,1572671684025
-4.441 ,5.543 ,10.811,23.573528333333336,87.30264666666666 ,17.55161533355713,72.17009294465561 ,4351.0,10:44:44 AM,1572671684027
-1.76 ,8.98 ,14.345,23.573528333333336,87.30264666666666 ,17.55161533355713,72.17009294465561 ,4351.0,10:44:44 AM,1572671684030
1.49 ,8.164 ,11.834,23.573528333333336,87.30264666666666 ,17.55161533355713,72.17009294465561 ,4351.0,10:44:44 AM,1572671684031
4.756 ,5.181 ,4.635,23.573528333333336,87.30264666666666 ,17.55161533355713,72.17009294465561 ,4351.0,10:44:44 AM,1572671684035
5.745 ,3.956 ,-1.753,23.573528333333336,87.30264666666666 ,17.55161533355713,72.17009294465561 ,4351.0,10:44:44 AM,1572671684036
6.177 ,7.043 ,1.536,23.573528333333336,87.30264666666666 ,17.55161533355713,72.17009294465561 ,4351.0,10:44:44 AM,1572671684040
3.682 ,11.62 ,5.596,23.573528333333336,87.30264666666666 ,17.55161533355713,72.17009294465561 ,4351.0,10:44:44 AM,1572671684040
1.535 ,12.313 ,9.363,23.573528333333336,87.30264666666666 ,17.55161533355713,72.17009294465561 ,4351.0,10:44:44 AM,1572671684045
-0.744 ,8.248 ,6.709,23.573528333333336,87.30264666666666 ,17.55161533355713,72.17009294465561 ,4351.0,10:44:44 AM,1572671684046
-1.911 ,3.719 ,3.57,23.573528333333336,87.30264666666666 ,17.55161533355713,72.17009294465561 ,4351.0,10:44:44 AM,1572671684050
-1.395 ,2.978 ,6.487,23.573528333333336,87.30264666666666 ,17.55161533355713,72.17009294465561 ,4351.0,10:44:44 AM,1572671684051
-2.274 ,5.948 ,13.425,23.573528333333336,87.30264666666666 ,17.55161533355713,71.96913280322163 ,4351.0,10:44:44 AM,1572671684055
-2.18 ,8.761 ,19.399,23.573528333333336,87.30264666666666 ,17.55161533355713,71.96913280322163 ,4351.0,10:44:44 AM,1572671684056
-2.346 ,7.151 ,17.4,23.573528333333336,87.30264666666666 ,17.55161533355713,71.96913280322163 ,4351.0,10:44:44 AM,1572671684060
-2.532 ,3.413 ,8.966,23.573528333333336,87.30264666666666 ,17.55161533355713,71.96913280322163 ,4351.0,10:44:44 AM,1572671684060
-1.184 ,2.23 ,2.151,23.573528333333336,87.30264666666666 ,17.55161533355713,71.96913280322163 ,4351.0,10:44:44 AM,1572671684065
-1.33 ,4.72 ,-0.791,23.573528333333336,87.30264666666666 ,17.55161533355713,71.96913280322163 ,4351.0,10:44:44 AM,1572671684066
-1.315 ,8.11 ,1.896,23.573528333333336,87.30264666666666 ,17.55161533355713,71.96913280322163 ,4351.0,10:44:44 AM,1572671684070
-1.882 ,8.71 ,3.116,23.573528333333336,87.30264666666666 ,17.55161533355713,71.96913280322163 ,4351.0,10:44:44 AM,1572671684071
-2.335 ,5.704 ,3.766,23.573528333333336,87.30264666666666 ,17.55161533355713,71.96913280322163 ,4351.0,10:44:44 AM,1572671684074
-2.863 ,2.585 ,7.112,23.573528333333336,87.30264666666666 ,17.55161533355713,71.96913280322163 ,4351.0,10:44:44 AM,1572671684075
-2.966 ,1.963 ,13.531,23.573528333333336,87.30264666666666 ,17.55161533355713,71.96913280322163 ,4351.0,10:44:44 AM,1572671684079
