x,y,z,latitude,longitude,speed,sound,light,time,timestamp
3.884 ,12.14 ,8.941,23.573480000000004,87.30260666666666 ,26.358925437927248,86.60114975027437 ,17549.0,10:44:15 AM,1572671655662
4.785 ,7.079 ,1.958,23.573480000000004,87.30260666666666 ,26.358925437927248,86.60114975027437 ,17549.0,10:44:15 AM,1572671655666
4.371 ,4.618 ,-2.494,23.573480000000004,87.30260666666666 ,26.358925437927248,86.60114975027437 ,17549.0,10:44:15 AM,1572671655667
3.84 ,7.982 ,2.782,23.573480000000004,87.30260666666666 ,26.358925437927248,86.60114975027437 ,17549.0,10:44:15 AM,1572671655671
0.906 ,13.605 ,7.468,23.573480000000004,87.30260666666666 ,26.358925437927248,86.60114975027437 ,17549.0,10:44:15 AM,1572671655672
0.036 ,15.944 ,10.547,23.573480000000004,87.30260666666666 ,26.358925437927248,86.60114975027437 ,17549.0,10:44:15 AM,1572671655676
-2.842 ,12.848 ,5.303,23.573480000000004,87.30260666666666 ,26.358925437927248,86.60114975027437 ,17549.0,10:44:15 AM,1572671655676
-4.02 ,8.214 ,2.217,23.573480000000004,87.30260666666666 ,26.358925437927248,86.60114975027437 ,17549.0,10:44:15 AM,1572671655680
-4.002 ,7.585 ,-0.199,23.573480000000004,87.30260666666666 ,26.358925437927248,86.60114975027437 ,17549.0,10:44:15 AM,1572671655681
-2.258 ,9.948 ,5.368,23.573480000000004,87.30260666666666 ,26.358925437927248,86.60114975027437 ,17549.0,10:44:15 AM,1572671655686
-0.63 ,12.73 ,11.849,23.573480000000004,87.30260666666666 ,26.358925437927248,86.60114975027437 ,17549.0,10:44:15 AM,1572671655687
0.191 ,13.709 ,10.654,23.573480000000004,87.30260666666666 ,26.358925437927248,86.60114975027437 ,17549.0,10:44:15 AM,1572671655691
1.992 ,11.5 ,6.505,23.573480000000004,87.30260666666666 ,26.358925437927248,86.60114975027437 ,17549.0,10:44:15 AM,1572671655692
0.944 ,7.128 ,1.532,23.573480000000004,87.30260666666666 ,26.358925437927248,86.60114975027437 ,17549.0,10:44:15 AM,1572671655696
0.656 ,5.272 ,-1.456,23.573480000000004,87.30260666666666 ,26.358925437927248,86.60114975027437 ,17549.0,10:44:15 AM,1572671655696
0.493 ,7.172 ,-0.565,23.573480000000004,87.30260666666666 ,26.358925437927248,86.60114975027437 ,17549.0,10:44:15 AM,1572671655700
-0.829 ,9.581 ,5.217,23.573480000000004,87.30260666666666 ,26.358925437927248,86.60114975027437 ,17549.0,10:44:15 AM,1572671655701
-0.248 ,11.426 ,7.193,23.573480000000004,87.30260666666666 ,26.358925437927248,86.60114975027437 ,17549.0,10:44:15 AM,1572671655706
-0.884 ,9.638 ,2.904,23.573480000000004,87.30260666666666 ,26.358925437927248,86.60114975027437 ,17549.0,10:44:15 AM,1572671655706
-1.801 ,5.13 ,-0.563,23.573480000000004,87.30260666666666 ,26.358925437927248,86.60114975027437 ,17549.0,10:44:15 AM,1572671655711
-1.697 ,3.921 ,-5.165,23.573480000000004,87.30260666666666 ,26.358925437927248,86.60114975027437 ,17549.0,10:44:15 AM,1572671655712
-2.301 ,5.579 ,-3.906,23.573480000000004,87.30260666666666 ,26.358925437927248,86.60114975027437 ,17549.0,10:44:15 AM,1572671655716
-3.969 ,9.132 ,2.017,23.573480000000004,87.30260666666666 ,26.358925437927248,86.60114975027437 ,17549.0,10:44:15 AM,1572671655716
-5.236 ,12.099 ,7.225,23.573480000000004,87.30260666666666 ,26.358925437927248,86.60114975027437 ,17549.0,10:44:15 AM,1572671655720
-5.149 ,12.131 ,8.355,23.573480000000004,87.30260666666666 ,26.358925437927248,86.60114975027437 ,17549.0,10:44:15 AM,1572671655721
-5.093 ,8.025 ,5.467,23.573480000000004,87.30260666666666 ,26.358925437927248,86.60114975027437 ,17549.0,10:44:15 AM,1572671655726
-1.682 ,3.866 ,5.948,23.573480000000004,87.30260666666666 ,26.358925437927248,86.60114975027437 ,17549.0,10:44:15 AM,1572671655727
1.725 ,4.847 ,3.572,23.573480000000004,87.30260666666666 ,26.358925437927248,87.24543108597592 ,17549.0,10:44:15 AM,1572671655731
4.645 ,7.897 ,8.219,23.573480000000004,87.30260666666666 ,26.358925437927248,87.24543108597592 ,17549.0,10:44:15 AM,1572671655732
5.426 ,11.939 ,12.4,23.573480000000004,87.30260666666666 ,26.358925437927248,87.24543108597592 ,17549.0,10:44:15 AM,1572671655736
4.105 ,12.524 ,12.34,23.573480000000004,87.30260666666666 ,26.358925437927248,87.24543108597592 ,17549.0,10:44:15 AM,1572671655737
1.149 ,8.71 ,11.181,23.573480000000004,87.30260666666666 ,26.358925437927248,87.24543108597592 ,17549.0,10:44:15 AM,1572671655741
-2.426 ,4.199 ,5.655,23.573480000000004,87.30260666666666 ,26.358925437927248,87.24543108597592 ,17549.0,10:44:15 AM,1572671655742
-3.981 ,1.831 ,3.601,23.573480000000004,87.30260666666666 ,26.358925437927248,87.24543108597592 ,17549.0,10:44:15 AM,1572671655746
-5.523 ,2.397 ,8.375,23.573480000000004,87.30260666666666 ,26.358925437927248,87.24543108597592 ,17549.0,10:44:15 AM,1572671655747
-6.439 ,6.858 ,13.42,23.573480000000004,87.30260666666666 ,26.358925437927248,87.24543108597592 ,17549.0,10:44:15 AM,1572671655750
-4.653 ,8.809 ,17.054,23.573480000000004,87.30260666666666 ,26.358925437927248,87.24543108597592 ,17549.0,10:44:15 AM,1572671655751
-5.379 ,5.618 ,13.502,23.573480000000004,87.30260666666666 ,26.358925437927248,87.24543108597592 ,17549.0,10:44:15 AM,1572671655755
-4.313 ,1.102 ,5.813,23.573480000000004,87.30260666666666 ,26.358925437927248,87.24543108597592 ,17549.0,10:44:15 AM,1572671655756
-2.724 ,-0.089 ,-3.873,23.573480000000004,87.30260666666666 ,26.358925437927248,87.24543108597592 ,17549.0,10:44:15 AM,1572671655760
-1.017 ,2.867 ,-2.889,23.573480000000004,87.30260666666666 ,26.358925437927248,87.24543108597592 ,17549.0,10:44:15 AM,1572671655761
0.194 ,9.68 ,1.519,23.573480000000004,87.30260666666666 ,26.358925437927248,87.24543108597592 ,17549.0,10:44:15 AM,1572671655766
0.113 ,14.123 ,1.938,23.573480000000004,87.30260666666666 ,26.358925437927248,87.24543108597592 ,17549.0,10:44:15 AM,1572671655767
-1.122 ,11.885 ,3.946,23.573480000000004,87.30260666666666 ,26.358925437927248,87.24543108597592 ,17549.0,10:44:15 AM,1572671655771
-1.947 ,7.162 ,2.463,23.573480000000004,87.30260666666666 ,26.358925437927248,87.24543108597592 ,17549.0,10:44:15 AM,1572671655772
-0.463 ,4.547 ,2.029,23.573480000000004,87.30260666666666 ,26.358925437927248,87.24543108597592 ,17549.0,10:44:15 AM,1572671655775
1.952 ,5.496 ,10.357,23.573480000000004,87.30260666666666 ,26.358925437927248,87.24543108597592 ,17549.0,10:44:15 AM,1572671655776
3.693 ,10.897 ,17.204,23.573480000000004,87.30260666666666 ,26.358925437927248,87.24543108597592 ,17549.0,10:44:15 AM,1572671655780
3.652 ,15.151 ,14.111,23.573480000000004,87.30260666666666 ,26.358925437927248,87.24543108597592 ,17549.0,10:44:15 AM,1572671655781
4.63 ,12.036 ,12.256,23.573480000000004,87.30260666666666 ,26.358925437927248,87.24543108597592 ,17549.0,10:44:15 AM,1572671655788
2.557 ,7.057 ,6.078,23.573480000000004,87.30260666666666 ,26.358925437927248,87.24543108597592 ,17549.0,10:44:15 AM,1572671655789
1.08 ,5.259 ,-2.427,23.573480000000004,87.30260666666666 ,26.358925437927248,87.24543108597592 ,17549.0,10:44:15 AM,1572671655790
1.004 ,6.539 ,-2.742,23.573480000000004,87.30260666666666 ,26.358925437927248,87.24543108597592 ,17549.0,10:44:15 AM,1572671655791
-1.141 ,8.628 ,1.303,23.573480000000004,87.30260666666666 ,26.358925437927248,87.24543108597592 ,13343.0,10:44:15 AM,1572671655796
-1.113 ,11.984 ,5.177,23.573480000000004,87.30260666666666 ,26.358925437927248,87.24543108597592 ,13343.0,10:44:15 AM,1572671655797
-2.621 ,11.026 ,8.534,23.573480000000004,87.30260666666666 ,26.358925437927248,87.24543108597592 ,13343.0,10:44:15 AM,1572671655800
-4.328 ,7.778 ,10.477,23.573480000000004,87.30260666666666 ,26.358925437927248,87.24543108597592 ,13343.0,10:44:15 AM,1572671655801
-2.122 ,5.794 ,7.061,23.573480000000004,87.30260666666666 ,26.358925437927248,87.24543108597592 ,13343.0,10:44:15 AM,1572671655805
-1.023 ,5.384 ,2.37,23.573480000000004,87.30260666666666 ,26.358925437927248,87.24543108597592 ,13343.0,10:44:15 AM,1572671655806
-0.324 ,7.093 ,2.697,23.573480000000004,87.30260666666666 ,26.358925437927248,87.24543108597592 ,13343.0,10:44:15 AM,1572671655810
0.313 ,11.213 ,1.664,23.573480000000004,87.30260666666666 ,26.358925437927248,87.24543108597592 ,13343.0,10:44:15 AM,1572671655811
-0.922 ,12.416 ,0.966,23.573480000000004,87.30260666666666 ,26.358925437927248,87.24543108597592 ,13343.0,10:44:15 AM,1572671655815
-3.56 ,11.079 ,2.258,23.573480000000004,87.30260666666666 ,26.358925437927248,87.24543108597592 ,13343.0,10:44:15 AM,1572671655815
-4.153 ,8.931 ,2.643,23.573480000000004,87.30260666666666 ,26.358925437927248,87.24543108597592 ,13343.0,10:44:15 AM,1572671655821
-2.692 ,8.529 ,3.772,23.573480000000004,87.30260666666666 ,26.358925437927248,87.24543108597592 ,13343.0,10:44:15 AM,1572671655822
-2.034 ,8.196 ,7.19,23.573480000000004,87.30260666666666 ,26.358925437927248,87.24543108597592 ,13343.0,10:44:15 AM,1572671655831
1.52 ,10.113 ,11.994,23.573480000000004,87.30260666666666 ,26.358925437927248,87.24543108597592 ,13343.0,10:44:15 AM,1572671655832
2.192 ,10.862 ,11.104,23.573480000000004,87.30260666666666 ,26.358925437927248,87.24543108597592 ,13343.0,10:44:15 AM,1572671655833
2.382 ,8.288 ,13.968,23.573480000000004,87.30260666666666 ,26.358925437927248,87.24543108597592 ,13343.0,10:44:15 AM,1572671655834
0.634 ,6.045 ,7.986,23.573480000000004,87.30260666666666 ,26.358925437927248,87.24543108597592 ,13343.0,10:44:15 AM,1572671655837
-0.136 ,4.531 ,5.042,23.573480000000004,87.30260666666666 ,26.358925437927248,87.24543108597592 ,13343.0,10:44:15 AM,1572671655838
-1.698 ,4.596 ,5.796,23.57354666666667,87.30260833333332 ,27.720879936218264,87.24543108597592 ,13343.0,10:44:15 AM,1572671655840
-3.002 ,7.89 ,9.203,23.57354666666667,87.30260833333332 ,27.720879936218264,87.24543108597592 ,13343.0,10:44:15 AM,1572671655841
-2.729 ,11.724 ,13.197,23.57354666666667,87.30260833333332 ,27.720879936218264,87.24543108597592 ,13343.0,10:44:15 AM,1572671655846
-3.823 ,10.696 ,14.816,23.57354666666667,87.30260833333332 ,27.720879936218264,87.24543108597592 ,13343.0,10:44:15 AM,1572671655846
-2.963 ,6.671 ,11.205,23.57354666666667,87.30260833333332 ,27.720879936218264,87.24543108597592 ,13343.0,10:44:15 AM,1572671655850
-0.052 ,3.447 ,2.271,23.57354666666667,87.30260833333332 ,27.720879936218264,87.24543108597592 ,13343.0,10:44:15 AM,1572671655851
1.18 ,2.614 ,1.769,23.57354666666667,87.30260833333332 ,27.720879936218264,87.24543108597592 ,13343.0,10:44:15 AM,1572671655854
2.046 ,7.325 ,5.328,23.57354666666667,87.30260833333332 ,27.720879936218264,87.24543108597592 ,13343.0,10:44:15 AM,1572671655855
0.85 ,13.576 ,3.998,23.57354666666667,87.30260833333332 ,27.720879936218264,87.24543108597592 ,13343.0,10:44:15 AM,1572671655859
-1.214 ,13.181 ,8.107,23.57354666666667,87.30260833333332 ,27.720879936218264,87.24543108597592 ,13343.0,10:44:15 AM,1572671655860
-4.5 ,9.592 ,4.179,23.57354666666667,87.30260833333332 ,27.720879936218264,87.24543108597592 ,13343.0,10:44:15 AM,1572671655865
-3.135 ,6.274 ,-0.542,23.57354666666667,87.30260833333332 ,27.720879936218264,87.24543108597592 ,13343.0,10:44:15 AM,1572671655866
-2.639 ,5.294 ,-2.064,23.57354666666667,87.30260833333332 ,27.720879936218264,87.24543108597592 ,13343.0,10:44:15 AM,1572671655870
0.032 ,8.074 ,7.533,23.57354666666667,87.30260833333332 ,27.720879936218264,87.24543108597592 ,13343.0,10:44:15 AM,1572671655870
0.497 ,13.586 ,7.349,23.57354666666667,87.30260833333332 ,27.720879936218264,87.24543108597592 ,13343.0,10:44:15 AM,1572671655875
0.719 ,12.349 ,10.737,23.57354666666667,87.30260833333332 ,27.720879936218264,87.24543108597592 ,13343.0,10:44:15 AM,1572671655875
-0.718 ,5.785 ,10.513,23.57354666666667,87.30260833333332 ,27.720879936218264,87.24543108597592 ,13343.0,10:44:15 AM,1572671655879
-1.214 ,1.938 ,1.281,23.57354666666667,87.30260833333332 ,27.720879936218264,87.24543108597592 ,13343.0,10:44:15 AM,1572671655880
-0.768 ,1.465 ,0.483,23.57354666666667,87.30260833333332 ,27.720879936218264,87.24543108597592 ,13343.0,10:44:15 AM,1572671655885
-1.163 ,4.096 ,3.677,23.57354666666667,87.30260833333332 ,27.720879936218264,87.24543108597592 ,13343.0,10:44:15 AM,1572671655885
0.832 ,10.707 ,7.752,23.57354666666667,87.30260833333332 ,27.720879936218264,87.24543108597592 ,13343.0,10:44:15 AM,1572671655890
-0.428 ,12.046 ,6.749,23.57354666666667,87.30260833333332 ,27.720879936218264,87.24543108597592 ,13343.0,10:44:15 AM,1572671655890
-2.231 ,7.947 ,7.038,23.57354666666667,87.30260833333332 ,27.720879936218264,87.24543108597592 ,13343.0,10:44:15 AM,1572671655894
-1.329 ,4.662 ,3.149,23.57354666666667,87.30260833333332 ,27.720879936218264,87.24543108597592 ,13343.0,10:44:15 AM,1572671655895
-1.037 ,3.35 ,-0.058,23.57354666666667,87.30260833333332 ,27.720879936218264,87.24543108597592 ,13343.0,10:44:15 AM,1572671655899
-0.832 ,5.129 ,7.639,23.57354666666667,87.30260833333332 ,27.720879936218264,87.24543108597592 ,13343.0,10:44:15 AM,1572671655900
-0.557 ,11.247 ,13.051,23.57354666666667,87.30260833333332 ,27.720879936218264,87.24543108597592 ,13343.0,10:44:15 AM,1572671655905
-1.159 ,14.218 ,13.402,23.57354666666667,87.30260833333332 ,27.720879936218264,87.24543108597592 ,13343.0,10:44:15 AM,1572671655906
-1.585 ,10.395 ,15.007,23.57354666666667,87.30260833333332 ,27.720879936218264,87.24543108597592 ,13343.0,10:44:15 AM,1572671655910
