x,y,z,latitude,longitude,speed,sound,light,time,timestamp
-0.95 ,9.46 ,0.04,23.556289999999997,87.29868333333334 ,30.478144454956055,85.96010541290566 ,50920.0,10:39:32 AM,1572671372028
0.364 ,10.182 ,7.86,23.556289999999997,87.29868333333334 ,30.478144454956055,85.96010541290566 ,50920.0,10:39:32 AM,1572671372029
-1.436 ,9.862 ,8.34,23.556289999999997,87.29868333333334 ,30.478144454956055,85.96010541290566 ,50920.0,10:39:32 AM,1572671372034
0.532 ,10.746 ,8.532,23.556289999999997,87.29868333333334 ,30.478144454956055,85.96010541290566 ,50920.0,10:39:32 AM,1572671372034
0.735 ,11.911 ,10.354,23.556289999999997,87.29868333333334 ,30.478144454956055,85.96010541290566 ,50920.0,10:39:32 AM,1572671372039
0.21 ,12.475 ,7.368,23.556289999999997,87.29868333333334 ,30.478144454956055,85.96010541290566 ,50920.0,10:39:32 AM,1572671372040
1.478 ,10.74 ,6.151,23.556289999999997,87.29868333333334 ,30.478144454956055,85.96010541290566 ,50920.0,10:39:32 AM,1572671372043
-0.014 ,6.486 ,3.668,23.556289999999997,87.29868333333334 ,30.478144454956055,85.96010541290566 ,50920.0,10:39:32 AM,1572671372043
-1.223 ,5.71 ,0.13,23.556289999999997,87.29868333333334 ,30.478144454956055,86.85971945993384 ,50920.0,10:39:32 AM,1572671372050
-1.554 ,7.642 ,5.954,23.556289999999997,87.29868333333334 ,30.478144454956055,86.85971945993384 ,50920.0,10:39:32 AM,1572671372050
-3.733 ,8.373 ,8.265,23.556289999999997,87.29868333333334 ,30.478144454956055,86.85971945993384 ,50920.0,10:39:32 AM,1572671372054
-1.828 ,7.74 ,10.009,23.556289999999997,87.29868333333334 ,30.478144454956055,86.85971945993384 ,50920.0,10:39:32 AM,1572671372055
-2.822 ,4.313 ,8.231,23.556289999999997,87.29868333333334 ,30.478144454956055,86.85971945993384 ,50920.0,10:39:32 AM,1572671372058
-0.277 ,4.448 ,3.276,23.556289999999997,87.29868333333334 ,30.478144454956055,86.85971945993384 ,50920.0,10:39:32 AM,1572671372059
0.717 ,8.797 ,4.488,23.556289999999997,87.29868333333334 ,30.478144454956055,86.85971945993384 ,50920.0,10:39:32 AM,1572671372066
-1.109 ,11.966 ,4.062,23.556289999999997,87.29868333333334 ,30.478144454956055,86.85971945993384 ,50920.0,10:39:32 AM,1572671372066
-0.659 ,12.071 ,0.313,23.556289999999997,87.29868333333334 ,30.478144454956055,86.85971945993384 ,50920.0,10:39:32 AM,1572671372069
-2.929 ,7.234 ,-4.32,23.556289999999997,87.29868333333334 ,30.478144454956055,86.85971945993384 ,50920.0,10:39:32 AM,1572671372070
-3.81 ,5.423 ,-7.283,23.556289999999997,87.29868333333334 ,30.478144454956055,86.85971945993384 ,50920.0,10:39:32 AM,1572671372075
-3.794 ,8.502 ,-3.157,23.556289999999997,87.29868333333334 ,30.478144454956055,86.85971945993384 ,50920.0,10:39:32 AM,1572671372076
-2.863 ,12.458 ,8.139,23.556289999999997,87.29868333333334 ,30.478144454956055,86.85971945993384 ,50920.0,10:39:32 AM,1572671372079
-2.328 ,13.574 ,9.258,23.556289999999997,87.29868333333334 ,30.478144454956055,86.85971945993384 ,50920.0,10:39:32 AM,1572671372080
0.298 ,9.087 ,12.315,23.556289999999997,87.29868333333334 ,30.478144454956055,86.85971945993384 ,50920.0,10:39:32 AM,1572671372084
0.922 ,4.152 ,3.108,23.556289999999997,87.29868333333334 ,30.478144454956055,86.85971945993384 ,50920.0,10:39:32 AM,1572671372085
2.335 ,4.734 ,2.358,23.556289999999997,87.29868333333334 ,30.478144454956055,86.85971945993384 ,50920.0,10:39:32 AM,1572671372089
1.817 ,9.809 ,7.451,23.556289999999997,87.29868333333334 ,30.478144454956055,86.85971945993384 ,50920.0,10:39:32 AM,1572671372090
2.021 ,13.586 ,10.342,23.556289999999997,87.29868333333334 ,30.478144454956055,86.85971945993384 ,50920.0,10:39:32 AM,1572671372093
-0.291 ,12.429 ,7.472,23.556289999999997,87.29868333333334 ,30.478144454956055,86.85971945993384 ,50920.0,10:39:32 AM,1572671372094
-0.439 ,6.921 ,3.877,23.556289999999997,87.29868333333334 ,30.478144454956055,86.85971945993384 ,50920.0,10:39:32 AM,1572671372100
-1.407 ,3.845 ,-1.5,23.556289999999997,87.29868333333334 ,30.478144454956055,86.85971945993384 ,50920.0,10:39:32 AM,1572671372101
-1.022 ,3.781 ,5.637,23.556289999999997,87.29868333333334 ,30.478144454956055,86.85971945993384 ,50920.0,10:39:32 AM,1572671372103
-1.619 ,6.051 ,9.724,23.556289999999997,87.29868333333334 ,30.478144454956055,86.85971945993384 ,50920.0,10:39:32 AM,1572671372104
-0.3 ,6.398 ,17.034,23.556289999999997,87.29868333333334 ,30.478144454956055,86.85971945993384 ,50920.0,10:39:32 AM,1572671372108
-1.629 ,4.306 ,12.124,23.556289999999997,87.29868333333334 ,30.478144454956055,86.85971945993384 ,50920.0,10:39:32 AM,1572671372108
-1.771 ,3.815 ,7.148,23.556289999999997,87.29868333333334 ,30.478144454956055,86.85971945993384 ,50920.0,10:39:32 AM,1572671372116
-1.687 ,7.38 ,8.571,23.556289999999997,87.29868333333334 ,30.478144454956055,86.85971945993384 ,50920.0,10:39:32 AM,1572671372117
-2.525 ,12.478 ,7.67,23.556289999999997,87.29868333333334 ,30.478144454956055,86.85971945993384 ,50920.0,10:39:32 AM,1572671372118
-2.167 ,14.365 ,6.996,23.556289999999997,87.29868333333334 ,30.478144454956055,86.85971945993384 ,50920.0,10:39:32 AM,1572671372119
-0.743 ,10.952 ,3.179,23.556289999999997,87.29868333333334 ,30.478144454956055,86.85971945993384 ,50920.0,10:39:32 AM,1572671372124
-0.911 ,7.752 ,-5.136,23.556289999999997,87.29868333333334 ,30.478144454956055,86.85971945993384 ,50920.0,10:39:32 AM,1572671372125
2.28 ,7.442 ,-2.965,23.556289999999997,87.29868333333334 ,30.478144454956055,86.85971945993384 ,50920.0,10:39:32 AM,1572671372129
1.691 ,9.153 ,-0.203,23.556289999999997,87.29868333333334 ,30.478144454956055,86.85971945993384 ,50920.0,10:39:32 AM,1572671372130
2.76 ,11.696 ,7.094,23.556289999999997,87.29868333333334 ,30.478144454956055,86.85971945993384 ,50920.0,10:39:32 AM,1572671372136
0.328 ,10.344 ,9.012,23.556289999999997,87.29868333333334 ,30.478144454956055,86.85971945993384 ,50920.0,10:39:32 AM,1572671372137
-0.793 ,8.846 ,4.994,23.556289999999997,87.29868333333334 ,30.478144454956055,86.85971945993384 ,50920.0,10:39:32 AM,1572671372138
-2.097 ,8.795 ,5.541,23.556289999999997,87.29868333333334 ,30.478144454956055,86.85971945993384 ,50920.0,10:39:32 AM,1572671372138
-2.905 ,10.819 ,6.364,23.556289999999997,87.29868333333334 ,30.478144454956055,86.85971945993384 ,50920.0,10:39:32 AM,1572671372143
-2.777 ,12.733 ,5.995,23.556289999999997,87.29868333333334 ,30.478144454956055,86.85971945993384 ,50920.0,10:39:32 AM,1572671372143
-1.403 ,10.06 ,7.333,23.556289999999997,87.29868333333334 ,30.478144454956055,86.85971945993384 ,50920.0,10:39:32 AM,1572671372149
-2.147 ,6.49 ,-0.431,23.556289999999997,87.29868333333334 ,30.478144454956055,86.85971945993384 ,50920.0,10:39:32 AM,1572671372150
0.116 ,4.171 ,1.833,23.556289999999997,87.29868333333334 ,30.478144454956055,86.85971945993384 ,50920.0,10:39:32 AM,1572671372153
-1.429 ,4.124 ,4.982,23.556289999999997,87.29868333333334 ,30.478144454956055,86.85971945993384 ,50920.0,10:39:32 AM,1572671372154
-1.186 ,5.417 ,12.725,23.556289999999997,87.29868333333334 ,30.478144454956055,86.85971945993384 ,50920.0,10:39:32 AM,1572671372158
-2.0 ,6.079 ,18.599,23.556289999999997,87.29868333333334 ,30.478144454956055,86.85971945993384 ,50920.0,10:39:32 AM,1572671372158
-3.313 ,5.29 ,14.392,23.556289999999997,87.29868333333334 ,30.478144454956055,86.85971945993384 ,50920.0,10:39:32 AM,1572671372166
-2.695 ,5.845 ,11.398,23.556289999999997,87.29868333333334 ,30.478144454956055,86.85971945993384 ,50920.0,10:39:32 AM,1572671372167
-2.042 ,7.307 ,8.884,23.556289999999997,87.29868333333334 ,30.478144454956055,86.85971945993384 ,50920.0,10:39:32 AM,1572671372169
-1.196 ,9.914 ,4.464,23.556289999999997,87.29868333333334 ,30.478144454956055,86.85971945993384 ,50920.0,10:39:32 AM,1572671372170
0.193 ,10.193 ,2.487,23.556289999999997,87.29868333333334 ,30.478144454956055,86.85971945993384 ,50920.0,10:39:32 AM,1572671372173
0.017 ,9.004 ,-3.713,23.556289999999997,87.29868333333334 ,30.478144454956055,86.85971945993384 ,50920.0,10:39:32 AM,1572671372174
1.069 ,8.636 ,-5.422,23.556289999999997,87.29868333333334 ,30.478144454956055,86.85971945993384 ,50920.0,10:39:32 AM,1572671372178
0.184 ,9.001 ,-3.015,23.556289999999997,87.29868333333334 ,30.478144454956055,86.85971945993384 ,50920.0,10:39:32 AM,1572671372178
0.149 ,10.423 ,-1.326,23.556289999999997,87.29868333333334 ,30.478144454956055,86.85971945993384 ,50920.0,10:39:32 AM,1572671372183
0.118 ,11.955 ,4.887,23.556289999999997,87.29868333333334 ,30.478144454956055,86.85971945993384 ,50920.0,10:39:32 AM,1572671372184
-1.283 ,11.625 ,3.528,23.556289999999997,87.29868333333334 ,30.478144454956055,86.85971945993384 ,50920.0,10:39:32 AM,1572671372188
-0.37 ,11.74 ,3.359,23.556289999999997,87.29868333333334 ,30.478144454956055,86.85971945993384 ,50920.0,10:39:32 AM,1572671372189
-1.894 ,12.091 ,3.415,23.556289999999997,87.29868333333334 ,30.478144454956055,86.85971945993384 ,50920.0,10:39:32 AM,1572671372193
-1.316 ,12.067 ,3.845,23.556289999999997,87.29868333333334 ,30.478144454956055,86.85971945993384 ,50920.0,10:39:32 AM,1572671372193
-0.49 ,10.497 ,3.525,23.556289999999997,87.29868333333334 ,30.478144454956055,86.85971945993384 ,50920.0,10:39:32 AM,1572671372198
-0.498 ,8.449 ,2.532,23.556289999999997,87.29868333333334 ,30.478144454956055,86.85971945993384 ,50920.0,10:39:32 AM,1572671372199
0.883 ,8.534 ,0.04,23.556289999999997,87.29868333333334 ,30.478144454956055,86.85971945993384 ,50920.0,10:39:32 AM,1572671372203
1.606 ,9.082 ,4.38,23.556289999999997,87.29868333333334 ,30.478144454956055,86.85971945993384 ,50920.0,10:39:32 AM,1572671372203
0.778 ,8.628 ,5.836,23.556289999999997,87.29868333333334 ,30.478144454956055,86.85971945993384 ,50920.0,10:39:32 AM,1572671372208
1.254 ,7.798 ,7.211,23.556289999999997,87.29868333333334 ,30.478144454956055,86.85971945993384 ,50920.0,10:39:32 AM,1572671372208
-0.805 ,6.098 ,5.881,23.556289999999997,87.29868333333334 ,30.478144454956055,86.85971945993384 ,50920.0,10:39:32 AM,1572671372214
-0.741 ,6.59 ,5.163,23.556289999999997,87.29868333333334 ,30.478144454956055,86.85971945993384 ,50920.0,10:39:32 AM,1572671372215
-1.662 ,9.038 ,8.989,23.556289999999997,87.29868333333334 ,30.478144454956055,86.85971945993384 ,50920.0,10:39:32 AM,1572671372218
-2.631 ,10.595 ,11.321,23.556289999999997,87.29868333333334 ,30.478144454956055,86.85971945993384 ,50920.0,10:39:32 AM,1572671372219
-3.264 ,8.95 ,8.48,23.556289999999997,87.29868333333334 ,30.478144454956055,86.85971945993384 ,50920.0,10:39:32 AM,1572671372222
-1.807 ,4.453 ,9.461,23.556289999999997,87.29868333333334 ,30.478144454956055,86.85971945993384 ,50920.0,10:39:32 AM,1572671372223
-2.167 ,2.515 ,3.922,23.556289999999997,87.29868333333334 ,30.478144454956055,86.85971945993384 ,50920.0,10:39:32 AM,1572671372228
-0.224 ,3.773 ,6.916,23.556289999999997,87.29868333333334 ,30.478144454956055,86.85971945993384 ,50920.0,10:39:32 AM,1572671372229
-0.042 ,5.713 ,12.038,23.556289999999997,87.29868333333334 ,30.478144454956055,86.85971945993384 ,50920.0,10:39:32 AM,1572671372233
-0.002 ,6.058 ,10.909,23.556289999999997,87.29868333333334 ,30.478144454956055,86.85971945993384 ,50920.0,10:39:32 AM,1572671372234
-0.093 ,4.869 ,13.324,23.556289999999997,87.29868333333334 ,30.478144454956055,86.85971945993384 ,50920.0,10:39:32 AM,1572671372238
-1.927 ,4.351 ,7.156,23.556289999999997,87.29868333333334 ,30.478144454956055,86.85971945993384 ,50920.0,10:39:32 AM,1572671372238
-0.829 ,8.069 ,10.045,23.556289999999997,87.29868333333334 ,30.478144454956055,86.85971945993384 ,50920.0,10:39:32 AM,1572671372243
-2.435 ,11.097 ,10.177,23.556289999999997,87.29868333333334 ,30.478144454956055,86.85971945993384 ,50920.0,10:39:32 AM,1572671372243
-1.712 ,12.135 ,7.317,23.556289999999997,87.29868333333334 ,30.478144454956055,86.85971945993384 ,50920.0,10:39:32 AM,1572671372248
-2.276 ,8.51 ,0.741,23.556289999999997,87.29868333333334 ,30.478144454956055,86.85971945993384 ,50920.0,10:39:32 AM,1572671372249
-1.664 ,5.154 ,-5.082,23.556289999999997,87.29868333333334 ,30.478144454956055,86.85971945993384 ,50920.0,10:39:32 AM,1572671372253
-1.866 ,5.997 ,-4.648,23.556289999999997,87.29868333333334 ,30.478144454956055,86.85971945993384 ,50920.0,10:39:32 AM,1572671372254
-2.524 ,9.147 ,3.237,23.556289999999997,87.29868333333334 ,30.478144454956055,86.85971945993384 ,50920.0,10:39:32 AM,1572671372258
-3.951 ,11.733 ,7.037,23.556289999999997,87.29868333333334 ,30.478144454956055,86.85971945993384 ,50920.0,10:39:32 AM,1572671372259
-3.056 ,9.668 ,13.073,23.556289999999997,87.29868333333334 ,30.478144454956055,86.85971945993384 ,50920.0,10:39:32 AM,1572671372266
-3.291 ,6.45 ,7.555,23.556289999999997,87.29868333333334 ,30.478144454956055,86.85971945993384 ,50920.0,10:39:32 AM,1572671372267
-0.29 ,7.321 ,6.082,23.556289999999997,87.29868333333334 ,30.478144454956055,86.85971945993384 ,50920.0,10:39:32 AM,1572671372268
2.034 ,11.487 ,8.382,23.556289999999997,87.29868333333334 ,30.478144454956055,86.85971945993384 ,50920.0,10:39:32 AM,1572671372269
4.221 ,14.079 ,8.1,23.556289999999997,87.29868333333334 ,30.478144454956055,86.85971945993384 ,50920.0,10:39:32 AM,1572671372272
4.405 ,12.616 ,4.093,23.556289999999997,87.29868333333334 ,30.478144454956055,86.85971945993384 ,50920.0,10:39:32 AM,1572671372273
