x,y,z,latitude,longitude,speed,sound,light,time,timestamp
4.321 ,9.252 ,9.292,23.56822833333333,87.29955833333334 ,38.48310241699219,89.33579277470643 ,3764.0,10:42:26 AM,1572671546730
1.033 ,11.235 ,2.267,23.56822833333333,87.29955833333334 ,38.48310241699219,89.33579277470643 ,3764.0,10:42:26 AM,1572671546731
-0.501 ,12.887 ,-5.671,23.56822833333333,87.29955833333334 ,38.48310241699219,89.33579277470643 ,3764.0,10:42:26 AM,1572671546734
-3.484 ,14.073 ,-13.359,23.56822833333333,87.29955833333334 ,38.48310241699219,89.33579277470643 ,3764.0,10:42:26 AM,1572671546735
-4.536 ,15.747 ,-14.808,23.56822833333333,87.29955833333334 ,38.48310241699219,89.33579277470643 ,3764.0,10:42:26 AM,1572671546739
-2.635 ,19.594 ,-4.931,23.56822833333333,87.29955833333334 ,38.48310241699219,89.33579277470643 ,3764.0,10:42:26 AM,1572671546740
-0.774 ,23.195 ,4.807,23.56822833333333,87.29955833333334 ,38.48310241699219,89.33579277470643 ,3764.0,10:42:26 AM,1572671546745
4.363 ,24.36 ,13.42,23.56822833333333,87.29955833333334 ,38.48310241699219,89.33579277470643 ,3764.0,10:42:26 AM,1572671546746
6.859 ,18.829 ,7.748,23.56822833333333,87.29955833333334 ,38.48310241699219,89.33579277470643 ,3764.0,10:42:26 AM,1572671546750
9.824 ,8.412 ,2.113,23.56822833333333,87.29955833333334 ,38.48310241699219,89.33579277470643 ,3764.0,10:42:26 AM,1572671546751
9.157 ,3.08 ,-3.272,23.56822833333333,87.29955833333334 ,38.48310241699219,89.33579277470643 ,3764.0,10:42:26 AM,1572671546755
4.537 ,4.368 ,5.323,23.56822833333333,87.29955833333334 ,38.48310241699219,89.33579277470643 ,3764.0,10:42:26 AM,1572671546756
-1.123 ,8.388 ,17.686,23.56822833333333,87.29955833333334 ,38.48310241699219,89.33579277470643 ,3764.0,10:42:26 AM,1572671546760
-6.692 ,8.824 ,23.639,23.56822833333333,87.29955833333334 ,38.48310241699219,89.33579277470643 ,3764.0,10:42:26 AM,1572671546761
-10.616 ,5.736 ,21.512,23.56822833333333,87.29955833333334 ,38.48310241699219,89.33579277470643 ,3764.0,10:42:26 AM,1572671546766
-9.707 ,2.278 ,14.285,23.56822833333333,87.29955833333334 ,38.48310241699219,89.33579277470643 ,3764.0,10:42:26 AM,1572671546767
-5.79 ,1.391 ,10.044,23.56822833333333,87.29955833333334 ,38.48310241699219,89.33579277470643 ,3764.0,10:42:26 AM,1572671546770
-0.745 ,2.29 ,9.151,23.56822833333333,87.29955833333334 ,38.48310241699219,89.33579277470643 ,3764.0,10:42:26 AM,1572671546770
4.166 ,4.126 ,4.307,23.56822833333333,87.29955833333334 ,38.48310241699219,88.35486075174968 ,3764.0,10:42:26 AM,1572671546776
7.986 ,3.278 ,0.742,23.56822833333333,87.29955833333334 ,38.48310241699219,88.35486075174968 ,3764.0,10:42:26 AM,1572671546777
4.792 ,1.575 ,-4.109,23.56822833333333,87.29955833333334 ,38.48310241699219,88.35486075174968 ,3764.0,10:42:26 AM,1572671546780
0.319 ,2.315 ,-6.036,23.56822833333333,87.29955833333334 ,38.48310241699219,88.35486075174968 ,3764.0,10:42:26 AM,1572671546780
-6.291 ,2.956 ,-3.391,23.56822833333333,87.29955833333334 ,38.48310241699219,88.35486075174968 ,3764.0,10:42:26 AM,1572671546785
-10.797 ,3.395 ,2.258,23.56822833333333,87.29955833333334 ,38.48310241699219,88.35486075174968 ,3764.0,10:42:26 AM,1572671546786
-12.02 ,3.861 ,9.869,23.56822833333333,87.29955833333334 ,38.48310241699219,88.35486075174968 ,3764.0,10:42:26 AM,1572671546790
-10.632 ,6.063 ,17.389,23.56822833333333,87.29955833333334 ,38.48310241699219,88.35486075174968 ,3764.0,10:42:26 AM,1572671546791
-6.719 ,7.782 ,24.275,23.56822833333333,87.29955833333334 ,38.48310241699219,88.35486075174968 ,3158.0,10:42:26 AM,1572671546794
-2.056 ,6.413 ,29.581,23.56822833333333,87.29955833333334 ,38.48310241699219,88.35486075174968 ,3158.0,10:42:26 AM,1572671546795
-1.292 ,1.362 ,21.315,23.56822833333333,87.29955833333334 ,38.48310241699219,88.35486075174968 ,3158.0,10:42:26 AM,1572671546799
2.317 ,-1.883 ,10.865,23.56822833333333,87.29955833333334 ,38.48310241699219,88.35486075174968 ,3158.0,10:42:26 AM,1572671546800
1.782 ,-0.981 ,3.208,23.56822833333333,87.29955833333334 ,38.48310241699219,88.35486075174968 ,3158.0,10:42:26 AM,1572671546805
3.63 ,5.237 ,4.12,23.56822833333333,87.29955833333334 ,38.48310241699219,88.35486075174968 ,3158.0,10:42:26 AM,1572671546805
1.604 ,11.875 ,0.613,23.56822833333333,87.29955833333334 ,38.48310241699219,88.35486075174968 ,3158.0,10:42:26 AM,1572671546811
1.538 ,12.401 ,1.937,23.56822833333333,87.29955833333334 ,38.48310241699219,88.35486075174968 ,3158.0,10:42:26 AM,1572671546811
1.555 ,11.429 ,-3.014,23.56822833333333,87.29955833333334 ,38.48310241699219,88.35486075174968 ,3158.0,10:42:26 AM,1572671546814
3.29 ,9.159 ,-5.412,23.56822833333333,87.29955833333334 ,38.48310241699219,88.35486075174968 ,3158.0,10:42:26 AM,1572671546815
3.013 ,9.284 ,-11.41,23.56822833333333,87.29955833333334 ,38.48310241699219,88.35486075174968 ,3158.0,10:42:26 AM,1572671546819
2.971 ,8.493 ,-11.813,23.56822833333333,87.29955833333334 ,38.48310241699219,88.35486075174968 ,3158.0,10:42:26 AM,1572671546820
3.919 ,7.977 ,-7.535,23.56822833333333,87.29955833333334 ,38.48310241699219,88.35486075174968 ,3158.0,10:42:26 AM,1572671546825
-1.135 ,12.337 ,-9.829,23.56822833333333,87.29955833333334 ,38.48310241699219,88.35486075174968 ,3158.0,10:42:26 AM,1572671546825
-3.132 ,19.764 ,-5.69,23.56822833333333,87.29955833333334 ,38.48310241699219,88.35486075174968 ,3158.0,10:42:26 AM,1572671546830
-2.598 ,22.75 ,-2.404,23.56822833333333,87.29955833333334 ,38.48310241699219,88.35486075174968 ,3158.0,10:42:26 AM,1572671546831
-6.314 ,23.891 ,-16.1,23.56822833333333,87.29955833333334 ,38.48310241699219,88.35486075174968 ,3158.0,10:42:26 AM,1572671546835
-5.031 ,24.522 ,-25.449,23.56822833333333,87.29955833333334 ,38.48310241699219,88.35486075174968 ,3158.0,10:42:26 AM,1572671546835
0.075 ,20.945 ,-23.906,23.56822833333333,87.29955833333334 ,38.48310241699219,88.35486075174968 ,3158.0,10:42:26 AM,1572671546842
0.664 ,18.737 ,-20.29,23.56822833333333,87.29955833333334 ,38.48310241699219,88.35486075174968 ,3158.0,10:42:26 AM,1572671546843
5.276 ,17.63 ,-2.713,23.56822833333333,87.29955833333334 ,38.48310241699219,88.35486075174968 ,3158.0,10:42:26 AM,1572671546844
5.316 ,16.914 ,8.057,23.56822833333333,87.29955833333334 ,38.48310241699219,88.35486075174968 ,3158.0,10:42:26 AM,1572671546844
4.535 ,12.622 ,13.842,23.568173333333334,87.29965500000002 ,36.89693756103516,88.35486075174968 ,3158.0,10:42:26 AM,1572671546850
3.127 ,5.023 ,11.755,23.568173333333334,87.29965500000002 ,36.89693756103516,88.35486075174968 ,3158.0,10:42:26 AM,1572671546850
-0.127 ,1.03 ,4.706,23.568173333333334,87.29965500000002 ,36.89693756103516,88.35486075174968 ,3158.0,10:42:26 AM,1572671546854
-2.292 ,3.014 ,4.057,23.568173333333334,87.29965500000002 ,36.89693756103516,88.35486075174968 ,3158.0,10:42:26 AM,1572671546855
-5.426 ,6.58 ,5.98,23.568173333333334,87.29965500000002 ,36.89693756103516,88.35486075174968 ,3158.0,10:42:26 AM,1572671546859
-6.594 ,8.727 ,11.648,23.568173333333334,87.29965500000002 ,36.89693756103516,88.35486075174968 ,3158.0,10:42:26 AM,1572671546860
-6.57 ,8.432 ,14.561,23.568173333333334,87.29965500000002 ,36.89693756103516,88.35486075174968 ,3158.0,10:42:26 AM,1572671546864
-4.259 ,2.668 ,14.418,23.568173333333334,87.29965500000002 ,36.89693756103516,88.35486075174968 ,3158.0,10:42:26 AM,1572671546864
-0.673 ,-1.022 ,11.835,23.568173333333334,87.29965500000002 ,36.89693756103516,88.35486075174968 ,3158.0,10:42:26 AM,1572671546869
2.878 ,-0.244 ,16.208,23.568173333333334,87.29965500000002 ,36.89693756103516,88.35486075174968 ,3158.0,10:42:26 AM,1572671546869
3.361 ,1.831 ,21.168,23.568173333333334,87.29965500000002 ,36.89693756103516,88.35486075174968 ,3158.0,10:42:26 AM,1572671546874
1.266 ,1.923 ,23.691,23.568173333333334,87.29965500000002 ,36.89693756103516,88.35486075174968 ,3158.0,10:42:26 AM,1572671546874
-1.766 ,1.583 ,21.687,23.568173333333334,87.29965500000002 ,36.89693756103516,88.35486075174968 ,3158.0,10:42:26 AM,1572671546878
-2.517 ,0.078 ,14.207,23.568173333333334,87.29965500000002 ,36.89693756103516,88.35486075174968 ,3158.0,10:42:26 AM,1572671546879
-8.014 ,-1.957 ,4.495,23.568173333333334,87.29965500000002 ,36.89693756103516,88.35486075174968 ,3158.0,10:42:26 AM,1572671546885
-8.852 ,-0.633 ,8.08,23.568173333333334,87.29965500000002 ,36.89693756103516,88.35486075174968 ,3158.0,10:42:26 AM,1572671546886
-7.074 ,4.531 ,19.03,23.568173333333334,87.29965500000002 ,36.89693756103516,88.35486075174968 ,3158.0,10:42:26 AM,1572671546889
-10.392 ,8.334 ,20.343,23.568173333333334,87.29965500000002 ,36.89693756103516,88.35486075174968 ,3158.0,10:42:26 AM,1572671546890
-4.152 ,9.626 ,20.616,23.568173333333334,87.29965500000002 ,36.89693756103516,88.35486075174968 ,3158.0,10:42:26 AM,1572671546894
-2.137 ,7.278 ,10.743,23.568173333333334,87.29965500000002 ,36.89693756103516,88.35486075174968 ,3158.0,10:42:26 AM,1572671546894
1.065 ,5.557 ,5.26,23.568173333333334,87.29965500000002 ,36.89693756103516,88.35486075174968 ,3158.0,10:42:26 AM,1572671546899
6.25 ,8.605 ,3.189,23.568173333333334,87.29965500000002 ,36.89693756103516,88.35486075174968 ,3158.0,10:42:26 AM,1572671546899
6.8 ,10.502 ,3.048,23.568173333333334,87.29965500000002 ,36.89693756103516,88.35486075174968 ,3158.0,10:42:26 AM,1572671546904
8.588 ,9.9 ,4.67,23.568173333333334,87.29965500000002 ,36.89693756103516,88.35486075174968 ,3158.0,10:42:26 AM,1572671546905
7.897 ,10.521 ,1.37,23.568173333333334,87.29965500000002 ,36.89693756103516,88.35486075174968 ,3158.0,10:42:26 AM,1572671546909
5.511 ,12.14 ,3.206,23.568173333333334,87.29965500000002 ,36.89693756103516,88.35486075174968 ,3158.0,10:42:26 AM,1572671546910
3.109 ,15.593 ,8.745,23.568173333333334,87.29965500000002 ,36.89693756103516,88.35486075174968 ,3158.0,10:42:26 AM,1572671546914
-0.605 ,18.325 ,12.468,23.568173333333334,87.29965500000002 ,36.89693756103516,88.35486075174968 ,3158.0,10:42:26 AM,1572671546915
-2.942 ,16.703 ,11.641,23.568173333333334,87.29965500000002 ,36.89693756103516,88.35486075174968 ,3158.0,10:42:26 AM,1572671546919
-2.929 ,12.03 ,4.694,23.568173333333334,87.29965500000002 ,36.89693756103516,88.35486075174968 ,3158.0,10:42:26 AM,1572671546920
-2.354 ,7.974 ,-2.888,23.568173333333334,87.29965500000002 ,36.89693756103516,88.35486075174968 ,3158.0,10:42:26 AM,1572671546924
-0.842 ,8.838 ,-2.967,23.568173333333334,87.29965500000002 ,36.89693756103516,88.35486075174968 ,3158.0,10:42:26 AM,1572671546925
-0.301 ,13.91 ,4.922,23.568173333333334,87.29965500000002 ,36.89693756103516,88.35486075174968 ,3158.0,10:42:26 AM,1572671546930
-1.443 ,17.026 ,14.66,23.568173333333334,87.29965500000002 ,36.89693756103516,88.35486075174968 ,3158.0,10:42:26 AM,1572671546930
-2.805 ,14.787 ,15.397,23.568173333333334,87.29965500000002 ,36.89693756103516,88.35486075174968 ,3158.0,10:42:26 AM,1572671546934
-1.453 ,10.375 ,13.768,23.568173333333334,87.29965500000002 ,36.89693756103516,88.35486075174968 ,3158.0,10:42:26 AM,1572671546935
-1.069 ,7.476 ,9.461,23.568173333333334,87.29965500000002 ,36.89693756103516,88.35486075174968 ,3158.0,10:42:26 AM,1572671546939
1.688 ,7.806 ,9.996,23.568173333333334,87.29965500000002 ,36.89693756103516,88.35486075174968 ,3158.0,10:42:26 AM,1572671546940
1.756 ,9.839 ,10.933,23.568173333333334,87.29965500000002 ,36.89693756103516,88.35486075174968 ,3158.0,10:42:26 AM,1572671546944
0.934 ,9.0 ,13.33,23.568173333333334,87.29965500000002 ,36.89693756103516,88.35486075174968 ,3158.0,10:42:26 AM,1572671546945
0.495 ,5.342 ,14.492,23.568173333333334,87.29965500000002 ,36.89693756103516,88.35486075174968 ,3158.0,10:42:26 AM,1572671546949
-2.872 ,1.449 ,12.323,23.568173333333334,87.29965500000002 ,36.89693756103516,88.35486075174968 ,3158.0,10:42:26 AM,1572671546950
-3.943 ,1.361 ,9.846,23.568173333333334,87.29965500000002 ,36.89693756103516,88.35486075174968 ,3158.0,10:42:26 AM,1572671546954
-4.43 ,4.984 ,9.771,23.568173333333334,87.29965500000002 ,36.89693756103516,88.35486075174968 ,3158.0,10:42:26 AM,1572671546955
-4.171 ,7.62 ,11.544,23.568173333333334,87.29965500000002 ,36.89693756103516,88.35486075174968 ,3158.0,10:42:26 AM,1572671546959
-1.827 ,7.822 ,3.796,23.568173333333334,87.29965500000002 ,36.89693756103516,88.35486075174968 ,3158.0,10:42:26 AM,1572671546960
0.414 ,5.342 ,-8.178,23.568173333333334,87.29965500000002 ,36.89693756103516,88.35486075174968 ,3158.0,10:42:26 AM,1572671546964
1.344 ,3.111 ,-12.982,23.568173333333334,87.29965500000002 ,36.89693756103516,88.35486075174968 ,3158.0,10:42:26 AM,1572671546965
-1.544 ,6.01 ,-15.379,23.568173333333334,87.29965500000002 ,36.89693756103516,88.35486075174968 ,3158.0,10:42:26 AM,1572671546969
-3.143 ,8.755 ,-0.72,23.568173333333334,87.29965500000002 ,36.89693756103516,88.35486075174968 ,3158.0,10:42:26 AM,1572671546970
-5.822 ,10.474 ,6.072,23.568173333333334,87.29965500000002 ,36.89693756103516,88.35486075174968 ,3158.0,10:42:26 AM,1572671546974
-5.943 ,9.353 ,8.896,23.568173333333334,87.29965500000002 ,36.89693756103516,88.35486075174968 ,3158.0,10:42:26 AM,1572671546975
