x,y,z,latitude,longitude,speed,sound,light,time,timestamp
-0.325 ,4.948 ,8.68,23.568186666666666,87.29878666666667 ,21.896900367736816,82.98436042357169 ,5982.0,10:42:03 AM,1572671523798
-0.734 ,5.778 ,6.506,23.568186666666666,87.29878666666667 ,21.896900367736816,82.98436042357169 ,5982.0,10:42:03 AM,1572671523799
-2.195 ,6.985 ,10.963,23.568186666666666,87.29878666666667 ,21.896900367736816,82.98436042357169 ,5982.0,10:42:03 AM,1572671523804
-3.641 ,8.661 ,9.606,23.568186666666666,87.29878666666667 ,21.896900367736816,82.98436042357169 ,5982.0,10:42:03 AM,1572671523805
-2.741 ,8.935 ,8.847,23.568186666666666,87.29878666666667 ,21.896900367736816,82.98436042357169 ,5982.0,10:42:03 AM,1572671523810
-1.601 ,7.831 ,11.203,23.568186666666666,87.29878666666667 ,21.896900367736816,82.98436042357169 ,5982.0,10:42:03 AM,1572671523811
-1.582 ,6.86 ,3.856,23.568186666666666,87.29878666666667 ,21.896900367736816,82.98436042357169 ,5982.0,10:42:03 AM,1572671523813
1.726 ,7.377 ,6.068,23.568186666666666,87.29878666666667 ,21.896900367736816,82.98436042357169 ,5982.0,10:42:03 AM,1572671523814
0.354 ,8.42 ,7.435,23.568186666666666,87.29878666666667 ,21.896900367736816,82.98436042357169 ,5982.0,10:42:03 AM,1572671523818
-0.015 ,10.204 ,4.94,23.568186666666666,87.29878666666667 ,21.896900367736816,82.98436042357169 ,5982.0,10:42:03 AM,1572671523819
-0.37 ,10.457 ,5.157,23.568186666666666,87.29878666666667 ,21.896900367736816,82.98436042357169 ,5982.0,10:42:03 AM,1572671523824
-2.37 ,8.62 ,3.306,23.568186666666666,87.29878666666667 ,21.896900367736816,82.98436042357169 ,5982.0,10:42:03 AM,1572671523824
-2.866 ,8.363 ,-1.819,23.568186666666666,87.29878666666667 ,21.896900367736816,82.98436042357169 ,5982.0,10:42:03 AM,1572671523829
-1.691 ,8.357 ,0.048,23.568186666666666,87.29878666666667 ,21.896900367736816,82.98436042357169 ,5982.0,10:42:03 AM,1572671523829
-1.56 ,9.941 ,3.922,23.568186666666666,87.29878666666667 ,21.896900367736816,82.98436042357169 ,5982.0,10:42:03 AM,1572671523833
-0.986 ,12.65 ,5.003,23.568186666666666,87.29878666666667 ,21.896900367736816,82.98436042357169 ,5982.0,10:42:03 AM,1572671523834
0.913 ,13.288 ,9.364,23.568245,87.29877666666668 ,24.13717746734619,82.98436042357169 ,5982.0,10:42:03 AM,1572671523838
-0.102 ,11.028 ,7.707,23.568245,87.29877666666668 ,24.13717746734619,82.98436042357169 ,5982.0,10:42:03 AM,1572671523839
0.437 ,8.49 ,4.064,23.568245,87.29877666666668 ,24.13717746734619,82.98436042357169 ,5982.0,10:42:03 AM,1572671523844
0.22 ,7.958 ,4.287,23.568245,87.29877666666668 ,24.13717746734619,82.98436042357169 ,5982.0,10:42:03 AM,1572671523844
0.488 ,8.28 ,7.237,23.568245,87.29877666666668 ,24.13717746734619,82.98436042357169 ,5982.0,10:42:03 AM,1572671523849
1.02 ,9.053 ,5.838,23.568245,87.29877666666668 ,24.13717746734619,82.98436042357169 ,5982.0,10:42:03 AM,1572671523849
0.392 ,7.404 ,7.254,23.568245,87.29877666666668 ,24.13717746734619,82.98436042357169 ,5982.0,10:42:03 AM,1572671523854
0.088 ,5.871 ,6.925,23.568245,87.29877666666668 ,24.13717746734619,82.98436042357169 ,5982.0,10:42:03 AM,1572671523855
-0.346 ,5.322 ,5.63,23.568245,87.29877666666668 ,24.13717746734619,82.98436042357169 ,5982.0,10:42:03 AM,1572671523860
-0.739 ,5.181 ,11.461,23.568245,87.29877666666668 ,24.13717746734619,82.98436042357169 ,5982.0,10:42:03 AM,1572671523861
-1.673 ,5.918 ,11.083,23.568245,87.29877666666668 ,24.13717746734619,82.98436042357169 ,5982.0,10:42:03 AM,1572671523864
-0.938 ,6.56 ,10.708,23.568245,87.29877666666668 ,24.13717746734619,82.98436042357169 ,5982.0,10:42:03 AM,1572671523864
-0.852 ,5.709 ,12.515,23.568245,87.29877666666668 ,24.13717746734619,82.98436042357169 ,5982.0,10:42:03 AM,1572671523868
-1.4 ,5.631 ,5.21,23.568245,87.29877666666668 ,24.13717746734619,82.98436042357169 ,5982.0,10:42:03 AM,1572671523868
0.28 ,6.885 ,7.18,23.568245,87.29877666666668 ,24.13717746734619,82.98436042357169 ,5982.0,10:42:03 AM,1572671523875
-0.609 ,8.772 ,9.997,23.568245,87.29877666666668 ,24.13717746734619,82.98436042357169 ,5982.0,10:42:03 AM,1572671523875
-0.302 ,10.902 ,5.891,23.568245,87.29877666666668 ,24.13717746734619,82.98436042357169 ,5982.0,10:42:03 AM,1572671523878
1.059 ,10.175 ,5.126,23.568245,87.29877666666668 ,24.13717746734619,82.98436042357169 ,5982.0,10:42:03 AM,1572671523879
0.153 ,8.291 ,1.508,23.568245,87.29877666666668 ,24.13717746734619,82.98436042357169 ,5982.0,10:42:03 AM,1572671523883
-0.931 ,8.323 ,-5.669,23.568245,87.29877666666668 ,24.13717746734619,82.98436042357169 ,5982.0,10:42:03 AM,1572671523883
0.515 ,8.977 ,-0.992,23.568245,87.29877666666668 ,24.13717746734619,82.98436042357169 ,5982.0,10:42:03 AM,1572671523888
-3.179 ,10.66 ,-1.206,23.568245,87.29877666666668 ,24.13717746734619,82.98436042357169 ,5982.0,10:42:03 AM,1572671523889
-2.625 ,12.532 ,-0.361,23.568245,87.29877666666668 ,24.13717746734619,82.98436042357169 ,5982.0,10:42:03 AM,1572671523893
-2.566 ,12.325 ,1.236,23.568245,87.29877666666668 ,24.13717746734619,82.98436042357169 ,5982.0,10:42:03 AM,1572671523894
-4.201 ,11.05 ,-3.388,23.568245,87.29877666666668 ,24.13717746734619,82.98436042357169 ,5982.0,10:42:03 AM,1572671523899
-1.901 ,11.16 ,-4.268,23.568245,87.29877666666668 ,24.13717746734619,82.98436042357169 ,5982.0,10:42:03 AM,1572671523899
-2.627 ,10.873 ,-2.212,23.568245,87.29877666666668 ,24.13717746734619,82.98436042357169 ,5982.0,10:42:03 AM,1572671523904
-2.265 ,11.017 ,-0.287,23.568245,87.29877666666668 ,24.13717746734619,82.98436042357169 ,5982.0,10:42:03 AM,1572671523905
-0.051 ,10.217 ,0.382,23.568245,87.29877666666668 ,24.13717746734619,82.98436042357169 ,5982.0,10:42:03 AM,1572671523908
0.61 ,7.739 ,3.488,23.568245,87.29877666666668 ,24.13717746734619,82.98436042357169 ,5982.0,10:42:03 AM,1572671523908
0.81 ,6.999 ,2.05,23.568245,87.29877666666668 ,24.13717746734619,82.98436042357169 ,5982.0,10:42:03 AM,1572671523913
2.398 ,7.969 ,5.259,23.568245,87.29877666666668 ,24.13717746734619,82.98436042357169 ,5982.0,10:42:03 AM,1572671523913
2.455 ,9.517 ,11.249,23.568245,87.29877666666668 ,24.13717746734619,82.98436042357169 ,5982.0,10:42:03 AM,1572671523917
0.984 ,10.27 ,9.666,23.568245,87.29877666666668 ,24.13717746734619,82.98436042357169 ,5982.0,10:42:03 AM,1572671523918
0.856 ,9.142 ,8.592,23.568245,87.29877666666668 ,24.13717746734619,82.98436042357169 ,5982.0,10:42:03 AM,1572671523925
-1.053 ,6.972 ,8.789,23.568245,87.29877666666668 ,24.13717746734619,82.98436042357169 ,5982.0,10:42:03 AM,1572671523925
-2.396 ,6.948 ,6.02,23.568245,87.29877666666668 ,24.13717746734619,82.98436042357169 ,5982.0,10:42:03 AM,1572671523928
-2.389 ,8.915 ,10.299,23.568245,87.29877666666668 ,24.13717746734619,82.98436042357169 ,5982.0,10:42:03 AM,1572671523928
-3.691 ,11.39 ,13.341,23.568245,87.29877666666668 ,24.13717746734619,82.98436042357169 ,5982.0,10:42:03 AM,1572671523932
-1.664 ,10.757 ,10.986,23.568245,87.29877666666668 ,24.13717746734619,82.98436042357169 ,5982.0,10:42:03 AM,1572671523933
-3.548 ,5.504 ,6.136,23.568245,87.29877666666668 ,24.13717746734619,82.98436042357169 ,5982.0,10:42:03 AM,1572671523938
-3.585 ,1.507 ,6.729,23.568245,87.29877666666668 ,24.13717746734619,82.98436042357169 ,5982.0,10:42:03 AM,1572671523938
-2.637 ,2.007 ,9.572,23.568245,87.29877666666668 ,24.13717746734619,82.98436042357169 ,5982.0,10:42:03 AM,1572671523943
-2.162 ,3.754 ,18.459,23.568245,87.29877666666668 ,24.13717746734619,82.98436042357169 ,5982.0,10:42:03 AM,1572671523944
-1.928 ,5.546 ,18.041,23.568245,87.29877666666668 ,24.13717746734619,82.98436042357169 ,5982.0,10:42:03 AM,1572671523948
-0.926 ,6.278 ,11.646,23.568245,87.29877666666668 ,24.13717746734619,82.98436042357169 ,5982.0,10:42:03 AM,1572671523948
0.622 ,5.092 ,10.226,23.568245,87.29877666666668 ,24.13717746734619,82.98436042357169 ,5982.0,10:42:03 AM,1572671523952
-0.458 ,5.011 ,2.131,23.568245,87.29877666666668 ,24.13717746734619,82.98436042357169 ,5982.0,10:42:03 AM,1572671523952
-0.259 ,7.406 ,-0.209,23.568245,87.29877666666668 ,24.13717746734619,82.98436042357169 ,5982.0,10:42:03 AM,1572671523959
0.279 ,8.751 ,6.606,23.568245,87.29877666666668 ,24.13717746734619,82.98436042357169 ,5982.0,10:42:03 AM,1572671523960
-1.516 ,9.873 ,3.892,23.568245,87.29877666666668 ,24.13717746734619,82.98436042357169 ,5982.0,10:42:03 AM,1572671523963
-0.679 ,9.294 ,2.774,23.568245,87.29877666666668 ,24.13717746734619,82.98436042357169 ,5982.0,10:42:03 AM,1572671523964
-1.34 ,7.862 ,3.798,23.568245,87.29877666666668 ,24.13717746734619,82.98436042357169 ,5982.0,10:42:03 AM,1572671523968
-2.325 ,8.492 ,2.853,23.568245,87.29877666666668 ,24.13717746734619,82.98436042357169 ,5982.0,10:42:03 AM,1572671523968
-0.825 ,10.489 ,5.648,23.568245,87.29877666666668 ,24.13717746734619,82.98436042357169 ,5982.0,10:42:03 AM,1572671523973
-1.693 ,11.277 ,8.193,23.568245,87.29877666666668 ,24.13717746734619,82.98436042357169 ,5982.0,10:42:03 AM,1572671523974
-2.294 ,10.032 ,3.753,23.568245,87.29877666666668 ,24.13717746734619,82.98436042357169 ,5982.0,10:42:03 AM,1572671523978
0.499 ,8.226 ,3.388,23.568245,87.29877666666668 ,24.13717746734619,82.98436042357169 ,5982.0,10:42:03 AM,1572671523978
-1.321 ,7.14 ,0.197,23.568245,87.29877666666668 ,24.13717746734619,82.98436042357169 ,5982.0,10:42:03 AM,1572671523982
1.848 ,8.154 ,0.436,23.568245,87.29877666666668 ,24.13717746734619,82.98436042357169 ,5982.0,10:42:03 AM,1572671523982
0.671 ,9.805 ,2.513,23.568245,87.29877666666668 ,24.13717746734619,82.98436042357169 ,5982.0,10:42:03 AM,1572671523988
-0.865 ,9.417 ,6.234,23.568245,87.29877666666668 ,24.13717746734619,82.98436042357169 ,5982.0,10:42:03 AM,1572671523988
-1.012 ,8.567 ,4.124,23.568245,87.29877666666668 ,24.13717746734619,82.98436042357169 ,5982.0,10:42:03 AM,1572671523993
-2.178 ,5.09 ,3.697,23.568245,87.29877666666668 ,24.13717746734619,82.98436042357169 ,5982.0,10:42:03 AM,1572671523994
-2.073 ,3.348 ,2.588,23.568245,87.29877666666668 ,24.13717746734619,82.98436042357169 ,7254.0,10:42:03 AM,1572671523997
-1.51 ,5.195 ,0.236,23.568245,87.29877666666668 ,24.13717746734619,82.98436042357169 ,7254.0,10:42:03 AM,1572671523998
-0.193 ,9.161 ,7.963,23.568245,87.29877666666668 ,24.13717746734619,82.98436042357169 ,7254.0,10:42:04 AM,1572671524002
-0.425 ,13.065 ,9.148,23.568245,87.29877666666668 ,24.13717746734619,82.98436042357169 ,7254.0,10:42:04 AM,1572671524003
0.398 ,14.479 ,5.735,23.568245,87.29877666666668 ,24.13717746734619,82.98436042357169 ,7254.0,10:42:04 AM,1572671524009
1.337 ,12.056 ,5.254,23.568245,87.29877666666668 ,24.13717746734619,82.98436042357169 ,7254.0,10:42:04 AM,1572671524009
0.239 ,10.06 ,-1.825,23.568245,87.29877666666668 ,24.13717746734619,82.98436042357169 ,7254.0,10:42:04 AM,1572671524012
1.508 ,10.956 ,-0.249,23.568245,87.29877666666668 ,24.13717746734619,82.98436042357169 ,7254.0,10:42:04 AM,1572671524013
1.112 ,11.868 ,5.829,23.568245,87.29877666666668 ,24.13717746734619,82.98436042357169 ,7254.0,10:42:04 AM,1572671524017
-0.252 ,11.532 ,7.089,23.568245,87.29877666666668 ,24.13717746734619,82.98436042357169 ,7254.0,10:42:04 AM,1572671524018
-0.867 ,7.788 ,8.006,23.568245,87.29877666666668 ,24.13717746734619,82.98436042357169 ,7254.0,10:42:04 AM,1572671524023
-2.743 ,3.571 ,9.393,23.568245,87.29877666666668 ,24.13717746734619,82.98436042357169 ,7254.0,10:42:04 AM,1572671524024
-3.416 ,2.529 ,8.264,23.568245,87.29877666666668 ,24.13717746734619,82.98436042357169 ,7254.0,10:42:04 AM,1572671524028
-2.462 ,4.033 ,13.21,23.568245,87.29877666666668 ,24.13717746734619,82.98436042357169 ,7254.0,10:42:04 AM,1572671524028
-2.04 ,6.154 ,16.32,23.568245,87.29877666666668 ,24.13717746734619,82.98436042357169 ,7254.0,10:42:04 AM,1572671524032
-0.685 ,6.912 ,12.086,23.568245,87.29877666666668 ,24.13717746734619,82.98436042357169 ,7254.0,10:42:04 AM,1572671524033
1.493 ,5.971 ,9.607,23.568245,87.29877666666668 ,24.13717746734619,82.98436042357169 ,7254.0,10:42:04 AM,1572671524041
1.555 ,4.671 ,6.849,23.568245,87.29877666666668 ,24.13717746734619,82.98436042357169 ,7254.0,10:42:04 AM,1572671524042
2.507 ,5.462 ,4.673,23.568245,87.29877666666668 ,24.13717746734619,82.98436042357169 ,7254.0,10:42:04 AM,1572671524042
2.14 ,6.463 ,12.245,23.568245,87.29877666666668 ,24.13717746734619,82.98436042357169 ,7254.0,10:42:04 AM,1572671524042
