x,y,z,latitude,longitude,speed,sound,light,time,timestamp
-0.188 ,9.848 ,-2.487,23.55559333333333,87.29864666666666 ,35.10138015747071,88.54459099750727 ,50920.0,10:39:21 AM,1572671361072
0.177 ,6.296 ,-3.636,23.55559333333333,87.29864666666666 ,35.10138015747071,88.54459099750727 ,50920.0,10:39:21 AM,1572671361072
-0.361 ,7.236 ,0.388,23.55559333333333,87.29864666666666 ,35.10138015747071,88.54459099750727 ,50920.0,10:39:21 AM,1572671361073
0.383 ,11.606 ,7.656,23.55559333333333,87.29864666666666 ,35.10138015747071,88.54459099750727 ,50920.0,10:39:21 AM,1572671361074
-0.558 ,12.845 ,14.541,23.55559333333333,87.29864666666666 ,35.10138015747071,88.54459099750727 ,50920.0,10:39:21 AM,1572671361079
-0.735 ,7.846 ,9.913,23.55559333333333,87.29864666666666 ,35.10138015747071,88.54459099750727 ,50920.0,10:39:21 AM,1572671361080
1.095 ,1.774 ,5.244,23.55559333333333,87.29864666666666 ,35.10138015747071,88.54459099750727 ,50920.0,10:39:21 AM,1572671361081
0.887 ,1.029 ,3.087,23.55559333333333,87.29864666666666 ,35.10138015747071,88.54459099750727 ,50920.0,10:39:21 AM,1572671361081
1.604 ,7.595 ,6.913,23.55559333333333,87.29864666666666 ,35.10138015747071,88.54459099750727 ,50920.0,10:39:21 AM,1572671361085
0.275 ,14.308 ,14.549,23.55559333333333,87.29864666666666 ,35.10138015747071,88.54459099750727 ,50920.0,10:39:21 AM,1572671361085
-2.001 ,12.754 ,14.409,23.55559333333333,87.29864666666666 ,35.10138015747071,88.54459099750727 ,50920.0,10:39:21 AM,1572671361090
-2.844 ,4.714 ,5.406,23.55559333333333,87.29864666666666 ,35.10138015747071,88.54459099750727 ,50920.0,10:39:21 AM,1572671361090
-2.082 ,-1.443 ,-1.952,23.55559333333333,87.29864666666666 ,35.10138015747071,88.54459099750727 ,50920.0,10:39:21 AM,1572671361096
-0.665 ,0.523 ,2.034,23.55559333333333,87.29864666666666 ,35.10138015747071,88.54459099750727 ,50920.0,10:39:21 AM,1572671361096
-0.113 ,8.285 ,10.624,23.55559333333333,87.29864666666666 ,35.10138015747071,88.54459099750727 ,50920.0,10:39:21 AM,1572671361100
-1.129 ,14.228 ,18.559,23.55559333333333,87.29864666666666 ,35.10138015747071,88.54459099750727 ,50920.0,10:39:21 AM,1572671361101
-2.966 ,10.541 ,13.348,23.55559333333333,87.29864666666666 ,35.10138015747071,88.54459099750727 ,50920.0,10:39:21 AM,1572671361105
-3.147 ,3.203 ,2.073,23.55559333333333,87.29864666666666 ,35.10138015747071,88.54459099750727 ,50920.0,10:39:21 AM,1572671361105
-3.283 ,-0.025 ,-5.328,23.55559333333333,87.29864666666666 ,35.10138015747071,88.54459099750727 ,50920.0,10:39:21 AM,1572671361111
-1.275 ,5.797 ,-2.307,23.55559333333333,87.29864666666666 ,35.10138015747071,88.54459099750727 ,50920.0,10:39:21 AM,1572671361111
0.613 ,13.939 ,4.592,23.55559333333333,87.29864666666666 ,35.10138015747071,88.54459099750727 ,50920.0,10:39:21 AM,1572671361115
0.453 ,15.324 ,9.327,23.55559333333333,87.29864666666666 ,35.10138015747071,88.54459099750727 ,50920.0,10:39:21 AM,1572671361115
1.348 ,9.86 ,5.568,23.55559333333333,87.29864666666666 ,35.10138015747071,88.54459099750727 ,50920.0,10:39:21 AM,1572671361119
2.376 ,3.854 ,1.074,23.55559333333333,87.29864666666666 ,35.10138015747071,88.54459099750727 ,50920.0,10:39:21 AM,1572671361120
1.391 ,3.882 ,-0.962,23.55559333333333,87.29864666666666 ,35.10138015747071,88.54459099750727 ,50920.0,10:39:21 AM,1572671361127
2.866 ,9.203 ,6.02,23.55559333333333,87.29864666666666 ,35.10138015747071,88.54459099750727 ,50920.0,10:39:21 AM,1572671361127
0.307 ,13.155 ,12.22,23.55559333333333,87.29864666666666 ,35.10138015747071,88.54459099750727 ,50920.0,10:39:21 AM,1572671361129
-1.528 ,10.758 ,8.835,23.55559333333333,87.29864666666666 ,35.10138015747071,88.54459099750727 ,50920.0,10:39:21 AM,1572671361130
-2.161 ,5.656 ,1.022,23.55559333333333,87.29864666666666 ,35.10138015747071,88.54459099750727 ,50920.0,10:39:21 AM,1572671361135
-2.572 ,2.195 ,0.78,23.55559333333333,87.29864666666666 ,35.10138015747071,88.54459099750727 ,50920.0,10:39:21 AM,1572671361135
-2.857 ,4.993 ,0.389,23.55559333333333,87.29864666666666 ,35.10138015747071,88.54459099750727 ,50920.0,10:39:21 AM,1572671361141
-1.704 ,9.271 ,10.043,23.55559333333333,87.29864666666666 ,35.10138015747071,88.54459099750727 ,50920.0,10:39:21 AM,1572671361141
-2.518 ,9.091 ,13.591,23.55559333333333,87.29864666666666 ,35.10138015747071,88.54459099750727 ,50920.0,10:39:21 AM,1572671361145
-2.097 ,5.628 ,9.904,23.55559333333333,87.29864666666666 ,35.10138015747071,88.54459099750727 ,50920.0,10:39:21 AM,1572671361146
-0.418 ,2.816 ,7.3,23.55559333333333,87.29864666666666 ,35.10138015747071,88.54459099750727 ,50920.0,10:39:21 AM,1572671361151
-0.067 ,4.239 ,9.442,23.55559333333333,87.29864666666666 ,35.10138015747071,88.54459099750727 ,50920.0,10:39:21 AM,1572671361151
1.021 ,8.848 ,11.142,23.55559333333333,87.29864666666666 ,35.10138015747071,88.54459099750727 ,50920.0,10:39:21 AM,1572671361155
0.327 ,9.45 ,12.287,23.55559333333333,87.29864666666666 ,35.10138015747071,88.54459099750727 ,50920.0,10:39:21 AM,1572671361155
-0.677 ,5.734 ,6.663,23.55559333333333,87.29864666666666 ,35.10138015747071,88.54459099750727 ,50920.0,10:39:21 AM,1572671361160
-0.073 ,3.039 ,2.592,23.55559333333333,87.29864666666666 ,35.10138015747071,88.54459099750727 ,50920.0,10:39:21 AM,1572671361161
0.51 ,5.478 ,5.521,23.55559333333333,87.29864666666666 ,35.10138015747071,88.54459099750727 ,50920.0,10:39:21 AM,1572671361165
0.268 ,10.87 ,9.086,23.55559333333333,87.29864666666666 ,35.10138015747071,88.54459099750727 ,50920.0,10:39:21 AM,1572671361166
0.669 ,13.733 ,9.916,23.55559333333333,87.29864666666666 ,35.10138015747071,88.54459099750727 ,50920.0,10:39:21 AM,1572671361170
-0.858 ,9.152 ,7.013,23.55559333333333,87.29864666666666 ,35.10138015747071,88.54459099750727 ,50920.0,10:39:21 AM,1572671361170
-2.427 ,3.808 ,-2.034,23.55559333333333,87.29864666666666 ,35.10138015747071,88.54459099750727 ,50920.0,10:39:21 AM,1572671361178
-0.822 ,3.001 ,-0.616,23.55559333333333,87.29864666666666 ,35.10138015747071,88.54459099750727 ,50920.0,10:39:21 AM,1572671361178
-2.055 ,7.27 ,4.551,23.55559333333333,87.29864666666666 ,35.10138015747071,88.54459099750727 ,50920.0,10:39:21 AM,1572671361179
-1.826 ,12.779 ,9.899,23.55559333333333,87.29864666666666 ,35.10138015747071,88.54459099750727 ,50920.0,10:39:21 AM,1572671361180
-1.627 ,12.472 ,12.213,23.55559333333333,87.29864666666666 ,35.10138015747071,88.54459099750727 ,50920.0,10:39:21 AM,1572671361185
-2.678 ,6.757 ,7.775,23.55559333333333,87.29864666666666 ,35.10138015747071,88.54459099750727 ,50920.0,10:39:21 AM,1572671361185
-1.285 ,3.009 ,2.891,23.55559333333333,87.29864666666666 ,35.10138015747071,88.54459099750727 ,50920.0,10:39:21 AM,1572671361191
1.293 ,3.846 ,6.892,23.55559333333333,87.29864666666666 ,35.10138015747071,88.54459099750727 ,50920.0,10:39:21 AM,1572671361191
2.013 ,7.464 ,10.964,23.55559333333333,87.29864666666666 ,35.10138015747071,88.54459099750727 ,50920.0,10:39:21 AM,1572671361196
2.481 ,10.791 ,13.047,23.55559333333333,87.29864666666666 ,35.10138015747071,88.54459099750727 ,50920.0,10:39:21 AM,1572671361196
0.692 ,9.071 ,12.431,23.55559333333333,87.29864666666666 ,35.10138015747071,88.54459099750727 ,50920.0,10:39:21 AM,1572671361203
-1.322 ,5.237 ,7.07,23.55559333333333,87.29864666666666 ,35.10138015747071,88.54459099750727 ,50920.0,10:39:21 AM,1572671361203
-0.91 ,3.927 ,5.659,23.55559333333333,87.29864666666666 ,35.10138015747071,88.54459099750727 ,50920.0,10:39:21 AM,1572671361204
-1.244 ,6.635 ,6.816,23.55559333333333,87.29864666666666 ,35.10138015747071,88.54459099750727 ,50920.0,10:39:21 AM,1572671361205
-0.114 ,12.393 ,8.201,23.55559333333333,87.29864666666666 ,35.10138015747071,88.54459099750727 ,50920.0,10:39:21 AM,1572671361211
1.154 ,15.325 ,8.672,23.55559333333333,87.29864666666666 ,35.10138015747071,88.54459099750727 ,50920.0,10:39:21 AM,1572671361212
0.307 ,12.057 ,4.155,23.55559333333333,87.29864666666666 ,35.10138015747071,88.54459099750727 ,50920.0,10:39:21 AM,1572671361215
0.895 ,7.811 ,-3.86,23.55559333333333,87.29864666666666 ,35.10138015747071,88.54459099750727 ,50920.0,10:39:21 AM,1572671361216
1.467 ,6.501 ,-3.366,23.55559333333333,87.29864666666666 ,35.10138015747071,88.54459099750727 ,50920.0,10:39:21 AM,1572671361220
-0.073 ,10.194 ,-0.49,23.55559333333333,87.29864666666666 ,35.10138015747071,88.54459099750727 ,50920.0,10:39:21 AM,1572671361221
0.497 ,15.759 ,4.664,23.55559333333333,87.29864666666666 ,35.10138015747071,88.54459099750727 ,50920.0,10:39:21 AM,1572671361228
-2.317 ,15.937 ,7.96,23.55559333333333,87.29864666666666 ,35.10138015747071,88.54459099750727 ,50920.0,10:39:21 AM,1572671361228
-4.066 ,11.217 ,6.692,23.55559333333333,87.29864666666666 ,35.10138015747071,88.54459099750727 ,50920.0,10:39:21 AM,1572671361229
-2.968 ,5.596 ,3.461,23.55559333333333,87.29864666666666 ,35.10138015747071,88.54459099750727 ,50920.0,10:39:21 AM,1572671361230
-1.775 ,3.839 ,4.906,23.55559333333333,87.29864666666666 ,35.10138015747071,88.54459099750727 ,50920.0,10:39:21 AM,1572671361234
-0.16 ,6.957 ,9.091,23.55559333333333,87.29864666666666 ,35.10138015747071,88.54459099750727 ,50920.0,10:39:21 AM,1572671361235
0.767 ,11.169 ,12.898,23.55559333333333,87.29864666666666 ,35.10138015747071,88.54459099750727 ,50920.0,10:39:21 AM,1572671361239
0.231 ,9.828 ,14.746,23.55559333333333,87.29864666666666 ,35.10138015747071,88.54459099750727 ,50920.0,10:39:21 AM,1572671361240
-0.272 ,4.434 ,8.935,23.55559333333333,87.29864666666666 ,35.10138015747071,88.54459099750727 ,50920.0,10:39:21 AM,1572671361246
-0.659 ,0.64 ,3.337,23.55559333333333,87.29864666666666 ,35.10138015747071,88.54459099750727 ,50920.0,10:39:21 AM,1572671361246
-0.777 ,2.335 ,5.446,23.55559333333333,87.29864666666666 ,35.10138015747071,88.54459099750727 ,50920.0,10:39:21 AM,1572671361251
-1.541 ,6.839 ,9.688,23.55559333333333,87.29864666666666 ,35.10138015747071,88.54459099750727 ,50920.0,10:39:21 AM,1572671361252
-1.295 ,9.89 ,15.579,23.55559333333333,87.29864666666666 ,35.10138015747071,88.54459099750727 ,50920.0,10:39:21 AM,1572671361255
-3.011 ,6.586 ,15.412,23.55559333333333,87.29864666666666 ,35.10138015747071,88.54459099750727 ,50920.0,10:39:21 AM,1572671361255
-2.68 ,1.373 ,7.38,23.55559333333333,87.29864666666666 ,35.10138015747071,88.54459099750727 ,50920.0,10:39:21 AM,1572671361260
-2.196 ,-1.026 ,4.363,23.55559333333333,87.29864666666666 ,35.10138015747071,88.54459099750727 ,50920.0,10:39:21 AM,1572671361261
-1.371 ,2.912 ,9.555,23.55559333333333,87.29864666666666 ,35.10138015747071,88.54459099750727 ,50920.0,10:39:21 AM,1572671361264
-1.948 ,9.478 ,13.651,23.55559333333333,87.29864666666666 ,35.10138015747071,88.54459099750727 ,50920.0,10:39:21 AM,1572671361265
-0.745 ,12.08 ,15.405,23.55559333333333,87.29864666666666 ,35.10138015747071,88.54459099750727 ,50920.0,10:39:21 AM,1572671361272
-0.965 ,7.47 ,7.688,23.55559333333333,87.29864666666666 ,35.10138015747071,88.54459099750727 ,50920.0,10:39:21 AM,1572671361272
0.267 ,3.179 ,-2.913,23.55559333333333,87.29864666666666 ,35.10138015747071,88.54459099750727 ,50920.0,10:39:21 AM,1572671361277
1.028 ,3.603 ,-2.789,23.55559333333333,87.29864666666666 ,35.10138015747071,88.54459099750727 ,50920.0,10:39:21 AM,1572671361277
0.487 ,9.48 ,1.936,23.55559333333333,87.29864666666666 ,35.10138015747071,88.54459099750727 ,50920.0,10:39:21 AM,1572671361279
-0.706 ,14.505 ,9.443,23.55559333333333,87.29864666666666 ,35.10138015747071,88.54459099750727 ,50920.0,10:39:21 AM,1572671361280
-1.703 ,13.279 ,13.276,23.55559333333333,87.29864666666666 ,35.10138015747071,88.54459099750727 ,50920.0,10:39:21 AM,1572671361285
-2.423 ,7.289 ,8.106,23.55559333333333,87.29864666666666 ,35.10138015747071,88.54459099750727 ,50920.0,10:39:21 AM,1572671361285
-0.702 ,4.488 ,4.742,23.55559333333333,87.29864666666666 ,35.10138015747071,88.54459099750727 ,50920.0,10:39:21 AM,1572671361290
1.325 ,6.41 ,7.154,23.55559333333333,87.29864666666666 ,35.10138015747071,88.54459099750727 ,50920.0,10:39:21 AM,1572671361291
3.216 ,11.136 ,9.399,23.55559333333333,87.29864666666666 ,35.10138015747071,88.54459099750727 ,50920.0,10:39:21 AM,1572671361296
2.984 ,12.159 ,9.748,23.55559333333333,87.29864666666666 ,35.10138015747071,88.54459099750727 ,50920.0,10:39:21 AM,1572671361296
1.394 ,7.743 ,5.109,23.55559333333333,87.29864666666666 ,35.10138015747071,88.54459099750727 ,50920.0,10:39:21 AM,1572671361299
0.474 ,4.735 ,-2.591,23.55559333333333,87.29864666666666 ,35.10138015747071,88.54459099750727 ,50920.0,10:39:21 AM,1572671361300
0.115 ,6.107 ,0.163,23.55559333333333,87.29864666666666 ,35.10138015747071,88.54459099750727 ,50920.0,10:39:21 AM,1572671361304
-1.283 ,10.982 ,7.155,23.55559333333333,87.29864666666666 ,35.10138015747071,88.54459099750727 ,50920.0,10:39:21 AM,1572671361305
-1.641 ,14.43 ,10.938,23.55559333333333,87.29864666666666 ,35.10138015747071,88.54459099750727 ,50920.0,10:39:21 AM,1572671361310
-1.815 ,11.618 ,12.626,23.55559333333333,87.29864666666666 ,35.10138015747071,88.54459099750727 ,50920.0,10:39:21 AM,1572671361310
