x,y,z,latitude,longitude,speed,sound,light,time,timestamp
1.515 ,8.25 ,9.504,23.553926666666666,87.29809666666667 ,38.883351516723636,89.31600171178764 ,13189.0,10:38:59 AM,1572671339138
0.973 ,7.571 ,10.22,23.553926666666666,87.29809666666667 ,38.883351516723636,89.31600171178764 ,13189.0,10:38:59 AM,1572671339138
2.149 ,8.53 ,10.9,23.553926666666666,87.29809666666667 ,38.883351516723636,89.31600171178764 ,13189.0,10:38:59 AM,1572671339142
0.56 ,9.652 ,8.944,23.553926666666666,87.29809666666667 ,38.883351516723636,89.31600171178764 ,13189.0,10:38:59 AM,1572671339143
-1.377 ,5.9 ,9.454,23.553926666666666,87.29809666666667 ,38.883351516723636,89.31600171178764 ,13189.0,10:38:59 AM,1572671339149
-2.871 ,3.148 ,5.012,23.553926666666666,87.29809666666667 ,38.883351516723636,89.31600171178764 ,13189.0,10:38:59 AM,1572671339150
-5.725 ,3.888 ,4.253,23.553926666666666,87.29809666666667 ,38.883351516723636,89.31600171178764 ,13189.0,10:38:59 AM,1572671339155
-4.618 ,6.665 ,4.075,23.553926666666666,87.29809666666667 ,38.883351516723636,89.31600171178764 ,13189.0,10:38:59 AM,1572671339156
-4.906 ,9.253 ,3.588,23.553926666666666,87.29809666666667 ,38.883351516723636,89.31600171178764 ,13189.0,10:38:59 AM,1572671339157
-4.248 ,7.774 ,5.238,23.553926666666666,87.29809666666667 ,38.883351516723636,89.31600171178764 ,13189.0,10:38:59 AM,1572671339157
-1.502 ,6.802 ,1.959,23.553926666666666,87.29809666666667 ,38.883351516723636,89.31600171178764 ,13189.0,10:38:59 AM,1572671339162
-1.293 ,8.208 ,2.637,23.553926666666666,87.29809666666667 ,38.883351516723636,89.31600171178764 ,13189.0,10:38:59 AM,1572671339163
2.128 ,11.162 ,3.905,23.553926666666666,87.29809666666667 ,38.883351516723636,89.31600171178764 ,13189.0,10:38:59 AM,1572671339169
0.449 ,12.686 ,3.902,23.553926666666666,87.29809666666667 ,38.883351516723636,89.31600171178764 ,13189.0,10:38:59 AM,1572671339170
-0.079 ,9.955 ,4.775,23.553926666666666,87.29809666666667 ,38.883351516723636,89.31600171178764 ,13189.0,10:38:59 AM,1572671339173
-0.339 ,7.54 ,-1.06,23.553926666666666,87.29809666666667 ,38.883351516723636,89.31600171178764 ,13189.0,10:38:59 AM,1572671339174
-2.395 ,6.102 ,0.098,23.553926666666666,87.29809666666667 ,38.883351516723636,89.31600171178764 ,13189.0,10:38:59 AM,1572671339177
-1.729 ,7.828 ,4.063,23.553926666666666,87.29809666666667 ,38.883351516723636,89.31600171178764 ,13189.0,10:38:59 AM,1572671339178
-2.798 ,9.548 ,8.643,23.553926666666666,87.29809666666667 ,38.883351516723636,89.31600171178764 ,13189.0,10:38:59 AM,1572671339182
-2.124 ,7.71 ,13.839,23.553926666666666,87.29809666666667 ,38.883351516723636,89.31600171178764 ,13189.0,10:38:59 AM,1572671339183
-0.832 ,6.426 ,10.25,23.553926666666666,87.29809666666667 ,38.883351516723636,89.31600171178764 ,13189.0,10:38:59 AM,1572671339187
-0.892 ,5.266 ,9.683,23.553926666666666,87.29809666666667 ,38.883351516723636,89.31600171178764 ,13189.0,10:38:59 AM,1572671339188
1.37 ,6.725 ,9.974,23.553926666666666,87.29809666666667 ,38.883351516723636,89.31600171178764 ,13189.0,10:38:59 AM,1572671339193
-0.911 ,8.091 ,10.677,23.553926666666666,87.29809666666667 ,38.883351516723636,89.31600171178764 ,13189.0,10:38:59 AM,1572671339194
-1.846 ,7.104 ,12.801,23.553926666666666,87.29809666666667 ,38.883351516723636,89.31600171178764 ,40033.0,10:38:59 AM,1572671339197
-1.743 ,6.113 ,12.181,23.553926666666666,87.29809666666667 ,38.883351516723636,89.31600171178764 ,40033.0,10:38:59 AM,1572671339198
-2.765 ,3.806 ,12.454,23.553926666666666,87.29809666666667 ,38.883351516723636,89.31600171178764 ,40033.0,10:38:59 AM,1572671339204
-1.818 ,4.57 ,9.492,23.553926666666666,87.29809666666667 ,38.883351516723636,89.31600171178764 ,40033.0,10:38:59 AM,1572671339204
-0.457 ,5.82 ,13.268,23.553926666666666,87.29809666666667 ,38.883351516723636,89.31600171178764 ,40033.0,10:38:59 AM,1572671339208
-0.69 ,5.365 ,12.408,23.553926666666666,87.29809666666667 ,38.883351516723636,89.31600171178764 ,40033.0,10:38:59 AM,1572671339208
0.467 ,6.423 ,8.93,23.553926666666666,87.29809666666667 ,38.883351516723636,89.31600171178764 ,40033.0,10:38:59 AM,1572671339215
0.43 ,6.961 ,5.862,23.553926666666666,87.29809666666667 ,38.883351516723636,89.31600171178764 ,40033.0,10:38:59 AM,1572671339215
0.942 ,10.969 ,3.5,23.553926666666666,87.29809666666667 ,38.883351516723636,89.31600171178764 ,40033.0,10:38:59 AM,1572671339223
-0.032 ,14.42 ,2.521,23.553926666666666,87.29809666666667 ,38.883351516723636,89.31600171178764 ,40033.0,10:38:59 AM,1572671339223
-0.518 ,13.485 ,1.088,23.553926666666666,87.29809666666667 ,38.883351516723636,89.31600171178764 ,40033.0,10:38:59 AM,1572671339224
-0.81 ,12.081 ,-5.896,23.553926666666666,87.29809666666667 ,38.883351516723636,89.31600171178764 ,40033.0,10:38:59 AM,1572671339224
-1.967 ,10.054 ,-6.065,23.553926666666666,87.29809666666667 ,38.883351516723636,89.31600171178764 ,40033.0,10:38:59 AM,1572671339227
-1.511 ,10.865 ,-3.04,23.553926666666666,87.29809666666667 ,38.883351516723636,89.31600171178764 ,40033.0,10:38:59 AM,1572671339228
-1.939 ,12.743 ,3.597,23.553926666666666,87.29809666666667 ,38.883351516723636,89.31600171178764 ,40033.0,10:38:59 AM,1572671339232
-2.799 ,11.753 ,8.52,23.553926666666666,87.29809666666667 ,38.883351516723636,89.31600171178764 ,40033.0,10:38:59 AM,1572671339232
-0.442 ,10.282 ,9.85,23.553926666666666,87.29809666666667 ,38.883351516723636,89.31600171178764 ,40033.0,10:38:59 AM,1572671339238
-1.465 ,10.067 ,7.673,23.553926666666666,87.29809666666667 ,38.883351516723636,89.31600171178764 ,40033.0,10:38:59 AM,1572671339239
1.181 ,11.883 ,7.359,23.553926666666666,87.29809666666667 ,38.883351516723636,89.31600171178764 ,40033.0,10:38:59 AM,1572671339242
0.967 ,11.736 ,5.522,23.553926666666666,87.29809666666667 ,38.883351516723636,89.31600171178764 ,40033.0,10:38:59 AM,1572671339242
0.58 ,8.711 ,2.814,23.553926666666666,87.29809666666667 ,38.883351516723636,89.31600171178764 ,40033.0,10:38:59 AM,1572671339246
2.165 ,7.508 ,0.081,23.553926666666666,87.29809666666667 ,38.883351516723636,89.31600171178764 ,40033.0,10:38:59 AM,1572671339247
0.175 ,7.258 ,2.735,23.553926666666666,87.29809666666667 ,38.883351516723636,89.31600171178764 ,40033.0,10:38:59 AM,1572671339252
2.335 ,9.779 ,8.922,23.553926666666666,87.29809666666667 ,38.883351516723636,89.31600171178764 ,40033.0,10:38:59 AM,1572671339253
0.201 ,10.516 ,11.462,23.553926666666666,87.29809666666667 ,38.883351516723636,89.31600171178764 ,40033.0,10:38:59 AM,1572671339257
-1.365 ,7.011 ,10.075,23.553926666666666,87.29809666666667 ,38.883351516723636,89.31600171178764 ,40033.0,10:38:59 AM,1572671339258
-1.15 ,4.625 ,7.344,23.553926666666666,87.29809666666667 ,38.883351516723636,89.31600171178764 ,40033.0,10:38:59 AM,1572671339262
-4.566 ,4.15 ,6.991,23.553926666666666,87.29809666666667 ,38.883351516723636,89.31600171178764 ,40033.0,10:38:59 AM,1572671339263
-4.51 ,7.88 ,8.948,23.553926666666666,87.29809666666667 ,38.883351516723636,89.31600171178764 ,40033.0,10:38:59 AM,1572671339268
-7.302 ,10.273 ,11.929,23.553926666666666,87.29809666666667 ,38.883351516723636,89.31600171178764 ,40033.0,10:38:59 AM,1572671339268
-6.143 ,7.976 ,9.139,23.553926666666666,87.29809666666667 ,38.883351516723636,89.31600171178764 ,40033.0,10:38:59 AM,1572671339272
-4.031 ,6.526 ,1.283,23.553926666666666,87.29809666666667 ,38.883351516723636,89.31600171178764 ,40033.0,10:38:59 AM,1572671339273
-3.004 ,6.615 ,-2.38,23.553926666666666,87.29809666666667 ,38.883351516723636,89.31600171178764 ,40033.0,10:38:59 AM,1572671339276
3.074 ,10.005 ,1.087,23.553926666666666,87.29809666666667 ,38.883351516723636,89.31600171178764 ,40033.0,10:38:59 AM,1572671339277
1.908 ,11.711 ,1.824,23.553926666666666,87.29809666666667 ,38.883351516723636,89.31600171178764 ,40033.0,10:38:59 AM,1572671339281
3.663 ,9.548 ,2.923,23.553926666666666,87.29809666666667 ,38.883351516723636,89.31600171178764 ,40033.0,10:38:59 AM,1572671339282
3.305 ,7.34 ,0.764,23.553926666666666,87.29809666666667 ,38.883351516723636,89.31600171178764 ,40033.0,10:38:59 AM,1572671339287
0.726 ,7.236 ,3.541,23.553926666666666,87.29809666666667 ,38.883351516723636,89.31600171178764 ,40033.0,10:38:59 AM,1572671339288
0.131 ,10.638 ,6.191,23.553926666666666,87.29809666666667 ,38.883351516723636,89.31600171178764 ,40033.0,10:38:59 AM,1572671339292
-4.12 ,11.554 ,8.76,23.553926666666666,87.29809666666667 ,38.883351516723636,89.31600171178764 ,40033.0,10:38:59 AM,1572671339293
-4.232 ,8.19 ,8.163,23.553926666666666,87.29809666666667 ,38.883351516723636,89.31600171178764 ,40033.0,10:38:59 AM,1572671339297
-4.789 ,5.468 ,3.406,23.553926666666666,87.29809666666667 ,38.883351516723636,89.31600171178764 ,40033.0,10:38:59 AM,1572671339297
-3.909 ,4.407 ,3.925,23.553926666666666,87.29809666666667 ,38.883351516723636,89.31600171178764 ,40033.0,10:38:59 AM,1572671339303
0.444 ,8.11 ,6.273,23.553926666666666,87.29809666666667 ,38.883351516723636,89.31600171178764 ,40033.0,10:38:59 AM,1572671339304
-0.919 ,9.737 ,9.05,23.553926666666666,87.29809666666667 ,38.883351516723636,89.31600171178764 ,40033.0,10:38:59 AM,1572671339307
2.314 ,8.036 ,7.985,23.553926666666666,87.29809666666667 ,38.883351516723636,89.31600171178764 ,40033.0,10:38:59 AM,1572671339308
1.204 ,6.414 ,5.887,23.553926666666666,87.29809666666667 ,38.883351516723636,89.31600171178764 ,40033.0,10:38:59 AM,1572671339312
0.012 ,5.84 ,4.981,23.553926666666666,87.29809666666667 ,38.883351516723636,89.31600171178764 ,40033.0,10:38:59 AM,1572671339313
1.074 ,9.566 ,6.199,23.553926666666666,87.29809666666667 ,38.883351516723636,89.31600171178764 ,40033.0,10:38:59 AM,1572671339320
-2.56 ,10.581 ,10.396,23.553926666666666,87.29809666666667 ,38.883351516723636,89.31600171178764 ,40033.0,10:38:59 AM,1572671339320
-1.259 ,8.742 ,8.015,23.553926666666666,87.29809666666667 ,38.883351516723636,89.31600171178764 ,40033.0,10:38:59 AM,1572671339321
-2.116 ,7.283 ,3.716,23.553926666666666,87.29809666666667 ,38.883351516723636,89.31600171178764 ,40033.0,10:38:59 AM,1572671339322
-2.65 ,6.622 ,3.329,23.553926666666666,87.29809666666667 ,38.883351516723636,89.31600171178764 ,40033.0,10:38:59 AM,1572671339327
-1.262 ,9.598 ,2.917,23.553926666666666,87.29809666666667 ,38.883351516723636,89.31600171178764 ,40033.0,10:38:59 AM,1572671339327
-2.783 ,10.632 ,5.343,23.553926666666666,87.29809666666667 ,38.883351516723636,89.31600171178764 ,40033.0,10:38:59 AM,1572671339332
-0.983 ,9.176 ,3.48,23.553926666666666,87.29809666666667 ,38.883351516723636,89.31600171178764 ,40033.0,10:38:59 AM,1572671339332
-0.897 ,9.87 ,0.907,23.553926666666666,87.29809666666667 ,38.883351516723636,89.31600171178764 ,40033.0,10:38:59 AM,1572671339337
0.03 ,11.52 ,0.467,23.553926666666666,87.29809666666667 ,38.883351516723636,89.31600171178764 ,40033.0,10:38:59 AM,1572671339337
1.84 ,14.627 ,0.183,23.553926666666666,87.29809666666667 ,38.883351516723636,89.31600171178764 ,40033.0,10:38:59 AM,1572671339343
-0.508 ,12.427 ,-0.218,23.553926666666666,87.29809666666667 ,38.883351516723636,89.31600171178764 ,40033.0,10:38:59 AM,1572671339344
0.864 ,7.84 ,-3.734,23.553926666666666,87.29809666666667 ,38.883351516723636,89.31600171178764 ,40033.0,10:38:59 AM,1572671339348
-1.046 ,6.371 ,-4.442,23.553926666666666,87.29809666666667 ,38.883351516723636,89.31600171178764 ,40033.0,10:38:59 AM,1572671339348
-1.438 ,7.865 ,1.594,23.553926666666666,87.29809666666667 ,38.883351516723636,89.31600171178764 ,40033.0,10:38:59 AM,1572671339354
-0.726 ,12.166 ,7.98,23.553926666666666,87.29809666666667 ,38.883351516723636,89.31600171178764 ,40033.0,10:38:59 AM,1572671339354
-3.633 ,10.601 ,10.61,23.553926666666666,87.29809666666667 ,38.883351516723636,89.31600171178764 ,40033.0,10:38:59 AM,1572671339357
-1.866 ,6.761 ,6.88,23.553926666666666,87.29809666666667 ,38.883351516723636,89.31600171178764 ,40033.0,10:38:59 AM,1572671339357
-2.431 ,5.006 ,4.876,23.553926666666666,87.29809666666667 ,38.883351516723636,89.31600171178764 ,40033.0,10:38:59 AM,1572671339362
-0.673 ,8.245 ,7.275,23.553926666666666,87.29809666666667 ,38.883351516723636,89.31600171178764 ,40033.0,10:38:59 AM,1572671339362
0.925 ,12.865 ,10.295,23.553926666666666,87.29809666666667 ,38.883351516723636,89.31600171178764 ,40033.0,10:38:59 AM,1572671339369
-0.328 ,11.749 ,9.889,23.553926666666666,87.29809666666667 ,38.883351516723636,89.31600171178764 ,40033.0,10:38:59 AM,1572671339370
1.885 ,7.739 ,4.763,23.553926666666666,87.29809666666667 ,38.883351516723636,89.31600171178764 ,40033.0,10:38:59 AM,1572671339372
0.352 ,5.282 ,1.151,23.553926666666666,87.29809666666667 ,38.883351516723636,89.31600171178764 ,40033.0,10:38:59 AM,1572671339372
1.593 ,6.017 ,3.109,23.553926666666666,87.29809666666667 ,38.883351516723636,89.31600171178764 ,40033.0,10:38:59 AM,1572671339377
0.396 ,8.049 ,5.193,23.553926666666666,87.29809666666667 ,38.883351516723636,89.31600171178764 ,40033.0,10:38:59 AM,1572671339378
-3.501 ,6.976 ,6.312,23.553926666666666,87.29809666666667 ,38.883351516723636,89.31600171178764 ,40033.0,10:38:59 AM,1572671339381
-3.127 ,5.008 ,8.573,23.553926666666666,87.29809666666667 ,38.883351516723636,89.31600171178764 ,40033.0,10:38:59 AM,1572671339382
