x,y,z,latitude,longitude,speed,sound,light,time,timestamp
-4.715 ,5.74 ,12.977,23.553670000000004,87.29795 ,38.759202575683595,89.35445204031996 ,43296.0,10:38:56 AM,1572671336148
-3.998 ,8.147 ,16.204,23.553670000000004,87.29795 ,38.759202575683595,89.35445204031996 ,43296.0,10:38:56 AM,1572671336148
-4.028 ,7.339 ,18.05,23.553670000000004,87.29795 ,38.759202575683595,89.35445204031996 ,43296.0,10:38:56 AM,1572671336152
-3.373 ,2.979 ,10.395,23.553670000000004,87.29795 ,38.759202575683595,89.35445204031996 ,43296.0,10:38:56 AM,1572671336153
0.509 ,1.521 ,2.374,23.553670000000004,87.29795 ,38.759202575683595,89.35445204031996 ,43296.0,10:38:56 AM,1572671336161
-0.123 ,4.613 ,-4.074,23.553670000000004,87.29795 ,38.759202575683595,89.35445204031996 ,43296.0,10:38:56 AM,1572671336162
3.206 ,10.409 ,-1.463,23.553670000000004,87.29795 ,38.759202575683595,89.35445204031996 ,43296.0,10:38:56 AM,1572671336162
-0.1 ,13.203 ,-0.424,23.553670000000004,87.29795 ,38.759202575683595,89.35445204031996 ,43296.0,10:38:56 AM,1572671336162
-0.698 ,11.12 ,1.259,23.553670000000004,87.29795 ,38.759202575683595,89.35445204031996 ,43296.0,10:38:56 AM,1572671336167
-1.354 ,9.783 ,1.323,23.553670000000004,87.29795 ,38.759202575683595,89.35445204031996 ,43296.0,10:38:56 AM,1572671336168
-3.43 ,10.569 ,4.013,23.553670000000004,87.29795 ,38.759202575683595,89.35445204031996 ,43296.0,10:38:56 AM,1572671336171
-0.263 ,13.91 ,8.984,23.553670000000004,87.29795 ,38.759202575683595,89.35445204031996 ,43296.0,10:38:56 AM,1572671336172
-1.079 ,12.305 ,10.707,23.553670000000004,87.29795 ,38.759202575683595,89.35445204031996 ,43296.0,10:38:56 AM,1572671336178
1.025 ,7.889 ,6.608,23.553670000000004,87.29795 ,38.759202575683595,89.35445204031996 ,43296.0,10:38:56 AM,1572671336178
3.944 ,5.705 ,0.974,23.553670000000004,87.29795 ,38.759202575683595,89.35445204031996 ,43296.0,10:38:56 AM,1572671336182
2.229 ,6.675 ,-2.453,23.553670000000004,87.29795 ,38.759202575683595,89.35445204031996 ,43296.0,10:38:56 AM,1572671336183
4.122 ,10.496 ,-0.084,23.553670000000004,87.29795 ,38.759202575683595,89.35445204031996 ,43296.0,10:38:56 AM,1572671336187
-0.111 ,10.454 ,1.117,23.553670000000004,87.29795 ,38.759202575683595,89.35445204031996 ,43296.0,10:38:56 AM,1572671336188
-2.692 ,7.752 ,0.552,23.553670000000004,87.29795 ,38.759202575683595,89.35445204031996 ,43296.0,10:38:56 AM,1572671336195
-3.545 ,6.565 ,4.654,23.553670000000004,87.29795 ,38.759202575683595,89.35445204031996 ,43296.0,10:38:56 AM,1572671336195
-7.453 ,7.689 ,8.926,23.553670000000004,87.29795 ,38.759202575683595,89.35445204031996 ,41861.0,10:38:56 AM,1572671336197
-3.934 ,9.998 ,17.392,23.553670000000004,87.29795 ,38.759202575683595,89.35445204031996 ,41861.0,10:38:56 AM,1572671336197
-5.461 ,8.375 ,17.471,23.553670000000004,87.29795 ,38.759202575683595,89.35445204031996 ,41861.0,10:38:56 AM,1572671336201
-3.37 ,5.182 ,12.142,23.553670000000004,87.29795 ,38.759202575683595,89.35445204031996 ,41861.0,10:38:56 AM,1572671336202
1.564 ,4.136 ,10.241,23.553670000000004,87.29795 ,38.759202575683595,89.35445204031996 ,41861.0,10:38:56 AM,1572671336210
-0.089 ,4.441 ,4.119,23.553670000000004,87.29795 ,38.759202575683595,89.35445204031996 ,41861.0,10:38:56 AM,1572671336211
2.6 ,7.069 ,3.41,23.553670000000004,87.29795 ,38.759202575683595,89.35445204031996 ,41861.0,10:38:56 AM,1572671336211
0.743 ,7.746 ,5.833,23.553670000000004,87.29795 ,38.759202575683595,89.35445204031996 ,41861.0,10:38:56 AM,1572671336212
-1.435 ,7.085 ,3.954,23.553670000000004,87.29795 ,38.759202575683595,89.35445204031996 ,41861.0,10:38:56 AM,1572671336217
-1.208 ,8.572 ,4.357,23.553670000000004,87.29795 ,38.759202575683595,89.35445204031996 ,41861.0,10:38:56 AM,1572671336217
-3.648 ,10.246 ,5.543,23.553670000000004,87.29795 ,38.759202575683595,89.35445204031996 ,41861.0,10:38:56 AM,1572671336221
-1.311 ,12.5 ,9.547,23.553670000000004,87.29795 ,38.759202575683595,89.35445204031996 ,41861.0,10:38:56 AM,1572671336222
-2.86 ,11.072 ,9.681,23.553670000000004,87.29795 ,38.759202575683595,89.35445204031996 ,41861.0,10:38:56 AM,1572671336227
-1.365 ,7.784 ,4.854,23.553670000000004,87.29795 ,38.759202575683595,89.35445204031996 ,41861.0,10:38:56 AM,1572671336228
1.191 ,6.891 ,1.896,23.553670000000004,87.29795 ,38.759202575683595,89.35445204031996 ,41861.0,10:38:56 AM,1572671336232
0.042 ,7.243 ,0.1,23.553670000000004,87.29795 ,38.759202575683595,89.35445204031996 ,41861.0,10:38:56 AM,1572671336233
1.824 ,10.154 ,1.143,23.553670000000004,87.29795 ,38.759202575683595,89.35445204031996 ,41861.0,10:38:56 AM,1572671336237
-1.044 ,10.555 ,0.244,23.553670000000004,87.29795 ,38.759202575683595,89.35445204031996 ,41861.0,10:38:56 AM,1572671336237
-0.569 ,8.833 ,0.181,23.553670000000004,87.29795 ,38.759202575683595,89.35445204031996 ,41861.0,10:38:56 AM,1572671336245
-2.246 ,8.882 ,-0.048,23.553670000000004,87.29795 ,38.759202575683595,89.35445204031996 ,41861.0,10:38:56 AM,1572671336245
-3.07 ,9.591 ,3.62,23.553670000000004,87.29795 ,38.759202575683595,89.35445204031996 ,41861.0,10:38:56 AM,1572671336246
-0.39 ,11.213 ,8.048,23.553670000000004,87.29795 ,38.759202575683595,89.35445204031996 ,41861.0,10:38:56 AM,1572671336247
-2.502 ,9.018 ,9.041,23.553670000000004,87.29795 ,38.759202575683595,89.35445204031996 ,41861.0,10:38:56 AM,1572671336251
0.378 ,5.089 ,6.357,23.553670000000004,87.29795 ,38.759202575683595,89.35445204031996 ,41861.0,10:38:56 AM,1572671336252
1.125 ,3.463 ,5.144,23.553670000000004,87.29795 ,38.759202575683595,89.35445204031996 ,41861.0,10:38:56 AM,1572671336260
-0.158 ,4.695 ,6.469,23.553670000000004,87.29795 ,38.759202575683595,89.35445204031996 ,41861.0,10:38:56 AM,1572671336260
1.427 ,8.053 ,11.106,23.553670000000004,87.29795 ,38.759202575683595,89.35445204031996 ,41861.0,10:38:56 AM,1572671336261
-2.575 ,9.001 ,12.347,23.553670000000004,87.29795 ,38.759202575683595,89.35445204031996 ,41861.0,10:38:56 AM,1572671336262
-1.176 ,6.512 ,9.425,23.553670000000004,87.29795 ,38.759202575683595,89.35445204031996 ,41861.0,10:38:56 AM,1572671336267
-0.984 ,5.199 ,5.764,23.553670000000004,87.29795 ,38.759202575683595,89.35445204031996 ,41861.0,10:38:56 AM,1572671336267
-1.132 ,5.408 ,2.194,23.553670000000004,87.29795 ,38.759202575683595,89.35445204031996 ,41861.0,10:38:56 AM,1572671336272
1.047 ,7.934 ,5.396,23.553670000000004,87.29795 ,38.759202575683595,89.35445204031996 ,41861.0,10:38:56 AM,1572671336272
-0.512 ,7.552 ,8.675,23.553670000000004,87.29795 ,38.759202575683595,89.35445204031996 ,41861.0,10:38:56 AM,1572671336277
0.317 ,6.041 ,6.431,23.553670000000004,87.29795 ,38.759202575683595,89.35445204031996 ,41861.0,10:38:56 AM,1572671336278
-0.224 ,6.583 ,2.996,23.553670000000004,87.29795 ,38.759202575683595,89.35445204031996 ,41861.0,10:38:56 AM,1572671336283
-0.834 ,8.035 ,2.489,23.553670000000004,87.29795 ,38.759202575683595,89.35445204031996 ,41861.0,10:38:56 AM,1572671336283
0.448 ,10.429 ,5.219,23.553670000000004,87.29795 ,38.759202575683595,89.35445204031996 ,41861.0,10:38:56 AM,1572671336287
-2.767 ,9.283 ,5.243,23.553670000000004,87.29795 ,38.759202575683595,89.35445204031996 ,41861.0,10:38:56 AM,1572671336287
-0.409 ,7.57 ,4.566,23.553670000000004,87.29795 ,38.759202575683595,89.35445204031996 ,41861.0,10:38:56 AM,1572671336292
-0.992 ,7.746 ,5.147,23.553670000000004,87.29795 ,38.759202575683595,89.35445204031996 ,41861.0,10:38:56 AM,1572671336293
-0.594 ,10.251 ,8.279,23.553670000000004,87.29795 ,38.759202575683595,89.35445204031996 ,41861.0,10:38:56 AM,1572671336297
0.965 ,12.237 ,10.756,23.553670000000004,87.29795 ,38.759202575683595,89.35445204031996 ,41861.0,10:38:56 AM,1572671336297
0.456 ,9.669 ,10.849,23.553670000000004,87.29795 ,38.759202575683595,89.35445204031996 ,41861.0,10:38:56 AM,1572671336301
0.926 ,6.068 ,3.278,23.553670000000004,87.29795 ,38.759202575683595,89.35445204031996 ,41861.0,10:38:56 AM,1572671336302
1.398 ,4.689 ,1.593,23.553670000000004,87.29795 ,38.759202575683595,89.35445204031996 ,41861.0,10:38:56 AM,1572671336310
-0.162 ,6.439 ,0.55,23.553670000000004,87.29795 ,38.759202575683595,89.35445204031996 ,41861.0,10:38:56 AM,1572671336310
0.187 ,8.974 ,4.892,23.553670000000004,87.29795 ,38.759202575683595,89.35445204031996 ,41861.0,10:38:56 AM,1572671336311
-3.97 ,8.36 ,6.215,23.553670000000004,87.29795 ,38.759202575683595,89.35445204031996 ,41861.0,10:38:56 AM,1572671336312
-4.569 ,6.574 ,4.773,23.553670000000004,87.29795 ,38.759202575683595,89.35445204031996 ,41861.0,10:38:56 AM,1572671336317
-5.523 ,5.56 ,6.602,23.553670000000004,87.29795 ,38.759202575683595,89.35445204031996 ,41861.0,10:38:56 AM,1572671336318
-5.916 ,7.399 ,7.624,23.553670000000004,87.29795 ,38.759202575683595,89.35445204031996 ,41861.0,10:38:56 AM,1572671336322
-3.853 ,10.225 ,9.524,23.553670000000004,87.29795 ,38.759202575683595,89.35445204031996 ,41861.0,10:38:56 AM,1572671336323
-3.343 ,9.465 ,10.061,23.553670000000004,87.29795 ,38.759202575683595,89.35445204031996 ,41861.0,10:38:56 AM,1572671336328
-0.205 ,8.109 ,4.287,23.553670000000004,87.29795 ,38.759202575683595,89.35445204031996 ,41861.0,10:38:56 AM,1572671336328
1.767 ,7.168 ,0.527,23.553670000000004,87.29795 ,38.759202575683595,89.35445204031996 ,41861.0,10:38:56 AM,1572671336332
2.554 ,8.478 ,-1.063,23.553670000000004,87.29795 ,38.759202575683595,89.35445204031996 ,41861.0,10:38:56 AM,1572671336332
3.835 ,11.111 ,2.137,23.553670000000004,87.29795 ,38.759202575683595,89.35445204031996 ,41861.0,10:38:56 AM,1572671336336
0.845 ,11.128 ,4.001,23.553670000000004,87.29795 ,38.759202575683595,89.35445204031996 ,41861.0,10:38:56 AM,1572671336337
1.602 ,10.461 ,5.61,23.553670000000004,87.29795 ,38.759202575683595,89.35445204031996 ,41861.0,10:38:56 AM,1572671336344
-1.22 ,9.872 ,7.547,23.553670000000004,87.29795 ,38.759202575683595,89.35445204031996 ,41861.0,10:38:56 AM,1572671336345
-1.79 ,11.188 ,9.922,23.553670000000004,87.29795 ,38.759202575683595,89.35445204031996 ,41861.0,10:38:56 AM,1572671336346
-2.198 ,11.262 ,10.32,23.553670000000004,87.29795 ,38.759202575683595,89.35445204031996 ,41861.0,10:38:56 AM,1572671336347
-3.388 ,7.741 ,10.658,23.553670000000004,87.29795 ,38.759202575683595,89.35445204031996 ,41861.0,10:38:56 AM,1572671336351
-2.67 ,4.108 ,5.361,23.553670000000004,87.29795 ,38.759202575683595,89.35445204031996 ,41861.0,10:38:56 AM,1572671336352
-2.646 ,3.441 ,5.665,23.553670000000004,87.29795 ,38.759202575683595,89.35445204031996 ,41861.0,10:38:56 AM,1572671336360
-2.246 ,6.453 ,8.775,23.553670000000004,87.29795 ,38.759202575683595,89.35445204031996 ,41861.0,10:38:56 AM,1572671336360
-1.014 ,9.301 ,11.97,23.553670000000004,87.29795 ,38.759202575683595,89.35445204031996 ,41861.0,10:38:56 AM,1572671336361
-1.188 ,7.617 ,13.433,23.553670000000004,87.29795 ,38.759202575683595,89.35445204031996 ,41861.0,10:38:56 AM,1572671336362
0.023 ,4.268 ,7.345,23.553670000000004,87.29795 ,38.759202575683595,89.35445204031996 ,41861.0,10:38:56 AM,1572671336367
1.193 ,3.499 ,8.449,23.553670000000004,87.29795 ,38.759202575683595,89.35445204031996 ,41861.0,10:38:56 AM,1572671336367
0.822 ,7.297 ,10.463,23.553670000000004,87.29795 ,38.759202575683595,89.35445204031996 ,41861.0,10:38:56 AM,1572671336371
-0.524 ,10.557 ,14.498,23.553670000000004,87.29795 ,38.759202575683595,89.35445204031996 ,41861.0,10:38:56 AM,1572671336372
-1.224 ,7.849 ,14.722,23.553670000000004,87.29795 ,38.759202575683595,89.35445204031996 ,41861.0,10:38:56 AM,1572671336378
-0.393 ,3.213 ,6.97,23.553670000000004,87.29795 ,38.759202575683595,89.35445204031996 ,41861.0,10:38:56 AM,1572671336379
-1.137 ,2.914 ,0.761,23.553670000000004,87.29795 ,38.759202575683595,89.35445204031996 ,41861.0,10:38:56 AM,1572671336382
1.625 ,7.544 ,2.327,23.553670000000004,87.29795 ,38.759202575683595,89.35445204031996 ,41861.0,10:38:56 AM,1572671336382
0.997 ,12.568 ,3.454,23.553670000000004,87.29795 ,38.759202575683595,89.35445204031996 ,41861.0,10:38:56 AM,1572671336386
0.323 ,11.704 ,5.344,23.553670000000004,87.29795 ,38.759202575683595,89.35445204031996 ,41861.0,10:38:56 AM,1572671336387
-0.37 ,7.826 ,-0.973,23.553670000000004,87.29795 ,38.759202575683595,89.35445204031996 ,41861.0,10:38:56 AM,1572671336392
-2.722 ,7.022 ,-2.742,23.553670000000004,87.29795 ,38.759202575683595,89.35445204031996 ,41861.0,10:38:56 AM,1572671336393
