x,y,z,latitude,longitude,speed,sound,light,time,timestamp
-7.357 ,21.0 ,10.196,23.570981666666665,87.30255833333334 ,30.53558578491211,87.07034107858553 ,50920.0,10:43:40 AM,1572671620014
-1.432 ,16.397 ,8.89,23.570981666666665,87.30255833333334 ,30.53558578491211,87.07034107858553 ,50920.0,10:43:40 AM,1572671620018
0.566 ,7.298 ,0.36,23.570981666666665,87.30255833333334 ,30.53558578491211,87.07034107858553 ,50920.0,10:43:40 AM,1572671620018
1.138 ,2.925 ,-0.665,23.570981666666665,87.30255833333334 ,30.53558578491211,87.07034107858553 ,50920.0,10:43:40 AM,1572671620022
8.941 ,5.172 ,17.14,23.570981666666665,87.30255833333334 ,30.53558578491211,87.07034107858553 ,50920.0,10:43:40 AM,1572671620023
5.714 ,12.295 ,15.845,23.570981666666665,87.30255833333334 ,30.53558578491211,87.07034107858553 ,50920.0,10:43:40 AM,1572671620028
7.299 ,14.779 ,14.532,23.570981666666665,87.30255833333334 ,30.53558578491211,87.07034107858553 ,50920.0,10:43:40 AM,1572671620029
5.604 ,10.277 ,7.843,23.570981666666665,87.30255833333334 ,30.53558578491211,87.07034107858553 ,50920.0,10:43:40 AM,1572671620033
3.378 ,6.703 ,0.037,23.570981666666665,87.30255833333334 ,30.53558578491211,87.07034107858553 ,50920.0,10:43:40 AM,1572671620033
4.47 ,8.017 ,1.077,23.570981666666665,87.30255833333334 ,30.53558578491211,87.07034107858553 ,50920.0,10:43:40 AM,1572671620037
0.959 ,8.377 ,6.722,23.570981666666665,87.30255833333334 ,30.53558578491211,87.07034107858553 ,50920.0,10:43:40 AM,1572671620038
-2.036 ,9.821 ,10.871,23.570981666666665,87.30255833333334 ,30.53558578491211,87.07034107858553 ,50920.0,10:43:40 AM,1572671620043
-1.709 ,8.461 ,14.06,23.570981666666665,87.30255833333334 ,30.53558578491211,87.07034107858553 ,50920.0,10:43:40 AM,1572671620044
-4.925 ,4.171 ,9.517,23.570981666666665,87.30255833333334 ,30.53558578491211,87.07034107858553 ,50920.0,10:43:40 AM,1572671620048
-5.48 ,1.632 ,9.323,23.570981666666665,87.30255833333334 ,30.53558578491211,87.07034107858553 ,50920.0,10:43:40 AM,1572671620049
-6.293 ,4.626 ,13.924,23.570981666666665,87.30255833333334 ,30.53558578491211,87.07034107858553 ,50920.0,10:43:40 AM,1572671620053
-6.949 ,9.356 ,12.91,23.570981666666665,87.30255833333334 ,30.53558578491211,87.07034107858553 ,50920.0,10:43:40 AM,1572671620053
-4.952 ,10.813 ,10.409,23.570981666666665,87.30255833333334 ,30.53558578491211,87.07034107858553 ,50920.0,10:43:40 AM,1572671620058
-4.726 ,7.406 ,2.897,23.570981666666665,87.30255833333334 ,30.53558578491211,87.07034107858553 ,50920.0,10:43:40 AM,1572671620059
-2.077 ,6.29 ,-4.43,23.570981666666665,87.30255833333334 ,30.53558578491211,87.07034107858553 ,50920.0,10:43:40 AM,1572671620062
-0.37 ,8.186 ,-2.864,23.570981666666665,87.30255833333334 ,30.53558578491211,87.07034107858553 ,50920.0,10:43:40 AM,1572671620063
0.424 ,11.555 ,1.908,23.570981666666665,87.30255833333334 ,30.53558578491211,87.07034107858553 ,50920.0,10:43:40 AM,1572671620068
1.775 ,13.108 ,4.305,23.570981666666665,87.30255833333334 ,30.53558578491211,87.07034107858553 ,50920.0,10:43:40 AM,1572671620068
0.327 ,9.5 ,3.094,23.570981666666665,87.30255833333334 ,30.53558578491211,87.07034107858553 ,50920.0,10:43:40 AM,1572671620073
-0.193 ,4.76 ,-0.495,23.570981666666665,87.30255833333334 ,30.53558578491211,87.07034107858553 ,50920.0,10:43:40 AM,1572671620074
-0.725 ,3.247 ,1.296,23.570981666666665,87.30255833333334 ,30.53558578491211,87.07034107858553 ,50920.0,10:43:40 AM,1572671620078
-1.242 ,5.77 ,10.73,23.570981666666665,87.30255833333334 ,30.53558578491211,87.07034107858553 ,50920.0,10:43:40 AM,1572671620079
-3.348 ,9.476 ,13.214,23.570981666666665,87.30255833333334 ,30.53558578491211,87.07034107858553 ,50920.0,10:43:40 AM,1572671620082
-2.092 ,9.617 ,18.123,23.570981666666665,87.30255833333334 ,30.53558578491211,87.07034107858553 ,50920.0,10:43:40 AM,1572671620084
-1.011 ,6.122 ,13.318,23.570981666666665,87.30255833333334 ,30.53558578491211,87.07034107858553 ,50920.0,10:43:40 AM,1572671620088
0.497 ,4.948 ,9.904,23.570981666666665,87.30255833333334 ,30.53558578491211,87.07034107858553 ,50920.0,10:43:40 AM,1572671620089
2.751 ,8.511 ,11.807,23.570981666666665,87.30255833333334 ,30.53558578491211,87.07034107858553 ,50920.0,10:43:40 AM,1572671620093
4.845 ,12.488 ,13.597,23.570981666666665,87.30255833333334 ,30.53558578491211,87.07034107858553 ,50920.0,10:43:40 AM,1572671620093
4.908 ,11.384 ,11.454,23.570981666666665,87.30255833333334 ,30.53558578491211,87.07034107858553 ,50920.0,10:43:40 AM,1572671620097
4.707 ,7.06 ,4.451,23.570981666666665,87.30255833333334 ,30.53558578491211,87.07034107858553 ,50920.0,10:43:40 AM,1572671620098
3.861 ,4.752 ,-1.783,23.570981666666665,87.30255833333334 ,30.53558578491211,87.07034107858553 ,50920.0,10:43:40 AM,1572671620103
1.608 ,6.858 ,2.558,23.570981666666665,87.30255833333334 ,30.53558578491211,87.07034107858553 ,50920.0,10:43:40 AM,1572671620104
-1.949 ,11.395 ,7.428,23.570981666666665,87.30255833333334 ,30.53558578491211,87.07034107858553 ,50920.0,10:43:40 AM,1572671620108
-5.177 ,13.155 ,9.801,23.570981666666665,87.30255833333334 ,30.53558578491211,87.07034107858553 ,50920.0,10:43:40 AM,1572671620109
-8.021 ,8.412 ,6.248,23.570981666666665,87.30255833333334 ,30.53558578491211,87.07034107858553 ,50920.0,10:43:40 AM,1572671620113
-6.951 ,3.304 ,1.523,23.570981666666665,87.30255833333334 ,30.53558578491211,87.07034107858553 ,50920.0,10:43:40 AM,1572671620113
-6.555 ,5.042 ,-1.245,23.570981666666665,87.30255833333334 ,30.53558578491211,87.07034107858553 ,50920.0,10:43:40 AM,1572671620117
-3.73 ,11.803 ,3.882,23.570981666666665,87.30255833333334 ,30.53558578491211,87.07034107858553 ,50920.0,10:43:40 AM,1572671620119
-1.62 ,16.446 ,6.023,23.570981666666665,87.30255833333334 ,30.53558578491211,87.07034107858553 ,50920.0,10:43:40 AM,1572671620122
-1.449 ,13.752 ,0.786,23.570981666666665,87.30255833333334 ,30.53558578491211,87.07034107858553 ,50920.0,10:43:40 AM,1572671620123
-0.518 ,6.375 ,-3.421,23.570981666666665,87.30255833333334 ,30.53558578491211,87.07034107858553 ,50920.0,10:43:40 AM,1572671620128
0.0 ,3.408 ,-5.306,23.570981666666665,87.30255833333334 ,30.53558578491211,87.07034107858553 ,50920.0,10:43:40 AM,1572671620129
0.515 ,7.224 ,7.339,23.570981666666665,87.30255833333334 ,30.53558578491211,87.07034107858553 ,50920.0,10:43:40 AM,1572671620132
-0.338 ,13.437 ,17.564,23.570981666666665,87.30255833333334 ,30.53558578491211,87.07034107858553 ,50920.0,10:43:40 AM,1572671620133
0.937 ,13.828 ,23.127,23.570981666666665,87.30255833333334 ,30.53558578491211,87.07034107858553 ,50920.0,10:43:40 AM,1572671620137
0.592 ,5.485 ,17.798,23.570981666666665,87.30255833333334 ,30.53558578491211,87.07034107858553 ,50920.0,10:43:40 AM,1572671620138
2.109 ,-1.762 ,9.869,23.570981666666665,87.30255833333334 ,30.53558578491211,87.07034107858553 ,50920.0,10:43:40 AM,1572671620142
4.13 ,-1.496 ,7.298,23.570981666666665,87.30255833333334 ,30.53558578491211,87.07034107858553 ,50920.0,10:43:40 AM,1572671620143
5.043 ,4.733 ,11.389,23.570981666666665,87.30255833333334 ,30.53558578491211,87.07034107858553 ,50920.0,10:43:40 AM,1572671620148
3.804 ,10.459 ,10.22,23.570981666666665,87.30255833333334 ,30.53558578491211,87.07034107858553 ,50920.0,10:43:40 AM,1572671620149
3.073 ,8.807 ,7.603,23.570981666666665,87.30255833333334 ,30.53558578491211,87.07034107858553 ,50920.0,10:43:40 AM,1572671620152
1.421 ,4.908 ,-5.283,23.570981666666665,87.30255833333334 ,30.53558578491211,87.07034107858553 ,50920.0,10:43:40 AM,1572671620153
1.442 ,2.62 ,-9.696,23.570981666666665,87.30255833333334 ,30.53558578491211,87.07034107858553 ,50920.0,10:43:40 AM,1572671620157
-0.647 ,6.684 ,-5.71,23.570981666666665,87.30255833333334 ,30.53558578491211,87.07034107858553 ,50920.0,10:43:40 AM,1572671620158
-2.235 ,13.296 ,-1.741,23.570981666666665,87.30255833333334 ,30.53558578491211,87.07034107858553 ,50920.0,10:43:40 AM,1572671620162
-4.767 ,13.653 ,-0.789,23.570981666666665,87.30255833333334 ,30.53558578491211,87.07034107858553 ,50920.0,10:43:40 AM,1572671620163
-5.865 ,5.34 ,-2.152,23.570981666666665,87.30255833333334 ,30.53558578491211,87.07034107858553 ,50920.0,10:43:40 AM,1572671620168
-6.512 ,-0.735 ,-8.094,23.570981666666665,87.30255833333334 ,30.53558578491211,87.07034107858553 ,50920.0,10:43:40 AM,1572671620169
-3.707 ,1.391 ,-2.828,23.570981666666665,87.30255833333334 ,30.53558578491211,87.07034107858553 ,50920.0,10:43:40 AM,1572671620172
-1.291 ,11.848 ,10.911,23.570981666666665,87.30255833333334 ,30.53558578491211,87.07034107858553 ,50920.0,10:43:40 AM,1572671620173
-0.77 ,20.533 ,16.962,23.570981666666665,87.30255833333334 ,30.53558578491211,87.07034107858553 ,50920.0,10:43:40 AM,1572671620177
0.932 ,18.134 ,18.619,23.570981666666665,87.30255833333334 ,30.53558578491211,87.07034107858553 ,50920.0,10:43:40 AM,1572671620178
0.007 ,8.029 ,7.49,23.570981666666665,87.30255833333334 ,30.53558578491211,87.07034107858553 ,50920.0,10:43:40 AM,1572671620182
2.097 ,0.916 ,0.5,23.570981666666665,87.30255833333334 ,30.53558578491211,87.07034107858553 ,50920.0,10:43:40 AM,1572671620183
3.718 ,2.61 ,4.615,23.570981666666665,87.30255833333334 ,30.53558578491211,87.07034107858553 ,50920.0,10:43:40 AM,1572671620188
3.79 ,10.289 ,17.0,23.570981666666665,87.30255833333334 ,30.53558578491211,87.07034107858553 ,50920.0,10:43:40 AM,1572671620189
2.863 ,17.921 ,30.996,23.570981666666665,87.30255833333334 ,30.53558578491211,87.07034107858553 ,50920.0,10:43:40 AM,1572671620192
1.354 ,16.8 ,34.711,23.570981666666665,87.30255833333334 ,30.53558578491211,87.07034107858553 ,50920.0,10:43:40 AM,1572671620193
0.177 ,12.954 ,22.607,23.570981666666665,87.30255833333334 ,30.53558578491211,87.07034107858553 ,50920.0,10:43:40 AM,1572671620197
1.666 ,7.048 ,15.415,23.570981666666665,87.30255833333334 ,30.53558578491211,87.07034107858553 ,50920.0,10:43:40 AM,1572671620198
3.279 ,4.336 ,13.454,23.570981666666665,87.30255833333334 ,30.53558578491211,87.07034107858553 ,50920.0,10:43:40 AM,1572671620202
-0.324 ,7.319 ,7.53,23.570981666666665,87.30255833333334 ,30.53558578491211,87.07034107858553 ,50920.0,10:43:40 AM,1572671620203
3.211 ,9.143 ,19.367,23.570981666666665,87.30255833333334 ,30.53558578491211,87.07034107858553 ,50920.0,10:43:40 AM,1572671620208
1.147 ,4.484 ,22.658,23.570981666666665,87.30255833333334 ,30.53558578491211,87.07034107858553 ,50920.0,10:43:40 AM,1572671620209
0.844 ,1.987 ,8.411,23.570981666666665,87.30255833333334 ,30.53558578491211,87.83668145548472 ,50920.0,10:43:40 AM,1572671620212
3.404 ,2.791 ,-5.637,23.570981666666665,87.30255833333334 ,30.53558578491211,87.83668145548472 ,50920.0,10:43:40 AM,1572671620213
-0.525 ,1.824 ,-15.743,23.570981666666665,87.30255833333334 ,30.53558578491211,87.83668145548472 ,50920.0,10:43:40 AM,1572671620217
1.77 ,3.809 ,-14.966,23.570981666666665,87.30255833333334 ,30.53558578491211,87.83668145548472 ,50920.0,10:43:40 AM,1572671620218
0.099 ,2.206 ,-17.555,23.570981666666665,87.30255833333334 ,30.53558578491211,87.83668145548472 ,50920.0,10:43:40 AM,1572671620222
-1.864 ,-0.114 ,-8.353,23.570981666666665,87.30255833333334 ,30.53558578491211,87.83668145548472 ,50920.0,10:43:40 AM,1572671620223
-10.119 ,4.595 ,-16.659,23.570981666666665,87.30255833333334 ,30.53558578491211,87.83668145548472 ,50920.0,10:43:40 AM,1572671620228
-4.49 ,7.229 ,2.261,23.570981666666665,87.30255833333334 ,30.53558578491211,87.83668145548472 ,50920.0,10:43:40 AM,1572671620228
-12.782 ,6.767 ,-4.876,23.570981666666665,87.30255833333334 ,30.53558578491211,87.83668145548472 ,50920.0,10:43:40 AM,1572671620232
-9.209 ,9.194 ,8.369,23.570981666666665,87.30255833333334 ,30.53558578491211,87.83668145548472 ,50920.0,10:43:40 AM,1572671620233
-7.378 ,14.65 ,12.797,23.570981666666665,87.30255833333334 ,30.53558578491211,87.83668145548472 ,50920.0,10:43:40 AM,1572671620237
-10.151 ,13.733 ,8.669,23.570981666666665,87.30255833333334 ,30.53558578491211,87.83668145548472 ,50920.0,10:43:40 AM,1572671620238
2.545 ,11.438 ,29.104,23.570981666666665,87.30255833333334 ,30.53558578491211,87.83668145548472 ,50920.0,10:43:40 AM,1572671620242
3.205 ,9.28 ,15.998,23.570981666666665,87.30255833333334 ,30.53558578491211,87.83668145548472 ,50920.0,10:43:40 AM,1572671620243
6.42 ,10.634 ,0.234,23.570981666666665,87.30255833333334 ,30.53558578491211,87.83668145548472 ,50920.0,10:43:40 AM,1572671620248
10.453 ,11.06 ,-7.965,23.570981666666665,87.30255833333334 ,30.53558578491211,87.83668145548472 ,50920.0,10:43:40 AM,1572671620248
7.97 ,11.727 ,-5.425,23.570981666666665,87.30255833333334 ,30.53558578491211,87.83668145548472 ,50920.0,10:43:40 AM,1572671620252
10.241 ,11.863 ,-3.44,23.570981666666665,87.30255833333334 ,30.53558578491211,87.83668145548472 ,50920.0,10:43:40 AM,1572671620253
8.149 ,8.099 ,-2.342,23.570981666666665,87.30255833333334 ,30.53558578491211,87.83668145548472 ,50920.0,10:43:40 AM,1572671620257
0.762 ,8.063 ,-2.218,23.570981666666665,87.30255833333334 ,30.53558578491211,87.83668145548472 ,50920.0,10:43:40 AM,1572671620257
5.18 ,12.937 ,9.505,23.570981666666665,87.30255833333334 ,30.53558578491211,87.83668145548472 ,50920.0,10:43:40 AM,1572671620262
