x,y,z,latitude,longitude,speed,sound,light,time,timestamp
-7.905 ,8.945 ,21.204,23.552178333333337,87.296905 ,30.446644592285157,88.26385002227428 ,21780.0,10:38:38 AM,1572671318702
-7.344 ,6.013 ,10.979,23.552178333333337,87.296905 ,30.446644592285157,88.26385002227428 ,21780.0,10:38:38 AM,1572671318703
-4.002 ,6.678 ,-2.803,23.552178333333337,87.296905 ,30.446644592285157,88.26385002227428 ,21780.0,10:38:38 AM,1572671318708
-1.946 ,7.698 ,-4.5,23.552178333333337,87.296905 ,30.446644592285157,88.26385002227428 ,21780.0,10:38:38 AM,1572671318709
0.984 ,11.734 ,-1.174,23.552178333333337,87.296905 ,30.446644592285157,88.26385002227428 ,21780.0,10:38:38 AM,1572671318712
2.936 ,15.488 ,-1.496,23.552178333333337,87.296905 ,30.446644592285157,88.26385002227428 ,21780.0,10:38:38 AM,1572671318712
2.311 ,14.14 ,-1.757,23.552178333333337,87.296905 ,30.446644592285157,88.26385002227428 ,21780.0,10:38:38 AM,1572671318717
4.448 ,13.289 ,-2.247,23.552178333333337,87.296905 ,30.446644592285157,88.26385002227428 ,21780.0,10:38:38 AM,1572671318717
2.453 ,12.131 ,-3.563,23.552178333333337,87.296905 ,30.446644592285157,88.26385002227428 ,21780.0,10:38:38 AM,1572671318723
1.369 ,12.149 ,-0.18,23.552178333333337,87.296905 ,30.446644592285157,88.26385002227428 ,21780.0,10:38:38 AM,1572671318724
0.378 ,12.207 ,5.27,23.552178333333337,87.296905 ,30.446644592285157,88.26385002227428 ,21780.0,10:38:38 AM,1572671318727
-1.177 ,11.827 ,10.441,23.552178333333337,87.296905 ,30.446644592285157,88.26385002227428 ,21780.0,10:38:38 AM,1572671318728
-1.521 ,10.751 ,8.436,23.552178333333337,87.296905 ,30.446644592285157,88.26385002227428 ,21780.0,10:38:38 AM,1572671318731
-1.333 ,11.044 ,6.827,23.552178333333337,87.296905 ,30.446644592285157,88.26385002227428 ,21780.0,10:38:38 AM,1572671318732
-1.199 ,11.171 ,5.076,23.552178333333337,87.296905 ,30.446644592285157,88.26385002227428 ,21780.0,10:38:38 AM,1572671318738
0.822 ,11.111 ,2.82,23.552178333333337,87.296905 ,30.446644592285157,88.26385002227428 ,21780.0,10:38:38 AM,1572671318739
-0.684 ,9.012 ,-0.181,23.552178333333337,87.296905 ,30.446644592285157,88.26385002227428 ,21780.0,10:38:38 AM,1572671318742
-1.078 ,7.558 ,-2.504,23.552178333333337,87.296905 ,30.446644592285157,88.26385002227428 ,21780.0,10:38:38 AM,1572671318743
-0.445 ,7.154 ,-2.046,23.552178333333337,87.296905 ,30.446644592285157,88.26385002227428 ,21780.0,10:38:38 AM,1572671318746
-2.635 ,7.564 ,3.645,23.552178333333337,87.296905 ,30.446644592285157,88.26385002227428 ,21780.0,10:38:38 AM,1572671318747
-2.714 ,8.554 ,7.01,23.552178333333337,87.296905 ,30.446644592285157,88.26385002227428 ,21780.0,10:38:38 AM,1572671318751
-3.045 ,8.038 ,9.699,23.552178333333337,87.296905 ,30.446644592285157,88.26385002227428 ,21780.0,10:38:38 AM,1572671318752
-4.272 ,4.587 ,6.504,23.552178333333337,87.296905 ,30.446644592285157,88.26385002227428 ,21780.0,10:38:38 AM,1572671318761
-2.156 ,3.817 ,6.299,23.552178333333337,87.296905 ,30.446644592285157,88.26385002227428 ,21780.0,10:38:38 AM,1572671318761
-2.385 ,7.86 ,8.918,23.552178333333337,87.296905 ,30.446644592285157,88.26385002227428 ,21780.0,10:38:38 AM,1572671318762
0.901 ,12.817 ,12.196,23.552178333333337,87.296905 ,30.446644592285157,88.26385002227428 ,21780.0,10:38:38 AM,1572671318764
1.096 ,12.009 ,8.151,23.552178333333337,87.296905 ,30.446644592285157,88.26385002227428 ,21780.0,10:38:38 AM,1572671318766
1.615 ,5.141 ,1.104,23.552178333333337,87.296905 ,30.446644592285157,88.26385002227428 ,21780.0,10:38:38 AM,1572671318767
1.582 ,1.051 ,-4.942,23.552178333333337,87.296905 ,30.446644592285157,88.01783112262055 ,21780.0,10:38:38 AM,1572671318772
1.171 ,4.029 ,3.086,23.552178333333337,87.296905 ,30.446644592285157,88.01783112262055 ,21780.0,10:38:38 AM,1572671318772
-0.755 ,10.303 ,11.223,23.552178333333337,87.296905 ,30.446644592285157,88.01783112262055 ,21780.0,10:38:38 AM,1572671318776
-1.637 ,14.123 ,17.051,23.552178333333337,87.296905 ,30.446644592285157,88.01783112262055 ,21780.0,10:38:38 AM,1572671318776
-4.351 ,9.463 ,13.896,23.552178333333337,87.296905 ,30.446644592285157,88.01783112262055 ,21780.0,10:38:38 AM,1572671318780
-2.495 ,4.125 ,6.63,23.552178333333337,87.296905 ,30.446644592285157,88.01783112262055 ,21780.0,10:38:38 AM,1572671318781
-2.353 ,4.085 ,2.947,23.552178333333337,87.296905 ,30.446644592285157,88.01783112262055 ,21780.0,10:38:38 AM,1572671318788
0.057 ,9.569 ,6.388,23.552178333333337,87.296905 ,30.446644592285157,88.01783112262055 ,21780.0,10:38:38 AM,1572671318788
0.164 ,13.225 ,6.098,23.552178333333337,87.296905 ,30.446644592285157,88.01783112262055 ,21780.0,10:38:38 AM,1572671318791
0.912 ,9.81 ,7.238,23.552178333333337,87.296905 ,30.446644592285157,88.01783112262055 ,21780.0,10:38:38 AM,1572671318792
-2.619 ,4.369 ,-2.304,23.552178333333337,87.296905 ,30.446644592285157,88.01783112262055 ,12323.0,10:38:38 AM,1572671318795
-1.171 ,2.535 ,-0.928,23.552178333333337,87.296905 ,30.446644592285157,88.01783112262055 ,12323.0,10:38:38 AM,1572671318796
-2.567 ,5.262 ,7.009,23.552178333333337,87.296905 ,30.446644592285157,88.01783112262055 ,12323.0,10:38:38 AM,1572671318800
-2.049 ,8.748 ,11.848,23.552178333333337,87.296905 ,30.446644592285157,88.01783112262055 ,12323.0,10:38:38 AM,1572671318801
-0.333 ,8.961 ,16.091,23.552178333333337,87.296905 ,30.446644592285157,88.01783112262055 ,12323.0,10:38:38 AM,1572671318806
0.607 ,6.302 ,8.557,23.552178333333337,87.296905 ,30.446644592285157,88.01783112262055 ,12323.0,10:38:38 AM,1572671318807
2.236 ,6.274 ,0.482,23.552178333333337,87.296905 ,30.446644592285157,88.01783112262055 ,12323.0,10:38:38 AM,1572671318812
3.063 ,8.95 ,1.168,23.552178333333337,87.296905 ,30.446644592285157,88.01783112262055 ,12323.0,10:38:38 AM,1572671318812
0.669 ,11.964 ,0.335,23.552178333333337,87.296905 ,30.446644592285157,88.01783112262055 ,12323.0,10:38:38 AM,1572671318816
-0.634 ,11.233 ,1.712,23.552178333333337,87.296905 ,30.446644592285157,88.01783112262055 ,12323.0,10:38:38 AM,1572671318817
-4.184 ,7.059 ,3.002,23.552178333333337,87.296905 ,30.446644592285157,88.01783112262055 ,12323.0,10:38:38 AM,1572671318822
-3.39 ,6.182 ,4.973,23.552178333333337,87.296905 ,30.446644592285157,88.01783112262055 ,12323.0,10:38:38 AM,1572671318822
-2.59 ,8.934 ,11.558,23.552178333333337,87.296905 ,30.446644592285157,88.01783112262055 ,12323.0,10:38:38 AM,1572671318827
-0.788 ,12.15 ,14.586,23.552178333333337,87.296905 ,30.446644592285157,88.01783112262055 ,12323.0,10:38:38 AM,1572671318828
2.208 ,13.484 ,13.553,23.552178333333337,87.296905 ,30.446644592285157,88.01783112262055 ,12323.0,10:38:38 AM,1572671318832
2.194 ,9.002 ,6.979,23.552178333333337,87.296905 ,30.446644592285157,88.01783112262055 ,12323.0,10:38:38 AM,1572671318833
1.824 ,4.543 ,-3.023,23.552178333333337,87.296905 ,30.446644592285157,88.01783112262055 ,12323.0,10:38:38 AM,1572671318840
-0.818 ,5.484 ,-2.672,23.552178333333337,87.296905 ,30.446644592285157,88.01783112262055 ,12323.0,10:38:38 AM,1572671318840
-4.472 ,11.031 ,8.995,23.552178333333337,87.296905 ,30.446644592285157,88.01783112262055 ,12323.0,10:38:38 AM,1572671318841
-7.911 ,15.224 ,18.83,23.552178333333337,87.296905 ,30.446644592285157,88.01783112262055 ,12323.0,10:38:38 AM,1572671318842
-7.691 ,12.87 ,22.064,23.552246666666665,87.29695333333332 ,31.990192794799807,88.01783112262055 ,12323.0,10:38:38 AM,1572671318846
-5.979 ,6.216 ,12.94,23.552246666666665,87.29695333333332 ,31.990192794799807,88.01783112262055 ,12323.0,10:38:38 AM,1572671318846
-0.903 ,3.606 ,6.22,23.552246666666665,87.29695333333332 ,31.990192794799807,88.01783112262055 ,12323.0,10:38:38 AM,1572671318850
3.644 ,5.009 ,7.571,23.552246666666665,87.29695333333332 ,31.990192794799807,88.01783112262055 ,12323.0,10:38:38 AM,1572671318851
6.923 ,9.288 ,5.122,23.552246666666665,87.29695333333332 ,31.990192794799807,88.01783112262055 ,12323.0,10:38:38 AM,1572671318856
7.326 ,10.604 ,2.693,23.552246666666665,87.29695333333332 ,31.990192794799807,88.01783112262055 ,12323.0,10:38:38 AM,1572671318856
4.839 ,8.723 ,-4.784,23.552246666666665,87.29695333333332 ,31.990192794799807,88.01783112262055 ,12323.0,10:38:38 AM,1572671318861
1.809 ,8.897 ,-9.452,23.552246666666665,87.29695333333332 ,31.990192794799807,88.01783112262055 ,12323.0,10:38:38 AM,1572671318861
-2.84 ,11.851 ,-6.398,23.552246666666665,87.29695333333332 ,31.990192794799807,88.01783112262055 ,12323.0,10:38:38 AM,1572671318866
-6.214 ,15.641 ,-1.532,23.552246666666665,87.29695333333332 ,31.990192794799807,88.01783112262055 ,12323.0,10:38:38 AM,1572671318866
-8.316 ,14.633 ,3.856,23.552246666666665,87.29695333333332 ,31.990192794799807,88.01783112262055 ,12323.0,10:38:38 AM,1572671318871
-8.355 ,10.174 ,5.266,23.552246666666665,87.29695333333332 ,31.990192794799807,88.01783112262055 ,12323.0,10:38:38 AM,1572671318871
-4.997 ,7.116 ,4.074,23.552246666666665,87.29695333333332 ,31.990192794799807,88.01783112262055 ,12323.0,10:38:38 AM,1572671318876
-2.075 ,6.775 ,8.496,23.552246666666665,87.29695333333332 ,31.990192794799807,88.01783112262055 ,12323.0,10:38:38 AM,1572671318876
1.269 ,9.383 ,12.127,23.552246666666665,87.29695333333332 ,31.990192794799807,88.01783112262055 ,12323.0,10:38:38 AM,1572671318880
3.315 ,9.614 ,12.942,23.552246666666665,87.29695333333332 ,31.990192794799807,88.01783112262055 ,12323.0,10:38:38 AM,1572671318881
2.607 ,8.211 ,7.438,23.552246666666665,87.29695333333332 ,31.990192794799807,88.01783112262055 ,12323.0,10:38:38 AM,1572671318890
2.06 ,6.147 ,0.978,23.552246666666665,87.29695333333332 ,31.990192794799807,88.01783112262055 ,12323.0,10:38:38 AM,1572671318890
0.807 ,7.634 ,2.333,23.552246666666665,87.29695333333332 ,31.990192794799807,88.01783112262055 ,12323.0,10:38:38 AM,1572671318893
-1.998 ,10.823 ,7.217,23.552246666666665,87.29695333333332 ,31.990192794799807,88.01783112262055 ,12323.0,10:38:38 AM,1572671318894
-1.347 ,12.335 ,13.583,23.552246666666665,87.29695333333332 ,31.990192794799807,88.01783112262055 ,12323.0,10:38:38 AM,1572671318895
-1.787 ,7.725 ,13.375,23.552246666666665,87.29695333333332 ,31.990192794799807,88.01783112262055 ,12323.0,10:38:38 AM,1572671318896
1.019 ,2.057 ,6.728,23.552246666666665,87.29695333333332 ,31.990192794799807,88.01783112262055 ,12323.0,10:38:38 AM,1572671318901
1.738 ,-0.79 ,4.535,23.552246666666665,87.29695333333332 ,31.990192794799807,88.01783112262055 ,12323.0,10:38:38 AM,1572671318902
2.477 ,1.526 ,12.636,23.552246666666665,87.29695333333332 ,31.990192794799807,88.01783112262055 ,12323.0,10:38:38 AM,1572671318907
0.88 ,5.723 ,18.068,23.552246666666665,87.29695333333332 ,31.990192794799807,88.01783112262055 ,12323.0,10:38:38 AM,1572671318907
-1.512 ,7.127 ,16.316,23.552246666666665,87.29695333333332 ,31.990192794799807,88.01783112262055 ,12323.0,10:38:38 AM,1572671318911
-4.487 ,4.992 ,3.108,23.552246666666665,87.29695333333332 ,31.990192794799807,88.01783112262055 ,12323.0,10:38:38 AM,1572671318912
-3.176 ,5.976 ,-1.854,23.552246666666665,87.29695333333332 ,31.990192794799807,88.01783112262055 ,12323.0,10:38:38 AM,1572671318915
-5.159 ,10.016 ,-4.552,23.552246666666665,87.29695333333332 ,31.990192794799807,88.01783112262055 ,12323.0,10:38:38 AM,1572671318916
-1.552 ,14.696 ,0.283,23.552246666666665,87.29695333333332 ,31.990192794799807,88.01783112262055 ,12323.0,10:38:38 AM,1572671318922
-0.955 ,13.291 ,0.521,23.552246666666665,87.29695333333332 ,31.990192794799807,88.01783112262055 ,12323.0,10:38:38 AM,1572671318923
1.121 ,9.413 ,0.798,23.552246666666665,87.29695333333332 ,31.990192794799807,88.01783112262055 ,12323.0,10:38:38 AM,1572671318926
3.396 ,7.364 ,-1.708,23.552246666666665,87.29695333333332 ,31.990192794799807,88.01783112262055 ,12323.0,10:38:38 AM,1572671318927
3.922 ,9.035 ,3.02,23.552246666666665,87.29695333333332 ,31.990192794799807,88.01783112262055 ,12323.0,10:38:38 AM,1572671318930
2.906 ,11.869 ,6.067,23.552246666666665,87.29695333333332 ,31.990192794799807,88.01783112262055 ,12323.0,10:38:38 AM,1572671318931
1.642 ,12.449 ,8.047,23.552246666666665,87.29695333333332 ,31.990192794799807,88.01783112262055 ,12323.0,10:38:38 AM,1572671318939
-1.978 ,9.191 ,4.236,23.552246666666665,87.29695333333332 ,31.990192794799807,88.01783112262055 ,12323.0,10:38:38 AM,1572671318939
-1.239 ,8.133 ,2.933,23.552246666666665,87.29695333333332 ,31.990192794799807,88.01783112262055 ,12323.0,10:38:38 AM,1572671318940
-3.081 ,11.223 ,4.386,23.552246666666665,87.29695333333332 ,31.990192794799807,88.01783112262055 ,12323.0,10:38:38 AM,1572671318941
-1.295 ,14.708 ,9.566,23.552246666666665,87.29695333333332 ,31.990192794799807,88.01783112262055 ,12323.0,10:38:38 AM,1572671318946
-0.824 ,12.32 ,7.239,23.552246666666665,87.29695333333332 ,31.990192794799807,88.01783112262055 ,12323.0,10:38:38 AM,1572671318947
