x,y,z,latitude,longitude,speed,sound,light,time,timestamp
3.672989 ,-10.645676 ,22.341782,23.55018838,87.29845392 ,23.724000549316408,79.51030381067434 ,0.0,21:27:13 PM,1574006233276
-3.7328033 ,-12.134003 ,24.98346,23.5502279,87.29839383 ,24.012000274658202,79.51030381067434 ,0.0,21:27:13 PM,1574006233281
-3.180069 ,-2.9718933 ,35.475983,23.5502279,87.29839383 ,24.012000274658202,79.51030381067434 ,0.0,21:27:13 PM,1574006233286
2.8594208 ,1.2155609 ,28.66362,23.5502279,87.29839383 ,24.012000274658202,79.51030381067434 ,0.0,21:27:13 PM,1574006233291
9.686142 ,0.100494385 ,13.954941,23.5502279,87.29839383 ,24.012000274658202,79.51030381067434 ,0.0,21:27:13 PM,1574006233296
11.4592285 ,2.9527435 ,8.884552,23.5502279,87.29839383 ,24.012000274658202,79.51030381067434 ,0.0,21:27:13 PM,1574006233299
2.0267181 ,1.3088684 ,3.4241333,23.5502279,87.29839383 ,24.012000274658202,79.51030381067434 ,0.0,21:27:13 PM,1574006233306
-9.231506 ,1.2849426 ,12.591034,23.5502279,87.29839383 ,24.012000274658202,79.51030381067434 ,0.0,21:27:13 PM,1574006233310
-6.920044 ,6.2668 ,13.45723,23.5502279,87.29839383 ,24.012000274658202,77.88479281418061 ,0.0,21:27:13 PM,1574006233314
6.147156 ,-3.6131592 ,-8.970688,23.5502279,87.29839383 ,24.012000274658202,77.88479281418061 ,0.0,21:27:13 PM,1574006233322
14.012375 ,1.249054 ,1.6988983,23.5502279,87.29839383 ,24.012000274658202,77.88479281418061 ,0.0,21:27:13 PM,1574006233325
3.739975 ,-2.4813538 ,-2.4550323,23.5502279,87.29839383 ,24.012000274658202,77.88479281418061 ,0.0,21:27:13 PM,1574006233329
-10.095322 ,0.7992096 ,8.312668,23.5502279,87.29839383 ,24.012000274658202,77.88479281418061 ,0.0,21:27:13 PM,1574006233334
-10.21257 ,0.98106384 ,11.641083,23.5502279,87.29839383 ,24.012000274658202,77.88479281418061 ,0.0,21:27:13 PM,1574006233341
2.9934235 ,2.589035 ,11.77269,23.5502279,87.29839383 ,24.012000274658202,77.88479281418061 ,0.0,21:27:13 PM,1574006233344
10.58345 ,-0.16270447 ,6.7908325,23.5502279,87.29839383 ,24.012000274658202,77.88479281418061 ,0.0,21:27:13 PM,1574006233349
5.6063843 ,2.0243225 ,18.309875,23.5502279,87.29839383 ,24.012000274658202,77.88479281418061 ,0.0,21:27:13 PM,1574006233356
-7.010971 ,2.388031 ,22.02594,23.5502279,87.29839383 ,24.012000274658202,77.88479281418061 ,0.0,21:27:13 PM,1574006233361
-10.097717 ,1.4931183 ,8.932404,23.5502279,87.29839383 ,24.012000274658202,77.88479281418061 ,0.0,21:27:13 PM,1574006233365
-2.3330078 ,9.98764 ,13.505096,23.5502279,87.29839383 ,24.012000274658202,77.88479281418061 ,0.0,21:27:13 PM,1574006233374
2.8378906 ,1.5720825 ,-1.9549408,23.5502279,87.29839383 ,24.012000274658202,77.88479281418061 ,0.0,21:27:13 PM,1574006233376
2.904892 ,1.9549408 ,-0.7920227,23.5502279,87.29839383 ,24.012000274658202,77.88479281418061 ,0.0,21:27:13 PM,1574006233379
0.95951843 ,4.0127563 ,14.723038,23.5502279,87.29839383 ,24.012000274658202,77.88479281418061 ,0.0,21:27:13 PM,1574006233385
-0.8661957 ,-0.04067993 ,5.9844513,23.5502279,87.29839383 ,24.012000274658202,77.88479281418061 ,0.0,21:27:13 PM,1574006233392
2.6273193 ,1.7754669 ,1.1629181,23.5502279,87.29839383 ,24.012000274658202,77.88479281418061 ,0.0,21:27:13 PM,1574006233395
6.209381 ,3.2446747 ,3.2063751,23.5502279,87.29839383 ,24.012000274658202,77.88479281418061 ,0.0,21:27:13 PM,1574006233399
5.30011 ,-0.44267273 ,6.735794,23.5502279,87.29839383 ,24.012000274658202,77.88479281418061 ,0.0,21:27:13 PM,1574006233406
1.4117584 ,1.0911255 ,10.719849,23.5502279,87.29839383 ,24.012000274658202,77.88479281418061 ,0.0,21:27:13 PM,1574006233409
-2.8139648 ,1.9597168 ,4.9340057,23.5502279,87.29839383 ,24.012000274658202,77.88479281418061 ,0.0,21:27:13 PM,1574006233414
-0.55274963 ,3.6418762 ,8.154739,23.5502279,87.29839383 ,24.012000274658202,77.88479281418061 ,0.0,21:27:13 PM,1574006233423
4.055832 ,4.1898346 ,13.359131,23.5502279,87.29839383 ,24.012000274658202,77.88479281418061 ,0.0,21:27:13 PM,1574006233425
5.761917 ,-2.313858 ,7.0492554,23.5502279,87.29839383 ,24.012000274658202,77.88479281418061 ,0.0,21:27:13 PM,1574006233428
2.9288177 ,1.7658997 ,13.306488,23.5502279,87.29839383 ,24.012000274658202,77.88479281418061 ,0.0,21:27:13 PM,1574006233434
-3.0963135 ,1.9094696 ,9.367905,23.5502279,87.29839383 ,24.012000274658202,77.88479281418061 ,0.0,21:27:13 PM,1574006233440
-4.9627075 ,-1.4955139 ,4.4937286,23.5502279,87.29839383 ,24.012000274658202,77.88479281418061 ,0.0,21:27:13 PM,1574006233444
-1.9286194 ,-1.4404755 ,14.579468,23.5502279,87.29839383 ,24.012000274658202,77.88479281418061 ,0.0,21:27:13 PM,1574006233448
0.8111725 ,-4.199402 ,13.014557,23.5502279,87.29839383 ,24.012000274658202,77.88479281418061 ,0.0,21:27:13 PM,1574006233456
1.5768738 ,-3.4815521 ,16.924438,23.5502279,87.29839383 ,24.012000274658202,77.88479281418061 ,0.0,21:27:13 PM,1574006233459
0.88534546 ,0.32302856 ,20.492142,23.5502279,87.29839383 ,24.012000274658202,77.88479281418061 ,0.0,21:27:13 PM,1574006233463
-2.4047852 ,-2.6416779 ,11.437698,23.5502279,87.29839383 ,24.012000274658202,77.88479281418061 ,0.0,21:27:13 PM,1574006233468
-6.1543427 ,-3.0508423 ,3.6634064,23.5502279,87.29839383 ,24.012000274658202,77.88479281418061 ,0.0,21:27:13 PM,1574006233474
-4.1515503 ,-1.6007996 ,11.3013,23.5502279,87.29839383 ,24.012000274658202,77.88479281418061 ,0.0,21:27:13 PM,1574006233478
3.4384918 ,1.6630096 ,18.90091,23.5502279,87.29839383 ,24.012000274658202,77.88479281418061 ,0.0,21:27:13 PM,1574006233483
5.8217316 ,1.7611237 ,3.1776733,23.5502279,87.29839383 ,24.012000274658202,77.88479281418061 ,0.0,21:27:13 PM,1574006233489
5.32164 ,-1.8711853 ,-4.4530487,23.5502279,87.29839383 ,24.012000274658202,77.88479281418061 ,0.0,21:27:13 PM,1574006233494
4.72583 ,-2.3569336 ,15.077179,23.5502279,87.29839383 ,24.012000274658202,77.88479281418061 ,0.0,21:27:13 PM,1574006233498
2.2468567 ,-0.48335266 ,15.278168,23.5502279,87.29839383 ,24.012000274658202,77.88479281418061 ,0.0,21:27:13 PM,1574006233507
2.5698853 ,-3.3260193 ,0.8374939,23.5502279,87.29839383 ,24.012000274658202,77.88479281418061 ,0.0,21:27:13 PM,1574006233509
6.271591 ,0.5407715 ,7.307678,23.5502279,87.29839383 ,24.012000274658202,77.88479281418061 ,0.0,21:27:13 PM,1574006233513
4.0749817 ,0.6771698 ,13.435699,23.5502279,87.29839383 ,24.012000274658202,77.88479281418061 ,0.0,21:27:13 PM,1574006233517
-3.345169 ,-0.98106384 ,12.959534,23.5502279,87.29839383 ,24.012000274658202,77.88479281418061 ,0.0,21:27:13 PM,1574006233524
-4.2520447 ,2.0530396 ,13.722839,23.5502279,87.29839383 ,24.012000274658202,77.88479281418061 ,0.0,21:27:13 PM,1574006233529
0.77526855 ,2.773285 ,14.148758,23.5502279,87.29839383 ,24.012000274658202,77.88479281418061 ,0.0,21:27:13 PM,1574006233532
2.6943207 ,-1.4045868 ,3.151352,23.5502279,87.29839383 ,24.012000274658202,77.88479281418061 ,0.0,21:27:13 PM,1574006233540
-1.3016968 ,0.23928833 ,13.421341,23.5502279,87.29839383 ,24.012000274658202,77.88479281418061 ,0.0,21:27:13 PM,1574006233543
-7.0037994 ,0.0 ,17.81456,23.5502279,87.29839383 ,24.012000274658202,77.88479281418061 ,0.0,21:27:13 PM,1574006233547
-5.625519 ,-0.03111267 ,12.969101,23.5502279,87.29839383 ,24.012000274658202,77.88479281418061 ,0.0,21:27:13 PM,1574006233552
1.0384827 ,0.5144501 ,13.237091,23.5502279,87.29839383 ,24.012000274658202,77.88479281418061 ,0.0,21:27:13 PM,1574006233558
4.208969 ,-3.4767761 ,11.968903,23.5502279,87.29839383 ,24.012000274658202,77.88479281418061 ,0.0,21:27:13 PM,1574006233562
3.1082764 ,-0.31585693 ,16.850266,23.5502279,87.29839383 ,24.012000274658202,77.88479281418061 ,0.0,21:27:13 PM,1574006233567
0.7513428 ,-2.5363922 ,13.0169525,23.5502279,87.29839383 ,24.012000274658202,77.88479281418061 ,0.0,21:27:13 PM,1574006233573
0.22732544 ,-2.4071808 ,5.436493,23.5502279,87.29839383 ,24.012000274658202,77.88479281418061 ,0.0,21:27:13 PM,1574006233577
0.32063293 ,0.4355011 ,-0.3014984,23.5502279,87.29839383 ,24.012000274658202,77.88479281418061 ,0.0,21:27:13 PM,1574006233581
1.0552368 ,-0.624527 ,7.628311,23.5502279,87.29839383 ,24.012000274658202,77.88479281418061 ,0.0,21:27:13 PM,1574006233590
2.1296082 ,-0.17945862 ,14.287552,23.5502279,87.29839383 ,24.012000274658202,77.88479281418061 ,0.0,21:27:13 PM,1574006233592
2.4598236 ,1.2203369 ,3.3954163,23.5502279,87.29839383 ,24.012000274658202,77.88479281418061 ,0.0,21:27:13 PM,1574006233597
3.6849518 ,-1.4452667 ,4.051056,23.5502279,87.29839383 ,24.012000274658202,77.88479281418061 ,0.0,21:27:13 PM,1574006233601
2.9144592 ,3.6586304 ,24.138794,23.5502279,87.29839383 ,24.012000274658202,77.88479281418061 ,0.0,21:27:13 PM,1574006233608
-1.7180481 ,-0.086135864 ,7.113861,23.5502279,87.29839383 ,24.012000274658202,77.88479281418061 ,0.0,21:27:13 PM,1574006233612
-0.1268158 ,0.5886383 ,3.9840546,23.5502279,87.29839383 ,24.012000274658202,77.88479281418061 ,0.0,21:27:13 PM,1574006233616
4.0175476 ,3.8332977 ,14.400009,23.5502279,87.29839383 ,24.012000274658202,77.88479281418061 ,0.0,21:27:13 PM,1574006233623
2.5746765 ,2.5866394 ,15.510269,23.5502279,87.29839383 ,24.012000274658202,77.88479281418061 ,0.0,21:27:13 PM,1574006233626
0.1268158 ,6.735794 ,6.71904,23.5502279,87.29839383 ,24.012000274658202,77.88479281418061 ,0.0,21:27:13 PM,1574006233631
2.967102 ,5.4053802 ,-0.59103394,23.5502279,87.29839383 ,24.012000274658202,77.88479281418061 ,0.0,21:27:13 PM,1574006233640
7.503891 ,1.2921295 ,4.3908234,23.5502279,87.29839383 ,24.012000274658202,77.88479281418061 ,0.0,21:27:13 PM,1574006233642
3.8859406 ,1.2873383 ,5.067993,23.5502279,87.29839383 ,24.012000274658202,77.88479281418061 ,0.0,21:27:13 PM,1574006233646
-4.577469 ,8.255234 ,8.563919,23.5502279,87.29839383 ,24.012000274658202,77.88479281418061 ,0.0,21:27:13 PM,1574006233651
-6.970291 ,8.102097 ,2.5028992,23.5502279,87.29839383 ,24.012000274658202,77.88479281418061 ,0.0,21:27:13 PM,1574006233658
0.550354 ,8.329422 ,1.0983124,23.5502279,87.29839383 ,24.012000274658202,77.88479281418061 ,0.0,21:27:13 PM,1574006233661
8.841476 ,0.5886383 ,5.223526,23.5502279,87.29839383 ,24.012000274658202,77.88479281418061 ,0.0,21:27:13 PM,1574006233666
7.692932 ,-0.8063812 ,10.966309,23.5502279,87.29839383 ,24.012000274658202,77.88479281418061 ,0.0,21:27:13 PM,1574006233674
-1.7922211 ,-0.124420166 ,0.67237854,23.5502279,87.29839383 ,24.012000274658202,77.88479281418061 ,0.0,21:27:13 PM,1574006233676
-5.7355957 ,1.4165497 ,0.31585693,23.5502279,87.29839383 ,24.012000274658202,77.88479281418061 ,0.0,21:27:13 PM,1574006233681
-4.6995087 ,-2.1343994 ,14.526825,23.5502279,87.29839383 ,24.012000274658202,77.88479281418061 ,0.0,21:27:13 PM,1574006233685
-0.92362976 ,-1.2897339 ,23.85884,23.5502279,87.29839383 ,24.012000274658202,77.88479281418061 ,0.0,21:27:13 PM,1574006233692
1.0815582 ,-5.8504486 ,14.026733,23.5502279,87.29839383 ,24.012000274658202,77.88479281418061 ,0.0,21:27:13 PM,1574006233695
-3.1345978 ,1.6031952 ,18.147171,23.5502279,87.29839383 ,24.012000274658202,77.88479281418061 ,0.0,21:27:13 PM,1574006233700
-4.5343933 ,-2.725418 ,6.3146667,23.5502279,87.29839383 ,24.012000274658202,77.88479281418061 ,0.0,21:27:13 PM,1574006233707
-2.629715 ,4.3501587 ,17.455643,23.5502279,87.29839383 ,24.012000274658202,77.88479281418061 ,0.0,21:27:13 PM,1574006233710
1.1485596 ,-5.127823 ,-6.1160583,23.5502279,87.29839383 ,24.012000274658202,77.88479281418061 ,0.0,21:27:13 PM,1574006233715
6.8889313 ,-3.0245209 ,14.983856,23.5502279,87.29839383 ,24.012000274658202,77.88479281418061 ,0.0,21:27:13 PM,1574006233723
4.919647 ,0.0023956299 ,17.860031,23.5502279,87.29839383 ,24.012000274658202,77.88479281418061 ,0.0,21:27:13 PM,1574006233726
-3.373886 ,-6.32901 ,-2.4143524,23.5502279,87.29839383 ,24.012000274658202,77.88479281418061 ,0.0,21:27:13 PM,1574006233730
-0.93559265 ,0.31825256 ,17.697311,23.5502279,87.29839383 ,24.012000274658202,77.88479281418061 ,0.0,21:27:13 PM,1574006233735
5.149353 ,-3.0245209 ,11.81337,23.5502279,87.29839383 ,24.012000274658202,77.88479281418061 ,0.0,21:27:13 PM,1574006233741
10.214966 ,-2.7565308 ,14.285156,23.5502279,87.29839383 ,24.012000274658202,77.88479281418061 ,0.0,21:27:13 PM,1574006233745
5.268997 ,-3.345169 ,9.28894,23.5502279,87.29839383 ,24.012000274658202,77.88479281418061 ,0.0,21:27:13 PM,1574006233749
-4.795212 ,3.419342 ,14.373688,23.5502279,87.29839383 ,24.012000274658202,77.88479281418061 ,0.0,21:27:13 PM,1574006233757
-7.3698883 ,3.3356018 ,20.757736,23.5502279,87.29839383 ,24.012000274658202,77.88479281418061 ,0.0,21:27:13 PM,1574006233760
0.7728882 ,1.3686981 ,21.382263,23.5502279,87.29839383 ,24.012000274658202,77.88479281418061 ,0.0,21:27:13 PM,1574006233764
