x,y,z,latitude,longitude,speed,sound,light,time,timestamp
-2.196167 ,-2.0467224 ,16.546112,23.56457275,87.29878727 ,52.38000068664551,86.3810816280028 ,30000.0,10:17:05 AM,1572670025748
1.1209259 ,2.1221771 ,6.5839844,23.56457275,87.29878727 ,52.38000068664551,86.3810816280028 ,30000.0,10:17:05 AM,1572670025754
2.018982 ,5.5996094 ,5.974945,23.56457275,87.29878727 ,52.38000068664551,86.3810816280028 ,30000.0,10:17:05 AM,1572670025756
3.0868378 ,5.2842255 ,-0.2622528,23.56457275,87.29878727 ,52.38000068664551,86.3810816280028 ,30000.0,10:17:05 AM,1572670025761
2.5293427 ,5.994583 ,4.640686,23.56457275,87.29878727 ,52.38000068664551,86.3810816280028 ,30000.0,10:17:05 AM,1572670025768
-1.7538452 ,5.752411 ,12.672241,23.56457275,87.29878727 ,52.38000068664551,86.3810816280028 ,30000.0,10:17:05 AM,1572670025775
-4.238678 ,3.680359 ,13.305054,23.56457275,87.29878727 ,52.38000068664551,86.3810816280028 ,30000.0,10:17:05 AM,1572670025778
1.8390198 ,0.44075012 ,6.6477966,23.56457275,87.29878727 ,52.38000068664551,86.3810816280028 ,30000.0,10:17:05 AM,1572670025781
8.352234 ,3.2114716 ,10.832428,23.56457275,87.29878727 ,52.38000068664551,86.3810816280028 ,30000.0,10:17:05 AM,1572670025790
3.2292023 ,5.318268 ,15.076065,23.56457275,87.29878727 ,52.38000068664551,86.3810816280028 ,30000.0,10:17:05 AM,1572670025794
-5.2537537 ,3.131546 ,4.641815,23.56457275,87.29878727 ,52.38000068664551,86.3810816280028 ,30000.0,10:17:05 AM,1572670025796
-4.052017 ,2.4569397 ,1.0935669,23.56457275,87.29878727 ,52.38000068664551,86.78932685624531 ,30000.0,10:17:05 AM,1572670025799
4.4479523 ,3.7957458 ,4.7614594,23.56457275,87.29878727 ,52.38000068664551,86.78932685624531 ,30000.0,10:17:05 AM,1572670025804
4.012924 ,3.7289429 ,14.615372,23.56457275,87.29878727 ,52.38000068664551,86.78932685624531 ,30000.0,10:17:05 AM,1572670025808
-4.1275635 ,-1.223938 ,16.068954,23.56457275,87.29878727 ,52.38000068664551,86.78932685624531 ,30000.0,10:17:05 AM,1572670025813
-5.597336 ,-2.727707 ,18.549255,23.56457275,87.29878727 ,52.38000068664551,86.78932685624531 ,30000.0,10:17:05 AM,1572670025818
-0.51737976 ,-0.96917725 ,21.031189,23.56457275,87.29878727 ,52.38000068664551,86.78932685624531 ,30000.0,10:17:05 AM,1572670025822
1.141449 ,2.6531677 ,21.314117,23.56457275,87.29878727 ,52.38000068664551,86.78932685624531 ,30000.0,10:17:05 AM,1572670025827
0.2833557 ,2.9461823 ,10.585297,23.56457275,87.29878727 ,52.38000068664551,86.78932685624531 ,30000.0,10:17:05 AM,1572670025833
3.4384003 ,5.692215 ,5.1630096,23.56457275,87.29878727 ,52.38000068664551,86.78932685624531 ,30000.0,10:17:05 AM,1572670025838
7.9439545 ,9.140717 ,-3.8187103,23.56457275,87.29878727 ,52.38000068664551,86.78932685624531 ,30000.0,10:17:05 AM,1572670025847
1.7580261 ,12.831375 ,-0.2109375,23.56457275,87.29878727 ,52.38000068664551,86.78932685624531 ,30000.0,10:17:05 AM,1572670025853
-7.550293 ,7.447937 ,-4.8074646,23.56457275,87.29878727 ,52.38000068664551,86.78932685624531 ,30000.0,10:17:05 AM,1572670025857
-6.838928 ,4.40329 ,3.1356354,23.56457275,87.29878727 ,52.38000068664551,86.78932685624531 ,30000.0,10:17:05 AM,1572670025863
1.2461548 ,3.241806 ,13.395325,23.56457275,87.29878727 ,52.38000068664551,86.78932685624531 ,30000.0,10:17:05 AM,1572670025869
1.8187256 ,2.0582275 ,20.954605,23.56457275,87.29878727 ,52.38000068664551,86.78932685624531 ,30000.0,10:17:05 AM,1572670025872
-3.0284271 ,0.8122711 ,17.404129,23.56457275,87.29878727 ,52.38000068664551,86.78932685624531 ,30000.0,10:17:05 AM,1572670025877
-1.0125427 ,4.0584564 ,10.228287,23.56457275,87.29878727 ,52.38000068664551,86.78932685624531 ,30000.0,10:17:05 AM,1572670025881
6.532089 ,8.832108 ,2.1614075,23.56457275,87.29878727 ,52.38000068664551,86.78932685624531 ,30000.0,10:17:05 AM,1572670025887
7.291855 ,10.371048 ,-0.87135315,23.56457275,87.29878727 ,52.38000068664551,86.78932685624531 ,30000.0,10:17:05 AM,1572670025891
0.78067017 ,8.845612 ,0.21037292,23.56457275,87.29878727 ,52.38000068664551,86.78932685624531 ,30000.0,10:17:05 AM,1572670025895
-4.422699 ,6.5905304 ,0.6450043,23.56457275,87.29878727 ,52.38000068664551,86.78932685624531 ,30000.0,10:17:05 AM,1572670025903
-5.923004 ,4.227646 ,4.9409485,23.56457275,87.29878727 ,52.38000068664551,86.78932685624531 ,30000.0,10:17:05 AM,1572670025904
-5.7566833 ,0.9063568 ,13.976715,23.56457275,87.29878727 ,52.38000068664551,86.78932685624531 ,30000.0,10:17:05 AM,1572670025909
-2.2035522 ,-1.5552521 ,17.681732,23.56457275,87.29878727 ,52.38000068664551,86.78932685624531 ,30000.0,10:17:05 AM,1572670025914
2.0487823 ,-0.5416565 ,18.635895,23.56457275,87.29878727 ,52.38000068664551,86.78932685624531 ,30000.0,10:17:05 AM,1572670025923
0.4040985 ,3.2240753 ,23.314468,23.56457275,87.29878727 ,52.38000068664551,86.78932685624531 ,30000.0,10:17:05 AM,1572670025925
-2.664322 ,2.1425018 ,11.244949,23.56457275,87.29878727 ,52.38000068664551,86.78932685624531 ,30000.0,10:17:05 AM,1572670025928
0.79307556 ,3.381546 ,1.0604553,23.56457275,87.29878727 ,52.38000068664551,86.78932685624531 ,30000.0,10:17:05 AM,1572670025935
6.409088 ,7.1561737 ,-2.2858276,23.56457275,87.29878727 ,52.38000068664551,86.78932685624531 ,30000.0,10:17:05 AM,1572670025941
2.0399017 ,10.149048 ,7.0847473,23.56457275,87.29878727 ,52.38000068664551,86.78932685624531 ,30000.0,10:17:05 AM,1572670025944
-5.2053986 ,6.3134003 ,4.9775543,23.56457275,87.29878727 ,52.38000068664551,86.78932685624531 ,30000.0,10:17:05 AM,1572670025948
-3.052658 ,4.690857 ,5.5805664,23.56457275,87.29878727 ,52.38000068664551,86.78932685624531 ,30000.0,10:17:05 AM,1572670025956
4.725067 ,5.409378 ,2.8561707,23.56457275,87.29878727 ,52.38000068664551,86.78932685624531 ,30000.0,10:17:05 AM,1572670025958
2.3656006 ,7.175354 ,10.822342,23.56457275,87.29878727 ,52.38000068664551,86.78932685624531 ,30000.0,10:17:05 AM,1572670025963
-5.462097 ,6.1165924 ,16.99054,23.56457275,87.29878727 ,52.38000068664551,86.78932685624531 ,30000.0,10:17:05 AM,1572670025972
-1.7922363 ,5.0802155 ,3.408615,23.56457275,87.29878727 ,52.38000068664551,86.78932685624531 ,30000.0,10:17:05 AM,1572670025975
7.961319 ,4.688843 ,-14.472351,23.56457275,87.29878727 ,52.38000068664551,86.78932685624531 ,30000.0,10:17:05 AM,1572670025983
2.5654144 ,6.291809 ,7.3661957,23.56457275,87.29878727 ,52.38000068664551,86.78932685624531 ,30000.0,10:17:05 AM,1572670025990
-9.991104 ,-1.4209442 ,14.049484,23.56457275,87.29878727 ,52.38000068664551,86.78932685624531 ,30000.0,10:17:05 AM,1572670025993
-10.248093 ,-7.942856 ,8.470367,23.56457275,87.29878727 ,52.38000068664551,86.78932685624531 ,30000.0,10:17:05 AM,1572670025997
-2.7498016 ,-5.1000824 ,29.367432,23.56457275,87.29878727 ,52.38000068664551,86.78932685624531 ,30000.0,10:17:06 AM,1572670026008
2.5885773 ,-1.0742798 ,40.32596,23.56457275,87.29878727 ,52.38000068664551,86.78932685624531 ,30000.0,10:17:06 AM,1572670026009
3.881424 ,-1.6703186 ,24.43367,23.56457275,87.29878727 ,52.38000068664551,86.78932685624531 ,30000.0,10:17:06 AM,1572670026011
3.53508 ,-1.7206116 ,-1.4972534,23.56457275,87.29878727 ,52.38000068664551,86.78932685624531 ,30000.0,10:17:06 AM,1572670026017
2.3859253 ,8.264648 ,-4.96846,23.56457275,87.29878727 ,52.38000068664551,86.78932685624531 ,30000.0,10:17:06 AM,1572670026023
-2.1811218 ,13.960968 ,-5.117523,23.56457275,87.29878727 ,52.38000068664551,86.78932685624531 ,30000.0,10:17:06 AM,1572670026026
-7.4756317 ,9.659409 ,-9.390167,23.56457275,87.29878727 ,52.38000068664551,86.78932685624531 ,30000.0,10:17:06 AM,1572670026031
-5.6914673 ,1.0642242 ,-7.7424927,23.56457275,87.29878727 ,52.38000068664551,86.78932685624531 ,30000.0,10:17:06 AM,1572670026041
-1.2623291 ,-1.2740326 ,19.730225,23.56457275,87.29878727 ,52.38000068664551,86.78932685624531 ,30000.0,10:17:06 AM,1572670026043
-1.6465912 ,-3.1782074 ,35.5011,23.56457275,87.29878727 ,52.38000068664551,86.78932685624531 ,30000.0,10:17:06 AM,1572670026044
-3.528122 ,-5.788681 ,31.25708,23.56457275,87.29878727 ,52.38000068664551,86.78932685624531 ,9782.0,10:17:06 AM,1572670026049
1.5476379 ,-7.6875763 ,17.266052,23.56470403,87.29878623 ,52.3439998626709,86.78932685624531 ,9782.0,10:17:06 AM,1572670026055
10.722748 ,0.24551392 ,16.034042,23.56470403,87.29878623 ,52.3439998626709,86.78932685624531 ,9782.0,10:17:06 AM,1572670026058
10.41333 ,3.2337341 ,8.678818,23.56470403,87.29878623 ,52.3439998626709,86.78932685624531 ,9782.0,10:17:06 AM,1572670026062
-0.22166443 ,2.8374786 ,-9.566772,23.56470403,87.29878623 ,52.3439998626709,86.78932685624531 ,9782.0,10:17:06 AM,1572670026067
-7.0515137 ,5.233429 ,-8.814758,23.56470403,87.29878623 ,52.3439998626709,86.78932685624531 ,9782.0,10:17:06 AM,1572670026073
-1.8513794 ,6.229553 ,2.2118378,23.56470403,87.29878623 ,52.3439998626709,86.78932685624531 ,9782.0,10:17:06 AM,1572670026078
2.2734222 ,5.0612183 ,13.629395,23.56470403,87.29878623 ,52.3439998626709,86.78932685624531 ,9782.0,10:17:06 AM,1572670026082
-3.0137024 ,0.076293945 ,24.579147,23.56470403,87.29878623 ,52.3439998626709,86.78932685624531 ,9782.0,10:17:06 AM,1572670026088
-3.0068207 ,-0.49497986 ,12.625671,23.56470403,87.29878623 ,52.3439998626709,86.78932685624531 ,9782.0,10:17:06 AM,1572670026092
4.858917 ,6.7900696 ,6.279358,23.56470403,87.29878623 ,52.3439998626709,86.78932685624531 ,9782.0,10:17:06 AM,1572670026096
7.067154 ,6.532013 ,-5.416046,23.56470403,87.29878623 ,52.3439998626709,86.78932685624531 ,9782.0,10:17:06 AM,1572670026101
-2.5978394 ,9.974106 ,5.426651,23.56470403,87.29878623 ,52.3439998626709,86.78932685624531 ,9782.0,10:17:06 AM,1572670026107
-7.486801 ,8.873322 ,-0.819458,23.56470403,87.29878623 ,52.3439998626709,86.78932685624531 ,9782.0,10:17:06 AM,1572670026117
-2.7225342 ,12.713211 ,-10.337875,23.56470403,87.29878623 ,52.3439998626709,86.78932685624531 ,9782.0,10:17:06 AM,1572670026121
-1.1668396 ,10.00383 ,-12.533203,23.56470403,87.29878623 ,52.3439998626709,86.78932685624531 ,9782.0,10:17:06 AM,1572670026125
-3.3214417 ,7.511093 ,6.972519,23.56470403,87.29878623 ,52.3439998626709,86.78932685624531 ,9782.0,10:17:06 AM,1572670026130
-0.79751587 ,1.9989624 ,12.989166,23.56470403,87.29878623 ,52.3439998626709,86.78932685624531 ,9782.0,10:17:06 AM,1572670026141
1.2957306 ,-2.4096985 ,16.06636,23.56470403,87.29878623 ,52.3439998626709,86.78932685624531 ,9782.0,10:17:06 AM,1572670026143
-3.8358765 ,-3.9546356 ,33.608383,23.56470403,87.29878623 ,52.3439998626709,86.78932685624531 ,9782.0,10:17:06 AM,1572670026145
-7.2108765 ,-7.7049713 ,29.873993,23.56470403,87.29878623 ,52.3439998626709,86.78932685624531 ,9782.0,10:17:06 AM,1572670026150
-3.1933136 ,-7.898224 ,21.841217,23.56470403,87.29878623 ,52.3439998626709,86.78932685624531 ,9782.0,10:17:06 AM,1572670026157
6.737686 ,-3.4798431 ,14.600296,23.56470403,87.29878623 ,52.3439998626709,86.78932685624531 ,9782.0,10:17:06 AM,1572670026159
9.255447 ,0.45414734 ,12.339554,23.56470403,87.29878623 ,52.3439998626709,86.78932685624531 ,9782.0,10:17:06 AM,1572670026164
-0.010513306 ,-1.6487122 ,-6.7600555,23.56470403,87.29878623 ,52.3439998626709,86.78932685624531 ,9782.0,10:17:06 AM,1572670026169
-10.159561 ,-1.7030182 ,-2.46138,23.56470403,87.29878623 ,52.3439998626709,86.78932685624531 ,9782.0,10:17:06 AM,1572670026175
-6.9852295 ,-2.476181 ,16.263626,23.56470403,87.29878623 ,52.3439998626709,86.78932685624531 ,9782.0,10:17:06 AM,1572670026179
3.1547546 ,-4.5401917 ,19.54309,23.56470403,87.29878623 ,52.3439998626709,86.78932685624531 ,9782.0,10:17:06 AM,1572670026183
8.112564 ,-3.959961 ,25.326065,23.56470403,87.29878623 ,52.3439998626709,86.78932685624531 ,9782.0,10:17:06 AM,1572670026189
9.742004 ,-3.3094635 ,24.695251,23.56470403,87.29878623 ,52.3439998626709,86.78932685624531 ,9782.0,10:17:06 AM,1572670026193
9.983475 ,3.38797 ,14.485443,23.56470403,87.29878623 ,52.3439998626709,86.78932685624531 ,9782.0,10:17:06 AM,1572670026197
6.1868134 ,7.075897 ,-2.3221436,23.56470403,87.29878623 ,52.3439998626709,86.78932685624531 ,9782.0,10:17:06 AM,1572670026203
0.5057678 ,7.219757 ,-20.767502,23.56470403,87.29878623 ,52.3439998626709,86.78932685624531 ,9782.0,10:17:06 AM,1572670026208
-0.8753967 ,13.747604 ,-10.430511,23.56470403,87.29878623 ,52.3439998626709,86.78932685624531 ,9782.0,10:17:06 AM,1572670026213
0.36058044 ,12.878952 ,2.026535,23.56470403,87.29878623 ,52.3439998626709,86.78932685624531 ,9782.0,10:17:06 AM,1572670026217
-3.0136871 ,6.372711 ,3.3622131,23.56470403,87.29878623 ,52.3439998626709,86.78932685624531 ,9782.0,10:17:06 AM,1572670026224
-7.2369843 ,0.2863922 ,19.08226,23.56470403,87.29878623 ,52.3439998626709,86.78932685624531 ,9782.0,10:17:06 AM,1572670026228
-6.474106 ,-3.7723389 ,23.917007,23.56470403,87.29878623 ,52.3439998626709,86.78932685624531 ,9782.0,10:17:06 AM,1572670026231
-8.090424 ,2.81633 ,41.173004,23.56470403,87.29878623 ,52.3439998626709,86.78932685624531 ,9782.0,10:17:06 AM,1572670026240
