x,y,z,latitude,longitude,speed,sound,light,time,timestamp
-2.0470428 ,5.124283 ,11.432724,23.56800634,87.3022018 ,30.527998352050783,83.80563541406079 ,11123.0,10:18:18 AM,1572670098372
-2.0503387 ,5.7048798 ,-4.5773163,23.56800634,87.3022018 ,30.527998352050783,83.80563541406079 ,11123.0,10:18:18 AM,1572670098377
0.7837982 ,10.666702 ,-3.3586884,23.56800634,87.3022018 ,30.527998352050783,83.80563541406079 ,11123.0,10:18:18 AM,1572670098385
2.0996552 ,11.920334 ,-0.8462982,23.56800634,87.3022018 ,30.527998352050783,83.80563541406079 ,11123.0,10:18:18 AM,1572670098388
0.14575195 ,8.249115 ,-5.8274384,23.56800634,87.3022018 ,30.527998352050783,83.80563541406079 ,11123.0,10:18:18 AM,1572670098391
-0.76885986 ,5.9774933 ,4.237503,23.56800634,87.3022018 ,30.527998352050783,83.80563541406079 ,11123.0,10:18:18 AM,1572670098396
2.029419 ,3.104248 ,14.796555,23.56800634,87.3022018 ,30.527998352050783,83.80563541406079 ,11123.0,10:18:18 AM,1572670098401
4.503174 ,-1.9673004 ,10.876587,23.56800634,87.3022018 ,30.527998352050783,83.80563541406079 ,11123.0,10:18:18 AM,1572670098405
3.318451 ,-3.542099 ,17.57669,23.56800634,87.3022018 ,30.527998352050783,83.80563541406079 ,11123.0,10:18:18 AM,1572670098410
0.68573 ,-2.4657898 ,27.067795,23.56800634,87.3022018 ,30.527998352050783,83.80563541406079 ,11123.0,10:18:18 AM,1572670098416
-1.2076416 ,-3.9184723 ,19.897812,23.56800634,87.3022018 ,30.527998352050783,83.80563541406079 ,11123.0,10:18:18 AM,1572670098419
-1.0422821 ,-5.2575226 ,5.209091,23.56800634,87.3022018 ,30.527998352050783,83.80563541406079 ,11123.0,10:18:18 AM,1572670098424
-0.79286194 ,5.421982 ,15.918533,23.56800634,87.3022018 ,30.527998352050783,83.80563541406079 ,11123.0,10:18:18 AM,1572670098429
-0.935318 ,5.9869537 ,-0.7841797,23.56800634,87.3022018 ,30.527998352050783,83.80563541406079 ,11123.0,10:18:18 AM,1572670098434
-0.4686737 ,7.650818 ,-11.385483,23.56800634,87.3022018 ,30.527998352050783,83.80563541406079 ,11123.0,10:18:18 AM,1572670098439
1.4850311 ,12.195419 ,4.8649597,23.56800634,87.3022018 ,30.527998352050783,83.80563541406079 ,11123.0,10:18:18 AM,1572670098443
1.8531189 ,6.1568604 ,3.1047668,23.56800634,87.3022018 ,30.527998352050783,83.80563541406079 ,11123.0,10:18:18 AM,1572670098449
0.15306091 ,1.0525208 ,0.6022949,23.56800634,87.3022018 ,30.527998352050783,83.80563541406079 ,11123.0,10:18:18 AM,1572670098453
-0.78637695 ,1.9270325 ,22.308655,23.56800634,87.3022018 ,30.527998352050783,83.80563541406079 ,11123.0,10:18:18 AM,1572670098463
0.9958801 ,-2.1013947 ,22.527344,23.56800634,87.3022018 ,30.527998352050783,83.80563541406079 ,11123.0,10:18:18 AM,1572670098468
3.4821472 ,-5.74971 ,15.8461,23.56800634,87.3022018 ,30.527998352050783,83.80563541406079 ,11123.0,10:18:18 AM,1572670098473
3.7068176 ,-2.4620972 ,26.251022,23.56800634,87.3022018 ,30.527998352050783,83.80563541406079 ,11123.0,10:18:18 AM,1572670098477
1.0251923 ,0.535614 ,22.652573,23.56800634,87.3022018 ,30.527998352050783,83.80563541406079 ,11123.0,10:18:18 AM,1572670098484
-3.182785 ,-0.3517456 ,1.1712189,23.56800634,87.3022018 ,30.527998352050783,83.80563541406079 ,11123.0,10:18:18 AM,1572670098487
-4.0821075 ,7.0322876 ,5.358719,23.56800634,87.3022018 ,30.527998352050783,83.80563541406079 ,11123.0,10:18:18 AM,1572670098491
-1.7941284 ,7.882843 ,0.7310791,23.56800634,87.3022018 ,30.527998352050783,83.80563541406079 ,11123.0,10:18:18 AM,1572670098497
-0.8330536 ,3.296524 ,-5.0497437,23.56800634,87.3022018 ,30.527998352050783,83.80563541406079 ,11123.0,10:18:18 AM,1572670098503
-1.9045715 ,-0.5552521 ,10.934204,23.56800634,87.3022018 ,30.527998352050783,83.80563541406079 ,11123.0,10:18:18 AM,1572670098507
-2.1773071 ,-2.6726532 ,18.009216,23.56800634,87.3022018 ,30.527998352050783,83.80563541406079 ,11123.0,10:18:18 AM,1572670098511
-1.7840424 ,-4.7084045 ,19.909409,23.56800634,87.3022018 ,30.527998352050783,83.80563541406079 ,11123.0,10:18:18 AM,1572670098521
0.9927063 ,-3.9204407 ,21.898926,23.56800634,87.3022018 ,30.527998352050783,83.80563541406079 ,11123.0,10:18:18 AM,1572670098522
5.1844177 ,2.1183167 ,14.688385,23.56800634,87.3022018 ,30.527998352050783,83.80563541406079 ,11123.0,10:18:18 AM,1572670098526
6.5207977 ,5.4773865 ,-2.6113281,23.56800634,87.3022018 ,30.527998352050783,83.80563541406079 ,11123.0,10:18:18 AM,1572670098534
2.1263733 ,9.071777 ,-12.442963,23.56800634,87.3022018 ,30.527998352050783,83.80563541406079 ,11123.0,10:18:18 AM,1572670098535
-2.3365326 ,15.647308 ,-11.552109,23.56800634,87.3022018 ,30.527998352050783,83.80563541406079 ,11123.0,10:18:18 AM,1572670098540
-1.3437653 ,13.040161 ,-10.15538,23.56800634,87.3022018 ,30.527998352050783,83.80563541406079 ,12535.0,10:18:18 AM,1572670098544
1.4060974 ,7.84317 ,4.835251,23.56800634,87.3022018 ,30.527998352050783,83.80563541406079 ,12535.0,10:18:18 AM,1572670098550
2.3067474 ,5.832779 ,23.2863,23.56800634,87.3022018 ,30.527998352050783,83.80563541406079 ,12535.0,10:18:18 AM,1572670098555
1.0111847 ,-2.8383026 ,24.406326,23.56800634,87.3022018 ,30.527998352050783,83.80563541406079 ,12535.0,10:18:18 AM,1572670098559
0.3297882 ,-6.2918396 ,30.467575,23.56800634,87.3022018 ,30.527998352050783,83.80563541406079 ,12535.0,10:18:18 AM,1572670098563
2.2066956 ,-2.5405426 ,32.91832,23.56800634,87.3022018 ,30.527998352050783,83.80563541406079 ,12535.0,10:18:18 AM,1572670098569
2.9497528 ,-4.210617 ,20.007446,23.56800634,87.3022018 ,30.527998352050783,83.80563541406079 ,12535.0,10:18:18 AM,1572670098573
2.450241 ,-4.9888763 ,-0.10345459,23.56800634,87.3022018 ,30.527998352050783,83.80563541406079 ,12535.0,10:18:18 AM,1572670098578
0.19769287 ,4.4907837 ,5.398239,23.56800634,87.3022018 ,30.527998352050783,83.80563541406079 ,12535.0,10:18:18 AM,1572670098584
-2.4008331 ,1.7424316 ,-17.59993,23.56800634,87.3022018 ,30.527998352050783,83.80563541406079 ,12535.0,10:18:18 AM,1572670098588
-5.735367 ,2.4562683 ,-7.296509,23.56800634,87.3022018 ,30.527998352050783,83.80563541406079 ,12535.0,10:18:18 AM,1572670098597
-4.2514496 ,-1.3155518 ,14.331421,23.56800634,87.3022018 ,30.527998352050783,83.80563541406079 ,12535.0,10:18:18 AM,1572670098603
-0.81573486 ,-0.9435272 ,26.521378,23.56800634,87.3022018 ,30.527998352050783,83.80563541406079 ,12535.0,10:18:18 AM,1572670098607
1.4329529 ,-2.3329773 ,20.698135,23.56800634,87.3022018 ,30.527998352050783,83.80563541406079 ,12535.0,10:18:18 AM,1572670098611
0.90156555 ,-3.700531 ,21.243652,23.56800634,87.3022018 ,30.527998352050783,83.80563541406079 ,12535.0,10:18:18 AM,1572670098619
0.7355194 ,1.3928375 ,23.69725,23.56800634,87.3022018 ,30.527998352050783,83.80563541406079 ,12535.0,10:18:18 AM,1572670098622
1.7152863 ,1.8635406 ,11.07663,23.56800634,87.3022018 ,30.527998352050783,83.80563541406079 ,12535.0,10:18:18 AM,1572670098626
2.9701385 ,6.9608 ,9.16832,23.56800634,87.3022018 ,30.527998352050783,83.80563541406079 ,12535.0,10:18:18 AM,1572670098631
2.2849731 ,9.211578 ,2.1593475,23.56800634,87.3022018 ,30.527998352050783,83.80563541406079 ,12535.0,10:18:18 AM,1572670098636
0.24531555 ,6.659378 ,-7.1773376,23.56800634,87.3022018 ,30.527998352050783,83.80563541406079 ,12535.0,10:18:18 AM,1572670098641
-1.2094574 ,4.64386 ,6.8592377,23.56800634,87.3022018 ,30.527998352050783,83.80563541406079 ,12535.0,10:18:18 AM,1572670098645
-0.8410797 ,2.4681702 ,13.64888,23.56800634,87.3022018 ,30.527998352050783,83.80563541406079 ,12535.0,10:18:18 AM,1572670098652
-1.8868866 ,-1.2141418 ,12.466644,23.56800634,87.3022018 ,30.527998352050783,83.80563541406079 ,12535.0,10:18:18 AM,1572670098655
-0.93006897 ,-3.3298035 ,13.597351,23.56800634,87.3022018 ,30.527998352050783,83.80563541406079 ,12535.0,10:18:18 AM,1572670098660
1.9302673 ,0.11148071 ,18.519989,23.56800634,87.3022018 ,30.527998352050783,83.80563541406079 ,12535.0,10:18:18 AM,1572670098665
1.9658813 ,-0.07052612 ,10.212265,23.56800634,87.3022018 ,30.527998352050783,83.80563541406079 ,12535.0,10:18:18 AM,1572670098669
0.24911499 ,0.6727905 ,1.9463196,23.56800634,87.3022018 ,30.527998352050783,83.80563541406079 ,12535.0,10:18:18 AM,1572670098674
0.7147522 ,4.5103455 ,1.3577423,23.56800634,87.3022018 ,30.527998352050783,83.80563541406079 ,12535.0,10:18:18 AM,1572670098678
0.72946167 ,6.2694397 ,-0.50964355,23.56800634,87.3022018 ,30.527998352050783,83.80563541406079 ,12535.0,10:18:18 AM,1572670098685
-1.6397247 ,6.0474396 ,-2.7174835,23.56800634,87.3022018 ,30.527998352050783,83.80563541406079 ,12535.0,10:18:18 AM,1572670098688
-0.19586182 ,5.84964 ,1.1646118,23.56800634,87.3022018 ,30.527998352050783,83.80563541406079 ,12535.0,10:18:18 AM,1572670098693
5.384033 ,6.0369415 ,6.796158,23.56800634,87.3022018 ,30.527998352050783,83.80563541406079 ,12535.0,10:18:18 AM,1572670098701
5.9077454 ,3.674881 ,10.556778,23.56800634,87.3022018 ,30.527998352050783,83.80563541406079 ,12535.0,10:18:18 AM,1572670098703
-0.3460846 ,1.4344635 ,19.4142,23.56800634,87.3022018 ,30.527998352050783,83.80563541406079 ,12535.0,10:18:18 AM,1572670098707
-4.092865 ,-0.23104858 ,25.670227,23.56800634,87.3022018 ,30.527998352050783,83.80563541406079 ,12535.0,10:18:18 AM,1572670098712
-2.1077423 ,-5.116699 ,18.502487,23.56800634,87.3022018 ,30.527998352050783,83.80563541406079 ,12535.0,10:18:18 AM,1572670098718
1.3140869 ,-4.667755 ,19.951431,23.56800634,87.3022018 ,30.527998352050783,83.80563541406079 ,12535.0,10:18:18 AM,1572670098722
1.1970367 ,-3.0977325 ,25.554382,23.56800634,87.3022018 ,30.527998352050783,83.80563541406079 ,12535.0,10:18:18 AM,1572670098732
-0.98391724 ,-4.6545563 ,17.213303,23.56800634,87.3022018 ,30.527998352050783,83.80563541406079 ,12535.0,10:18:18 AM,1572670098737
-0.8713074 ,-4.228531 ,4.825592,23.56800634,87.3022018 ,30.527998352050783,83.80563541406079 ,14003.0,10:18:18 AM,1572670098742
1.8972626 ,5.9757385 ,11.134064,23.56800634,87.3022018 ,30.527998352050783,83.80563541406079 ,14003.0,10:18:18 AM,1572670098746
2.9432068 ,6.1147156 ,-12.823959,23.56800634,87.3022018 ,30.527998352050783,83.80563541406079 ,14003.0,10:18:18 AM,1572670098752
2.3552704 ,9.362335 ,-15.452545,23.56800634,87.3022018 ,30.527998352050783,83.80563541406079 ,14003.0,10:18:18 AM,1572670098757
0.9318085 ,7.69191 ,10.586166,23.56800634,87.3022018 ,30.527998352050783,83.80563541406079 ,14003.0,10:18:18 AM,1572670098760
0.17155457 ,2.0073853 ,12.835876,23.56800634,87.3022018 ,30.527998352050783,85.02293217249218 ,14003.0,10:18:18 AM,1572670098766
-2.3870697 ,0.642807 ,17.557846,23.56800634,87.3022018 ,30.527998352050783,85.02293217249218 ,14003.0,10:18:18 AM,1572670098771
-3.948578 ,-1.9013977 ,23.943954,23.56800634,87.3022018 ,30.527998352050783,85.02293217249218 ,14003.0,10:18:18 AM,1572670098775
0.09976196 ,-1.2250366 ,20.703186,23.56800634,87.3022018 ,30.527998352050783,85.02293217249218 ,14003.0,10:18:18 AM,1572670098779
3.9899597 ,-0.53189087 ,17.798782,23.56800634,87.3022018 ,30.527998352050783,85.02293217249218 ,14003.0,10:18:18 AM,1572670098786
2.6988525 ,-1.0222931 ,14.622269,23.56800634,87.3022018 ,30.527998352050783,85.02293217249218 ,14003.0,10:18:18 AM,1572670098790
-2.5702972 ,-0.43608093 ,13.717163,23.56800634,87.3022018 ,30.527998352050783,85.02293217249218 ,14003.0,10:18:18 AM,1572670098794
-5.5601196 ,-1.3496094 ,9.549866,23.56800634,87.3022018 ,30.527998352050783,85.02293217249218 ,14003.0,10:18:18 AM,1572670098799
-3.5054932 ,0.47888184 ,7.4029236,23.56800634,87.3022018 ,30.527998352050783,85.02293217249218 ,14003.0,10:18:18 AM,1572670098804
0.3368988 ,3.408249 ,11.82579,23.56800634,87.3022018 ,30.527998352050783,85.02293217249218 ,14003.0,10:18:18 AM,1572670098809
3.890503 ,1.656784 ,4.9983063,23.56800634,87.3022018 ,30.527998352050783,85.02293217249218 ,14003.0,10:18:18 AM,1572670098814
6.294586 ,2.9898376 ,3.0668945,23.56800634,87.3022018 ,30.527998352050783,85.02293217249218 ,14003.0,10:18:18 AM,1572670098819
4.175461 ,4.3541718 ,9.111786,23.56800634,87.3022018 ,30.527998352050783,85.02293217249218 ,14003.0,10:18:18 AM,1572670098823
-1.4537659 ,2.0885162 ,4.0318146,23.56800634,87.3022018 ,30.527998352050783,85.02293217249218 ,14003.0,10:18:18 AM,1572670098827
-4.2156982 ,0.9920044 ,2.6784058,23.56800634,87.3022018 ,30.527998352050783,85.02293217249218 ,14003.0,10:18:18 AM,1572670098836
1.2197113 ,3.503006 ,13.120758,23.56800634,87.3022018 ,30.527998352050783,85.02293217249218 ,14003.0,10:18:18 AM,1572670098837
7.87027 ,3.5792542 ,10.285645,23.56800634,87.3022018 ,30.527998352050783,85.02293217249218 ,14003.0,10:18:18 AM,1572670098842
6.765747 ,5.745117 ,5.771988,23.56800634,87.3022018 ,30.527998352050783,85.02293217249218 ,14003.0,10:18:18 AM,1572670098846
-1.1790314 ,8.228867 ,9.619614,23.56800634,87.3022018 ,30.527998352050783,85.02293217249218 ,14003.0,10:18:18 AM,1572670098855
-6.1364746 ,6.987564 ,5.1895905,23.56800634,87.3022018 ,30.527998352050783,85.02293217249218 ,14003.0,10:18:18 AM,1572670098856
-3.878189 ,6.4522247 ,5.3480988,23.56800634,87.3022018 ,30.527998352050783,85.02293217249218 ,14003.0,10:18:18 AM,1572670098866
