x,y,z,latitude,longitude,speed,sound,light,time,timestamp
2.4868011 ,6.415634 ,-7.6904907,23.55535616,87.29852208 ,37.26000137329102,86.90445827480093 ,30000.0,10:15:38 AM,1572669938694
-2.6688538 ,13.156311 ,-4.670532,23.55535616,87.29852208 ,37.26000137329102,86.90445827480093 ,30000.0,10:15:38 AM,1572669938701
-9.462189 ,12.189499 ,-7.6823425,23.55535616,87.29852208 ,37.26000137329102,86.90445827480093 ,30000.0,10:15:38 AM,1572669938704
-8.713928 ,6.6178436 ,-16.594254,23.55535616,87.29852208 ,37.26000137329102,86.90445827480093 ,30000.0,10:15:38 AM,1572669938709
-0.98724365 ,5.40773 ,4.187744,23.55535616,87.29852208 ,37.26000137329102,86.90445827480093 ,30000.0,10:15:38 AM,1572669938713
5.2962646 ,3.0700836 ,19.448257,23.55535616,87.29852208 ,37.26000137329102,86.90445827480093 ,30000.0,10:15:38 AM,1572669938719
3.7354279 ,0.4360199 ,13.777466,23.55535616,87.29852208 ,37.26000137329102,86.90445827480093 ,30000.0,10:15:38 AM,1572669938723
-2.8856049 ,-0.33543396 ,17.217285,23.55535616,87.29852208 ,37.26000137329102,86.90445827480093 ,30000.0,10:15:38 AM,1572669938728
-3.1608887 ,-0.7054596 ,22.372726,23.55535616,87.29852208 ,37.26000137329102,86.90445827480093 ,30000.0,10:15:38 AM,1572669938734
3.034546 ,-2.8318024 ,15.103577,23.55535616,87.29852208 ,37.26000137329102,86.90445827480093 ,30000.0,10:15:38 AM,1572669938738
4.851776 ,-0.80163574 ,22.121109,23.55535616,87.29852208 ,37.26000137329102,86.90445827480093 ,30000.0,10:15:38 AM,1572669938743
-1.7519836 ,1.2130127 ,23.951584,23.55535616,87.29852208 ,37.26000137329102,86.90445827480093 ,30000.0,10:15:38 AM,1572669938747
-7.651657 ,-2.5967712 ,6.466736,23.55535616,87.29852208 ,37.26000137329102,86.90445827480093 ,30000.0,10:15:38 AM,1572669938754
-1.1203918 ,-0.40553284 ,8.238556,23.55535616,87.29852208 ,37.26000137329102,86.90445827480093 ,30000.0,10:15:38 AM,1572669938759
10.16449 ,4.0187225 ,14.981033,23.55535616,87.29852208 ,37.26000137329102,86.90445827480093 ,30000.0,10:15:38 AM,1572669938761
8.2183075 ,5.411667 ,6.480652,23.55535616,87.29852208 ,37.26000137329102,86.90445827480093 ,30000.0,10:15:38 AM,1572669938772
-8.0707245 ,5.971222 ,6.070877,23.55535616,87.29852208 ,37.26000137329102,86.90445827480093 ,30000.0,10:15:38 AM,1572669938775
-14.972534 ,3.0061493 ,-0.92755127,23.55535616,87.29852208 ,37.26000137329102,86.90445827480093 ,30000.0,10:15:38 AM,1572669938782
-4.870865 ,3.7320862 ,4.382965,23.55535616,87.29852208 ,37.26000137329102,86.90445827480093 ,30000.0,10:15:38 AM,1572669938787
5.426132 ,2.7069092 ,11.89946,23.55535616,87.29852208 ,37.26000137329102,86.90445827480093 ,30000.0,10:15:38 AM,1572669938790
2.8237305 ,3.349121 ,25.128693,23.55535616,87.29852208 ,37.26000137329102,86.90445827480093 ,30000.0,10:15:38 AM,1572669938795
-4.1391296 ,2.349945 ,23.564728,23.55535616,87.29852208 ,37.26000137329102,86.90445827480093 ,30000.0,10:15:38 AM,1572669938800
-1.5693817 ,2.090805 ,9.70874,23.55535616,87.29852208 ,37.26000137329102,86.90445827480093 ,30000.0,10:15:38 AM,1572669938805
9.000992 ,6.17128 ,7.6375427,23.55535616,87.29852208 ,37.26000137329102,86.90445827480093 ,30000.0,10:15:38 AM,1572669938810
12.735352 ,7.9752045 ,-0.06669617,23.55535616,87.29852208 ,37.26000137329102,86.90445827480093 ,30000.0,10:15:38 AM,1572669938820
0.071762085 ,10.425018 ,-0.025268555,23.55535616,87.29852208 ,37.26000137329102,86.90445827480093 ,30000.0,10:15:38 AM,1572669938823
-14.858887 ,8.340668 ,-2.1887665,23.55535616,87.29852208 ,37.26000137329102,86.90445827480093 ,30000.0,10:15:38 AM,1572669938825
-13.08197 ,10.383347 ,-2.1109772,23.55535616,87.29852208 ,37.26000137329102,86.90445827480093 ,30000.0,10:15:38 AM,1572669938830
1.2125702 ,11.604553 ,-6.91098,23.55535616,87.29852208 ,37.26000137329102,86.90445827480093 ,30000.0,10:15:38 AM,1572669938836
9.930435 ,12.679733 ,-6.875931,23.55535616,87.29852208 ,37.26000137329102,86.90445827480093 ,30000.0,10:15:38 AM,1572669938840
6.400055 ,12.665039 ,0.47569275,23.55535616,87.29852208 ,37.26000137329102,86.90445827480093 ,30000.0,10:15:38 AM,1572669938843
-0.076156616 ,8.545822 ,-7.0236053,23.55535616,87.29852208 ,37.26000137329102,86.90445827480093 ,30000.0,10:15:38 AM,1572669938848
-3.7664642 ,7.611496 ,1.5467072,23.55535616,87.29852208 ,37.26000137329102,86.90445827480093 ,30000.0,10:15:38 AM,1572669938853
-3.7123108 ,3.4205017 ,6.90567,23.55535616,87.29852208 ,37.26000137329102,86.90445827480093 ,30000.0,10:15:38 AM,1572669938858
-0.25376892 ,2.8213959 ,14.571915,23.55535616,87.29852208 ,37.26000137329102,86.90445827480093 ,30000.0,10:15:38 AM,1572669938862
3.805603 ,0.6126404 ,18.558548,23.55535616,87.29852208 ,37.26000137329102,86.90445827480093 ,30000.0,10:15:38 AM,1572669938868
4.6252594 ,-0.69262695 ,17.049942,23.55535616,87.29852208 ,37.26000137329102,86.90445827480093 ,30000.0,10:15:38 AM,1572669938872
0.0028381348 ,-3.4517517 ,15.937454,23.55535616,87.29852208 ,37.26000137329102,86.90445827480093 ,30000.0,10:15:38 AM,1572669938878
-3.5005493 ,-4.2987366 ,18.92157,23.55535616,87.29852208 ,37.26000137329102,86.90445827480093 ,30000.0,10:15:38 AM,1572669938883
-6.0168915 ,1.5431824 ,29.314667,23.55535616,87.29852208 ,37.26000137329102,86.90445827480093 ,30000.0,10:15:38 AM,1572669938887
-8.10199 ,-0.5417938 ,18.742355,23.55535616,87.29852208 ,37.26000137329102,86.90445827480093 ,30000.0,10:15:38 AM,1572669938890
-6.223053 ,2.4430542 ,-1.5864258,23.55535616,87.29852208 ,37.26000137329102,86.90445827480093 ,30000.0,10:15:38 AM,1572669938895
-2.926178 ,8.588684 ,-2.2294312,23.55535616,87.29852208 ,37.26000137329102,86.90445827480093 ,30000.0,10:15:38 AM,1572669938904
-1.3639374 ,12.469818 ,-4.389084,23.55535616,87.29852208 ,37.26000137329102,86.90445827480093 ,30000.0,10:15:38 AM,1572669938909
-4.235855 ,12.940353 ,-2.101944,23.55535616,87.29852208 ,37.26000137329102,86.90445827480093 ,30000.0,10:15:38 AM,1572669938914
-4.7345886 ,6.3769836 ,-11.490646,23.55535616,87.29852208 ,37.26000137329102,86.90445827480093 ,30000.0,10:15:38 AM,1572669938919
-1.8089142 ,7.1171417 ,13.560806,23.55535616,87.29852208 ,37.26000137329102,83.9398658994455 ,30000.0,10:15:38 AM,1572669938924
2.1342773 ,0.32078552 ,11.095245,23.55535616,87.29852208 ,37.26000137329102,83.9398658994455 ,30000.0,10:15:38 AM,1572669938929
2.9749756 ,0.19784546 ,22.923126,23.55535616,87.29852208 ,37.26000137329102,83.9398658994455 ,30000.0,10:15:38 AM,1572669938935
2.7356567 ,-2.248825 ,25.619705,23.55535616,87.29852208 ,37.26000137329102,83.9398658994455 ,30000.0,10:15:38 AM,1572669938938
3.2575836 ,-4.425827 ,20.280472,23.55535616,87.29852208 ,37.26000137329102,83.9398658994455 ,30000.0,10:15:38 AM,1572669938943
3.7302399 ,-3.5567932 ,19.898483,23.55535616,87.29852208 ,37.26000137329102,83.9398658994455 ,30000.0,10:15:38 AM,1572669938951
2.1519928 ,-0.41114807 ,19.213089,23.55535616,87.29852208 ,37.26000137329102,83.9398658994455 ,30000.0,10:15:38 AM,1572669938952
-3.4826508 ,1.9029083 ,9.4913025,23.55535616,87.29852208 ,37.26000137329102,83.9398658994455 ,30000.0,10:15:38 AM,1572669938958
-8.617615 ,1.3395996 ,-6.3833466,23.55535616,87.29852208 ,37.26000137329102,83.9398658994455 ,30000.0,10:15:38 AM,1572669938963
-7.7733154 ,4.260971 ,-4.984268,23.55535616,87.29852208 ,37.26000137329102,83.9398658994455 ,30000.0,10:15:38 AM,1572669938969
-2.1360931 ,4.7538757 ,2.133194,23.55535616,87.29852208 ,37.26000137329102,83.9398658994455 ,30000.0,10:15:38 AM,1572669938973
3.2262268 ,3.7449493 ,10.592514,23.55535616,87.29852208 ,37.26000137329102,83.9398658994455 ,30000.0,10:15:38 AM,1572669938977
4.705826 ,2.1602478 ,16.624268,23.55535616,87.29852208 ,37.26000137329102,83.9398658994455 ,30000.0,10:15:38 AM,1572669938987
1.7550049 ,-1.0050354 ,14.773102,23.55535616,87.29852208 ,37.26000137329102,83.9398658994455 ,30000.0,10:15:38 AM,1572669938989
-1.5919952 ,-2.6966248 ,17.990173,23.55535616,87.29852208 ,37.26000137329102,83.9398658994455 ,30000.0,10:15:38 AM,1572669938991
-0.23168945 ,-1.1114502 ,23.931854,23.55535616,87.29852208 ,37.26000137329102,83.9398658994455 ,30000.0,10:15:38 AM,1572669938996
0.7881775 ,2.9274902 ,24.06482,23.55535616,87.29852208 ,37.26000137329102,83.9398658994455 ,30000.0,10:15:39 AM,1572669939002
-2.6020355 ,1.7105713 ,10.628418,23.55535616,87.29852208 ,37.26000137329102,83.9398658994455 ,30000.0,10:15:39 AM,1572669939006
-4.4950256 ,4.8353577 ,2.9918823,23.55535616,87.29852208 ,37.26000137329102,83.9398658994455 ,30000.0,10:15:39 AM,1572669939011
-3.1191864 ,9.780441 ,-1.3091125,23.55535616,87.29852208 ,37.26000137329102,83.9398658994455 ,30000.0,10:15:39 AM,1572669939019
-4.392761 ,11.407852 ,-6.6776733,23.55535616,87.29852208 ,37.26000137329102,83.9398658994455 ,30000.0,10:15:39 AM,1572669939022
-6.116165 ,12.960541 ,-6.2826233,23.55535616,87.29852208 ,37.26000137329102,83.9398658994455 ,30000.0,10:15:39 AM,1572669939026
0.402771 ,8.665695 ,-10.406738,23.55535616,87.29852208 ,37.26000137329102,83.9398658994455 ,30000.0,10:15:39 AM,1572669939031
8.915817 ,6.886688 ,3.1421967,23.55535616,87.29852208 ,37.26000137329102,83.9398658994455 ,30000.0,10:15:39 AM,1572669939041
5.7266846 ,2.3288422 ,14.355972,23.55535616,87.29852208 ,37.26000137329102,83.9398658994455 ,30000.0,10:15:39 AM,1572669939044
-5.3867188 ,-0.30174255 ,29.163422,23.55535616,87.29852208 ,37.26000137329102,83.9398658994455 ,30000.0,10:15:39 AM,1572669939053
-9.020752 ,0.6902008 ,24.338394,23.55544797,87.29855376 ,39.024000549316405,83.9398658994455 ,30000.0,10:15:39 AM,1572669939059
-0.8348694 ,1.4137726 ,8.104919,23.55544797,87.29855376 ,39.024000549316405,83.9398658994455 ,30000.0,10:15:39 AM,1572669939061
11.258514 ,7.061569 ,-7.289261,23.55544797,87.29855376 ,39.024000549316405,83.9398658994455 ,30000.0,10:15:39 AM,1572669939062
8.778702 ,15.175644 ,-2.4259186,23.55544797,87.29855376 ,39.024000549316405,83.9398658994455 ,30000.0,10:15:39 AM,1572669939068
-3.9107513 ,15.11322 ,-11.828598,23.55544797,87.29855376 ,39.024000549316405,83.9398658994455 ,30000.0,10:15:39 AM,1572669939072
-10.604614 ,15.272507 ,-20.924438,23.55544797,87.29855376 ,39.024000549316405,83.9398658994455 ,30000.0,10:15:39 AM,1572669939077
-6.8647003 ,14.639923 ,-24.500092,23.55544797,87.29855376 ,39.024000549316405,83.9398658994455 ,30000.0,10:15:39 AM,1572669939082
-1.0292206 ,15.155716 ,-16.924164,23.55544797,87.29855376 ,39.024000549316405,83.9398658994455 ,30000.0,10:15:39 AM,1572669939087
0.6437683 ,11.180969 ,-7.699585,23.55544797,87.29855376 ,39.024000549316405,83.9398658994455 ,30000.0,10:15:39 AM,1572669939091
0.31858826 ,5.3144684 ,5.312134,23.55544797,87.29855376 ,39.024000549316405,83.9398658994455 ,30000.0,10:15:39 AM,1572669939096
1.8186646 ,-1.5742035 ,5.685074,23.55544797,87.29855376 ,39.024000549316405,83.9398658994455 ,30000.0,10:15:39 AM,1572669939103
2.311264 ,-1.842041 ,18.939453,23.55544797,87.29855376 ,39.024000549316405,83.9398658994455 ,30000.0,10:15:39 AM,1572669939106
-0.42300415 ,-2.3543549 ,26.880661,23.55544797,87.29855376 ,39.024000549316405,83.9398658994455 ,30000.0,10:15:39 AM,1572669939110
-5.477051 ,-4.8663635 ,22.904816,23.55544797,87.29855376 ,39.024000549316405,83.9398658994455 ,30000.0,10:15:39 AM,1572669939116
-8.178116 ,-5.8484344 ,27.228378,23.55544797,87.29855376 ,39.024000549316405,83.9398658994455 ,30000.0,10:15:39 AM,1572669939122
-5.609436 ,-9.355148 ,24.720718,23.55544797,87.29855376 ,39.024000549316405,83.9398658994455 ,30000.0,10:15:39 AM,1572669939126
0.47039795 ,-10.813049 ,21.936203,23.55544797,87.29855376 ,39.024000549316405,83.9398658994455 ,30000.0,10:15:39 AM,1572669939131
5.546829 ,-7.8410187 ,27.604416,23.55544797,87.29855376 ,39.024000549316405,83.9398658994455 ,30000.0,10:15:39 AM,1572669939138
3.9348907 ,-3.3511505 ,28.016617,23.55544797,87.29855376 ,39.024000549316405,83.9398658994455 ,30000.0,10:15:39 AM,1572669939145
-3.294342 ,-7.5713654 ,2.2229004,23.55544797,87.29855376 ,39.024000549316405,83.9398658994455 ,30000.0,10:15:39 AM,1572669939151
-8.204041 ,-2.4787292 ,9.37532,23.55544797,87.29855376 ,39.024000549316405,83.9398658994455 ,30000.0,10:15:39 AM,1572669939154
-3.9002533 ,-4.3756714 ,8.746887,23.55544797,87.29855376 ,39.024000549316405,83.9398658994455 ,30000.0,10:15:39 AM,1572669939159
3.3597565 ,-3.0370789 ,19.957367,23.55544797,87.29855376 ,39.024000549316405,83.9398658994455 ,30000.0,10:15:39 AM,1572669939161
4.2977905 ,-1.1319122 ,35.2287,23.55544797,87.29855376 ,39.024000549316405,83.9398658994455 ,30000.0,10:15:39 AM,1572669939170
1.2228241 ,-5.839447 ,19.86119,23.55544797,87.29855376 ,39.024000549316405,83.9398658994455 ,30000.0,10:15:39 AM,1572669939174
-1.6583252 ,-2.9604645 ,18.853363,23.55544797,87.29855376 ,39.024000549316405,83.9398658994455 ,30000.0,10:15:39 AM,1572669939178
0.54512024 ,1.7981262 ,11.524719,23.55544797,87.29855376 ,39.024000549316405,83.9398658994455 ,30000.0,10:15:39 AM,1572669939183
0.28607178 ,5.7317963 ,-5.056839,23.55544797,87.29855376 ,39.024000549316405,83.9398658994455 ,30000.0,10:15:39 AM,1572669939188
