x,y,z,latitude,longitude,speed,sound,light,time,timestamp
1.5188904 ,-1.7101288 ,10.160736,23.56133907,87.29862615 ,43.524000549316405,85.45671409841444 ,30000.0,10:16:32 AM,1572669992918
-7.539566 ,2.6757965 ,-12.246704,23.56133907,87.29862615 ,43.524000549316405,85.45671409841444 ,30000.0,10:16:32 AM,1572669992920
-8.607025 ,10.098129 ,-18.395279,23.56133907,87.29862615 ,43.524000549316405,85.45671409841444 ,30000.0,10:16:32 AM,1572669992924
-1.5216217 ,17.700027 ,-2.281433,23.56133907,87.29862615 ,43.524000549316405,85.45671409841444 ,30000.0,10:16:32 AM,1572669992930
3.0340881 ,15.912613 ,3.9282684,23.56133907,87.29862615 ,43.524000549316405,85.45671409841444 ,30000.0,10:16:32 AM,1572669992937
-0.099472046 ,5.1645203 ,-4.605728,23.56133907,87.29862615 ,43.524000549316405,85.45671409841444 ,30000.0,10:16:32 AM,1572669992940
-4.1867523 ,2.7962646 ,20.981354,23.56133907,87.29862615 ,43.524000549316405,85.45671409841444 ,30000.0,10:16:32 AM,1572669992945
-4.569626 ,1.3089752 ,30.627258,23.56133907,87.29862615 ,43.524000549316405,85.45671409841444 ,30000.0,10:16:32 AM,1572669992953
-0.89108276 ,1.7767334 ,25.555191,23.56133907,87.29862615 ,43.524000549316405,85.45671409841444 ,30000.0,10:16:32 AM,1572669992956
6.5402374 ,3.321167 ,14.536713,23.56133907,87.29862615 ,43.524000549316405,85.45671409841444 ,30000.0,10:16:32 AM,1572669992958
6.707901 ,7.3108215 ,5.749466,23.56133907,87.29862615 ,43.524000549316405,85.45671409841444 ,30000.0,10:16:32 AM,1572669992964
-7.103775 ,7.5367584 ,-11.047195,23.56133907,87.29862615 ,43.524000549316405,85.45671409841444 ,30000.0,10:16:32 AM,1572669992970
-22.238297 ,12.979797 ,-10.032639,23.56133907,87.29862615 ,43.524000549316405,85.45671409841444 ,30000.0,10:16:32 AM,1572669992973
-22.539108 ,10.43335 ,-13.698776,23.56133907,87.29862615 ,43.524000549316405,85.45671409841444 ,30000.0,10:16:32 AM,1572669992978
-6.115494 ,8.707642 ,-3.814499,23.56133907,87.29862615 ,43.524000549316405,85.45671409841444 ,30000.0,10:16:32 AM,1572669992986
8.976212 ,8.249985 ,23.638962,23.56133907,87.29862615 ,43.524000549316405,85.45671409841444 ,30000.0,10:16:32 AM,1572669992988
12.686447 ,2.0658264 ,23.044205,23.56133907,87.29862615 ,43.524000549316405,85.45671409841444 ,30000.0,10:16:32 AM,1572669992997
4.5734863 ,3.8818054 ,33.73047,23.56133907,87.29862615 ,43.524000549316405,85.45671409841444 ,30000.0,10:16:33 AM,1572669993003
-0.19400024 ,-1.1447906 ,23.062515,23.56133907,87.29862615 ,43.524000549316405,85.45671409841444 ,30000.0,10:16:33 AM,1572669993006
4.3185577 ,-1.8975067 ,15.277893,23.56133907,87.29862615 ,43.524000549316405,85.45671409841444 ,30000.0,10:16:33 AM,1572669993011
13.655258 ,1.4478455 ,15.219376,23.56133907,87.29862615 ,43.524000549316405,85.45671409841444 ,30000.0,10:16:33 AM,1572669993019
10.57106 ,4.4785156 ,12.365585,23.56133907,87.29862615 ,43.524000549316405,85.45671409841444 ,30000.0,10:16:33 AM,1572669993022
-3.8054657 ,3.204773 ,-3.4543457,23.56133907,87.29862615 ,43.524000549316405,85.45671409841444 ,30000.0,10:16:33 AM,1572669993025
-13.6091 ,4.9736633 ,-6.4078217,23.56133907,87.29862615 ,43.524000549316405,85.45671409841444 ,30000.0,10:16:33 AM,1572669993031
-11.225311 ,9.48143 ,-6.1435394,23.56133907,87.29862615 ,43.524000549316405,85.45671409841444 ,30000.0,10:16:33 AM,1572669993036
-2.9089813 ,13.3564 ,-8.694687,23.56133907,87.29862615 ,43.524000549316405,85.45671409841444 ,30000.0,10:16:33 AM,1572669993041
-0.5905762 ,13.574402 ,2.3620758,23.56133907,87.29862615 ,43.524000549316405,85.45671409841444 ,30000.0,10:16:33 AM,1572669993045
-0.962677 ,7.047348 ,0.9506836,23.56143398,87.29857184 ,45.10799903869629,85.45671409841444 ,30000.0,10:16:33 AM,1572669993054
1.2063751 ,1.525116 ,-0.8005066,23.56143398,87.29857184 ,45.10799903869629,85.45671409841444 ,30000.0,10:16:33 AM,1572669993055
-0.037231445 ,1.1867218 ,20.78212,23.56143398,87.29857184 ,45.10799903869629,85.45671409841444 ,30000.0,10:16:33 AM,1572669993059
-3.7127228 ,-4.365753 ,27.382233,23.56143398,87.29857184 ,45.10799903869629,85.45671409841444 ,30000.0,10:16:33 AM,1572669993064
-2.2958527 ,-10.9249115 ,25.065048,23.56143398,87.29857184 ,45.10799903869629,85.45671409841444 ,30000.0,10:16:33 AM,1572669993070
4.0233917 ,-8.003845 ,41.445374,23.56143398,87.29857184 ,45.10799903869629,85.45671409841444 ,30000.0,10:16:33 AM,1572669993074
9.289246 ,-2.5748444 ,39.041626,23.56143398,87.29857184 ,45.10799903869629,85.45671409841444 ,30000.0,10:16:33 AM,1572669993078
4.0549316 ,-4.038849 ,4.909897,23.56143398,87.29857184 ,45.10799903869629,85.45671409841444 ,30000.0,10:16:33 AM,1572669993084
-9.576874 ,3.7742157 ,-1.4442596,23.56143398,87.29857184 ,45.10799903869629,85.45671409841444 ,30000.0,10:16:33 AM,1572669993087
-17.012527 ,9.629837 ,-10.721863,23.56143398,87.29857184 ,45.10799903869629,85.45671409841444 ,30000.0,10:16:33 AM,1572669993092
-10.764465 ,9.242081 ,-16.489853,23.56143398,87.29857184 ,45.10799903869629,85.45671409841444 ,30000.0,10:16:33 AM,1572669993097
2.4971771 ,7.8288116 ,3.396103,23.56143398,87.29857184 ,45.10799903869629,85.45671409841444 ,30000.0,10:16:33 AM,1572669993103
8.991486 ,6.876953 ,17.63379,23.56143398,87.29857184 ,45.10799903869629,85.45671409841444 ,30000.0,10:16:33 AM,1572669993107
3.3524628 ,5.943878 ,34.629654,23.56143398,87.29857184 ,45.10799903869629,85.45671409841444 ,30000.0,10:16:33 AM,1572669993111
0.058746338 ,2.348236 ,3.0247192,23.56143398,87.29857184 ,45.10799903869629,85.45671409841444 ,30000.0,10:16:33 AM,1572669993119
1.172409 ,14.479309 ,4.9891815,23.56143398,87.29857184 ,45.10799903869629,85.45671409841444 ,30000.0,10:16:33 AM,1572669993122
2.2855072 ,7.5183716 ,-13.11557,23.56143398,87.29857184 ,45.10799903869629,85.45671409841444 ,30000.0,10:16:33 AM,1572669993126
1.0306549 ,10.8281555 ,-12.742981,23.56143398,87.29857184 ,45.10799903869629,85.45671409841444 ,30000.0,10:16:33 AM,1572669993137
-6.9999084 ,6.7669983 ,0.49923706,23.56143398,87.29857184 ,45.10799903869629,85.45671409841444 ,30000.0,10:16:33 AM,1572669993141
-10.420013 ,3.6162415 ,10.263214,23.56143398,87.29857184 ,45.10799903869629,85.45671409841444 ,30000.0,10:16:33 AM,1572669993145
-7.438217 ,2.6564026 ,20.33397,23.56143398,87.29857184 ,45.10799903869629,86.2793859969775 ,30000.0,10:16:33 AM,1572669993154
-3.119873 ,0.69033813 ,22.263382,23.56143398,87.29857184 ,45.10799903869629,86.2793859969775 ,30000.0,10:16:33 AM,1572669993157
4.849121 ,3.4671783 ,12.54184,23.56143398,87.29857184 ,45.10799903869629,86.2793859969775 ,30000.0,10:16:33 AM,1572669993160
8.0468445 ,3.9290314 ,6.728546,23.56143398,87.29857184 ,45.10799903869629,86.2793859969775 ,30000.0,10:16:33 AM,1572669993165
1.3639679 ,5.3042145 ,14.996597,23.56143398,87.29857184 ,45.10799903869629,86.2793859969775 ,30000.0,10:16:33 AM,1572669993170
-7.040863 ,1.7247162 ,9.508667,23.56143398,87.29857184 ,45.10799903869629,86.2793859969775 ,30000.0,10:16:33 AM,1572669993175
-5.806488 ,-1.9300385 ,6.1479797,23.56143398,87.29857184 ,45.10799903869629,86.2793859969775 ,30000.0,10:16:33 AM,1572669993179
2.5218506 ,-0.09075928 ,17.61145,23.56143398,87.29857184 ,45.10799903869629,86.2793859969775 ,30000.0,10:16:33 AM,1572669993186
4.3183594 ,-0.03918457 ,20.31746,23.56143398,87.29857184 ,45.10799903869629,86.2793859969775 ,30000.0,10:16:33 AM,1572669993189
-1.845398 ,-1.626236 ,17.99527,23.56143398,87.29857184 ,45.10799903869629,86.2793859969775 ,30000.0,10:16:33 AM,1572669993193
-5.320465 ,-2.7103424 ,13.9292755,23.56143398,87.29857184 ,45.10799903869629,86.2793859969775 ,30000.0,10:16:33 AM,1572669993198
-0.6550598 ,-0.5013275 ,9.304611,23.56143398,87.29857184 ,45.10799903869629,86.2793859969775 ,30000.0,10:16:33 AM,1572669993204
3.748825 ,2.867035 ,7.1816406,23.56143398,87.29857184 ,45.10799903869629,86.2793859969775 ,30000.0,10:16:33 AM,1572669993208
2.011551 ,4.2771454 ,4.922104,23.56143398,87.29857184 ,45.10799903869629,86.2793859969775 ,30000.0,10:16:33 AM,1572669993213
-0.4868164 ,5.329529 ,5.4512634,23.56143398,87.29857184 ,45.10799903869629,86.2793859969775 ,30000.0,10:16:33 AM,1572669993221
2.7549286 ,5.6717834 ,2.5863647,23.56143398,87.29857184 ,45.10799903869629,86.2793859969775 ,30000.0,10:16:33 AM,1572669993224
4.0727234 ,10.9414215 ,3.103363,23.56143398,87.29857184 ,45.10799903869629,86.2793859969775 ,30000.0,10:16:33 AM,1572669993227
-2.4778748 ,11.993591 ,-5.1155243,23.56143398,87.29857184 ,45.10799903869629,86.2793859969775 ,30000.0,10:16:33 AM,1572669993232
-6.801773 ,11.373581 ,-10.872192,23.56143398,87.29857184 ,45.10799903869629,86.2793859969775 ,30000.0,10:16:33 AM,1572669993238
-0.15560913 ,13.125778 ,1.0277557,23.56143398,87.29857184 ,45.10799903869629,86.2793859969775 ,30000.0,10:16:33 AM,1572669993242
7.9855347 ,10.041168 ,3.6986694,23.56143398,87.29857184 ,45.10799903869629,86.2793859969775 ,30000.0,10:16:33 AM,1572669993247
2.7637482 ,9.0321045 ,13.10997,23.56143398,87.29857184 ,45.10799903869629,86.2793859969775 ,30000.0,10:16:33 AM,1572669993256
-10.131577 ,1.9582825 ,8.686874,23.56143398,87.29857184 ,45.10799903869629,86.2793859969775 ,30000.0,10:16:33 AM,1572669993258
-12.282349 ,1.3285675 ,11.521149,23.56143398,87.29857184 ,45.10799903869629,86.2793859969775 ,30000.0,10:16:33 AM,1572669993262
-1.2716064 ,3.4292908 ,15.13176,23.56143398,87.29857184 ,45.10799903869629,86.2793859969775 ,30000.0,10:16:33 AM,1572669993272
5.2124176 ,6.479126 ,15.946686,23.56143398,87.29857184 ,45.10799903869629,86.2793859969775 ,30000.0,10:16:33 AM,1572669993276
-0.74263 ,3.7420502 ,5.8339233,23.56143398,87.29857184 ,45.10799903869629,86.2793859969775 ,30000.0,10:16:33 AM,1572669993280
-9.04422 ,2.9846954 ,3.2554626,23.56143398,87.29857184 ,45.10799903869629,86.2793859969775 ,30000.0,10:16:33 AM,1572669993288
-8.112213 ,2.9375 ,8.886932,23.56143398,87.29857184 ,45.10799903869629,86.2793859969775 ,30000.0,10:16:33 AM,1572669993291
-0.5760803 ,3.6477203 ,9.915558,23.56143398,87.29857184 ,45.10799903869629,86.2793859969775 ,30000.0,10:16:33 AM,1572669993296
2.239441 ,2.2372742 ,10.660019,23.56143398,87.29857184 ,45.10799903869629,86.2793859969775 ,30000.0,10:16:33 AM,1572669993300
1.4516602 ,-0.88139343 ,9.24794,23.56143398,87.29857184 ,45.10799903869629,86.2793859969775 ,30000.0,10:16:33 AM,1572669993306
2.9302979 ,-0.18307495 ,18.48613,23.56143398,87.29857184 ,45.10799903869629,86.2793859969775 ,30000.0,10:16:33 AM,1572669993309
4.4322968 ,1.7200317 ,23.052017,23.56143398,87.29857184 ,45.10799903869629,86.2793859969775 ,30000.0,10:16:33 AM,1572669993315
0.62257385 ,3.7285156 ,14.731415,23.56143398,87.29857184 ,45.10799903869629,86.2793859969775 ,30000.0,10:16:33 AM,1572669993321
-4.9237976 ,1.5260925 ,-5.951233,23.56143398,87.29857184 ,45.10799903869629,86.2793859969775 ,30000.0,10:16:33 AM,1572669993323
-5.5619965 ,4.5919647 ,0.64927673,23.56143398,87.29857184 ,45.10799903869629,86.2793859969775 ,30000.0,10:16:33 AM,1572669993327
-1.8883514 ,5.348831 ,7.096573,23.56143398,87.29857184 ,45.10799903869629,86.2793859969775 ,30000.0,10:16:33 AM,1572669993332
-0.7512665 ,3.9170532 ,9.442108,23.56143398,87.29857184 ,45.10799903869629,86.2793859969775 ,30000.0,10:16:33 AM,1572669993338
-1.3873901 ,0.8961487 ,11.977051,23.56143398,87.29857184 ,45.10799903869629,86.2793859969775 ,30000.0,10:16:33 AM,1572669993342
1.3253632 ,0.29214478 ,17.457016,23.56143398,87.29857184 ,45.10799903869629,86.2793859969775 ,30000.0,10:16:33 AM,1572669993347
4.6523438 ,-2.2418823 ,17.7509,23.56143398,87.29857184 ,45.10799903869629,86.2793859969775 ,30000.0,10:16:33 AM,1572669993354
2.9976654 ,-1.4458923 ,30.577286,23.56143398,87.29857184 ,45.10799903869629,86.2793859969775 ,30000.0,10:16:33 AM,1572669993357
-2.312378 ,-1.8959045 ,27.01474,23.56143398,87.29857184 ,45.10799903869629,86.2793859969775 ,30000.0,10:16:33 AM,1572669993361
-7.1962585 ,-3.4973755 ,11.942093,23.56143398,87.29857184 ,45.10799903869629,86.2793859969775 ,30000.0,10:16:33 AM,1572669993366
-5.1955566 ,-2.9473572 ,8.28952,23.56143398,87.29857184 ,45.10799903869629,86.2793859969775 ,30000.0,10:16:33 AM,1572669993371
3.1162262 ,0.20344543 ,10.414169,23.56143398,87.29857184 ,45.10799903869629,86.2793859969775 ,30000.0,10:16:33 AM,1572669993376
8.317337 ,1.9487915 ,17.10794,23.56143398,87.29857184 ,45.10799903869629,86.2793859969775 ,30000.0,10:16:33 AM,1572669993380
9.69342 ,-1.6975098 ,10.995285,23.56143398,87.29857184 ,45.10799903869629,86.2793859969775 ,30000.0,10:16:33 AM,1572669993390
7.9748535 ,-3.010254 ,14.535751,23.56143398,87.29857184 ,45.10799903869629,86.2793859969775 ,30000.0,10:16:33 AM,1572669993392
3.4268494 ,9.876129 ,22.945389,23.56143398,87.29857184 ,45.10799903869629,86.2793859969775 ,30000.0,10:16:33 AM,1572669993394
-7.0190735 ,13.392715 ,-14.389084,23.56143398,87.29857184 ,45.10799903869629,86.2793859969775 ,30000.0,10:16:33 AM,1572669993405
-12.51474 ,15.705353 ,-53.785095,23.56143398,87.29857184 ,45.10799903869629,86.2793859969775 ,30000.0,10:16:33 AM,1572669993409
