x,y,z,latitude,longitude,speed,sound,light,time,timestamp
-1.3410187 ,3.6340942 ,4.523529,23.56533774,87.29875694 ,54.0,88.54419107286249 ,8300.0,10:17:11 AM,1572670031218
3.2101135 ,7.586685 ,3.7866821,23.56533774,87.29875694 ,54.0,88.54419107286249 ,8300.0,10:17:11 AM,1572670031221
1.0691528 ,6.2335052 ,2.0175781,23.56533774,87.29875694 ,54.0,88.54419107286249 ,8300.0,10:17:11 AM,1572670031227
-2.4841156 ,3.7941742 ,4.0457306,23.56533774,87.29875694 ,54.0,88.54419107286249 ,8300.0,10:17:11 AM,1572670031231
0.4554596 ,2.9006805 ,9.0464325,23.56533774,87.29875694 ,54.0,88.54419107286249 ,8300.0,10:17:11 AM,1572670031236
1.1324005 ,1.5198364 ,16.8918,23.56533774,87.29875694 ,54.0,88.54419107286249 ,8300.0,10:17:11 AM,1572670031242
-4.734497 ,-2.5829773 ,15.60231,23.56533774,87.29875694 ,54.0,88.54419107286249 ,17004.0,10:17:11 AM,1572670031246
-7.4731293 ,-4.540909 ,19.432877,23.56533774,87.29875694 ,54.0,88.54419107286249 ,17004.0,10:17:11 AM,1572670031250
0.69059753 ,-1.0010529 ,22.647446,23.56533774,87.29875694 ,54.0,88.54419107286249 ,17004.0,10:17:11 AM,1572670031258
7.130478 ,1.4561157 ,19.934464,23.56533774,87.29875694 ,54.0,88.54419107286249 ,17004.0,10:17:11 AM,1572670031264
4.1989136 ,1.8505402 ,7.671829,23.56533774,87.29875694 ,54.0,88.54419107286249 ,17004.0,10:17:11 AM,1572670031269
-2.5799408 ,5.2247314 ,6.811035,23.56533774,87.29875694 ,54.0,88.54419107286249 ,17004.0,10:17:11 AM,1572670031277
-3.7350464 ,8.425171 ,0.77659607,23.56533774,87.29875694 ,54.0,88.54419107286249 ,17004.0,10:17:11 AM,1572670031280
-2.3511047 ,9.3806305 ,-1.3061523,23.56533774,87.29875694 ,54.0,88.54419107286249 ,17004.0,10:17:11 AM,1572670031285
-2.0755463 ,6.9352264 ,2.8010864,23.56533774,87.29875694 ,54.0,88.54419107286249 ,17004.0,10:17:11 AM,1572670031290
0.3451233 ,5.6594696 ,9.019684,23.56533774,87.29875694 ,54.0,88.54419107286249 ,17004.0,10:17:11 AM,1572670031298
4.1140137 ,5.0815735 ,10.6631775,23.56533774,87.29875694 ,54.0,88.54419107286249 ,17004.0,10:17:11 AM,1572670031302
1.6593475 ,4.5321198 ,14.831543,23.56533774,87.29875694 ,54.0,88.54419107286249 ,17004.0,10:17:11 AM,1572670031304
-3.2275085 ,2.394104 ,8.644043,23.56533774,87.29875694 ,54.0,88.54419107286249 ,17004.0,10:17:11 AM,1572670031311
-1.2403107 ,3.5750122 ,3.199707,23.56533774,87.29875694 ,54.0,88.54419107286249 ,17004.0,10:17:11 AM,1572670031314
4.635498 ,5.2712555 ,3.7561646,23.56533774,87.29875694 ,54.0,88.54419107286249 ,17004.0,10:17:11 AM,1572670031316
3.834381 ,4.128998 ,8.935699,23.56533774,87.29875694 ,54.0,88.54419107286249 ,17004.0,10:17:11 AM,1572670031321
-2.107132 ,0.67788696 ,10.076141,23.56533774,87.29875694 ,54.0,88.54419107286249 ,17004.0,10:17:11 AM,1572670031327
-4.3454285 ,0.81144714 ,12.698273,23.56533774,87.29875694 ,54.0,88.54419107286249 ,17004.0,10:17:11 AM,1572670031331
-2.616684 ,2.2218628 ,12.12384,23.56533774,87.29875694 ,54.0,88.54419107286249 ,17004.0,10:17:11 AM,1572670031336
-2.159851 ,1.0027161 ,8.75827,23.56533774,87.29875694 ,54.0,88.54419107286249 ,17004.0,10:17:11 AM,1572670031342
-1.1974792 ,1.3804779 ,14.093079,23.56533774,87.29875694 ,54.0,88.54419107286249 ,17004.0,10:17:11 AM,1572670031345
2.3346405 ,2.1270905 ,14.263168,23.56533774,87.29875694 ,54.0,88.54419107286249 ,17004.0,10:17:11 AM,1572670031350
2.880661 ,3.4961548 ,11.015152,23.56533774,87.29875694 ,54.0,88.54419107286249 ,17004.0,10:17:11 AM,1572670031357
-2.0045624 ,3.9780884 ,9.512299,23.56533774,87.29875694 ,54.0,88.54419107286249 ,17004.0,10:17:11 AM,1572670031362
-4.7897034 ,5.6335144 ,8.158707,23.56533774,87.29875694 ,54.0,88.54419107286249 ,17004.0,10:17:11 AM,1572670031365
-0.8525238 ,7.7349396 ,-1.5175629,23.56533774,87.29875694 ,54.0,88.54419107286249 ,17004.0,10:17:11 AM,1572670031370
1.1709747 ,8.794113 ,0.22753906,23.56533774,87.29875694 ,54.0,88.54419107286249 ,17004.0,10:17:11 AM,1572670031377
-1.7521515 ,5.227997 ,1.7293243,23.56533774,87.29875694 ,54.0,88.54419107286249 ,17004.0,10:17:11 AM,1572670031380
-2.6497192 ,2.6900177 ,7.047989,23.56533774,87.29875694 ,54.0,88.54419107286249 ,17004.0,10:17:11 AM,1572670031385
0.6570587 ,2.475235 ,11.922821,23.56533774,87.29875694 ,54.0,88.54419107286249 ,17004.0,10:17:11 AM,1572670031389
0.54003906 ,0.9759674 ,18.752518,23.56533774,87.29875694 ,54.0,88.54419107286249 ,17004.0,10:17:11 AM,1572670031395
-0.5292053 ,-2.3296509 ,13.036301,23.56533774,87.29875694 ,54.0,88.54419107286249 ,17004.0,10:17:11 AM,1572670031404
1.530899 ,0.77630615 ,18.473251,23.56533774,87.29875694 ,54.0,88.54419107286249 ,17004.0,10:17:11 AM,1572670031411
4.8184967 ,2.6934204 ,7.1750946,23.56533774,87.29875694 ,54.0,88.54419107286249 ,17004.0,10:17:11 AM,1572670031415
1.5693359 ,3.0167236 ,3.337555,23.56533774,87.29875694 ,54.0,88.54419107286249 ,17004.0,10:17:11 AM,1572670031419
-4.5130157 ,2.5016632 ,10.502975,23.56533774,87.29875694 ,54.0,88.54419107286249 ,17004.0,10:17:11 AM,1572670031427
-4.1147156 ,-0.36515808 ,6.273407,23.56533774,87.29875694 ,54.0,88.54419107286249 ,17004.0,10:17:11 AM,1572670031431
0.34210205 ,1.653305 ,12.615204,23.56533774,87.29875694 ,54.0,88.54419107286249 ,17004.0,10:17:11 AM,1572670031435
0.39579773 ,2.0923767 ,19.22113,23.56533774,87.29875694 ,54.0,88.54419107286249 ,17004.0,10:17:11 AM,1572670031444
-2.409668 ,1.625473 ,14.159531,23.56533774,87.29875694 ,54.0,88.54419107286249 ,17004.0,10:17:11 AM,1572670031447
-0.98931885 ,4.0418854 ,5.684372,23.56533774,87.29875694 ,54.0,88.54419107286249 ,17004.0,10:17:11 AM,1572670031450
1.595581 ,8.52272 ,2.8083038,23.56533774,87.29875694 ,54.0,88.54419107286249 ,17004.0,10:17:11 AM,1572670031453
-1.8942871 ,9.03273 ,1.9807892,23.56533774,87.29875694 ,54.0,88.54419107286249 ,30000.0,10:17:11 AM,1572670031460
-4.9957886 ,6.4698486 ,-1.3488007,23.56533774,87.29875694 ,54.0,88.54419107286249 ,30000.0,10:17:11 AM,1572670031462
-0.91545105 ,6.8724823 ,1.0079651,23.56533774,87.29875694 ,54.0,88.54419107286249 ,30000.0,10:17:11 AM,1572670031466
2.4062958 ,5.515854 ,4.1365814,23.56533774,87.29875694 ,54.0,88.54419107286249 ,30000.0,10:17:11 AM,1572670031471
-1.3641357 ,2.1714325 ,12.369797,23.56533774,87.29875694 ,54.0,88.54419107286249 ,30000.0,10:17:11 AM,1572670031478
-3.1720276 ,-1.1715698 ,16.999054,23.56533774,87.29875694 ,54.0,88.54419107286249 ,30000.0,10:17:11 AM,1572670031480
1.6002808 ,-0.84936523 ,16.962097,23.56533774,87.29875694 ,54.0,88.54419107286249 ,30000.0,10:17:11 AM,1572670031485
4.061981 ,1.4620361 ,18.282852,23.56533774,87.29875694 ,54.0,88.54419107286249 ,30000.0,10:17:11 AM,1572670031490
-0.13056946 ,0.3667755 ,9.749283,23.56533774,87.29875694 ,54.0,88.54419107286249 ,30000.0,10:17:11 AM,1572670031497
-2.8542633 ,1.1730042 ,3.8042297,23.56533774,87.29875694 ,54.0,88.54419107286249 ,30000.0,10:17:11 AM,1572670031501
0.9333191 ,3.8419952 ,7.840805,23.56533774,87.29875694 ,54.0,88.54419107286249 ,30000.0,10:17:11 AM,1572670031506
2.9075623 ,3.4968262 ,9.780457,23.56533774,87.29875694 ,54.0,88.54419107286249 ,30000.0,10:17:11 AM,1572670031514
-2.0453033 ,0.99638367 ,9.481476,23.56533774,87.29875694 ,54.0,88.54419107286249 ,30000.0,10:17:11 AM,1572670031517
-5.3753815 ,-0.3056183 ,15.025192,23.56533774,87.29875694 ,54.0,88.54419107286249 ,30000.0,10:17:11 AM,1572670031520
-1.4782562 ,3.1902008 ,18.2211,23.56533774,87.29875694 ,54.0,88.54419107286249 ,30000.0,10:17:11 AM,1572670031525
0.59609985 ,3.3765411 ,11.388931,23.56533774,87.29875694 ,54.0,88.54419107286249 ,30000.0,10:17:11 AM,1572670031530
-1.4553986 ,4.6706543 ,4.072159,23.56533774,87.29875694 ,54.0,88.54419107286249 ,30000.0,10:17:11 AM,1572670031538
-1.217041 ,7.762207 ,1.4275818,23.56533774,87.29875694 ,54.0,88.53344162003545 ,30000.0,10:17:11 AM,1572670031544
0.82658386 ,11.792206 ,-2.4645996,23.56533774,87.29875694 ,54.0,88.53344162003545 ,30000.0,10:17:11 AM,1572670031547
-2.1208954 ,9.886887 ,-6.963608,23.56533774,87.29875694 ,54.0,88.53344162003545 ,30000.0,10:17:11 AM,1572670031551
-4.8068085 ,8.145996 ,0.20846558,23.56533774,87.29875694 ,54.0,88.53344162003545 ,30000.0,10:17:11 AM,1572670031556
0.8903351 ,4.9651947 ,1.8587799,23.56533774,87.29875694 ,54.0,88.53344162003545 ,30000.0,10:17:11 AM,1572670031563
5.495819 ,5.2418823 ,11.70636,23.56533774,87.29875694 ,54.0,88.53344162003545 ,30000.0,10:17:11 AM,1572670031567
0.9544983 ,2.1352386 ,15.852753,23.56533774,87.29875694 ,54.0,88.53344162003545 ,30000.0,10:17:11 AM,1572670031572
-4.2375336 ,-0.75439453 ,11.739655,23.56533774,87.29875694 ,54.0,88.53344162003545 ,30000.0,10:17:11 AM,1572670031579
0.27919006 ,1.1661682 ,8.081589,23.56533774,87.29875694 ,54.0,88.53344162003545 ,30000.0,10:17:11 AM,1572670031581
5.4670105 ,4.1862335 ,9.632462,23.56533774,87.29875694 ,54.0,88.53344162003545 ,30000.0,10:17:11 AM,1572670031586
0.7034607 ,2.9211426 ,8.631393,23.56533774,87.29875694 ,54.0,88.53344162003545 ,30000.0,10:17:11 AM,1572670031590
-5.024658 ,-0.4141693 ,4.994217,23.56533774,87.29875694 ,54.0,88.53344162003545 ,30000.0,10:17:11 AM,1572670031597
-1.6496277 ,0.87075806 ,10.598907,23.56533774,87.29875694 ,54.0,88.53344162003545 ,30000.0,10:17:11 AM,1572670031601
2.4395905 ,1.4140778 ,14.251892,23.56533774,87.29875694 ,54.0,88.53344162003545 ,30000.0,10:17:11 AM,1572670031605
-2.1766663 ,-0.47247314 ,16.24768,23.56533774,87.29875694 ,54.0,88.53344162003545 ,30000.0,10:17:11 AM,1572670031612
-5.897583 ,-1.1938477 ,19.160095,23.56533774,87.29875694 ,54.0,88.53344162003545 ,30000.0,10:17:11 AM,1572670031615
-1.0273438 ,1.7049713 ,16.346954,23.56533774,87.29875694 ,54.0,88.53344162003545 ,30000.0,10:17:11 AM,1572670031620
3.8663788 ,5.0157623 ,5.2576447,23.56533774,87.29875694 ,54.0,88.53344162003545 ,30000.0,10:17:11 AM,1572670031625
-0.6419678 ,7.922119 ,3.0861511,23.56533774,87.29875694 ,54.0,88.53344162003545 ,30000.0,10:17:11 AM,1572670031631
-5.3540497 ,7.7313843 ,-5.8627777,23.56533774,87.29875694 ,54.0,88.53344162003545 ,30000.0,10:17:11 AM,1572670031637
-2.2608948 ,10.0039215 ,-4.339508,23.56533774,87.29875694 ,54.0,88.53344162003545 ,30000.0,10:17:11 AM,1572670031641
1.1999817 ,7.5338593 ,2.1024017,23.56533774,87.29875694 ,54.0,88.53344162003545 ,30000.0,10:17:11 AM,1572670031648
-1.4203644 ,2.138321 ,5.318466,23.56533774,87.29875694 ,54.0,88.53344162003545 ,30000.0,10:17:11 AM,1572670031651
-1.1647644 ,-1.1115723 ,13.7131195,23.56533774,87.29875694 ,54.0,88.53344162003545 ,30000.0,10:17:11 AM,1572670031653
5.0795135 ,0.4754181 ,24.219818,23.56533774,87.29875694 ,54.0,88.53344162003545 ,30000.0,10:17:11 AM,1572670031658
4.5145874 ,-0.44898987 ,21.384262,23.56533774,87.29875694 ,54.0,88.53344162003545 ,30000.0,10:17:11 AM,1572670031663
-0.42462158 ,-2.115036 ,8.935883,23.56533774,87.29875694 ,54.0,88.53344162003545 ,30000.0,10:17:11 AM,1572670031672
-1.8959198 ,0.043014526 ,9.904022,23.56533774,87.29875694 ,54.0,88.53344162003545 ,30000.0,10:17:11 AM,1572670031680
2.0131836 ,4.467392 ,8.0021515,23.56533774,87.29875694 ,54.0,88.53344162003545 ,30000.0,10:17:11 AM,1572670031683
1.3509827 ,4.257965 ,0.642334,23.56533774,87.29875694 ,54.0,88.53344162003545 ,30000.0,10:17:11 AM,1572670031688
-3.8718872 ,4.3513794 ,7.2387085,23.56533774,87.29875694 ,54.0,88.53344162003545 ,30000.0,10:17:11 AM,1572670031694
-3.0851593 ,3.1922607 ,7.184067,23.56533774,87.29875694 ,54.0,88.53344162003545 ,30000.0,10:17:11 AM,1572670031701
0.6602783 ,4.321274 ,9.570496,23.56533774,87.29875694 ,54.0,88.53344162003545 ,30000.0,10:17:11 AM,1572670031703
-1.3953247 ,3.2333221 ,12.600327,23.56533774,87.29875694 ,54.0,88.53344162003545 ,30000.0,10:17:11 AM,1572670031707
-4.609436 ,2.8492432 ,12.784195,23.56533774,87.29875694 ,54.0,88.53344162003545 ,30000.0,10:17:11 AM,1572670031715
