x,y,z,latitude,longitude,speed,sound,light,time,timestamp
-0.4304657 ,9.614807 ,2.7180176,23.56786004,87.30171423 ,16.847999382019044,77.07340026665517 ,28171.0,10:18:11 AM,1572670091905
-2.6001282 ,10.159454 ,3.7560577,23.56786004,87.30171423 ,16.847999382019044,77.07340026665517 ,28171.0,10:18:11 AM,1572670091909
-2.700653 ,12.071915 ,5.967087,23.56786004,87.30171423 ,16.847999382019044,77.07340026665517 ,28171.0,10:18:11 AM,1572670091915
-1.1853027 ,11.614441 ,-0.10159302,23.56786004,87.30171423 ,16.847999382019044,77.07340026665517 ,28171.0,10:18:11 AM,1572670091920
-0.036697388 ,12.600815 ,-3.7216797,23.56786004,87.30171423 ,16.847999382019044,77.07340026665517 ,28171.0,10:18:11 AM,1572670091925
-1.4570923 ,13.205292 ,-3.3610382,23.56786004,87.30171423 ,16.847999382019044,77.07340026665517 ,28171.0,10:18:11 AM,1572670091929
-3.2612152 ,9.669205 ,-7.1470184,23.56786004,87.30171423 ,16.847999382019044,77.07340026665517 ,28171.0,10:18:11 AM,1572670091936
-2.4061584 ,8.214584 ,4.64592,23.56786004,87.30171423 ,16.847999382019044,77.07340026665517 ,23958.0,10:18:11 AM,1572670091939
-0.33509827 ,3.169983 ,10.207474,23.56786004,87.30171423 ,16.847999382019044,77.07340026665517 ,23958.0,10:18:11 AM,1572670091943
0.060638428 ,-0.64401245 ,11.861359,23.56786004,87.30171423 ,16.847999382019044,77.07340026665517 ,23958.0,10:18:11 AM,1572670091950
-2.6814728 ,-1.1782684 ,22.264877,23.56786004,87.30171423 ,16.847999382019044,77.07340026665517 ,23958.0,10:18:11 AM,1572670091956
-6.2418213 ,-2.2646942 ,22.50795,23.56786004,87.30171423 ,16.847999382019044,77.07340026665517 ,23958.0,10:18:11 AM,1572670091959
-7.499939 ,-3.48349 ,22.343414,23.56786004,87.30171423 ,16.847999382019044,77.07340026665517 ,23958.0,10:18:11 AM,1572670091963
-4.348587 ,-4.305008 ,21.886047,23.56786004,87.30171423 ,16.847999382019044,77.07340026665517 ,23958.0,10:18:11 AM,1572670091971
1.5070038 ,-5.90979 ,11.752411,23.56786004,87.30171423 ,16.847999382019044,77.07340026665517 ,23958.0,10:18:11 AM,1572670091973
2.928009 ,-4.5504303 ,13.534164,23.56786004,87.30171423 ,16.847999382019044,77.07340026665517 ,23958.0,10:18:11 AM,1572670091982
-3.082016 ,-3.151825 ,16.24562,23.56786004,87.30171423 ,16.847999382019044,77.07340026665517 ,23958.0,10:18:11 AM,1572670091988
-9.391769 ,-0.7839966 ,14.197281,23.56786004,87.30171423 ,16.847999382019044,77.07340026665517 ,23958.0,10:18:11 AM,1572670091992
-9.041489 ,-1.6371918 ,7.4879456,23.56786004,87.30171423 ,16.847999382019044,77.07340026665517 ,23958.0,10:18:11 AM,1572670091997
-0.6734772 ,-0.11117554 ,7.307266,23.56786004,87.30171423 ,16.847999382019044,77.07340026665517 ,23958.0,10:18:12 AM,1572670092005
7.0856934 ,3.039978 ,12.875519,23.56786004,87.30171423 ,16.847999382019044,77.07340026665517 ,23958.0,10:18:12 AM,1572670092008
6.660843 ,4.718338 ,12.623505,23.56786004,87.30171423 ,16.847999382019044,77.07340026665517 ,23958.0,10:18:12 AM,1572670092011
0.08996582 ,5.1926575 ,6.725357,23.56786004,87.30171423 ,16.847999382019044,77.07340026665517 ,23958.0,10:18:12 AM,1572670092016
-4.7796783 ,6.6576996 ,7.3090515,23.56786004,87.30171423 ,16.847999382019044,77.07340026665517 ,23958.0,10:18:12 AM,1572670092023
-2.601715 ,5.985077 ,2.197586,23.56786004,87.30171423 ,16.847999382019044,77.07340026665517 ,23958.0,10:18:12 AM,1572670092026
1.8793182 ,7.084244 ,4.704529,23.56786004,87.30171423 ,16.847999382019044,77.07340026665517 ,23958.0,10:18:12 AM,1572670092033
2.4235535 ,6.9580383 ,8.096008,23.56786004,87.30171423 ,16.847999382019044,77.07340026665517 ,23958.0,10:18:12 AM,1572670092040
-0.5594635 ,5.890869 ,7.0869904,23.56786004,87.30171423 ,16.847999382019044,77.07340026665517 ,23958.0,10:18:12 AM,1572670092042
-2.9445038 ,6.1121826 ,11.594208,23.56786004,87.30171423 ,16.847999382019044,77.07340026665517 ,23958.0,10:18:12 AM,1572670092045
-2.310196 ,4.5955353 ,12.282547,23.56786004,87.30171423 ,16.847999382019044,77.82457753052208 ,23958.0,10:18:12 AM,1572670092051
1.3684998 ,5.3124084 ,7.672638,23.56786004,87.30171423 ,16.847999382019044,77.82457753052208 ,23958.0,10:18:12 AM,1572670092060
4.0061035 ,8.881943 ,7.40567,23.56786004,87.30171423 ,16.847999382019044,77.82457753052208 ,23958.0,10:18:12 AM,1572670092063
1.3621979 ,8.95015 ,2.6377716,23.56786004,87.30171423 ,16.847999382019044,77.82457753052208 ,23958.0,10:18:12 AM,1572670092065
-4.2556458 ,7.517975 ,-0.9031067,23.56786004,87.30171423 ,16.847999382019044,77.82457753052208 ,23958.0,10:18:12 AM,1572670092078
-5.614044 ,5.5380707 ,3.806015,23.56786004,87.30171423 ,16.847999382019044,77.82457753052208 ,23958.0,10:18:12 AM,1572670092081
-0.40940857 ,3.9446106 ,7.2963104,23.56786004,87.30171423 ,16.847999382019044,77.82457753052208 ,23958.0,10:18:12 AM,1572670092084
3.6843262 ,3.076294 ,10.684937,23.56786004,87.30171423 ,16.847999382019044,77.82457753052208 ,23958.0,10:18:12 AM,1572670092086
1.5202637 ,0.8228302 ,9.175308,23.56786004,87.30171423 ,16.847999382019044,77.82457753052208 ,23958.0,10:18:12 AM,1572670092088
-3.5638733 ,1.5989075 ,12.329529,23.56786282,87.30175982 ,17.459999656677248,77.82457753052208 ,23958.0,10:18:12 AM,1572670092093
-5.5539246 ,0.33988953 ,10.410599,23.56786282,87.30175982 ,17.459999656677248,77.82457753052208 ,23958.0,10:18:12 AM,1572670092097
-2.365921 ,-0.20758057 ,9.981003,23.56786282,87.30175982 ,17.459999656677248,77.82457753052208 ,23958.0,10:18:12 AM,1572670092103
3.4687653 ,2.0388336 ,11.309677,23.56786282,87.30175982 ,17.459999656677248,77.82457753052208 ,23958.0,10:18:12 AM,1572670092106
3.0292358 ,3.687027 ,6.184738,23.56786282,87.30175982 ,17.459999656677248,77.82457753052208 ,23958.0,10:18:12 AM,1572670092111
-5.2411194 ,5.082489 ,0.8714142,23.56786282,87.30175982 ,17.459999656677248,77.82457753052208 ,23958.0,10:18:12 AM,1572670092121
-9.470825 ,5.5949707 ,2.9337616,23.56786282,87.30175982 ,17.459999656677248,77.82457753052208 ,23958.0,10:18:12 AM,1572670092126
-1.4719849 ,4.962143 ,1.9005737,23.56786282,87.30175982 ,17.459999656677248,77.82457753052208 ,23958.0,10:18:12 AM,1572670092130
7.870743 ,4.5198364 ,4.4514313,23.56786282,87.30175982 ,17.459999656677248,77.82457753052208 ,23958.0,10:18:12 AM,1572670092136
6.100601 ,3.4506073 ,13.100845,23.56786282,87.30175982 ,17.459999656677248,77.82457753052208 ,21373.0,10:18:12 AM,1572670092140
-2.2879486 ,1.4274292 ,14.408646,23.56786282,87.30175982 ,17.459999656677248,77.82457753052208 ,21373.0,10:18:12 AM,1572670092145
-7.3203735 ,1.5915222 ,18.611084,23.56786282,87.30175982 ,17.459999656677248,77.82457753052208 ,21373.0,10:18:12 AM,1572670092149
-5.251999 ,1.9344788 ,17.73439,23.56786282,87.30175982 ,17.459999656677248,77.82457753052208 ,21373.0,10:18:12 AM,1572670092158
0.44448853 ,2.9401855 ,11.623962,23.56786282,87.30175982 ,17.459999656677248,77.82457753052208 ,21373.0,10:18:12 AM,1572670092159
3.403595 ,6.801407 ,9.473953,23.56786282,87.30175982 ,17.459999656677248,77.82457753052208 ,21373.0,10:18:12 AM,1572670092164
-0.14805603 ,8.087173 ,5.0988617,23.56786282,87.30175982 ,17.459999656677248,77.82457753052208 ,21373.0,10:18:12 AM,1572670092171
-5.3394775 ,8.234329 ,-0.18943787,23.56786282,87.30175982 ,17.459999656677248,77.82457753052208 ,21373.0,10:18:12 AM,1572670092173
-6.2506256 ,6.296768 ,-1.855423,23.56786282,87.30175982 ,17.459999656677248,77.82457753052208 ,21373.0,10:18:12 AM,1572670092178
-2.2183838 ,5.022339 ,2.2574768,23.56786282,87.30175982 ,17.459999656677248,77.82457753052208 ,21373.0,10:18:12 AM,1572670092183
0.06436157 ,5.1263885 ,11.140579,23.56786282,87.30175982 ,17.459999656677248,77.82457753052208 ,21373.0,10:18:12 AM,1572670092188
-1.9593201 ,2.1684265 ,6.534683,23.56786282,87.30175982 ,17.459999656677248,77.82457753052208 ,21373.0,10:18:12 AM,1572670092193
-3.0049286 ,2.292862 ,8.445526,23.56786282,87.30175982 ,17.459999656677248,77.82457753052208 ,21373.0,10:18:12 AM,1572670092198
-0.17825317 ,2.5457153 ,12.778259,23.56786282,87.30175982 ,17.459999656677248,77.82457753052208 ,21373.0,10:18:12 AM,1572670092204
2.0868073 ,0.666626 ,8.514206,23.56786282,87.30175982 ,17.459999656677248,77.82457753052208 ,21373.0,10:18:12 AM,1572670092207
1.8877563 ,0.29888916 ,12.438721,23.56786282,87.30175982 ,17.459999656677248,77.82457753052208 ,21373.0,10:18:12 AM,1572670092211
1.5263214 ,0.26885986 ,16.428955,23.56786282,87.30175982 ,17.459999656677248,77.82457753052208 ,21373.0,10:18:12 AM,1572670092218
0.66426086 ,0.6459961 ,14.636948,23.56786282,87.30175982 ,17.459999656677248,77.82457753052208 ,21373.0,10:18:12 AM,1572670092223
-0.32533264 ,0.69317627 ,14.198273,23.56786282,87.30175982 ,17.459999656677248,77.82457753052208 ,21373.0,10:18:12 AM,1572670092231
1.0879974 ,0.39167786 ,11.730652,23.56786282,87.30175982 ,17.459999656677248,77.82457753052208 ,21373.0,10:18:12 AM,1572670092233
2.8962708 ,1.527298 ,8.4513855,23.56786282,87.30175982 ,17.459999656677248,77.82457753052208 ,21373.0,10:18:12 AM,1572670092241
-1.5810242 ,2.7655334 ,13.418381,23.56786282,87.30175982 ,17.459999656677248,77.82457753052208 ,21373.0,10:18:12 AM,1572670092245
-6.055359 ,2.8327026 ,10.754501,23.56786282,87.30175982 ,17.459999656677248,77.82457753052208 ,21373.0,10:18:12 AM,1572670092247
-2.8796844 ,2.607788 ,9.255539,23.56786282,87.30175982 ,17.459999656677248,77.82457753052208 ,21373.0,10:18:12 AM,1572670092259
2.1771545 ,3.3598785 ,10.570847,23.56786282,87.30175982 ,17.459999656677248,77.82457753052208 ,21373.0,10:18:12 AM,1572670092262
0.5592346 ,3.589157 ,9.223999,23.56786282,87.30175982 ,17.459999656677248,77.82457753052208 ,21373.0,10:18:12 AM,1572670092267
-4.43248 ,2.8029785 ,7.9409485,23.56786282,87.30175982 ,17.459999656677248,77.82457753052208 ,21373.0,10:18:12 AM,1572670092275
-3.9028015 ,4.9879 ,7.9346466,23.56786282,87.30175982 ,17.459999656677248,77.82457753052208 ,21373.0,10:18:12 AM,1572670092278
-0.34954834 ,6.932495 ,9.782227,23.56786282,87.30175982 ,17.459999656677248,77.82457753052208 ,21373.0,10:18:12 AM,1572670092281
0.5853424 ,6.414444 ,3.8962555,23.56786282,87.30175982 ,17.459999656677248,77.82457753052208 ,21373.0,10:18:12 AM,1572670092285
-1.598175 ,6.5977173 ,3.648407,23.56786282,87.30175982 ,17.459999656677248,77.82457753052208 ,21373.0,10:18:12 AM,1572670092293
-2.8127441 ,7.660614 ,8.445801,23.56786282,87.30175982 ,17.459999656677248,77.82457753052208 ,21373.0,10:18:12 AM,1572670092295
-2.120758 ,6.212372 ,6.1124115,23.56786282,87.30175982 ,17.459999656677248,77.82457753052208 ,21373.0,10:18:12 AM,1572670092298
-0.83903503 ,5.1056366 ,8.638412,23.56786282,87.30175982 ,17.459999656677248,77.82457753052208 ,21373.0,10:18:12 AM,1572670092306
0.3222351 ,3.8268433 ,12.639404,23.56786282,87.30175982 ,17.459999656677248,77.82457753052208 ,21373.0,10:18:12 AM,1572670092308
0.59684753 ,1.7967529 ,11.68869,23.56786282,87.30175982 ,17.459999656677248,77.82457753052208 ,21373.0,10:18:12 AM,1572670092313
0.30213928 ,1.5026855 ,13.119751,23.56786282,87.30175982 ,17.459999656677248,77.82457753052208 ,21373.0,10:18:12 AM,1572670092319
-0.48417664 ,2.5045166 ,14.360825,23.56786282,87.30175982 ,17.459999656677248,77.82457753052208 ,21373.0,10:18:12 AM,1572670092324
-3.3980713 ,2.6846924 ,12.146835,23.56786282,87.30175982 ,17.459999656677248,77.82457753052208 ,21373.0,10:18:12 AM,1572670092327
-6.623581 ,1.64711 ,8.42334,23.56786282,87.30175982 ,17.459999656677248,77.82457753052208 ,21373.0,10:18:12 AM,1572670092332
-4.6733856 ,2.230957 ,7.7367554,23.56786282,87.30175982 ,17.459999656677248,77.82457753052208 ,21373.0,10:18:12 AM,1572670092338
0.18188477 ,4.5831604 ,9.947708,23.56786282,87.30175982 ,17.459999656677248,77.82457753052208 ,19189.0,10:18:12 AM,1572670092341
0.65148926 ,5.065689 ,6.785309,23.56786282,87.30175982 ,17.459999656677248,77.82457753052208 ,19189.0,10:18:12 AM,1572670092347
-2.3512115 ,4.4456635 ,6.6695404,23.56786282,87.30175982 ,17.459999656677248,77.82457753052208 ,19189.0,10:18:12 AM,1572670092351
-1.7745056 ,4.770111 ,8.532867,23.56786282,87.30175982 ,17.459999656677248,77.82457753052208 ,19189.0,10:18:12 AM,1572670092358
0.12171936 ,4.9284515 ,10.162094,23.56786282,87.30175982 ,17.459999656677248,77.82457753052208 ,19189.0,10:18:12 AM,1572670092361
-0.054870605 ,5.394577 ,7.1642914,23.56786282,87.30175982 ,17.459999656677248,77.82457753052208 ,19189.0,10:18:12 AM,1572670092366
-0.852478 ,7.3986206 ,5.8874664,23.56786282,87.30175982 ,17.459999656677248,77.82457753052208 ,19189.0,10:18:12 AM,1572670092375
-0.9055481 ,7.4714966 ,-2.164215,23.56786282,87.30175982 ,17.459999656677248,77.82457753052208 ,19189.0,10:18:12 AM,1572670092376
-3.5173187 ,9.263016 ,1.8679657,23.56786282,87.30175982 ,17.459999656677248,77.82457753052208 ,19189.0,10:18:12 AM,1572670092380
-4.5694427 ,4.9304657 ,0.70906067,23.56786282,87.30175982 ,17.459999656677248,77.82457753052208 ,19189.0,10:18:12 AM,1572670092390
0.8835907 ,5.044327 ,7.967209,23.56786282,87.30175982 ,17.459999656677248,77.82457753052208 ,19189.0,10:18:12 AM,1572670092395
3.5207214 ,4.103775 ,15.245346,23.56786282,87.30175982 ,17.459999656677248,77.82457753052208 ,19189.0,10:18:12 AM,1572670092399
