x,y,z,latitude,longitude,speed,sound,light,time,timestamp
-1.517868 ,2.0791473 ,10.817062,23.57288696,87.30257051 ,42.04800109863282,83.90688503166595 ,30000.0,10:19:10 AM,1572670150108
4.1862335 ,1.6541901 ,8.931335,23.57288696,87.30257051 ,42.04800109863282,83.90688503166595 ,30000.0,10:19:10 AM,1572670150111
4.9919434 ,-1.492096 ,12.942673,23.57288696,87.30257051 ,42.04800109863282,83.90688503166595 ,30000.0,10:19:10 AM,1572670150115
2.7331085 ,0.29774475 ,25.707458,23.57288696,87.30257051 ,42.04800109863282,83.90688503166595 ,30000.0,10:19:10 AM,1572670150121
-1.0084686 ,-4.617935 ,18.19365,23.57288696,87.30257051 ,42.04800109863282,84.57952818454416 ,30000.0,10:19:10 AM,1572670150128
-3.3005981 ,-6.3784027 ,13.983597,23.57288696,87.30257051 ,42.04800109863282,84.57952818454416 ,30000.0,10:19:10 AM,1572670150130
-3.8155975 ,0.5355835 ,25.662964,23.57288696,87.30257051 ,42.04800109863282,84.57952818454416 ,30000.0,10:19:10 AM,1572670150135
-2.8226013 ,1.6143341 ,8.7821045,23.57288696,87.30257051 ,42.04800109863282,84.57952818454416 ,30000.0,10:19:10 AM,1572670150141
0.17385864 ,4.69458 ,-6.7745667,23.57288696,87.30257051 ,42.04800109863282,84.57952818454416 ,30000.0,10:19:10 AM,1572670150145
4.339493 ,9.057266 ,-4.154022,23.57288696,87.30257051 ,42.04800109863282,84.57952818454416 ,30000.0,10:19:10 AM,1572670150149
4.3020935 ,9.648514 ,-4.9521484,23.57288696,87.30257051 ,42.04800109863282,84.57952818454416 ,30000.0,10:19:10 AM,1572670150159
-0.076293945 ,5.1944275 ,-0.036361694,23.57288696,87.30257051 ,42.04800109863282,84.57952818454416 ,30000.0,10:19:10 AM,1572670150161
-1.892868 ,2.1786346 ,10.650467,23.57288696,87.30257051 ,42.04800109863282,84.57952818454416 ,30000.0,10:19:10 AM,1572670150165
-0.748291 ,0.9884949 ,15.788925,23.57288696,87.30257051 ,42.04800109863282,84.57952818454416 ,30000.0,10:19:10 AM,1572670150169
-2.0951233 ,-3.3944855 ,19.534592,23.57288696,87.30257051 ,42.04800109863282,84.57952818454416 ,30000.0,10:19:10 AM,1572670150175
-4.979309 ,1.2845764 ,24.792587,23.57288696,87.30257051 ,42.04800109863282,84.57952818454416 ,30000.0,10:19:10 AM,1572670150178
-6.9337616 ,3.2696228 ,13.510483,23.57288696,87.30257051 ,42.04800109863282,84.57952818454416 ,30000.0,10:19:10 AM,1572670150182
-3.6012726 ,2.1578522 ,-13.545456,23.57288696,87.30257051 ,42.04800109863282,84.57952818454416 ,30000.0,10:19:10 AM,1572670150187
0.43449402 ,13.23819 ,-2.2322388,23.57288696,87.30257051 ,42.04800109863282,84.57952818454416 ,30000.0,10:19:10 AM,1572670150193
-1.6037903 ,9.96994 ,-4.883728,23.57288696,87.30257051 ,42.04800109863282,84.57952818454416 ,30000.0,10:19:10 AM,1572670150197
-0.080459595 ,7.334793 ,-5.6842957,23.57288696,87.30257051 ,42.04800109863282,84.57952818454416 ,30000.0,10:19:10 AM,1572670150202
7.602829 ,10.200653 ,18.536896,23.57288696,87.30257051 ,42.04800109863282,84.57952818454416 ,30000.0,10:19:10 AM,1572670150208
9.262665 ,0.528656 ,14.794022,23.57288696,87.30257051 ,42.04800109863282,84.57952818454416 ,30000.0,10:19:10 AM,1572670150217
4.625595 ,-0.8518219 ,9.856567,23.57288696,87.30257051 ,42.04800109863282,84.57952818454416 ,30000.0,10:19:10 AM,1572670150221
1.0816498 ,0.9480896 ,25.136566,23.57288696,87.30257051 ,42.04800109863282,84.57952818454416 ,30000.0,10:19:10 AM,1572670150226
3.5377808 ,-0.022888184 ,29.794632,23.57288696,87.30257051 ,42.04800109863282,84.57952818454416 ,30000.0,10:19:10 AM,1572670150231
4.998459 ,1.1147919 ,12.747498,23.57288696,87.30257051 ,42.04800109863282,84.57952818454416 ,30000.0,10:19:10 AM,1572670150236
-2.386322 ,0.8581543 ,-3.0884857,23.57288696,87.30257051 ,42.04800109863282,84.57952818454416 ,30000.0,10:19:10 AM,1572670150242
-12.113403 ,4.4873047 ,5.9483337,23.57288696,87.30257051 ,42.04800109863282,84.57952818454416 ,30000.0,10:19:10 AM,1572670150246
-10.60936 ,3.8474884 ,-3.925888,23.57288696,87.30257051 ,42.04800109863282,84.57952818454416 ,30000.0,10:19:10 AM,1572670150251
-1.8320923 ,3.686554 ,-3.8131866,23.57288696,87.30257051 ,42.04800109863282,84.57952818454416 ,30000.0,10:19:10 AM,1572670150259
6.6973724 ,6.506851 ,18.09494,23.57288696,87.30257051 ,42.04800109863282,84.57952818454416 ,30000.0,10:19:10 AM,1572670150261
9.623245 ,2.4560394 ,15.894257,23.57288696,87.30257051 ,42.04800109863282,84.57952818454416 ,30000.0,10:19:10 AM,1572670150265
4.630188 ,0.16145325 ,6.079956,23.57288696,87.30257051 ,42.04800109863282,84.57952818454416 ,30000.0,10:19:10 AM,1572670150269
-4.99028 ,3.291397 ,18.661652,23.57288696,87.30257051 ,42.04800109863282,84.57952818454416 ,30000.0,10:19:10 AM,1572670150276
-7.633026 ,-0.32878113 ,9.190109,23.57288696,87.30257051 ,42.04800109863282,84.57952818454416 ,30000.0,10:19:10 AM,1572670150278
-0.72576904 ,2.040619 ,9.836227,23.57288696,87.30257051 ,42.04800109863282,84.57952818454416 ,30000.0,10:19:10 AM,1572670150283
6.5232544 ,1.804306 ,14.517441,23.57288696,87.30257051 ,42.04800109863282,84.57952818454416 ,30000.0,10:19:10 AM,1572670150288
5.987793 ,-0.595459 ,9.589249,23.57288696,87.30257051 ,42.04800109863282,84.57952818454416 ,30000.0,10:19:10 AM,1572670150294
0.21847534 ,-1.7996674 ,13.14093,23.57288696,87.30257051 ,42.04800109863282,84.57952818454416 ,30000.0,10:19:10 AM,1572670150298
-3.9454193 ,-2.6712952 ,19.630661,23.57288696,87.30257051 ,42.04800109863282,84.57952818454416 ,30000.0,10:19:10 AM,1572670150303
-3.3094635 ,-3.7941895 ,11.885544,23.57288696,87.30257051 ,42.04800109863282,84.57952818454416 ,30000.0,10:19:10 AM,1572670150309
-1.8080292 ,-4.377289 ,7.1381073,23.57288696,87.30257051 ,42.04800109863282,84.57952818454416 ,30000.0,10:19:10 AM,1572670150313
-1.3698883 ,-0.9151764 ,11.986359,23.57288696,87.30257051 ,42.04800109863282,84.57952818454416 ,30000.0,10:19:10 AM,1572670150317
-1.5356293 ,2.871399 ,10.571335,23.57288696,87.30257051 ,42.04800109863282,84.57952818454416 ,30000.0,10:19:10 AM,1572670150323
-0.51771545 ,3.3050232 ,5.0924225,23.57288696,87.30257051 ,42.04800109863282,84.57952818454416 ,30000.0,10:19:10 AM,1572670150327
2.353424 ,9.872452 ,9.748886,23.57288696,87.30257051 ,42.04800109863282,84.57952818454416 ,30000.0,10:19:10 AM,1572670150331
2.7799988 ,7.658966 ,0.4888153,23.57288696,87.30257051 ,42.04800109863282,84.57952818454416 ,30000.0,10:19:10 AM,1572670150337
3.7350464 ,3.9915924 ,-7.644516,23.57288696,87.30257051 ,42.04800109863282,84.57952818454416 ,30000.0,10:19:10 AM,1572670150344
5.852768 ,13.081253 ,24.181168,23.57288696,87.30257051 ,42.04800109863282,84.57952818454416 ,30000.0,10:19:10 AM,1572670150347
2.4948273 ,2.1821594 ,10.28511,23.57288696,87.30257051 ,42.04800109863282,84.57952818454416 ,30000.0,10:19:10 AM,1572670150361
1.0789032 ,-3.7847595 ,2.9924011,23.57288696,87.30257051 ,42.04800109863282,84.57952818454416 ,30000.0,10:19:10 AM,1572670150363
3.1019135 ,2.5119324 ,39.383087,23.57288696,87.30257051 ,42.04800109863282,84.57952818454416 ,30000.0,10:19:10 AM,1572670150365
2.0590668 ,1.5613403 ,31.445923,23.57288696,87.30257051 ,42.04800109863282,84.57952818454416 ,30000.0,10:19:10 AM,1572670150370
-4.267273 ,2.0124664 ,-9.27475,23.57288696,87.30257051 ,42.04800109863282,84.57952818454416 ,30000.0,10:19:10 AM,1572670150377
-10.100983 ,7.161865 ,-22.397812,23.57288696,87.30257051 ,42.04800109863282,84.57952818454416 ,30000.0,10:19:10 AM,1572670150380
-3.705841 ,9.476578 ,-15.60936,23.57288696,87.30257051 ,42.04800109863282,84.57952818454416 ,30000.0,10:19:10 AM,1572670150384
7.5345 ,12.608368 ,9.7061615,23.57288696,87.30257051 ,42.04800109863282,84.57952818454416 ,30000.0,10:19:10 AM,1572670150389
8.555695 ,-2.0616302 ,-0.9868927,23.57288696,87.30257051 ,42.04800109863282,84.57952818454416 ,30000.0,10:19:10 AM,1572670150394
1.3743591 ,-4.0731506 ,18.478607,23.57288696,87.30257051 ,42.04800109863282,84.57952818454416 ,30000.0,10:19:10 AM,1572670150399
-4.77063 ,-4.1136475 ,39.214203,23.57288696,87.30257051 ,42.04800109863282,84.57952818454416 ,30000.0,10:19:10 AM,1572670150403
-4.892563 ,-9.574188 ,35.854263,23.57288696,87.30257051 ,42.04800109863282,84.57952818454416 ,30000.0,10:19:10 AM,1572670150408
-0.6213379 ,-8.399628 ,30.356842,23.57288696,87.30257051 ,42.04800109863282,84.57952818454416 ,30000.0,10:19:10 AM,1572670150413
2.7059479 ,-3.627655 ,16.887405,23.57288696,87.30257051 ,42.04800109863282,84.57952818454416 ,30000.0,10:19:10 AM,1572670150418
0.36743164 ,0.97598267 ,0.5723877,23.57288696,87.30257051 ,42.04800109863282,84.57952818454416 ,30000.0,10:19:10 AM,1572670150423
-4.389969 ,6.8190002 ,-4.708023,23.57288696,87.30257051 ,42.04800109863282,84.57952818454416 ,30000.0,10:19:10 AM,1572670150428
-5.0110626 ,9.1831665 ,-9.449402,23.57288696,87.30257051 ,42.04800109863282,84.57952818454416 ,30000.0,10:19:10 AM,1572670150433
-0.9709625 ,9.607086 ,-1.8807983,23.57288696,87.30257051 ,42.04800109863282,84.57952818454416 ,30000.0,10:19:10 AM,1572670150437
6.099457 ,4.04364 ,-9.468399,23.57288696,87.30257051 ,42.04800109863282,84.57952818454416 ,30000.0,10:19:10 AM,1572670150445
8.304871 ,5.9922333 ,3.5019226,23.57288696,87.30257051 ,42.04800109863282,84.57952818454416 ,30000.0,10:19:10 AM,1572670150447
2.2245636 ,4.949524 ,16.160187,23.57288696,87.30257051 ,42.04800109863282,84.57952818454416 ,30000.0,10:19:10 AM,1572670150451
-2.7089539 ,-0.35092163 ,10.755783,23.57288696,87.30257051 ,42.04800109863282,84.57952818454416 ,30000.0,10:19:10 AM,1572670150457
1.5263519 ,2.086731 ,30.345795,23.57288696,87.30257051 ,42.04800109863282,84.57952818454416 ,30000.0,10:19:10 AM,1572670150462
8.970734 ,-1.2273407 ,17.792221,23.57288696,87.30257051 ,42.04800109863282,84.57952818454416 ,30000.0,10:19:10 AM,1572670150466
7.150421 ,1.024353 ,16.043655,23.57288696,87.30257051 ,42.04800109863282,84.57952818454416 ,30000.0,10:19:10 AM,1572670150471
-2.8421326 ,-0.28396606 ,16.892914,23.57288696,87.30257051 ,42.04800109863282,84.57952818454416 ,30000.0,10:19:10 AM,1572670150476
-7.226822 ,-1.7909546 ,3.3097534,23.57288696,87.30257051 ,42.04800109863282,84.57952818454416 ,30000.0,10:19:10 AM,1572670150481
-4.1772614 ,3.4755402 ,17.736984,23.57288696,87.30257051 ,42.04800109863282,84.57952818454416 ,30000.0,10:19:10 AM,1572670150490
0.27772522 ,3.9783478 ,21.331299,23.57288696,87.30257051 ,42.04800109863282,84.57952818454416 ,30000.0,10:19:10 AM,1572670150495
1.3070679 ,4.6118927 ,-18.299316,23.57288696,87.30257051 ,42.04800109863282,84.57952818454416 ,30000.0,10:19:10 AM,1572670150499
-4.3322906 ,12.034149 ,-9.258652,23.57288696,87.30257051 ,42.04800109863282,84.57952818454416 ,30000.0,10:19:10 AM,1572670150504
-3.3242188 ,6.987259 ,-12.896286,23.57288696,87.30257051 ,42.04800109863282,84.57952818454416 ,30000.0,10:19:10 AM,1572670150510
4.6790924 ,10.270462 ,2.7398224,23.57288696,87.30257051 ,42.04800109863282,84.57952818454416 ,30000.0,10:19:10 AM,1572670150515
6.7033386 ,6.6540985 ,19.889084,23.57288696,87.30257051 ,42.04800109863282,84.57952818454416 ,30000.0,10:19:10 AM,1572670150520
1.444046 ,2.455017 ,23.401123,23.57288696,87.30257051 ,42.04800109863282,84.57952818454416 ,30000.0,10:19:10 AM,1572670150524
-2.5821838 ,4.099762 ,9.690002,23.57288696,87.30257051 ,42.04800109863282,84.57952818454416 ,30000.0,10:19:10 AM,1572670150530
-1.3852234 ,4.909683 ,7.3020935,23.57288696,87.30257051 ,42.04800109863282,84.57952818454416 ,30000.0,10:19:10 AM,1572670150535
6.3470764 ,4.367569 ,4.2628784,23.57288696,87.30257051 ,42.04800109863282,84.57952818454416 ,30000.0,10:19:10 AM,1572670150538
6.7229156 ,4.4219055 ,7.1360626,23.57288696,87.30257051 ,42.04800109863282,84.57952818454416 ,30000.0,10:19:10 AM,1572670150545
-0.441391 ,-3.7292786 ,7.271942,23.57288696,87.30257051 ,42.04800109863282,84.57952818454416 ,30000.0,10:19:10 AM,1572670150548
-4.167389 ,-3.1821747 ,22.555618,23.57288696,87.30257051 ,42.04800109863282,84.57952818454416 ,30000.0,10:19:10 AM,1572670150553
-1.8488922 ,-5.3229218 ,20.39209,23.57288696,87.30257051 ,42.04800109863282,84.57952818454416 ,30000.0,10:19:10 AM,1572670150562
2.7608795 ,-7.1817474 ,12.796509,23.57288696,87.30257051 ,42.04800109863282,84.57952818454416 ,30000.0,10:19:10 AM,1572670150566
1.7650452 ,0.46426392 ,17.385849,23.57288696,87.30257051 ,42.04800109863282,84.57952818454416 ,30000.0,10:19:10 AM,1572670150568
-2.3242493 ,-1.1937103 ,-3.2594452,23.57288696,87.30257051 ,42.04800109863282,84.57952818454416 ,30000.0,10:19:10 AM,1572670150573
-3.4355164 ,3.0534363 ,-8.388199,23.57288696,87.30257051 ,42.04800109863282,84.57952818454416 ,30000.0,10:19:10 AM,1572670150583
-2.1978912 ,9.29715 ,6.2649536,23.57288696,87.30257051 ,42.04800109863282,84.57952818454416 ,30000.0,10:19:10 AM,1572670150589
-2.4851685 ,1.3139496 ,5.4997253,23.57288696,87.30257051 ,42.04800109863282,84.57952818454416 ,30000.0,10:19:10 AM,1572670150590
-2.4797516 ,1.4008789 ,20.98436,23.57288696,87.30257051 ,42.04800109863282,84.51284842282607 ,30000.0,10:19:10 AM,1572670150596
1.7593231 ,-3.492569 ,17.761627,23.57288696,87.30257051 ,42.04800109863282,84.51284842282607 ,30000.0,10:19:10 AM,1572670150598
