x,y,z,latitude,longitude,speed,sound,light,time,timestamp
4.089966 ,3.481308 ,10.913071,23.56073921,87.2987027 ,14.940000343322755,73.88699383474292 ,30000.0,10:16:24 AM,1572669984461
0.356781 ,3.1080017 ,14.564301,23.56073921,87.2987027 ,14.940000343322755,73.88699383474292 ,30000.0,10:16:24 AM,1572669984470
1.9298859 ,3.558487 ,6.961319,23.56073921,87.2987027 ,14.940000343322755,73.88699383474292 ,30000.0,10:16:24 AM,1572669984474
2.1165314 ,5.324234 ,5.2331696,23.56073921,87.2987027 ,14.940000343322755,73.88699383474292 ,30000.0,10:16:24 AM,1572669984476
-1.1312714 ,6.165909 ,7.10672,23.56073921,87.2987027 ,14.940000343322755,73.88699383474292 ,30000.0,10:16:24 AM,1572669984481
-0.9543457 ,6.707077 ,5.803589,23.56073921,87.2987027 ,14.940000343322755,73.88699383474292 ,30000.0,10:16:24 AM,1572669984486
-0.13204956 ,6.035797 ,4.708084,23.56073921,87.2987027 ,14.940000343322755,73.88699383474292 ,30000.0,10:16:24 AM,1572669984490
0.011123657 ,5.716873 ,6.9224396,23.56073921,87.2987027 ,14.940000343322755,73.88699383474292 ,30000.0,10:16:24 AM,1572669984495
0.78959656 ,5.8644104 ,6.6727448,23.56073921,87.2987027 ,14.940000343322755,73.88699383474292 ,30000.0,10:16:24 AM,1572669984500
0.24183655 ,5.80365 ,5.8921814,23.56073921,87.2987027 ,14.940000343322755,73.99612625859261 ,30000.0,10:16:24 AM,1572669984505
0.34194946 ,6.5137024 ,6.4944916,23.56073921,87.2987027 ,14.940000343322755,73.99612625859261 ,30000.0,10:16:24 AM,1572669984510
1.4408875 ,6.7287292 ,8.546478,23.56073921,87.2987027 ,14.940000343322755,73.99612625859261 ,30000.0,10:16:24 AM,1572669984514
1.6672974 ,5.4151 ,6.799347,23.56073921,87.2987027 ,14.940000343322755,73.99612625859261 ,30000.0,10:16:24 AM,1572669984519
1.451416 ,5.14888 ,6.5606384,23.56073921,87.2987027 ,14.940000343322755,73.99612625859261 ,30000.0,10:16:24 AM,1572669984524
1.2191925 ,5.5237427 ,6.500229,23.56073921,87.2987027 ,14.940000343322755,73.99612625859261 ,30000.0,10:16:24 AM,1572669984529
-0.67755127 ,5.3835754 ,6.166168,23.56073921,87.2987027 ,14.940000343322755,73.99612625859261 ,30000.0,10:16:24 AM,1572669984534
-0.92059326 ,5.615814 ,7.4406433,23.56073921,87.2987027 ,14.940000343322755,73.99612625859261 ,30000.0,10:16:24 AM,1572669984538
0.328125 ,4.774658 ,7.2763214,23.56073921,87.2987027 ,14.940000343322755,73.99612625859261 ,30000.0,10:16:24 AM,1572669984544
0.26036072 ,3.309372 ,9.648773,23.56073921,87.2987027 ,14.940000343322755,73.99612625859261 ,30000.0,10:16:24 AM,1572669984548
1.6106873 ,2.6501923 ,11.949692,23.56073921,87.2987027 ,14.940000343322755,73.99612625859261 ,30000.0,10:16:24 AM,1572669984553
2.721878 ,2.6240387 ,12.0768585,23.56073921,87.2987027 ,14.940000343322755,73.99612625859261 ,30000.0,10:16:24 AM,1572669984560
-0.0054016113 ,2.6073303 ,10.299362,23.56073921,87.2987027 ,14.940000343322755,73.99612625859261 ,30000.0,10:16:24 AM,1572669984564
-2.3587036 ,3.8493805 ,9.604706,23.56073921,87.2987027 ,14.940000343322755,73.99612625859261 ,30000.0,10:16:24 AM,1572669984569
-1.3834076 ,5.4147186 ,5.9925537,23.56073921,87.2987027 ,14.940000343322755,73.99612625859261 ,30000.0,10:16:24 AM,1572669984574
-2.0016632 ,5.6547394 ,8.402466,23.56073921,87.2987027 ,14.940000343322755,73.99612625859261 ,30000.0,10:16:24 AM,1572669984578
-0.07827759 ,6.314865 ,7.679657,23.56073921,87.2987027 ,14.940000343322755,73.99612625859261 ,30000.0,10:16:24 AM,1572669984583
2.9030914 ,6.842331 ,5.934952,23.56073921,87.2987027 ,14.940000343322755,73.99612625859261 ,30000.0,10:16:24 AM,1572669984588
1.8178558 ,6.782379 ,5.528137,23.56073921,87.2987027 ,14.940000343322755,73.99612625859261 ,30000.0,10:16:24 AM,1572669984592
-0.18193054 ,7.2475433 ,10.903397,23.56073921,87.2987027 ,14.940000343322755,73.99612625859261 ,30000.0,10:16:24 AM,1572669984598
0.8073425 ,5.5104218 ,5.6431427,23.56073921,87.2987027 ,14.940000343322755,73.99612625859261 ,30000.0,10:16:24 AM,1572669984607
2.2265625 ,5.2172546 ,7.090393,23.56073921,87.2987027 ,14.940000343322755,73.99612625859261 ,30000.0,10:16:24 AM,1572669984611
2.9866943 ,5.1749268 ,10.657257,23.56073921,87.2987027 ,14.940000343322755,73.99612625859261 ,30000.0,10:16:24 AM,1572669984617
2.108261 ,4.2846527 ,7.026062,23.56073921,87.2987027 ,14.940000343322755,73.99612625859261 ,30000.0,10:16:24 AM,1572669984622
0.19296265 ,4.8388367 ,5.5718384,23.56073921,87.2987027 ,14.940000343322755,73.99612625859261 ,30000.0,10:16:24 AM,1572669984627
-0.027435303 ,5.641266 ,12.092697,23.56073921,87.2987027 ,14.940000343322755,73.99612625859261 ,30000.0,10:16:24 AM,1572669984632
3.0292206 ,4.932495 ,9.115311,23.56073921,87.2987027 ,14.940000343322755,73.99612625859261 ,30000.0,10:16:24 AM,1572669984638
3.9578857 ,4.4593506 ,5.5786285,23.56073921,87.2987027 ,14.940000343322755,73.99612625859261 ,30000.0,10:16:24 AM,1572669984647
1.3612366 ,5.1636963 ,7.7944794,23.56073921,87.2987027 ,14.940000343322755,73.99612625859261 ,30000.0,10:16:24 AM,1572669984651
-1.86586 ,4.918091 ,7.580185,23.56073921,87.2987027 ,14.940000343322755,73.99612625859261 ,30000.0,10:16:24 AM,1572669984654
-0.84150696 ,5.884613 ,6.5188293,23.56073921,87.2987027 ,14.940000343322755,73.99612625859261 ,30000.0,10:16:24 AM,1572669984656
3.1431427 ,6.9140015 ,5.9118958,23.56073921,87.2987027 ,14.940000343322755,73.99612625859261 ,30000.0,10:16:24 AM,1572669984658
3.327423 ,5.9078217 ,4.042618,23.56073921,87.2987027 ,14.940000343322755,73.99612625859261 ,30000.0,10:16:24 AM,1572669984663
-1.280426 ,4.057022 ,8.848389,23.56073921,87.2987027 ,14.940000343322755,73.99612625859261 ,30000.0,10:16:24 AM,1572669984669
-1.5671997 ,2.9023895 ,9.766281,23.56073921,87.2987027 ,14.940000343322755,73.99612625859261 ,30000.0,10:16:24 AM,1572669984674
1.3757019 ,3.038086 ,7.846115,23.56073921,87.2987027 ,14.940000343322755,73.99612625859261 ,30000.0,10:16:24 AM,1572669984676
2.3819427 ,3.882492 ,12.413895,23.56073921,87.2987027 ,14.940000343322755,73.99612625859261 ,30000.0,10:16:24 AM,1572669984682
2.2595978 ,3.8339539 ,12.567566,23.56073921,87.2987027 ,14.940000343322755,73.99612625859261 ,30000.0,10:16:24 AM,1572669984685
0.32746887 ,3.7435913 ,10.60614,23.56073921,87.2987027 ,14.940000343322755,73.99612625859261 ,30000.0,10:16:24 AM,1572669984690
-1.3937225 ,4.992752 ,10.086594,23.56073921,87.2987027 ,14.940000343322755,73.99612625859261 ,30000.0,10:16:24 AM,1572669984695
-0.53434753 ,6.7306976 ,7.7991333,23.56073921,87.2987027 ,14.940000343322755,73.99612625859261 ,30000.0,10:16:24 AM,1572669984700
0.7060394 ,7.7686768 ,3.7061157,23.56073921,87.2987027 ,14.940000343322755,73.99612625859261 ,30000.0,10:16:24 AM,1572669984705
1.7494812 ,9.590576 ,6.6848297,23.56073921,87.2987027 ,14.940000343322755,73.99612625859261 ,30000.0,10:16:24 AM,1572669984709
2.4273224 ,9.87677 ,6.248535,23.56073921,87.2987027 ,14.940000343322755,73.99612625859261 ,30000.0,10:16:24 AM,1572669984715
0.3188324 ,9.680374 ,5.6459503,23.56073921,87.2987027 ,14.940000343322755,73.99612625859261 ,30000.0,10:16:24 AM,1572669984720
-1.295044 ,9.137268 ,1.7763214,23.56073921,87.2987027 ,14.940000343322755,73.99612625859261 ,30000.0,10:16:24 AM,1572669984724
-0.6220856 ,10.592865 ,0.6658325,23.56073921,87.2987027 ,14.940000343322755,73.99612625859261 ,30000.0,10:16:24 AM,1572669984729
-1.0414581 ,10.268463 ,-0.9585266,23.56073921,87.2987027 ,14.940000343322755,73.99612625859261 ,30000.0,10:16:24 AM,1572669984739
-1.1729889 ,9.807541 ,5.0664215,23.56073921,87.2987027 ,14.940000343322755,73.99612625859261 ,30000.0,10:16:24 AM,1572669984744
1.1102905 ,8.84317 ,3.291504,23.56073921,87.2987027 ,14.940000343322755,73.99612625859261 ,30000.0,10:16:24 AM,1572669984749
0.9241333 ,7.155136 ,4.3282776,23.56073921,87.2987027 ,14.940000343322755,73.99612625859261 ,30000.0,10:16:24 AM,1572669984754
2.6875916 ,5.6078033 ,8.1766815,23.56073921,87.2987027 ,14.940000343322755,73.99612625859261 ,30000.0,10:16:24 AM,1572669984759
4.4120483 ,5.9877014 ,9.748245,23.56073921,87.2987027 ,14.940000343322755,73.99612625859261 ,30000.0,10:16:24 AM,1572669984763
1.8917389 ,5.410843 ,4.167099,23.56073921,87.2987027 ,14.940000343322755,73.99612625859261 ,30000.0,10:16:24 AM,1572669984769
-1.671814 ,6.7789764 ,6.4880676,23.56073921,87.2987027 ,14.940000343322755,73.99612625859261 ,30000.0,10:16:24 AM,1572669984778
-3.5297394 ,7.0919037 ,6.365341,23.56073921,87.2987027 ,14.940000343322755,73.99612625859261 ,30000.0,10:16:24 AM,1572669984784
-3.2213898 ,6.821228 ,6.8232574,23.56073921,87.2987027 ,14.940000343322755,73.99612625859261 ,30000.0,10:16:24 AM,1572669984790
0.3245697 ,6.936432 ,7.185272,23.56073921,87.2987027 ,14.940000343322755,73.99612625859261 ,30000.0,10:16:24 AM,1572669984795
2.3820343 ,7.446533 ,7.600815,23.56073921,87.2987027 ,14.940000343322755,73.99612625859261 ,30000.0,10:16:24 AM,1572669984798
1.0566101 ,6.91243 ,6.219818,23.56073921,87.2987027 ,14.940000343322755,73.99612625859261 ,30000.0,10:16:24 AM,1572669984799
-0.74417114 ,6.476166 ,6.0934296,23.56073921,87.2987027 ,14.940000343322755,73.99612625859261 ,30000.0,10:16:24 AM,1572669984802
-2.1559906 ,6.3596344 ,8.6874695,23.56073921,87.2987027 ,14.940000343322755,73.99612625859261 ,30000.0,10:16:24 AM,1572669984809
-1.84758 ,4.8723755 ,7.86792,23.56073921,87.2987027 ,14.940000343322755,73.99612625859261 ,30000.0,10:16:24 AM,1572669984812
1.0362396 ,3.7469788 ,5.606827,23.56073921,87.2987027 ,14.940000343322755,73.99612625859261 ,30000.0,10:16:24 AM,1572669984816
1.4137115 ,3.8288574 ,10.476196,23.56073921,87.2987027 ,14.940000343322755,73.99612625859261 ,30000.0,10:16:24 AM,1572669984822
-0.82237244 ,2.9695435 ,11.286575,23.56073921,87.2987027 ,14.940000343322755,73.99612625859261 ,30000.0,10:16:24 AM,1572669984826
-1.8043671 ,3.2211304 ,13.057404,23.56073921,87.2987027 ,14.940000343322755,73.99612625859261 ,30000.0,10:16:24 AM,1572669984831
-0.80474854 ,4.2898865 ,14.453857,23.56073921,87.2987027 ,14.940000343322755,73.99612625859261 ,30000.0,10:16:24 AM,1572669984836
1.039856 ,3.193634 ,8.933853,23.56073921,87.2987027 ,14.940000343322755,73.99612625859261 ,30000.0,10:16:24 AM,1572669984841
2.7010956 ,3.6071472 ,6.8461914,23.56073921,87.2987027 ,14.940000343322755,73.99612625859261 ,30000.0,10:16:24 AM,1572669984846
0.53089905 ,4.693619 ,12.561401,23.56073921,87.2987027 ,14.940000343322755,73.99612625859261 ,30000.0,10:16:24 AM,1572669984851
-2.8175812 ,3.3160706 ,10.780914,23.56073921,87.2987027 ,14.940000343322755,73.99612625859261 ,30000.0,10:16:24 AM,1572669984856
-0.76945496 ,1.9551086 ,4.9342346,23.56073921,87.2987027 ,14.940000343322755,73.99612625859261 ,30000.0,10:16:24 AM,1572669984866
2.0682068 ,4.377548 ,14.480423,23.56073921,87.2987027 ,14.940000343322755,73.99612625859261 ,30000.0,10:16:24 AM,1572669984870
3.0631256 ,2.7603302 ,8.972778,23.56073921,87.2987027 ,14.940000343322755,73.99612625859261 ,30000.0,10:16:24 AM,1572669984876
3.519928 ,2.9471893 ,6.1005554,23.56073921,87.2987027 ,14.940000343322755,73.99612625859261 ,30000.0,10:16:24 AM,1572669984880
2.4043732 ,4.6798553 ,8.750198,23.56073921,87.2987027 ,14.940000343322755,73.99612625859261 ,30000.0,10:16:24 AM,1572669984885
0.33139038 ,5.9009247 ,5.3444824,23.56073921,87.2987027 ,14.940000343322755,73.99612625859261 ,30000.0,10:16:24 AM,1572669984889
0.107055664 ,6.322403 ,2.0591888,23.56073921,87.2987027 ,14.940000343322755,73.99612625859261 ,30000.0,10:16:24 AM,1572669984895
0.6218567 ,7.282791 ,5.3082123,23.56073921,87.2987027 ,14.940000343322755,73.99612625859261 ,30000.0,10:16:24 AM,1572669984899
0.60723877 ,5.48172 ,4.1600037,23.56073921,87.2987027 ,14.940000343322755,73.99612625859261 ,30000.0,10:16:24 AM,1572669984903
1.463211 ,4.695999 ,7.189926,23.56073921,87.2987027 ,14.940000343322755,73.99612625859261 ,30000.0,10:16:24 AM,1572669984908
0.4864502 ,4.2512665 ,11.693802,23.56073921,87.2987027 ,14.940000343322755,73.99612625859261 ,30000.0,10:16:24 AM,1572669984914
-0.72569275 ,2.9966736 ,10.043121,23.56073921,87.2987027 ,14.940000343322755,73.99612625859261 ,30000.0,10:16:24 AM,1572669984918
-0.96665955 ,4.008789 ,12.717072,23.56073921,87.2987027 ,14.940000343322755,73.99612625859261 ,30000.0,10:16:24 AM,1572669984924
-1.0974274 ,4.0392303 ,11.602158,23.56073921,87.2987027 ,14.940000343322755,73.99612625859261 ,30000.0,10:16:24 AM,1572669984928
-0.23226929 ,2.8543396 ,6.649597,23.56073921,87.2987027 ,14.940000343322755,73.99612625859261 ,30000.0,10:16:24 AM,1572669984934
-0.45950317 ,3.5374756 ,10.695221,23.56073921,87.2987027 ,14.940000343322755,73.99612625859261 ,30000.0,10:16:24 AM,1572669984939
-2.2550507 ,3.2169037 ,11.702835,23.56073921,87.2987027 ,14.940000343322755,73.99612625859261 ,30000.0,10:16:24 AM,1572669984943
-2.4674988 ,3.0567474 ,11.463623,23.56073921,87.2987027 ,14.940000343322755,73.99612625859261 ,30000.0,10:16:24 AM,1572669984947
-0.26141357 ,4.3604584 ,14.13028,23.56073921,87.2987027 ,14.940000343322755,73.99612625859261 ,30000.0,10:16:24 AM,1572669984954
