x,y,z,latitude,longitude,speed,sound,light,time,timestamp
-3.1062012 ,0.83078 ,19.183456,23.57359967,87.30255515 ,34.16399917602539,84.24062590879664 ,30000.0,10:19:22 AM,1572670162542
0.5006714 ,-0.9497223 ,13.438034,23.57359967,87.30255515 ,34.16399917602539,84.24062590879664 ,30000.0,10:19:22 AM,1572670162551
3.9477692 ,2.56456 ,13.623016,23.57359967,87.30255515 ,34.16399917602539,84.24062590879664 ,30000.0,10:19:22 AM,1572670162552
4.0605927 ,2.5148315 ,10.563507,23.57359967,87.30255515 ,34.16399917602539,84.24062590879664 ,30000.0,10:19:22 AM,1572670162557
0.7330017 ,4.709732 ,3.9669342,23.57359967,87.30255515 ,34.16399917602539,84.24062590879664 ,30000.0,10:19:22 AM,1572670162565
-3.5608368 ,5.725189 ,3.4261475,23.57359967,87.30255515 ,34.16399917602539,84.24062590879664 ,30000.0,10:19:22 AM,1572670162566
-2.9174347 ,4.1435547 ,5.9745636,23.57359967,87.30255515 ,34.16399917602539,84.24062590879664 ,30000.0,10:19:22 AM,1572670162571
2.633194 ,4.140259 ,9.522293,23.57359967,87.30255515 ,34.16399917602539,84.24062590879664 ,30000.0,10:19:22 AM,1572670162578
4.5728607 ,2.7204437 ,8.631912,23.57359967,87.30255515 ,34.16399917602539,84.24062590879664 ,30000.0,10:19:22 AM,1572670162582
1.4096069 ,1.9355774 ,10.212082,23.57359967,87.30255515 ,34.16399917602539,84.24062590879664 ,30000.0,10:19:22 AM,1572670162587
-0.7860565 ,1.183136 ,16.39264,23.57359967,87.30255515 ,34.16399917602539,86.95859273253086 ,30000.0,10:19:22 AM,1572670162591
1.5387726 ,-1.4972534 ,13.534744,23.57359967,87.30255515 ,34.16399917602539,86.95859273253086 ,30000.0,10:19:22 AM,1572670162598
3.9898224 ,0.33424377 ,21.949554,23.57359967,87.30255515 ,34.16399917602539,86.95859273253086 ,30000.0,10:19:22 AM,1572670162601
2.3468475 ,0.12625122 ,15.838501,23.57359967,87.30255515 ,34.16399917602539,86.95859273253086 ,30000.0,10:19:22 AM,1572670162606
-2.32695 ,2.0525665 ,3.0438995,23.57359967,87.30255515 ,34.16399917602539,86.95859273253086 ,30000.0,10:19:22 AM,1572670162611
-5.437256 ,5.9909515 ,6.5174866,23.57359967,87.30255515 ,34.16399917602539,86.95859273253086 ,30000.0,10:19:22 AM,1572670162616
-3.2599182 ,5.2361755 ,2.7540283,23.57359967,87.30255515 ,34.16399917602539,86.95859273253086 ,30000.0,10:19:22 AM,1572670162619
0.2682495 ,4.54747 ,1.6294861,23.57359967,87.30255515 ,34.16399917602539,86.95859273253086 ,30000.0,10:19:22 AM,1572670162625
-1.0690918 ,4.1835785 ,10.166168,23.57359967,87.30255515 ,34.16399917602539,86.95859273253086 ,30000.0,10:19:22 AM,1572670162632
-2.9387512 ,4.829239 ,11.261322,23.57359967,87.30255515 ,34.16399917602539,86.95859273253086 ,30000.0,10:19:22 AM,1572670162634
0.730896 ,6.258774 ,6.8036194,23.57359967,87.30255515 ,34.16399917602539,86.95859273253086 ,30000.0,10:19:22 AM,1572670162639
5.2318573 ,6.5414886 ,8.16008,23.57359967,87.30255515 ,34.16399917602539,86.95859273253086 ,30000.0,10:19:22 AM,1572670162643
4.700882 ,7.8845673 ,3.300766,23.57359967,87.30255515 ,34.16399917602539,86.95859273253086 ,30000.0,10:19:22 AM,1572670162649
-2.3179321 ,7.511215 ,2.0750885,23.57359967,87.30255515 ,34.16399917602539,86.95859273253086 ,30000.0,10:19:22 AM,1572670162654
-4.7375336 ,6.555603 ,0.68478394,23.57359967,87.30255515 ,34.16399917602539,86.95859273253086 ,30000.0,10:19:22 AM,1572670162658
1.4161835 ,7.216217 ,8.795761,23.57359967,87.30255515 ,34.16399917602539,86.95859273253086 ,30000.0,10:19:22 AM,1572670162666
5.319977 ,2.23674 ,8.082001,23.57359967,87.30255515 ,34.16399917602539,86.95859273253086 ,30000.0,10:19:22 AM,1572670162669
1.2736359 ,0.20503235 ,13.430847,23.57359967,87.30255515 ,34.16399917602539,86.95859273253086 ,30000.0,10:19:22 AM,1572670162678
-2.7580566 ,-0.962265 ,19.446869,23.57359967,87.30255515 ,34.16399917602539,86.95859273253086 ,30000.0,10:19:22 AM,1572670162683
0.05458069 ,-3.4210358 ,9.730469,23.57359967,87.30255515 ,34.16399917602539,86.95859273253086 ,30000.0,10:19:22 AM,1572670162686
3.001236 ,0.7883606 ,18.886566,23.57359967,87.30255515 ,34.16399917602539,86.95859273253086 ,30000.0,10:19:22 AM,1572670162691
1.8535156 ,-1.6808167 ,15.6740265,23.57359967,87.30255515 ,34.16399917602539,86.95859273253086 ,30000.0,10:19:22 AM,1572670162699
-0.6748047 ,-3.9381866 ,8.852661,23.57359967,87.30255515 ,34.16399917602539,86.95859273253086 ,30000.0,10:19:22 AM,1572670162702
-2.2788544 ,-1.3833771 ,18.012955,23.57359967,87.30255515 ,34.16399917602539,86.95859273253086 ,30000.0,10:19:22 AM,1572670162707
-2.8454437 ,-2.659912 ,11.478668,23.57359967,87.30255515 ,34.16399917602539,86.95859273253086 ,30000.0,10:19:22 AM,1572670162711
-1.8775635 ,0.590683 ,7.426834,23.57359967,87.30255515 ,34.16399917602539,86.95859273253086 ,30000.0,10:19:22 AM,1572670162717
-0.19725037 ,5.2534943 ,12.191589,23.57359967,87.30255515 ,34.16399917602539,86.95859273253086 ,30000.0,10:19:22 AM,1572670162721
1.5818176 ,6.718872 ,4.0695496,23.57359967,87.30255515 ,34.16399917602539,86.95859273253086 ,30000.0,10:19:22 AM,1572670162726
2.8619232 ,7.7144623 ,0.18240356,23.57359967,87.30255515 ,34.16399917602539,86.95859273253086 ,30000.0,10:19:22 AM,1572670162733
2.8614044 ,6.9434357 ,0.39430237,23.57359967,87.30255515 ,34.16399917602539,86.95859273253086 ,30000.0,10:19:22 AM,1572670162735
-0.67149353 ,7.4516907 ,9.05426,23.57359967,87.30255515 ,34.16399917602539,86.95859273253086 ,30000.0,10:19:22 AM,1572670162740
-5.0247498 ,4.0706787 ,10.567703,23.57359967,87.30255515 ,34.16399917602539,86.95859273253086 ,30000.0,10:19:22 AM,1572670162746
-1.9735107 ,2.2625275 ,9.954346,23.57359967,87.30255515 ,34.16399917602539,86.95859273253086 ,30000.0,10:19:22 AM,1572670162754
6.091049 ,2.8054047 ,13.249527,23.57359967,87.30255515 ,34.16399917602539,86.95859273253086 ,30000.0,10:19:22 AM,1572670162756
7.0620728 ,3.212265 ,14.160889,23.57359967,87.30255515 ,34.16399917602539,86.95859273253086 ,30000.0,10:19:22 AM,1572670162759
-1.1323547 ,3.7094421 ,12.174194,23.57359967,87.30255515 ,34.16399917602539,86.95859273253086 ,30000.0,10:19:22 AM,1572670162766
-7.114624 ,4.48851 ,8.249863,23.57359967,87.30255515 ,34.16399917602539,86.95859273253086 ,30000.0,10:19:22 AM,1572670162769
-2.6585693 ,7.2881165 ,-2.5231628,23.57359967,87.30255515 ,34.16399917602539,86.95859273253086 ,30000.0,10:19:22 AM,1572670162773
4.931473 ,10.636414 ,-2.8134003,23.57359967,87.30255515 ,34.16399917602539,86.95859273253086 ,30000.0,10:19:22 AM,1572670162778
6.899124 ,9.069992 ,-2.6967926,23.57359967,87.30255515 ,34.16399917602539,86.95859273253086 ,30000.0,10:19:22 AM,1572670162783
3.2679749 ,8.441055 ,-0.48017883,23.57359967,87.30255515 ,34.16399917602539,86.95859273253086 ,30000.0,10:19:22 AM,1572670162788
-2.3334503 ,4.737198 ,3.091858,23.57359967,87.30255515 ,34.16399917602539,86.95859273253086 ,30000.0,10:19:22 AM,1572670162793
-5.8977814 ,0.32922363 ,8.827591,23.57359967,87.30255515 ,34.16399917602539,86.95859273253086 ,30000.0,10:19:22 AM,1572670162800
-4.9193115 ,-1.1432037 ,20.65767,23.57359967,87.30255515 ,34.16399917602539,86.95859273253086 ,30000.0,10:19:22 AM,1572670162802
0.8039093 ,-4.766815 ,21.422241,23.57359967,87.30255515 ,34.16399917602539,86.95859273253086 ,30000.0,10:19:22 AM,1572670162807
5.826828 ,-4.3689575 ,22.00299,23.57359967,87.30255515 ,34.16399917602539,86.95859273253086 ,30000.0,10:19:22 AM,1572670162818
5.311447 ,-3.22081 ,26.200745,23.57359967,87.30255515 ,34.16399917602539,86.95859273253086 ,30000.0,10:19:22 AM,1572670162822
-0.1775055 ,-2.741562 ,23.253448,23.57359967,87.30255515 ,34.16399917602539,86.95859273253086 ,30000.0,10:19:22 AM,1572670162827
-4.6121826 ,-3.025879 ,10.82222,23.57359967,87.30255515 ,34.16399917602539,86.95859273253086 ,30000.0,10:19:22 AM,1572670162835
-2.2183533 ,0.82450867 ,5.553879,23.57359967,87.30255515 ,34.16399917602539,86.95859273253086 ,30000.0,10:19:22 AM,1572670162837
3.392395 ,5.861679 ,2.4129333,23.57359967,87.30255515 ,34.16399917602539,86.95859273253086 ,30000.0,10:19:22 AM,1572670162840
2.9717255 ,8.684113 ,2.1889648,23.57359967,87.30255515 ,34.16399917602539,86.95859273253086 ,30000.0,10:19:22 AM,1572670162845
-1.0723877 ,5.945709 ,-5.801483,23.57359967,87.30255515 ,34.16399917602539,86.95859273253086 ,30000.0,10:19:22 AM,1572670162851
-1.1273346 ,7.4073334 ,3.2806244,23.57359967,87.30255515 ,34.16399917602539,86.95859273253086 ,30000.0,10:19:22 AM,1572670162856
1.2060242 ,6.058853 ,12.12796,23.57359967,87.30255515 ,34.16399917602539,86.95859273253086 ,30000.0,10:19:22 AM,1572670162860
1.5894165 ,2.1460419 ,11.385803,23.57359967,87.30255515 ,34.16399917602539,86.95859273253086 ,30000.0,10:19:22 AM,1572670162868
0.36624146 ,2.176239 ,21.5941,23.57359967,87.30255515 ,34.16399917602539,86.95859273253086 ,30000.0,10:19:22 AM,1572670162870
-1.5812836 ,1.3581238 ,17.204147,23.57359967,87.30255515 ,34.16399917602539,86.95859273253086 ,30000.0,10:19:22 AM,1572670162874
-4.3663025 ,0.7266693 ,6.3627625,23.57359967,87.30255515 ,34.16399917602539,86.95859273253086 ,30000.0,10:19:22 AM,1572670162879
-2.4296112 ,0.13934326 ,5.580719,23.57359967,87.30255515 ,34.16399917602539,86.95859273253086 ,30000.0,10:19:22 AM,1572670162884
4.424118 ,3.6438446 ,12.763901,23.57359967,87.30255515 ,34.16399917602539,86.95859273253086 ,30000.0,10:19:22 AM,1572670162889
5.6668243 ,3.4897308 ,12.093445,23.57359967,87.30255515 ,34.16399917602539,86.95859273253086 ,30000.0,10:19:22 AM,1572670162893
-1.2354736 ,2.0008698 ,11.853012,23.57359967,87.30255515 ,34.16399917602539,86.95859273253086 ,30000.0,10:19:22 AM,1572670162900
-5.773468 ,3.967514 ,7.4116516,23.57359967,87.30255515 ,34.16399917602539,86.95859273253086 ,30000.0,10:19:22 AM,1572670162903
-0.021102905 ,8.541748 ,0.31010437,23.57359967,87.30255515 ,34.16399917602539,86.95859273253086 ,30000.0,10:19:22 AM,1572670162907
8.289795 ,8.059402 ,-6.26709,23.57359967,87.30255515 ,34.16399917602539,86.95859273253086 ,30000.0,10:19:22 AM,1572670162914
7.109848 ,9.947647 ,3.6903534,23.57359967,87.30255515 ,34.16399917602539,86.95859273253086 ,30000.0,10:19:22 AM,1572670162921
-2.3080597 ,5.715149 ,9.706055,23.57359967,87.30255515 ,34.16399917602539,86.95859273253086 ,30000.0,10:19:22 AM,1572670162924
-7.8051147 ,-1.4697876 ,6.335022,23.57359967,87.30255515 ,34.16399917602539,86.95859273253086 ,30000.0,10:19:22 AM,1572670162927
-3.9104156 ,1.1276855 ,22.326996,23.57359967,87.30255515 ,34.16399917602539,86.95859273253086 ,30000.0,10:19:22 AM,1572670162934
1.3522491 ,-1.639267 ,28.96138,23.57359967,87.30255515 ,34.16399917602539,86.95859273253086 ,30000.0,10:19:22 AM,1572670162937
4.479843 ,-1.956543 ,16.828293,23.57359967,87.30255515 ,34.16399917602539,86.95859273253086 ,30000.0,10:19:22 AM,1572670162941
2.2253876 ,3.9617004 ,19.524902,23.57359967,87.30255515 ,34.16399917602539,86.95859273253086 ,30000.0,10:19:22 AM,1572670162955
-0.19172668 ,-3.3725128 ,2.7183228,23.57359967,87.30255515 ,34.16399917602539,86.95859273253086 ,30000.0,10:19:22 AM,1572670162957
1.9167633 ,3.0969086 ,7.8913574,23.57359967,87.30255515 ,34.16399917602539,86.95859273253086 ,30000.0,10:19:22 AM,1572670162961
1.8629761 ,2.413025 ,10.027115,23.57359967,87.30255515 ,34.16399917602539,86.95859273253086 ,30000.0,10:19:22 AM,1572670162971
-1.2749786 ,0.96598816 ,1.6424255,23.57359967,87.30255515 ,34.16399917602539,86.95859273253086 ,30000.0,10:19:22 AM,1572670162974
-5.279114 ,6.731598 ,12.417862,23.57359967,87.30255515 ,34.16399917602539,86.95859273253086 ,30000.0,10:19:22 AM,1572670162976
-3.6150055 ,6.8924713 ,2.3695831,23.57359967,87.30255515 ,34.16399917602539,86.95859273253086 ,30000.0,10:19:22 AM,1572670162979
4.0147095 ,8.112244 ,-3.3347015,23.57359967,87.30255515 ,34.16399917602539,86.95859273253086 ,30000.0,10:19:22 AM,1572670162985
9.379608 ,8.676971 ,4.3517303,23.57359967,87.30255515 ,34.16399917602539,86.95859273253086 ,30000.0,10:19:22 AM,1572670162989
4.4723663 ,6.4729614 ,8.152893,23.57359967,87.30255515 ,34.16399917602539,86.95859273253086 ,30000.0,10:19:22 AM,1572670162995
-6.1398773 ,1.9672699 ,11.051987,23.57359967,87.30255515 ,34.16399917602539,86.95859273253086 ,30000.0,10:19:22 AM,1572670163000
-8.703079 ,-2.6349487 ,16.501434,23.57359967,87.30255515 ,34.16399917602539,86.95859273253086 ,30000.0,10:19:23 AM,1572670163004
-2.0803375 ,-0.77552795 ,28.88086,23.57359967,87.30255515 ,34.16399917602539,86.95859273253086 ,30000.0,10:19:23 AM,1572670163008
4.2615356 ,1.1829376 ,22.58754,23.57359967,87.30255515 ,34.16399917602539,86.95859273253086 ,30000.0,10:19:23 AM,1572670163014
4.327652 ,2.7688446 ,4.0832825,23.57359967,87.30255515 ,34.16399917602539,86.95859273253086 ,30000.0,10:19:23 AM,1572670163019
-0.55999756 ,8.449417 ,-0.5529938,23.57359967,87.30255515 ,34.16399917602539,86.95859273253086 ,30000.0,10:19:23 AM,1572670163022
-2.809433 ,9.220734 ,-4.0714874,23.57359967,87.30255515 ,34.16399917602539,86.95859273253086 ,30000.0,10:19:23 AM,1572670163027
0.7655487 ,9.604919 ,-3.9977112,23.57359967,87.30255515 ,34.16399917602539,86.95859273253086 ,30000.0,10:19:23 AM,1572670163034
