x,y,z,latitude,longitude,speed,sound,light,time,timestamp
0.12440491 ,3.058838 ,8.912079,23.55189397,87.29660877 ,0.0,74.06167111919618 ,21504.0,10:14:54 AM,1572669894933
0.18252563 ,2.960373 ,9.031403,23.55189397,87.29660877 ,0.0,74.06167111919618 ,21504.0,10:14:54 AM,1572669894934
0.12265015 ,2.8717804 ,9.170044,23.55189397,87.29660877 ,0.0,74.06167111919618 ,21504.0,10:14:54 AM,1572669894940
0.035079956 ,2.7735748 ,9.203369,23.55189397,87.29660877 ,0.0,74.06167111919618 ,21504.0,10:14:54 AM,1572669894948
0.026443481 ,2.6915436 ,9.240097,23.55189397,87.29660877 ,0.0,74.06167111919618 ,21504.0,10:14:54 AM,1572669894949
-0.0032653809 ,2.5895386 ,9.338669,23.55189397,87.29660877 ,0.0,74.06167111919618 ,21504.0,10:14:54 AM,1572669894957
-0.035247803 ,2.504959 ,9.460342,23.55189397,87.29660877 ,0.0,74.06167111919618 ,21504.0,10:14:54 AM,1572669894959
-0.017089844 ,2.4492493 ,9.539703,23.55189397,87.29660877 ,0.0,74.06167111919618 ,21504.0,10:14:54 AM,1572669894961
0.0014648438 ,2.433426 ,9.539932,23.55189397,87.29660877 ,0.0,74.06167111919618 ,21504.0,10:14:54 AM,1572669894965
-0.041732788 ,2.4840546 ,9.4565735,23.55189397,87.29660877 ,0.0,74.06167111919618 ,21504.0,10:14:54 AM,1572669894969
-0.11090088 ,2.5099182 ,9.37262,23.55189397,87.29660877 ,0.0,74.06167111919618 ,21504.0,10:14:54 AM,1572669894974
-0.07559204 ,2.562378 ,9.307434,23.55189397,87.29660877 ,0.0,74.06167111919618 ,21504.0,10:14:54 AM,1572669894979
0.012451172 ,2.6667175 ,9.2812805,23.55189397,87.29660877 ,0.0,74.06167111919618 ,21504.0,10:14:54 AM,1572669894983
0.025131226 ,2.7419586 ,9.236206,23.55189397,87.29660877 ,0.0,74.06167111919618 ,21504.0,10:14:54 AM,1572669894989
-0.03224182 ,2.7878113 ,9.170258,23.55189397,87.29660877 ,0.0,74.06167111919618 ,21504.0,10:14:54 AM,1572669894993
-0.059402466 ,2.8064728 ,9.129257,23.55189397,87.29660877 ,0.0,74.06167111919618 ,21504.0,10:14:54 AM,1572669894997
0.006729126 ,2.821762 ,9.131454,23.55189397,87.29660877 ,0.0,74.06167111919618 ,21504.0,10:14:55 AM,1572669895003
0.094680786 ,2.8271637 ,9.156876,23.55189397,87.29660877 ,0.0,74.06167111919618 ,21504.0,10:14:55 AM,1572669895009
0.08883667 ,2.8221893 ,9.207184,23.55189397,87.29660877 ,0.0,74.06167111919618 ,21504.0,10:14:55 AM,1572669895013
0.03152466 ,2.7812653 ,9.214645,23.55189397,87.29660877 ,0.0,74.06167111919618 ,21683.0,10:14:55 AM,1572669895018
0.05256653 ,2.7587128 ,9.219238,23.55189397,87.29660877 ,0.0,74.06167111919618 ,21683.0,10:14:55 AM,1572669895032
0.109680176 ,2.7403564 ,9.235123,23.55189397,87.29660877 ,0.0,74.06167111919618 ,21683.0,10:14:55 AM,1572669895036
0.08432007 ,2.7039032 ,9.202759,23.55189397,87.29660877 ,0.0,74.06167111919618 ,21683.0,10:14:55 AM,1572669895038
-0.0033569336 ,2.6316986 ,9.268738,23.55189397,87.29660877 ,0.0,74.06167111919618 ,21683.0,10:14:55 AM,1572669895040
-0.043640137 ,2.5772247 ,9.3619995,23.55189397,87.29660877 ,0.0,74.06167111919618 ,21683.0,10:14:55 AM,1572669895041
0.03895569 ,2.5414886 ,9.437622,23.55189397,87.29660877 ,0.0,74.06167111919618 ,21683.0,10:14:55 AM,1572669895047
0.16192627 ,2.5218964 ,9.469254,23.55189397,87.29660877 ,0.0,74.06167111919618 ,21683.0,10:14:55 AM,1572669895059
0.10343933 ,2.53862 ,9.399933,23.55189397,87.29660877 ,0.0,74.06167111919618 ,21683.0,10:14:55 AM,1572669895061
0.027511597 ,2.5916595 ,9.335983,23.55189397,87.29660877 ,0.0,74.06167111919618 ,21683.0,10:14:55 AM,1572669895065
0.048828125 ,2.6494904 ,9.284637,23.55189397,87.29660877 ,0.0,74.06167111919618 ,21683.0,10:14:55 AM,1572669895070
0.120651245 ,2.6883087 ,9.26796,23.55189397,87.29660877 ,0.0,74.06167111919618 ,21683.0,10:14:55 AM,1572669895080
0.19119263 ,2.7720795 ,9.214813,23.55189397,87.29660877 ,0.0,74.06167111919618 ,21683.0,10:14:55 AM,1572669895082
0.13887024 ,2.7925262 ,9.159409,23.55189397,87.29660877 ,0.0,74.06167111919618 ,21683.0,10:14:55 AM,1572669895085
0.05445862 ,2.7967834 ,9.135208,23.55189397,87.29660877 ,0.0,74.06167111919618 ,21683.0,10:14:55 AM,1572669895094
0.032440186 ,2.7695923 ,9.177643,23.55189397,87.29660877 ,0.0,74.06167111919618 ,21683.0,10:14:55 AM,1572669895097
0.07644653 ,2.7777557 ,9.2165985,23.55189397,87.29660877 ,0.0,74.06167111919618 ,21683.0,10:14:55 AM,1572669895100
0.13169861 ,2.769287 ,9.237137,23.55189397,87.29660877 ,0.0,74.06167111919618 ,21683.0,10:14:55 AM,1572669895106
0.103881836 ,2.7337494 ,9.236588,23.55189397,87.29660877 ,0.0,74.06167111919618 ,21683.0,10:14:55 AM,1572669895111
0.05155945 ,2.6846619 ,9.265366,23.55189397,87.29660877 ,0.0,74.06167111919618 ,21683.0,10:14:55 AM,1572669895114
0.009460449 ,2.6448212 ,9.295471,23.55189397,87.29660877 ,0.0,74.06167111919618 ,21683.0,10:14:55 AM,1572669895118
0.02003479 ,2.620514 ,9.325714,23.55189397,87.29660877 ,0.0,74.06167111919618 ,21683.0,10:14:55 AM,1572669895125
0.054595947 ,2.6302795 ,9.36409,23.55189397,87.29660877 ,0.0,74.06167111919618 ,21683.0,10:14:55 AM,1572669895128
0.0790863 ,2.6502228 ,9.36882,23.55189397,87.29660877 ,0.0,74.06167111919618 ,21683.0,10:14:55 AM,1572669895133
0.05696106 ,2.655716 ,9.324738,23.55189397,87.29660877 ,0.0,74.06167111919618 ,21683.0,10:14:55 AM,1572669895137
0.021392822 ,2.66568 ,9.260132,23.55189397,87.29660877 ,0.0,74.06167111919618 ,21683.0,10:14:55 AM,1572669895142
0.0066223145 ,2.6858368 ,9.193054,23.55189397,87.29660877 ,0.0,74.06167111919618 ,21683.0,10:14:55 AM,1572669895147
0.039520264 ,2.7502441 ,9.17395,23.55189397,87.29660877 ,0.0,74.06167111919618 ,21683.0,10:14:55 AM,1572669895151
0.069366455 ,2.7585602 ,9.236771,23.55189397,87.29660877 ,0.0,74.06167111919618 ,21683.0,10:14:55 AM,1572669895158
0.045928955 ,2.7401123 ,9.272476,23.55189397,87.29660877 ,0.0,74.06167111919618 ,21683.0,10:14:55 AM,1572669895162
0.019546509 ,2.7328491 ,9.267853,23.55189397,87.29660877 ,0.0,74.06167111919618 ,21683.0,10:14:55 AM,1572669895166
0.0034942627 ,2.719101 ,9.26889,23.55189397,87.29660877 ,0.0,74.06167111919618 ,21683.0,10:14:55 AM,1572669895171
0.020599365 ,2.7042084 ,9.241653,23.55189397,87.29660877 ,0.0,74.06167111919618 ,21683.0,10:14:55 AM,1572669895177
0.033340454 ,2.7083282 ,9.261795,23.55189397,87.29660877 ,0.0,74.06167111919618 ,21683.0,10:14:55 AM,1572669895181
0.06906128 ,2.7155457 ,9.287994,23.55189397,87.29660877 ,0.0,74.06167111919618 ,21683.0,10:14:55 AM,1572669895194
0.060028076 ,2.7144775 ,9.275772,23.55189397,87.29660877 ,0.0,74.06167111919618 ,21683.0,10:14:55 AM,1572669895195
0.060134888 ,2.6975708 ,9.232483,23.55189397,87.29660877 ,0.0,74.06167111919618 ,21683.0,10:14:55 AM,1572669895200
0.020446777 ,2.6828156 ,9.2270355,23.55189397,87.29660877 ,0.0,74.06167111919618 ,21683.0,10:14:55 AM,1572669895204
0.017150879 ,2.6564636 ,9.238968,23.55189397,87.29660877 ,0.0,74.06167111919618 ,21683.0,10:14:55 AM,1572669895210
0.0315094 ,2.6409912 ,9.279282,23.55189397,87.29660877 ,0.0,74.06167111919618 ,21683.0,10:14:55 AM,1572669895214
0.026870728 ,2.6120453 ,9.331879,23.55189397,87.29660877 ,0.0,74.06167111919618 ,21683.0,10:14:55 AM,1572669895219
-0.0066223145 ,2.6177979 ,9.347382,23.55189397,87.29660877 ,0.0,74.06167111919618 ,21683.0,10:14:55 AM,1572669895225
-0.035324097 ,2.6598969 ,9.333221,23.55189397,87.29660877 ,0.0,74.06167111919618 ,21683.0,10:14:55 AM,1572669895229
-0.010116577 ,2.7213745 ,9.294357,23.55189397,87.29660877 ,0.0,74.06167111919618 ,21683.0,10:14:55 AM,1572669895235
0.013305664 ,2.7644043 ,9.24173,23.55189397,87.29660877 ,0.0,74.06167111919618 ,21683.0,10:14:55 AM,1572669895239
0.0066223145 ,2.8102722 ,9.173126,23.55189397,87.29660877 ,0.0,77.13630289393959 ,21683.0,10:14:55 AM,1572669895246
-0.019515991 ,2.8418274 ,9.126282,23.55189397,87.29660877 ,0.0,77.13630289393959 ,21683.0,10:14:55 AM,1572669895249
-0.03340149 ,2.849411 ,9.132095,23.55189397,87.29660877 ,0.0,77.13630289393959 ,21683.0,10:14:55 AM,1572669895253
-0.01461792 ,2.8303375 ,9.179153,23.55189397,87.29660877 ,0.0,77.13630289393959 ,21683.0,10:14:55 AM,1572669895258
0.007736206 ,2.7973938 ,9.23056,23.55189397,87.29660877 ,0.0,77.13630289393959 ,21683.0,10:14:55 AM,1572669895262
-0.0027618408 ,2.7690887 ,9.267288,23.55189397,87.29660877 ,0.0,77.13630289393959 ,21683.0,10:14:55 AM,1572669895266
-0.008102417 ,2.7388153 ,9.287369,23.55189397,87.29660877 ,0.0,77.13630289393959 ,21683.0,10:14:55 AM,1572669895271
0.01524353 ,2.7040253 ,9.313141,23.55189397,87.29660877 ,0.0,77.13630289393959 ,21683.0,10:14:55 AM,1572669895276
0.08218384 ,2.702835 ,9.328812,23.55189397,87.29660877 ,0.0,77.13630289393959 ,21683.0,10:14:55 AM,1572669895281
0.10652161 ,2.7115326 ,9.301559,23.55189397,87.29660877 ,0.0,77.13630289393959 ,21683.0,10:14:55 AM,1572669895286
0.049057007 ,2.7014313 ,9.283264,23.55189397,87.29660877 ,0.0,77.13630289393959 ,21683.0,10:14:55 AM,1572669895292
0.0337677 ,2.682434 ,9.276978,23.55189397,87.29660877 ,0.0,77.13630289393959 ,21683.0,10:14:55 AM,1572669895295
0.08248901 ,2.6839142 ,9.272003,23.55189397,87.29660877 ,0.0,77.13630289393959 ,21683.0,10:14:55 AM,1572669895300
0.10612488 ,2.6932678 ,9.300247,23.55189397,87.29660877 ,0.0,77.13630289393959 ,21683.0,10:14:55 AM,1572669895305
0.08917236 ,2.7008972 ,9.265778,23.55189397,87.29660877 ,0.0,77.13630289393959 ,21683.0,10:14:55 AM,1572669895310
0.028640747 ,2.717926 ,9.237991,23.55189397,87.29660877 ,0.0,77.13630289393959 ,21683.0,10:14:55 AM,1572669895317
0.012329102 ,2.6976624 ,9.216995,23.55189397,87.29660877 ,0.0,77.13630289393959 ,21683.0,10:14:55 AM,1572669895327
0.029144287 ,2.731903 ,9.2326355,23.55189397,87.29660877 ,0.0,77.13630289393959 ,21683.0,10:14:55 AM,1572669895330
0.09817505 ,2.7575836 ,9.253098,23.55189397,87.29660877 ,0.0,77.13630289393959 ,21683.0,10:14:55 AM,1572669895334
0.12788391 ,2.7700043 ,9.233063,23.55189397,87.29660877 ,0.0,77.13630289393959 ,21683.0,10:14:55 AM,1572669895340
0.06890869 ,2.7714539 ,9.192062,23.55189397,87.29660877 ,0.0,77.13630289393959 ,21683.0,10:14:55 AM,1572669895345
0.026535034 ,2.732483 ,9.20166,23.55189397,87.29660877 ,0.0,77.13630289393959 ,21683.0,10:14:55 AM,1572669895349
0.07054138 ,2.7136536 ,9.240372,23.55189397,87.29660877 ,0.0,77.13630289393959 ,21683.0,10:14:55 AM,1572669895355
0.110443115 ,2.6748657 ,9.251846,23.55189397,87.29660877 ,0.0,77.13630289393959 ,21683.0,10:14:55 AM,1572669895361
0.13795471 ,2.6572876 ,9.290787,23.55189397,87.29660877 ,0.0,77.13630289393959 ,21683.0,10:14:55 AM,1572669895364
0.111709595 ,2.6539154 ,9.323563,23.55189397,87.29660877 ,0.0,77.13630289393959 ,21683.0,10:14:55 AM,1572669895368
0.032165527 ,2.6261597 ,9.342453,23.55189397,87.29660877 ,0.0,77.13630289393959 ,21683.0,10:14:55 AM,1572669895373
0.016143799 ,2.6040955 ,9.35347,23.55189397,87.29660877 ,0.0,77.13630289393959 ,21683.0,10:14:55 AM,1572669895381
0.055755615 ,2.618637 ,9.358841,23.55189397,87.29660877 ,0.0,77.13630289393959 ,21683.0,10:14:55 AM,1572669895383
0.08280945 ,2.6427155 ,9.326004,23.55189397,87.29660877 ,0.0,77.13630289393959 ,21683.0,10:14:55 AM,1572669895386
0.043685913 ,2.6747742 ,9.289673,23.55189397,87.29660877 ,0.0,77.13630289393959 ,21683.0,10:14:55 AM,1572669895393
-0.022369385 ,2.6936188 ,9.267532,23.55189397,87.29660877 ,0.0,77.13630289393959 ,21683.0,10:14:55 AM,1572669895396
-0.015625 ,2.7225952 ,9.252548,23.55189397,87.29660877 ,0.0,77.13630289393959 ,21683.0,10:14:55 AM,1572669895401
0.017684937 ,2.7476044 ,9.225723,23.55189397,87.29660877 ,0.0,77.13630289393959 ,21683.0,10:14:55 AM,1572669895406
0.014282227 ,2.7555237 ,9.202118,23.55189397,87.29660877 ,0.0,77.13630289393959 ,21683.0,10:14:55 AM,1572669895411
