x,y,z,latitude,longitude,speed,sound,light,time,timestamp
-7.992981 ,6.5833435 ,0.15008545,23.56365365,87.29875897 ,46.29599876403809,86.54184507412928 ,30000.0,10:16:58 AM,1572670018287
-4.541458 ,1.7398071 ,9.200134,23.56365365,87.29875897 ,46.29599876403809,86.54184507412928 ,30000.0,10:16:58 AM,1572670018292
2.667862 ,3.4431915 ,29.743866,23.56365365,87.29875897 ,46.29599876403809,86.54184507412928 ,30000.0,10:16:58 AM,1572670018296
6.458008 ,5.1711273 ,25.009186,23.56365365,87.29875897 ,46.29599876403809,86.54184507412928 ,30000.0,10:16:58 AM,1572670018302
5.39122 ,6.215988 ,8.168304,23.56365365,87.29875897 ,46.29599876403809,86.54184507412928 ,30000.0,10:16:58 AM,1572670018306
4.3579407 ,7.503601 ,-5.5519257,23.56365365,87.29875897 ,46.29599876403809,86.54184507412928 ,30000.0,10:16:58 AM,1572670018311
2.3987885 ,10.386673 ,-4.2079315,23.56365365,87.29875897 ,46.29599876403809,86.54184507412928 ,30000.0,10:16:58 AM,1572670018324
-3.0996552 ,9.953369 ,-2.1387787,23.56365365,87.29875897 ,46.29599876403809,86.54184507412928 ,30000.0,10:16:58 AM,1572670018326
-8.875778 ,7.154129 ,1.5927124,23.56365365,87.29875897 ,46.29599876403809,86.54184507412928 ,30000.0,10:16:58 AM,1572670018329
-8.8810425 ,2.1580048 ,5.2898254,23.56365365,87.29875897 ,46.29599876403809,86.54184507412928 ,30000.0,10:16:58 AM,1572670018337
-3.0625 ,1.0141296 ,14.303787,23.56365365,87.29875897 ,46.29599876403809,86.54184507412928 ,30000.0,10:16:58 AM,1572670018339
0.555603 ,0.69163513 ,19.347382,23.56365365,87.29875897 ,46.29599876403809,86.54184507412928 ,30000.0,10:16:58 AM,1572670018342
-1.20784 ,-0.11064148 ,20.260086,23.56365365,87.29875897 ,46.29599876403809,86.54184507412928 ,30000.0,10:16:58 AM,1572670018344
-2.0070953 ,-0.15608215 ,16.882843,23.56365365,87.29875897 ,46.29599876403809,86.54184507412928 ,30000.0,10:16:58 AM,1572670018350
0.58695984 ,0.1894989 ,12.881256,23.56365365,87.29875897 ,46.29599876403809,86.54184507412928 ,30000.0,10:16:58 AM,1572670018353
3.9236145 ,2.4484863 ,11.0772705,23.56365365,87.29875897 ,46.29599876403809,86.54184507412928 ,30000.0,10:16:58 AM,1572670018358
3.2134552 ,3.9657288 ,12.403641,23.56365365,87.29875897 ,46.29599876403809,86.54184507412928 ,30000.0,10:16:58 AM,1572670018362
-0.29101562 ,2.6068115 ,6.107559,23.56365365,87.29875897 ,46.29599876403809,86.54184507412928 ,30000.0,10:16:58 AM,1572670018368
-1.1196136 ,3.9544525 ,10.50206,23.56365365,87.29875897 ,46.29599876403809,86.54184507412928 ,30000.0,10:16:58 AM,1572670018372
1.8765717 ,3.748001 ,7.3522034,23.56365365,87.29875897 ,46.29599876403809,86.54184507412928 ,30000.0,10:16:58 AM,1572670018376
1.8377686 ,5.9809723 ,9.606323,23.56365365,87.29875897 ,46.29599876403809,86.54184507412928 ,30000.0,10:16:58 AM,1572670018382
0.2195282 ,1.836319 ,4.2940826,23.56365365,87.29875897 ,46.29599876403809,86.54184507412928 ,30000.0,10:16:58 AM,1572670018385
3.1661987 ,5.3106537 ,16.274567,23.56365365,87.29875897 ,46.29599876403809,86.54184507412928 ,30000.0,10:16:58 AM,1572670018390
5.4496307 ,5.189728 ,12.675247,23.56365365,87.29875897 ,46.29599876403809,86.54184507412928 ,30000.0,10:16:58 AM,1572670018400
-0.32536316 ,4.9362946 ,8.46405,23.56365365,87.29875897 ,46.29599876403809,86.54184507412928 ,30000.0,10:16:58 AM,1572670018405
-4.9893646 ,4.6824646 ,11.126404,23.56365365,87.29875897 ,46.29599876403809,86.54184507412928 ,30000.0,10:16:58 AM,1572670018410
0.5162506 ,3.6718597 ,4.3134613,23.56365365,87.29875897 ,46.29599876403809,86.54184507412928 ,30000.0,10:16:58 AM,1572670018416
5.518326 ,5.628067 ,7.8098755,23.56365365,87.29875897 ,46.29599876403809,86.54184507412928 ,30000.0,10:16:58 AM,1572670018419
0.4703064 ,6.024475 ,12.439316,23.56365365,87.29875897 ,46.29599876403809,86.54184507412928 ,30000.0,10:16:58 AM,1572670018424
-7.8116302 ,3.2161713 ,12.811249,23.56365365,87.29875897 ,46.29599876403809,86.54184507412928 ,30000.0,10:16:58 AM,1572670018429
-5.273712 ,0.4813385 ,9.079193,23.56365365,87.29875897 ,46.29599876403809,86.54184507412928 ,30000.0,10:16:58 AM,1572670018436
3.0510254 ,1.0904388 ,13.779373,23.56365365,87.29875897 ,46.29599876403809,86.54184507412928 ,30000.0,10:16:58 AM,1572670018439
4.850647 ,2.6585693 ,15.063019,23.56365365,87.29875897 ,46.29599876403809,86.54184507412928 ,30000.0,10:16:58 AM,1572670018444
-1.0814514 ,2.9252167 ,16.14972,23.56365365,87.29875897 ,46.29599876403809,86.54184507412928 ,30000.0,10:16:58 AM,1572670018450
-2.5163116 ,1.5357819 ,9.56546,23.56365365,87.29875897 ,46.29599876403809,86.54184507412928 ,30000.0,10:16:58 AM,1572670018455
1.7380981 ,4.7871857 ,9.531845,23.56365365,87.29875897 ,46.29599876403809,86.54184507412928 ,30000.0,10:16:58 AM,1572670018459
2.3384705 ,7.1821136 ,7.398987,23.56365365,87.29875897 ,46.29599876403809,86.54184507412928 ,30000.0,10:16:58 AM,1572670018464
-0.89678955 ,7.5977173 ,3.722107,23.56365365,87.29875897 ,46.29599876403809,86.54184507412928 ,30000.0,10:16:58 AM,1572670018470
0.24842834 ,7.0241547 ,1.1317139,23.56365365,87.29875897 ,46.29599876403809,86.54184507412928 ,30000.0,10:16:58 AM,1572670018474
3.4113007 ,7.3685455 ,5.3375397,23.56365365,87.29875897 ,46.29599876403809,86.54184507412928 ,30000.0,10:16:58 AM,1572670018478
0.948349 ,5.9091644 ,6.653824,23.56365365,87.29875897 ,46.29599876403809,86.54184507412928 ,30000.0,10:16:58 AM,1572670018486
-4.770096 ,3.1346283 ,9.210571,23.56365365,87.29875897 ,46.29599876403809,86.54184507412928 ,30000.0,10:16:58 AM,1572670018489
-4.481735 ,1.3891602 ,12.267975,23.56365365,87.29875897 ,46.29599876403809,86.54184507412928 ,30000.0,10:16:58 AM,1572670018493
1.7292175 ,3.9471436 ,20.057175,23.56365365,87.29875897 ,46.29599876403809,86.54184507412928 ,30000.0,10:16:58 AM,1572670018497
5.8361053 ,3.3664856 ,7.8607483,23.56365365,87.29875897 ,46.29599876403809,86.54184507412928 ,30000.0,10:16:58 AM,1572670018502
0.44282532 ,7.6961975 ,12.005615,23.56365365,87.29875897 ,46.29599876403809,86.54184507412928 ,30000.0,10:16:58 AM,1572670018507
-5.249237 ,5.9407654 ,3.1999054,23.56365365,87.29875897 ,46.29599876403809,86.54184507412928 ,30000.0,10:16:58 AM,1572670018511
-1.4504242 ,8.574722 ,3.359146,23.56365365,87.29875897 ,46.29599876403809,86.54184507412928 ,30000.0,10:16:58 AM,1572670018521
5.9108887 ,8.611252 ,-5.4817505,23.56365365,87.29875897 ,46.29599876403809,86.54184507412928 ,30000.0,10:16:58 AM,1572670018523
0.6095276 ,10.43663 ,8.150238,23.56365365,87.29875897 ,46.29599876403809,86.54184507412928 ,30000.0,10:16:58 AM,1572670018525
-9.8871155 ,4.503128 ,7.833252,23.56365365,87.29875897 ,46.29599876403809,86.54184507412928 ,30000.0,10:16:58 AM,1572670018536
-9.441238 ,0.07987976 ,4.393341,23.56365365,87.29875897 ,46.29599876403809,86.54184507412928 ,30000.0,10:16:58 AM,1572670018539
0.17381287 ,1.1237335 ,12.083176,23.56365365,87.29875897 ,46.29599876403809,86.54184507412928 ,30000.0,10:16:58 AM,1572670018544
5.073532 ,3.3692474 ,20.207779,23.56365365,87.29875897 ,46.29599876403809,86.54184507412928 ,30000.0,10:16:58 AM,1572670018552
2.4584808 ,-0.58395386 ,14.481415,23.56365365,87.29875897 ,46.29599876403809,86.54184507412928 ,30000.0,10:16:58 AM,1572670018555
-0.76664734 ,-1.7281952 ,14.689896,23.56365365,87.29875897 ,46.29599876403809,86.54184507412928 ,30000.0,10:16:58 AM,1572670018559
-2.4292145 ,-0.4862671 ,18.19754,23.56365365,87.29875897 ,46.29599876403809,86.54184507412928 ,30000.0,10:16:58 AM,1572670018565
-3.0783386 ,0.3675995 ,12.140671,23.56365365,87.29875897 ,46.29599876403809,86.54184507412928 ,30000.0,10:16:58 AM,1572670018570
-1.4475708 ,2.6685028 ,11.4418335,23.56365365,87.29875897 ,46.29599876403809,86.54184507412928 ,30000.0,10:16:58 AM,1572670018574
2.8570404 ,2.136078 ,5.212143,23.56365365,87.29875897 ,46.29599876403809,86.54184507412928 ,30000.0,10:16:58 AM,1572670018579
3.6092834 ,4.0236816 ,9.608978,23.56365365,87.29875897 ,46.29599876403809,86.54184507412928 ,30000.0,10:16:58 AM,1572670018585
-0.8787079 ,3.6236725 ,11.686951,23.56365365,87.29875897 ,46.29599876403809,87.13610228422533 ,30000.0,10:16:58 AM,1572670018588
-3.2769928 ,3.6205597 ,13.153076,23.56365365,87.29875897 ,46.29599876403809,87.13610228422533 ,30000.0,10:16:58 AM,1572670018593
1.141037 ,2.600586 ,11.064209,23.56365365,87.29875897 ,46.29599876403809,87.13610228422533 ,30000.0,10:16:58 AM,1572670018597
6.1685944 ,4.5782166 ,11.705536,23.56365365,87.29875897 ,46.29599876403809,87.13610228422533 ,30000.0,10:16:58 AM,1572670018602
4.0225525 ,6.61026 ,6.570038,23.56365365,87.29875897 ,46.29599876403809,87.13610228422533 ,30000.0,10:16:58 AM,1572670018607
-2.3440094 ,8.236542 ,0.06983948,23.56365365,87.29875897 ,46.29599876403809,87.13610228422533 ,30000.0,10:16:58 AM,1572670018612
-2.9905396 ,9.052002 ,-5.417389,23.56365365,87.29875897 ,46.29599876403809,87.13610228422533 ,30000.0,10:16:58 AM,1572670018619
2.8383942 ,10.539444 ,-7.1446686,23.56365365,87.29875897 ,46.29599876403809,87.13610228422533 ,30000.0,10:16:58 AM,1572670018622
4.868271 ,11.398285 ,-6.5147552,23.56365365,87.29875897 ,46.29599876403809,87.13610228422533 ,30000.0,10:16:58 AM,1572670018627
-1.8368683 ,9.6521 ,-0.13720703,23.56365365,87.29875897 ,46.29599876403809,87.13610228422533 ,30000.0,10:16:58 AM,1572670018631
-8.369568 ,4.1188354 ,2.3036346,23.56365365,87.29875897 ,46.29599876403809,87.13610228422533 ,30000.0,10:16:58 AM,1572670018637
-6.531143 ,1.271286 ,10.083267,23.56365365,87.29875897 ,46.29599876403809,87.13610228422533 ,30000.0,10:16:58 AM,1572670018641
0.14120483 ,0.38285828 ,16.033768,23.56365365,87.29875897 ,46.29599876403809,87.13610228422533 ,30000.0,10:16:58 AM,1572670018647
1.7437134 ,1.9810028 ,20.793274,23.56365365,87.29875897 ,46.29599876403809,87.13610228422533 ,30000.0,10:16:58 AM,1572670018657
-4.6095886 ,-1.0812988 ,17.646194,23.56365365,87.29875897 ,46.29599876403809,87.13610228422533 ,30000.0,10:16:58 AM,1572670018659
-7.685089 ,-3.1311188 ,12.021927,23.56365365,87.29875897 ,46.29599876403809,87.13610228422533 ,30000.0,10:16:58 AM,1572670018661
-3.2638855 ,-2.6683044 ,17.605682,23.56365365,87.29875897 ,46.29599876403809,87.13610228422533 ,30000.0,10:16:58 AM,1572670018666
1.6937256 ,-2.2598572 ,16.351501,23.56365365,87.29875897 ,46.29599876403809,87.13610228422533 ,30000.0,10:16:58 AM,1572670018676
0.17675781 ,-1.7746582 ,21.236893,23.56365365,87.29875897 ,46.29599876403809,87.13610228422533 ,30000.0,10:16:58 AM,1572670018679
-1.1537781 ,-3.4056091 ,14.50383,23.56365365,87.29875897 ,46.29599876403809,87.13610228422533 ,30000.0,10:16:58 AM,1572670018685
0.98365784 ,-0.5438843 ,16.041306,23.56365365,87.29875897 ,46.29599876403809,87.13610228422533 ,30000.0,10:16:58 AM,1572670018688
4.4719086 ,2.7555695 ,7.6221924,23.56365365,87.29875897 ,46.29599876403809,87.13610228422533 ,30000.0,10:16:58 AM,1572670018693
4.035324 ,7.327194 ,7.5533447,23.56365365,87.29875897 ,46.29599876403809,87.13610228422533 ,30000.0,10:16:58 AM,1572670018699
3.0761566 ,4.4065247 ,-7.7785187,23.56365365,87.29875897 ,46.29599876403809,87.13610228422533 ,30000.0,10:16:58 AM,1572670018707
2.6704407 ,8.276245 ,0.19837952,23.56365365,87.29875897 ,46.29599876403809,87.13610228422533 ,30000.0,10:16:58 AM,1572670018708
-1.5224762 ,7.3211823 ,6.669464,23.56365365,87.29875897 ,46.29599876403809,87.13610228422533 ,30000.0,10:16:58 AM,1572670018712
-6.6554413 ,4.8916626 ,4.0102234,23.56365365,87.29875897 ,46.29599876403809,87.13610228422533 ,30000.0,10:16:58 AM,1572670018719
-4.1530914 ,4.0983734 ,7.7427826,23.56365365,87.29875897 ,46.29599876403809,87.13610228422533 ,30000.0,10:16:58 AM,1572670018723
4.158554 ,2.1089172 ,7.552582,23.56365365,87.29875897 ,46.29599876403809,87.13610228422533 ,30000.0,10:16:58 AM,1572670018727
4.0864105 ,2.3315277 ,11.011246,23.56365365,87.29875897 ,46.29599876403809,87.13610228422533 ,30000.0,10:16:58 AM,1572670018732
-4.791733 ,1.5542755 ,11.894989,23.56365365,87.29875897 ,46.29599876403809,87.13610228422533 ,30000.0,10:16:58 AM,1572670018739
-8.501831 ,0.5140991 ,8.737442,23.56365365,87.29875897 ,46.29599876403809,87.13610228422533 ,30000.0,10:16:58 AM,1572670018744
-2.506668 ,0.2776947 ,7.604141,23.56365365,87.29875897 ,46.29599876403809,87.13610228422533 ,30000.0,10:16:58 AM,1572670018747
2.5503082 ,-0.006088257 ,11.106262,23.56365365,87.29875897 ,46.29599876403809,87.13610228422533 ,30000.0,10:16:58 AM,1572670018757
-0.7808838 ,-0.10462952 ,18.35469,23.56365365,87.29875897 ,46.29599876403809,87.13610228422533 ,30000.0,10:16:58 AM,1572670018759
-3.842102 ,-2.8473358 ,16.239746,23.56365365,87.29875897 ,46.29599876403809,87.13610228422533 ,30000.0,10:16:58 AM,1572670018760
0.6160126 ,-0.5408325 ,19.902496,23.56365365,87.29875897 ,46.29599876403809,87.13610228422533 ,30000.0,10:16:58 AM,1572670018772
5.3198853 ,3.0356445 ,24.871155,23.56365365,87.29875897 ,46.29599876403809,87.13610228422533 ,30000.0,10:16:58 AM,1572670018775
5.2457733 ,4.238327 ,11.443268,23.56365365,87.29875897 ,46.29599876403809,87.13610228422533 ,30000.0,10:16:58 AM,1572670018776
