x,y,z,latitude,longitude,speed,sound,light,time,timestamp
-0.77233887 ,0.608078 ,14.806839,23.56301968,87.29876586 ,38.30400123596191,86.40153563048214 ,23753.0,10:16:52 AM,1572670012816
9.213913 ,3.0761871 ,19.89119,23.56301968,87.29876586 ,38.30400123596191,86.40153563048214 ,23753.0,10:16:52 AM,1572670012818
10.43866 ,5.32753 ,8.970047,23.56301968,87.29876586 ,38.30400123596191,86.40153563048214 ,23753.0,10:16:52 AM,1572670012824
-1.6372528 ,8.509491 ,0.5744171,23.56301968,87.29876586 ,38.30400123596191,86.40153563048214 ,23753.0,10:16:52 AM,1572670012830
-9.90416 ,5.874069 ,-10.145706,23.56301968,87.29876586 ,38.30400123596191,86.40153563048214 ,23753.0,10:16:52 AM,1572670012833
-5.698227 ,9.152283 ,-7.961441,23.56301968,87.29876586 ,38.30400123596191,87.69030844023872 ,23753.0,10:16:52 AM,1572670012836
-1.9533386 ,8.977203 ,1.9922638,23.56301968,87.29876586 ,38.30400123596191,87.69030844023872 ,23753.0,10:16:52 AM,1572670012840
-4.3459015 ,3.8893433 ,2.677765,23.56301968,87.29876586 ,38.30400123596191,87.69030844023872 ,23753.0,10:16:52 AM,1572670012845
-4.6762238 ,3.5566711 ,15.964508,23.56301968,87.29876586 ,38.30400123596191,87.69030844023872 ,23753.0,10:16:52 AM,1572670012855
-1.1499786 ,-1.9424133 ,10.689224,23.56301968,87.29876586 ,38.30400123596191,87.69030844023872 ,23753.0,10:16:52 AM,1572670012860
-0.7432709 ,-0.2599182 ,16.900757,23.56301968,87.29876586 ,38.30400123596191,87.69030844023872 ,23753.0,10:16:52 AM,1572670012865
-3.2057037 ,-1.4703217 ,17.047195,23.56301968,87.29876586 ,38.30400123596191,87.69030844023872 ,23753.0,10:16:52 AM,1572670012869
-2.6786194 ,-0.40361023 ,17.374405,23.56301968,87.29876586 ,38.30400123596191,87.69030844023872 ,23753.0,10:16:52 AM,1572670012873
0.8678131 ,0.20657349 ,18.170105,23.56301968,87.29876586 ,38.30400123596191,87.69030844023872 ,23753.0,10:16:52 AM,1572670012879
5.0472107 ,-0.8989563 ,10.510468,23.56301968,87.29876586 ,38.30400123596191,87.69030844023872 ,23753.0,10:16:52 AM,1572670012883
6.156433 ,3.09758 ,14.141312,23.56301968,87.29876586 ,38.30400123596191,87.69030844023872 ,23753.0,10:16:52 AM,1572670012887
3.234024 ,4.98143 ,4.9207764,23.56301968,87.29876586 ,38.30400123596191,87.69030844023872 ,23753.0,10:16:52 AM,1572670012894
-1.16716 ,7.806244 ,0.92681885,23.56301968,87.29876586 ,38.30400123596191,87.69030844023872 ,23753.0,10:16:52 AM,1572670012897
-0.6239319 ,7.5379333 ,-0.618927,23.56301968,87.29876586 ,38.30400123596191,87.69030844023872 ,23753.0,10:16:52 AM,1572670012902
3.8232422 ,8.900681 ,4.5643463,23.56301968,87.29876586 ,38.30400123596191,87.69030844023872 ,23753.0,10:16:52 AM,1572670012907
2.7534943 ,5.98584 ,2.4571838,23.56301968,87.29876586 ,38.30400123596191,87.69030844023872 ,23753.0,10:16:52 AM,1572670012913
-4.0772705 ,4.7764435 ,6.33963,23.56301968,87.29876586 ,38.30400123596191,87.69030844023872 ,23753.0,10:16:52 AM,1572670012917
-7.593521 ,3.025879 ,11.120819,23.56301968,87.29876586 ,38.30400123596191,87.69030844023872 ,23753.0,10:16:52 AM,1572670012921
-3.1130524 ,2.0171814 ,12.202652,23.56301968,87.29876586 ,38.30400123596191,87.69030844023872 ,23753.0,10:16:52 AM,1572670012928
2.8990784 ,1.9515533 ,16.686432,23.56301968,87.29876586 ,38.30400123596191,87.69030844023872 ,23753.0,10:16:52 AM,1572670012931
3.4352722 ,1.0861664 ,11.857117,23.56301968,87.29876586 ,38.30400123596191,87.69030844023872 ,23753.0,10:16:52 AM,1572670012938
-2.0730896 ,3.511673 ,10.859131,23.56301968,87.29876586 ,38.30400123596191,87.69030844023872 ,23753.0,10:16:52 AM,1572670012942
-4.3771515 ,2.6609802 ,3.2493134,23.56301968,87.29876586 ,38.30400123596191,87.69030844023872 ,23753.0,10:16:52 AM,1572670012947
1.9396362 ,4.7311707 ,3.1569366,23.56301968,87.29876586 ,38.30400123596191,87.69030844023872 ,23753.0,10:16:52 AM,1572670012950
7.411606 ,4.9018707 ,5.6770477,23.56301968,87.29876586 ,38.30400123596191,87.69030844023872 ,23753.0,10:16:52 AM,1572670012956
2.355133 ,3.7806244 ,12.59288,23.56301968,87.29876586 ,38.30400123596191,87.69030844023872 ,23753.0,10:16:52 AM,1572670012962
-4.9534454 ,0.7002106 ,12.346741,23.56301968,87.29876586 ,38.30400123596191,87.69030844023872 ,23753.0,10:16:52 AM,1572670012965
-3.9769135 ,-1.173645 ,8.7982025,23.56301968,87.29876586 ,38.30400123596191,87.69030844023872 ,23753.0,10:16:52 AM,1572670012969
1.0767975 ,1.4714661 ,13.698349,23.56301968,87.29876586 ,38.30400123596191,87.69030844023872 ,23753.0,10:16:52 AM,1572670012975
1.2075653 ,0.62272644 ,12.38121,23.56301968,87.29876586 ,38.30400123596191,87.69030844023872 ,23753.0,10:16:52 AM,1572670012982
-0.745636 ,-0.28131104 ,11.84729,23.56301968,87.29876586 ,38.30400123596191,87.69030844023872 ,30000.0,10:16:52 AM,1572670012990
1.1141663 ,1.4365387 ,21.12819,23.56301968,87.29876586 ,38.30400123596191,87.69030844023872 ,30000.0,10:16:52 AM,1572670012995
3.488037 ,0.7036133 ,15.466217,23.56301968,87.29876586 ,38.30400123596191,87.69030844023872 ,30000.0,10:16:52 AM,1572670012999
1.5431976 ,3.8602142 ,11.486023,23.56301968,87.29876586 ,38.30400123596191,87.69030844023872 ,30000.0,10:16:53 AM,1572670013004
-0.4721985 ,5.8053894 ,-2.1041412,23.56301968,87.29876586 ,38.30400123596191,87.69030844023872 ,30000.0,10:16:53 AM,1572670013012
0.2994995 ,10.637939 ,-2.920807,23.56301968,87.29876586 ,38.30400123596191,87.69030844023872 ,30000.0,10:16:53 AM,1572670013015
2.1060638 ,9.259079 ,-4.5226593,23.56301968,87.29876586 ,38.30400123596191,87.69030844023872 ,30000.0,10:16:53 AM,1572670013018
3.6520386 ,7.7901764 ,1.8916931,23.56301968,87.29876586 ,38.30400123596191,87.69030844023872 ,30000.0,10:16:53 AM,1572670013023
1.3480988 ,5.562561 ,14.617966,23.56301968,87.29876586 ,38.30400123596191,87.69030844023872 ,30000.0,10:16:53 AM,1572670013029
-4.906494 ,3.5176392 ,14.328995,23.56301968,87.29876586 ,38.30400123596191,87.69030844023872 ,30000.0,10:16:53 AM,1572670013033
-8.058899 ,5.0175323 ,15.575363,23.56301968,87.29876586 ,38.30400123596191,87.69030844023872 ,30000.0,10:16:53 AM,1572670013037
-0.53048706 ,4.2057037 ,7.4362335,23.56301968,87.29876586 ,38.30400123596191,87.69030844023872 ,30000.0,10:16:53 AM,1572670013042
8.949097 ,6.347748 ,6.0436096,23.56301968,87.29876586 ,38.30400123596191,87.69030844023872 ,30000.0,10:16:53 AM,1572670013049
6.3885193 ,5.08313 ,3.4363403,23.56301968,87.29876586 ,38.30400123596191,87.69030844023872 ,30000.0,10:16:53 AM,1572670013051
-6.3782043 ,4.4624176 ,8.912369,23.56301968,87.29876586 ,38.30400123596191,87.69030844023872 ,30000.0,10:16:53 AM,1572670013055
-12.844315 ,-0.32206726 ,5.6973877,23.56301968,87.29876586 ,38.30400123596191,87.69030844023872 ,30000.0,10:16:53 AM,1572670013060
-5.4847565 ,-0.21174622 ,11.4184265,23.56311975,87.29876301 ,41.5439998626709,87.69030844023872 ,30000.0,10:16:53 AM,1572670013065
4.7940674 ,-0.08268738 ,17.573212,23.56311975,87.29876301 ,41.5439998626709,87.69030844023872 ,30000.0,10:16:53 AM,1572670013069
5.904022 ,-1.1397247 ,16.52002,23.56311975,87.29876301 ,41.5439998626709,87.69030844023872 ,30000.0,10:16:53 AM,1572670013073
-0.59935 ,-0.47366333 ,18.90944,23.56311975,87.29876301 ,41.5439998626709,87.69030844023872 ,30000.0,10:16:53 AM,1572670013079
-3.5417175 ,-0.68896484 ,10.472992,23.56311975,87.29876301 ,41.5439998626709,87.69030844023872 ,30000.0,10:16:53 AM,1572670013084
1.1905823 ,3.7935028 ,5.980835,23.56311975,87.29876301 ,41.5439998626709,87.69030844023872 ,30000.0,10:16:53 AM,1572670013088
6.106247 ,4.8054504 ,2.112915,23.56311975,87.29876301 ,41.5439998626709,87.69030844023872 ,30000.0,10:16:53 AM,1572670013096
3.7749023 ,7.3084564 ,11.340286,23.56311975,87.29876301 ,41.5439998626709,87.69030844023872 ,30000.0,10:16:53 AM,1572670013099
-2.6751251 ,3.4122314 ,11.345779,23.56311975,87.29876301 ,41.5439998626709,87.69030844023872 ,30000.0,10:16:53 AM,1572670013103
-4.5430603 ,0.4513092 ,10.290253,23.56311975,87.29876301 ,41.5439998626709,87.69030844023872 ,30000.0,10:16:53 AM,1572670013108
-0.48262024 ,1.5380554 ,17.950745,23.56311975,87.29876301 ,41.5439998626709,87.69030844023872 ,30000.0,10:16:53 AM,1572670013114
2.9286194 ,0.7019806 ,14.157227,23.56311975,87.29876301 ,41.5439998626709,87.69030844023872 ,30000.0,10:16:53 AM,1572670013123
2.1664429 ,2.560089 ,15.299606,23.56311975,87.29876301 ,41.5439998626709,87.69030844023872 ,30000.0,10:16:53 AM,1572670013133
-0.29534912 ,1.6425781 ,16.009521,23.56311975,87.29876301 ,41.5439998626709,87.69030844023872 ,30000.0,10:16:53 AM,1572670013135
0.91368103 ,3.888565 ,12.874222,23.56311975,87.29876301 ,41.5439998626709,87.69030844023872 ,30000.0,10:16:53 AM,1572670013137
1.9152374 ,5.7352905 ,5.796402,23.56311975,87.29876301 ,41.5439998626709,87.69030844023872 ,30000.0,10:16:53 AM,1572670013142
2.1236877 ,7.76532 ,-3.6007233,23.56311975,87.29876301 ,41.5439998626709,87.69030844023872 ,30000.0,10:16:53 AM,1572670013151
2.849121 ,12.350418 ,0.7035217,23.56311975,87.29876301 ,41.5439998626709,87.69030844023872 ,30000.0,10:16:53 AM,1572670013152
3.8220367 ,10.5516205 ,-4.316147,23.56311975,87.29876301 ,41.5439998626709,87.69030844023872 ,30000.0,10:16:53 AM,1572670013157
2.4933624 ,13.364441 ,-1.567276,23.56311975,87.29876301 ,41.5439998626709,87.69030844023872 ,30000.0,10:16:53 AM,1572670013164
-1.5399933 ,10.80864 ,-6.319763,23.56311975,87.29876301 ,41.5439998626709,87.69030844023872 ,30000.0,10:16:53 AM,1572670013166
-3.9311218 ,9.171158 ,-0.91586304,23.56311975,87.29876301 ,41.5439998626709,87.69030844023872 ,30000.0,10:16:53 AM,1572670013170
-2.958786 ,4.814972 ,8.745819,23.56311975,87.29876301 ,41.5439998626709,87.69030844023872 ,30000.0,10:16:53 AM,1572670013176
0.0049743652 ,1.2484131 ,16.344711,23.56311975,87.29876301 ,41.5439998626709,87.69030844023872 ,30000.0,10:16:53 AM,1572670013181
0.9132843 ,0.45135498 ,21.92572,23.56311975,87.29876301 ,41.5439998626709,87.69030844023872 ,30000.0,10:16:53 AM,1572670013185
-2.4141998 ,-1.0420685 ,16.846634,23.56311975,87.29876301 ,41.5439998626709,87.69030844023872 ,30000.0,10:16:53 AM,1572670013190
-5.993271 ,-0.7039337 ,15.406326,23.56311975,87.29876301 ,41.5439998626709,87.69030844023872 ,30000.0,10:16:53 AM,1572670013199
-3.956665 ,-2.8191986 ,9.538574,23.56311975,87.29876301 ,41.5439998626709,87.69030844023872 ,30000.0,10:16:53 AM,1572670013200
2.9185486 ,-2.2623138 ,10.1128845,23.56311975,87.29876301 ,41.5439998626709,87.69030844023872 ,30000.0,10:16:53 AM,1572670013204
6.74646 ,-0.9082184 ,16.012894,23.56311975,87.29876301 ,41.5439998626709,87.69030844023872 ,30000.0,10:16:53 AM,1572670013209
2.9997406 ,1.2281189 ,19.263824,23.56311975,87.29876301 ,41.5439998626709,87.69030844023872 ,30000.0,10:16:53 AM,1572670013215
-2.2264404 ,1.0449219 ,11.081818,23.56311975,87.29876301 ,41.5439998626709,87.69030844023872 ,30000.0,10:16:53 AM,1572670013219
-0.2167511 ,3.5469513 ,4.102295,23.56311975,87.29876301 ,41.5439998626709,87.69030844023872 ,30000.0,10:16:53 AM,1572670013224
4.890503 ,9.026886 ,7.3433228,23.56311975,87.29876301 ,41.5439998626709,87.69030844023872 ,30000.0,10:16:53 AM,1572670013230
4.4685974 ,9.256775 ,-2.5603333,23.56311975,87.29876301 ,41.5439998626709,87.69030844023872 ,30000.0,10:16:53 AM,1572670013235
-1.4580536 ,13.700287 ,0.67099,23.56311975,87.29876301 ,41.5439998626709,87.69030844023872 ,30000.0,10:16:53 AM,1572670013238
-4.8258667 ,12.630051 ,-0.3678589,23.56311975,87.29876301 ,41.5439998626709,87.69030844023872 ,30000.0,10:16:53 AM,1572670013243
-0.8821564 ,11.369553 ,-9.383362,23.56311975,87.29876301 ,41.5439998626709,87.69030844023872 ,30000.0,10:16:53 AM,1572670013249
0.20323181 ,7.7977295 ,-1.2347412,23.56311975,87.29876301 ,41.5439998626709,87.69030844023872 ,30000.0,10:16:53 AM,1572670013257
-4.520706 ,3.0224152 ,6.2678986,23.56311975,87.29876301 ,41.5439998626709,87.69030844023872 ,30000.0,10:16:53 AM,1572670013264
-9.481277 ,3.4069214 ,19.525818,23.56311975,87.29876301 ,41.5439998626709,87.69030844023872 ,30000.0,10:16:53 AM,1572670013267
-8.171814 ,-3.3522797 ,7.8286285,23.56311975,87.29876301 ,41.5439998626709,87.69030844023872 ,30000.0,10:16:53 AM,1572670013271
-1.3461304 ,-1.0657043 ,14.435074,23.56311975,87.29876301 ,41.5439998626709,87.69030844023872 ,30000.0,10:16:53 AM,1572670013276
2.6017456 ,-2.125061 ,21.705002,23.56311975,87.29876301 ,41.5439998626709,87.69030844023872 ,30000.0,10:16:53 AM,1572670013281
1.0018005 ,-3.294342 ,18.495956,23.56311975,87.29876301 ,41.5439998626709,87.69030844023872 ,30000.0,10:16:53 AM,1572670013286
-1.5206909 ,-3.19635 ,14.858475,23.56311975,87.29876301 ,41.5439998626709,87.69030844023872 ,30000.0,10:16:53 AM,1572670013290
1.0506439 ,-2.2358856 ,7.86734,23.56311975,87.29876301 ,41.5439998626709,87.69030844023872 ,30000.0,10:16:53 AM,1572670013297
5.291092 ,2.3640747 ,11.509979,23.56311975,87.29876301 ,41.5439998626709,87.69030844023872 ,30000.0,10:16:53 AM,1572670013301
4.6292267 ,1.1599884 ,6.6239014,23.56311975,87.29876301 ,41.5439998626709,86.91644678659266 ,30000.0,10:16:53 AM,1572670013306
