x,y,z,latitude,longitude,speed,sound,light,time,timestamp
5.6286163 ,1.4940033 ,17.971008,23.55627869,87.2986576 ,52.560001373291016,87.24070991750824 ,30000.0,10:15:46 AM,1572669946157
-1.2592468 ,-0.5562439 ,19.049957,23.55627869,87.2986576 ,52.560001373291016,87.24070991750824 ,30000.0,10:15:46 AM,1572669946161
-5.69368 ,1.4157867 ,14.019821,23.55627869,87.2986576 ,52.560001373291016,87.24070991750824 ,30000.0,10:15:46 AM,1572669946169
-1.9484406 ,7.4012146 ,6.455124,23.55627869,87.2986576 ,52.560001373291016,87.24070991750824 ,30000.0,10:15:46 AM,1572669946170
1.820694 ,11.011368 ,-1.8647461,23.55627869,87.2986576 ,52.560001373291016,87.24070991750824 ,30000.0,10:15:46 AM,1572669946174
-0.7372894 ,8.97966 ,-12.293167,23.55627869,87.2986576 ,52.560001373291016,87.24070991750824 ,30000.0,10:15:46 AM,1572669946179
-1.7636566 ,9.180756 ,-3.1534271,23.55627869,87.2986576 ,52.560001373291016,87.24070991750824 ,30000.0,10:15:46 AM,1572669946186
1.7220764 ,8.018768 ,13.851501,23.55627869,87.2986576 ,52.560001373291016,87.24070991750824 ,30000.0,10:15:46 AM,1572669946190
-0.5508728 ,2.471161 ,15.851959,23.55627869,87.2986576 ,52.560001373291016,87.24070991750824 ,30000.0,10:15:46 AM,1572669946193
-6.391037 ,-3.275177 ,16.31807,23.55627869,87.2986576 ,52.560001373291016,87.24070991750824 ,30000.0,10:15:46 AM,1572669946198
0.48179626 ,0.19238281 ,17.367645,23.55627869,87.2986576 ,52.560001373291016,87.24070991750824 ,30000.0,10:15:46 AM,1572669946203
9.649445 ,6.0643005 ,19.039673,23.55627869,87.2986576 ,52.560001373291016,87.24070991750824 ,30000.0,10:15:46 AM,1572669946208
8.673355 ,3.4550781 ,-1.2380676,23.55627869,87.2986576 ,52.560001373291016,87.24070991750824 ,30000.0,10:15:46 AM,1572669946219
-2.0606537 ,4.8470154 ,2.055191,23.55627869,87.2986576 ,52.560001373291016,87.24070991750824 ,30000.0,10:15:46 AM,1572669946223
-2.911972 ,7.6510468 ,7.880844,23.55627869,87.2986576 ,52.560001373291016,87.24070991750824 ,30000.0,10:15:46 AM,1572669946227
2.490631 ,6.318283 ,9.435013,23.55627869,87.2986576 ,52.560001373291016,87.24070991750824 ,30000.0,10:15:46 AM,1572669946238
2.9284058 ,1.6354675 ,4.1142426,23.55627869,87.2986576 ,52.560001373291016,87.24070991750824 ,30000.0,10:15:46 AM,1572669946240
1.0289917 ,0.5018921 ,13.511856,23.55627869,87.2986576 ,52.560001373291016,87.24070991750824 ,30000.0,10:15:46 AM,1572669946241
1.9411163 ,3.2789612 ,27.36911,23.55627869,87.2986576 ,52.560001373291016,87.24070991750824 ,30000.0,10:15:46 AM,1572669946247
-0.8611908 ,0.35076904 ,20.32927,23.55627869,87.2986576 ,52.560001373291016,87.24070991750824 ,30000.0,10:15:46 AM,1572669946254
-4.869568 ,-3.6148682 ,7.527893,23.55627869,87.2986576 ,52.560001373291016,87.24070991750824 ,30000.0,10:15:46 AM,1572669946258
-0.6178589 ,1.2219696 ,9.93866,23.55627869,87.2986576 ,52.560001373291016,87.24070991750824 ,30000.0,10:15:46 AM,1572669946260
3.8257294 ,7.135666 ,12.805832,23.55627869,87.2986576 ,52.560001373291016,87.24070991750824 ,30000.0,10:15:46 AM,1572669946266
-3.053421 ,4.976715 ,2.2850494,23.55627869,87.2986576 ,52.560001373291016,87.24070991750824 ,30000.0,10:15:46 AM,1572669946272
-9.700226 ,2.5868988 ,-1.1678925,23.55627869,87.2986576 ,52.560001373291016,87.24070991750824 ,30000.0,10:15:46 AM,1572669946276
-3.1912842 ,5.49234 ,11.617706,23.55627869,87.2986576 ,52.560001373291016,87.24070991750824 ,30000.0,10:15:46 AM,1572669946280
4.459854 ,5.704056 ,17.148102,23.55627869,87.2986576 ,52.560001373291016,87.24070991750824 ,30000.0,10:15:46 AM,1572669946287
0.72828674 ,3.1723633 ,11.015533,23.55627869,87.2986576 ,52.560001373291016,87.24070991750824 ,30000.0,10:15:46 AM,1572669946290
-3.2889557 ,3.7561798 ,6.5730133,23.55627869,87.2986576 ,52.560001373291016,87.24070991750824 ,30000.0,10:15:46 AM,1572669946295
1.7147217 ,8.292313 ,9.902206,23.55627869,87.2986576 ,52.560001373291016,87.24070991750824 ,30000.0,10:15:46 AM,1572669946302
5.272354 ,7.092163 ,2.6040192,23.55627869,87.2986576 ,52.560001373291016,87.24070991750824 ,30000.0,10:15:46 AM,1572669946305
0.109817505 ,4.1443024 ,3.0304718,23.55627869,87.2986576 ,52.560001373291016,87.24070991750824 ,30000.0,10:15:46 AM,1572669946309
-0.9497986 ,5.2628937 ,12.594818,23.55627869,87.2986576 ,52.560001373291016,87.24070991750824 ,30000.0,10:15:46 AM,1572669946315
2.277588 ,6.419403 ,17.85701,23.55627869,87.2986576 ,52.560001373291016,87.24070991750824 ,30000.0,10:15:46 AM,1572669946321
0.22790527 ,4.042389 ,11.629181,23.55627869,87.2986576 ,52.560001373291016,87.24070991750824 ,30000.0,10:15:46 AM,1572669946325
-0.6170349 ,1.2630768 ,3.6160278,23.55627869,87.2986576 ,52.560001373291016,87.24070991750824 ,30000.0,10:15:46 AM,1572669946328
6.3285675 ,6.398834 ,11.031174,23.55627869,87.2986576 ,52.560001373291016,87.24070991750824 ,30000.0,10:15:46 AM,1572669946333
4.9464417 ,7.16864 ,12.648499,23.55627869,87.2986576 ,52.560001373291016,87.24070991750824 ,30000.0,10:15:46 AM,1572669946339
-9.750839 ,1.1913147 ,3.2487488,23.55627869,87.2986576 ,52.560001373291016,87.24070991750824 ,30000.0,10:15:46 AM,1572669946343
-14.158752 ,0.6768036 ,12.533203,23.55627869,87.2986576 ,52.560001373291016,87.24070991750824 ,30000.0,10:15:46 AM,1572669946354
-2.2051697 ,4.7783813 ,17.831589,23.55627869,87.2986576 ,52.560001373291016,87.24070991750824 ,30000.0,10:15:46 AM,1572669946358
9.097702 ,7.9570465 ,9.969879,23.55627869,87.2986576 ,52.560001373291016,87.24070991750824 ,30000.0,10:15:46 AM,1572669946363
7.017151 ,9.057983 ,-1.2786407,23.55627869,87.2986576 ,52.560001373291016,87.24070991750824 ,30000.0,10:15:46 AM,1572669946367
-0.19940186 ,9.188232 ,-9.529602,23.55627869,87.2986576 ,52.560001373291016,87.24070991750824 ,30000.0,10:15:46 AM,1572669946373
-0.4721985 ,13.065643 ,-1.4552612,23.55627869,87.2986576 ,52.560001373291016,87.24070991750824 ,30000.0,10:15:46 AM,1572669946377
-1.7951813 ,6.2663116 ,2.0852814,23.55627869,87.2986576 ,52.560001373291016,87.24070991750824 ,30000.0,10:15:46 AM,1572669946381
-5.118683 ,-0.25378418 ,7.7960052,23.55627869,87.2986576 ,52.560001373291016,87.24070991750824 ,30000.0,10:15:46 AM,1572669946388
0.07778931 ,-0.44680786 ,18.678162,23.55627869,87.2986576 ,52.560001373291016,87.24070991750824 ,30000.0,10:15:46 AM,1572669946390
7.886093 ,2.2634125 ,26.021866,23.55627869,87.2986576 ,52.560001373291016,87.24070991750824 ,30000.0,10:15:46 AM,1572669946395
7.7004395 ,-0.68403625 ,15.156937,23.55627869,87.2986576 ,52.560001373291016,87.24070991750824 ,30000.0,10:15:46 AM,1572669946400
2.1608276 ,-2.1329498 ,13.441055,23.55627869,87.2986576 ,52.560001373291016,87.24070991750824 ,30000.0,10:15:46 AM,1572669946406
-0.37738037 ,0.40951538 ,19.402588,23.55627869,87.2986576 ,52.560001373291016,87.24070991750824 ,30000.0,10:15:46 AM,1572669946410
-0.8223419 ,1.024292 ,12.084015,23.55627869,87.2986576 ,52.560001373291016,87.24070991750824 ,30000.0,10:15:46 AM,1572669946417
-4.455551 ,0.8298187 ,7.454315,23.55627869,87.2986576 ,52.560001373291016,87.24070991750824 ,30000.0,10:15:46 AM,1572669946419
-5.313492 ,2.3525238 ,9.655792,23.55627869,87.2986576 ,52.560001373291016,87.24070991750824 ,30000.0,10:15:46 AM,1572669946425
1.0415497 ,6.0477905 ,14.550278,23.55627869,87.2986576 ,52.560001373291016,87.24070991750824 ,30000.0,10:15:46 AM,1572669946429
4.07399 ,6.7175293 ,10.899246,23.55627869,87.2986576 ,52.560001373291016,87.24070991750824 ,30000.0,10:15:46 AM,1572669946436
-2.8146973 ,5.292816 ,2.0243835,23.55627869,87.2986576 ,52.560001373291016,87.24070991750824 ,30000.0,10:15:46 AM,1572669946438
-5.2750244 ,7.62677 ,-0.76205444,23.55627869,87.2986576 ,52.560001373291016,87.24070991750824 ,30000.0,10:15:46 AM,1572669946443
1.3404694 ,10.681702 ,8.045776,23.55627869,87.2986576 ,52.560001373291016,87.24070991750824 ,30000.0,10:15:46 AM,1572669946448
2.7098389 ,4.6284637 ,-0.11634827,23.55627869,87.2986576 ,52.560001373291016,87.24070991750824 ,30000.0,10:15:46 AM,1572669946455
-4.223648 ,-0.68536377 ,3.9496155,23.55627869,87.2986576 ,52.560001373291016,87.24070991750824 ,30000.0,10:15:46 AM,1572669946457
-4.5154266 ,1.5481873 ,22.8806,23.55627869,87.2986576 ,52.560001373291016,87.24070991750824 ,30000.0,10:15:46 AM,1572669946462
-0.07785034 ,3.136856 ,22.408432,23.55627869,87.2986576 ,52.560001373291016,87.24070991750824 ,30000.0,10:15:46 AM,1572669946467
1.1947021 ,2.8986816 ,4.74234,23.55627869,87.2986576 ,52.560001373291016,87.24070991750824 ,30000.0,10:15:46 AM,1572669946472
3.4031067 ,5.9951935 ,-2.4889069,23.55627869,87.2986576 ,52.560001373291016,87.24070991750824 ,30000.0,10:15:46 AM,1572669946481
10.059433 ,12.041885 ,-5.137253,23.55627869,87.2986576 ,52.560001373291016,87.24070991750824 ,30000.0,10:15:46 AM,1572669946486
6.641983 ,10.72435 ,-1.7653656,23.55627869,87.2986576 ,52.560001373291016,87.24070991750824 ,30000.0,10:15:46 AM,1572669946490
-6.8750916 ,4.2282715 ,5.4010773,23.55627869,87.2986576 ,52.560001373291016,87.24070991750824 ,30000.0,10:15:46 AM,1572669946496
-10.082962 ,-3.9723358 ,5.1137543,23.55627869,87.2986576 ,52.560001373291016,87.24070991750824 ,30000.0,10:15:46 AM,1572669946501
-1.2601471 ,-1.2192535 ,23.782288,23.55627869,87.2986576 ,52.560001373291016,87.24070991750824 ,30000.0,10:15:46 AM,1572669946508
5.25679 ,-1.513443 ,32.351425,23.55627869,87.2986576 ,52.560001373291016,87.24070991750824 ,30000.0,10:15:46 AM,1572669946512
5.3998566 ,-4.65596 ,20.002518,23.55627869,87.2986576 ,52.560001373291016,87.24070991750824 ,30000.0,10:15:46 AM,1572669946516
2.3796692 ,-0.6906738 ,12.702789,23.55627869,87.2986576 ,52.560001373291016,87.24070991750824 ,30000.0,10:15:46 AM,1572669946522
1.0169525 ,7.3752747 ,9.461334,23.55627869,87.2986576 ,52.560001373291016,87.24070991750824 ,30000.0,10:15:46 AM,1572669946524
-1.5434265 ,9.5785675 ,-7.9727936,23.55627869,87.2986576 ,52.560001373291016,87.24070991750824 ,30000.0,10:15:46 AM,1572669946530
-4.2673187 ,10.798569 ,-15.308762,23.55627869,87.2986576 ,52.560001373291016,87.24070991750824 ,30000.0,10:15:46 AM,1572669946535
-1.3515472 ,12.69603 ,-2.2163239,23.55627869,87.2986576 ,52.560001373291016,87.24070991750824 ,30000.0,10:15:46 AM,1572669946539
2.864685 ,9.491791 ,8.965118,23.55627869,87.2986576 ,52.560001373291016,87.24070991750824 ,30000.0,10:15:46 AM,1572669946544
-0.20942688 ,1.5388031 ,9.880829,23.55627869,87.2986576 ,52.560001373291016,87.24070991750824 ,30000.0,10:15:46 AM,1572669946549
-2.7655334 ,-1.9617767 ,13.716522,23.55627869,87.2986576 ,52.560001373291016,87.24070991750824 ,30000.0,10:15:46 AM,1572669946556
2.583969 ,2.882782 ,23.891006,23.55627869,87.2986576 ,52.560001373291016,87.24070991750824 ,30000.0,10:15:46 AM,1572669946559
7.5472565 ,2.4539642 ,16.713608,23.55627869,87.2986576 ,52.560001373291016,87.24070991750824 ,30000.0,10:15:46 AM,1572669946563
6.374008 ,-0.44023132 ,5.7729797,23.55627869,87.2986576 ,52.560001373291016,87.24070991750824 ,30000.0,10:15:46 AM,1572669946568
3.2535706 ,2.7703247 ,9.849686,23.55627869,87.2986576 ,52.560001373291016,87.24070991750824 ,30000.0,10:15:46 AM,1572669946575
-0.79862976 ,4.5711975 ,11.343277,23.55627869,87.2986576 ,52.560001373291016,87.24070991750824 ,30000.0,10:15:46 AM,1572669946579
-7.0091553 ,3.0950928 ,7.2198486,23.55627869,87.2986576 ,52.560001373291016,87.24070991750824 ,30000.0,10:15:46 AM,1572669946583
-8.454086 ,-1.2767487 ,4.464859,23.55627869,87.2986576 ,52.560001373291016,87.24070991750824 ,30000.0,10:15:46 AM,1572669946589
0.4253235 ,1.8854523 ,15.106125,23.55627869,87.2986576 ,52.560001373291016,87.24070991750824 ,30000.0,10:15:46 AM,1572669946593
5.92276 ,3.344574 ,22.233505,23.55627869,87.2986576 ,52.560001373291016,86.67147317521508 ,30000.0,10:15:46 AM,1572669946597
-0.41316223 ,0.6241455 ,14.880493,23.55627869,87.2986576 ,52.560001373291016,86.67147317521508 ,30000.0,10:15:46 AM,1572669946602
-5.585083 ,-0.26123047 ,2.0143127,23.55627869,87.2986576 ,52.560001373291016,86.67147317521508 ,30000.0,10:15:46 AM,1572669946607
1.4464417 ,9.571121 ,6.884857,23.55627869,87.2986576 ,52.560001373291016,86.67147317521508 ,30000.0,10:15:46 AM,1572669946617
6.1969147 ,12.152237 ,-0.07380676,23.55627869,87.2986576 ,52.560001373291016,86.67147317521508 ,30000.0,10:15:46 AM,1572669946625
-3.5446777 ,7.901184 ,-8.848602,23.55627869,87.2986576 ,52.560001373291016,86.67147317521508 ,30000.0,10:15:46 AM,1572669946628
-9.780655 ,4.693634 ,-4.175598,23.55627869,87.2986576 ,52.560001373291016,86.67147317521508 ,30000.0,10:15:46 AM,1572669946631
-1.1626129 ,6.805786 ,13.88826,23.55627869,87.2986576 ,52.560001373291016,86.67147317521508 ,30000.0,10:15:46 AM,1572669946636
4.4940033 ,3.0990906 ,14.432114,23.55627869,87.2986576 ,52.560001373291016,86.67147317521508 ,30000.0,10:15:46 AM,1572669946641
-0.6136627 ,-0.30924988 ,11.322037,23.55627869,87.2986576 ,52.560001373291016,86.67147317521508 ,30000.0,10:15:46 AM,1572669946645
-0.36294556 ,2.5091095 ,14.448105,23.55627869,87.2986576 ,52.560001373291016,86.67147317521508 ,30000.0,10:15:46 AM,1572669946649
