x,y,z,latitude,longitude,speed,sound,light,time,timestamp
1.5105896 ,-4.672409 ,16.47908,23.56870474,87.29862535 ,26.02800006866455,84.85854675184292 ,30000.0,10:17:40 AM,1572670060074
1.4217377 ,-4.766449 ,21.545395,23.56870474,87.29862535 ,26.02800006866455,84.85854675184292 ,30000.0,10:17:40 AM,1572670060076
-1.1243134 ,-4.6522827 ,22.489471,23.56870474,87.29862535 ,26.02800006866455,84.85854675184292 ,30000.0,10:17:40 AM,1572670060077
-4.7901154 ,-5.7276917 ,16.771072,23.56873955,87.29866952 ,22.5,84.85854675184292 ,30000.0,10:17:40 AM,1572670060082
-5.8888855 ,-2.7730713 ,12.914139,23.56873955,87.29866952 ,22.5,84.85854675184292 ,30000.0,10:17:40 AM,1572670060088
-4.7994385 ,0.69114685 ,11.817062,23.56873955,87.29866952 ,22.5,84.85854675184292 ,30000.0,10:17:40 AM,1572670060091
-3.596878 ,0.70521545 ,4.5574493,23.56873955,87.29866952 ,22.5,84.85854675184292 ,30000.0,10:17:40 AM,1572670060096
-2.1838226 ,3.8555145 ,13.305481,23.56873955,87.29866952 ,22.5,84.85854675184292 ,30000.0,10:17:40 AM,1572670060102
0.43215942 ,0.65660095 ,10.075928,23.56873955,87.29866952 ,22.5,84.85854675184292 ,30000.0,10:17:40 AM,1572670060106
-1.0043793 ,2.5951233 ,20.64978,23.56873955,87.29866952 ,22.5,84.85854675184292 ,30000.0,10:17:40 AM,1572670060110
-2.247223 ,-1.3968811 ,11.265213,23.56873955,87.29866952 ,22.5,84.85854675184292 ,30000.0,10:17:40 AM,1572670060121
-0.34280396 ,-0.7095032 ,13.275177,23.56873955,87.29866952 ,22.5,84.85854675184292 ,30000.0,10:17:40 AM,1572670060126
1.1717377 ,2.9323273 ,21.587097,23.56873955,87.29866952 ,22.5,84.85854675184292 ,30000.0,10:17:40 AM,1572670060131
-1.1584625 ,0.43792725 ,8.382904,23.56873955,87.29866952 ,22.5,84.85854675184292 ,30000.0,10:17:40 AM,1572670060138
-4.9349823 ,2.254654 ,0.5225525,23.56873955,87.29866952 ,22.5,84.85854675184292 ,30000.0,10:17:40 AM,1572670060140
-4.5014954 ,7.315323 ,4.229431,23.56873955,87.29866952 ,22.5,84.85854675184292 ,30000.0,10:17:40 AM,1572670060146
-0.9731903 ,9.860748 ,-2.218979,23.56873955,87.29866952 ,22.5,84.85854675184292 ,30000.0,10:17:40 AM,1572670060150
0.11828613 ,9.623215 ,-0.40576172,23.56873955,87.29866952 ,22.5,84.85854675184292 ,30000.0,10:17:40 AM,1572670060157
1.4622955 ,10.261108 ,9.028992,23.56873955,87.29866952 ,22.5,84.85854675184292 ,30000.0,10:17:40 AM,1572670060159
2.167282 ,8.634964 ,8.591858,23.56873955,87.29866952 ,22.5,84.85854675184292 ,30000.0,10:17:40 AM,1572670060165
-1.6681366 ,4.987137 ,9.254669,23.56873955,87.29866952 ,22.5,84.85854675184292 ,30000.0,10:17:40 AM,1572670060173
-1.9411163 ,2.6997223 ,11.851364,23.56873955,87.29866952 ,22.5,84.85854675184292 ,30000.0,10:17:40 AM,1572670060175
2.8285217 ,2.359192 ,14.496658,23.56873955,87.29866952 ,22.5,84.85854675184292 ,30000.0,10:17:40 AM,1572670060179
2.0235138 ,1.5280914 ,13.109253,23.56873955,87.29866952 ,22.5,84.85854675184292 ,30000.0,10:17:40 AM,1572670060184
-6.511505 ,0.85887146 ,14.641098,23.56873955,87.29866952 ,22.5,84.85854675184292 ,30000.0,10:17:40 AM,1572670060190
-11.714294 ,-2.3557892 ,7.5040283,23.56873955,87.29866952 ,22.5,84.85854675184292 ,30000.0,10:17:40 AM,1572670060193
-6.4189606 ,-1.2690582 ,9.99617,23.56873955,87.29866952 ,22.5,84.85854675184292 ,30000.0,10:17:40 AM,1572670060199
3.0239563 ,0.82110596 ,17.911667,23.56873955,87.29866952 ,22.5,84.85854675184292 ,30000.0,10:17:40 AM,1572670060206
5.423294 ,1.0963898 ,14.961288,23.56873955,87.29866952 ,22.5,84.85854675184292 ,30000.0,10:17:40 AM,1572670060209
0.39123535 ,-0.67134094 ,6.1654816,23.56873955,87.29866952 ,22.5,84.85854675184292 ,30000.0,10:17:40 AM,1572670060213
-3.8737793 ,0.054504395 ,11.917221,23.56873955,87.29866952 ,22.5,84.85854675184292 ,30000.0,10:17:40 AM,1572670060217
-4.035797 ,1.4351196 ,18.292282,23.56873955,87.29866952 ,22.5,84.85854675184292 ,30000.0,10:17:40 AM,1572670060223
-3.2366943 ,-1.9003754 ,10.112045,23.56873955,87.29866952 ,22.5,84.85854675184292 ,30000.0,10:17:40 AM,1572670060227
-1.3812408 ,0.22540283 ,15.295395,23.56873955,87.29866952 ,22.5,84.85854675184292 ,30000.0,10:17:40 AM,1572670060232
2.596405 ,-0.17521667 ,13.675278,23.56873955,87.29866952 ,22.5,84.85854675184292 ,30000.0,10:17:40 AM,1572670060238
1.982254 ,1.0393829 ,10.293701,23.56873955,87.29866952 ,22.5,84.85854675184292 ,30000.0,10:17:40 AM,1572670060241
-3.5200806 ,-0.3154297 ,6.6866913,23.56873955,87.29866952 ,22.5,84.85854675184292 ,30000.0,10:17:40 AM,1572670060247
-5.1326904 ,-0.14389038 ,8.773773,23.56873955,87.29866952 ,22.5,84.85854675184292 ,30000.0,10:17:40 AM,1572670060250
-4.0060883 ,2.7066193 ,18.86789,23.56873955,87.29866952 ,22.5,84.85854675184292 ,30000.0,10:17:40 AM,1572670060260
-3.964508 ,-1.7109528 ,11.672699,23.56873955,87.29866952 ,22.5,84.85854675184292 ,30000.0,10:17:40 AM,1572670060264
-0.49693298 ,-0.5186615 ,13.5368805,23.56873955,87.29866952 ,22.5,84.85854675184292 ,30000.0,10:17:40 AM,1572670060270
5.0927887 ,1.5348053 ,16.266617,23.56873955,87.29866952 ,22.5,84.85854675184292 ,30000.0,10:17:40 AM,1572670060275
6.2620087 ,3.7857513 ,11.279617,23.56873955,87.29866952 ,22.5,84.85854675184292 ,30000.0,10:17:40 AM,1572670060279
1.9181519 ,3.1812744 ,2.0796661,23.56873955,87.29866952 ,22.5,84.85854675184292 ,30000.0,10:17:40 AM,1572670060284
-0.18156433 ,4.2063904 ,1.108139,23.56873955,87.29866952 ,22.5,84.85854675184292 ,30000.0,10:17:40 AM,1572670060289
1.5851288 ,6.6582947 ,-1.2316132,23.56873955,87.29866952 ,22.5,84.85854675184292 ,30000.0,10:17:40 AM,1572670060295
1.1132355 ,7.156952 ,-6.681839,23.56873955,87.29866952 ,22.5,84.85854675184292 ,30000.0,10:17:40 AM,1572670060300
-3.2000275 ,10.980988 ,2.2892303,23.56873955,87.29866952 ,22.5,84.85854675184292 ,30000.0,10:17:40 AM,1572670060308
-8.76976 ,12.831131 ,-3.7009125,23.56873955,87.29866952 ,22.5,84.85854675184292 ,30000.0,10:17:40 AM,1572670060310
-12.830841 ,16.756607 ,-14.488602,23.56873955,87.29866952 ,22.5,84.85854675184292 ,30000.0,10:17:40 AM,1572670060312
-10.266464 ,16.492477 ,-12.899536,23.56873955,87.29866952 ,22.5,84.85854675184292 ,30000.0,10:17:40 AM,1572670060317
-0.47938538 ,11.761093 ,-8.527496,23.56873955,87.29866952 ,22.5,84.85854675184292 ,30000.0,10:17:40 AM,1572670060323
5.809189 ,9.628769 ,10.466675,23.56873955,87.29866952 ,22.5,84.85854675184292 ,30000.0,10:17:40 AM,1572670060327
4.7877045 ,2.6195984 ,18.020294,23.56873955,87.29866952 ,22.5,84.85854675184292 ,30000.0,10:17:40 AM,1572670060332
0.4707489 ,-1.0955963 ,22.521988,23.56873955,87.29866952 ,22.5,84.85854675184292 ,30000.0,10:17:40 AM,1572670060339
-4.2071075 ,-0.79255676 ,28.83223,23.56873955,87.29866952 ,22.5,84.85854675184292 ,30000.0,10:17:40 AM,1572670060342
-5.4586334 ,-2.9117126 ,17.752884,23.56873955,87.29866952 ,22.5,84.85854675184292 ,30000.0,10:17:40 AM,1572670060347
-3.8405914 ,-1.2223358 ,11.049545,23.56873955,87.29866952 ,22.5,84.85854675184292 ,30000.0,10:17:40 AM,1572670060351
-3.454544 ,2.7407532 ,5.782196,23.56873955,87.29866952 ,22.5,85.24128186854915 ,30000.0,10:17:40 AM,1572670060357
-6.4521637 ,0.37142944 ,-1.7913513,23.56873955,87.29866952 ,22.5,85.24128186854915 ,30000.0,10:17:40 AM,1572670060361
-5.5599365 ,-5.0147552 ,1.4871674,23.56873955,87.29866952 ,22.5,85.24128186854915 ,30000.0,10:17:40 AM,1572670060366
-0.80426025 ,-4.491928 ,25.908554,23.56873955,87.29866952 ,22.5,85.24128186854915 ,30000.0,10:17:40 AM,1572670060373
1.4742432 ,-3.6067047 ,36.537933,23.56873955,87.29866952 ,22.5,85.24128186854915 ,30000.0,10:17:40 AM,1572670060375
1.2291412 ,-7.762024 ,20.457077,23.56873955,87.29866952 ,22.5,85.24128186854915 ,30000.0,10:17:40 AM,1572670060380
1.8131256 ,-9.7756195 ,12.755676,23.56873955,87.29866952 ,22.5,85.24128186854915 ,30000.0,10:17:40 AM,1572670060385
6.1045074 ,-2.2386017 ,25.289886,23.56873955,87.29866952 ,22.5,85.24128186854915 ,30000.0,10:17:40 AM,1572670060395
8.117004 ,-4.791519 ,8.494476,23.56873955,87.29866952 ,22.5,85.24128186854915 ,30000.0,10:17:40 AM,1572670060399
0.18826294 ,-3.571991 ,10.128708,23.56873955,87.29866952 ,22.5,85.24128186854915 ,30000.0,10:17:40 AM,1572670060406
-7.8931274 ,0.99209595 ,21.476822,23.56873955,87.29866952 ,22.5,85.24128186854915 ,30000.0,10:17:40 AM,1572670060409
-7.123947 ,1.0903625 ,8.634933,23.56873955,87.29866952 ,22.5,85.24128186854915 ,30000.0,10:17:40 AM,1572670060414
1.6177979 ,5.2914276 ,0.57362366,23.56873955,87.29866952 ,22.5,85.24128186854915 ,30000.0,10:17:40 AM,1572670060419
5.4138184 ,9.91394 ,10.365723,23.56873955,87.29866952 ,22.5,85.24128186854915 ,30000.0,10:17:40 AM,1572670060425
0.051467896 ,7.9712524 ,10.753784,23.56873955,87.29866952 ,22.5,85.24128186854915 ,30000.0,10:17:40 AM,1572670060428
-6.163803 ,5.1213837 ,4.9398193,23.56873955,87.29866952 ,22.5,85.24128186854915 ,30000.0,10:17:40 AM,1572670060433
-6.1797485 ,5.3298035 ,11.738464,23.56873955,87.29866952 ,22.5,85.24128186854915 ,30000.0,10:17:40 AM,1572670060440
-0.6980133 ,4.552765 ,11.516098,23.56873955,87.29866952 ,22.5,85.24128186854915 ,30000.0,10:17:40 AM,1572670060443
3.961731 ,5.2005615 ,11.614777,23.56873955,87.29866952 ,22.5,85.24128186854915 ,30000.0,10:17:40 AM,1572670060448
3.1783447 ,5.0876007 ,12.684586,23.56873955,87.29866952 ,22.5,85.24128186854915 ,30000.0,10:17:40 AM,1572670060454
-1.3450165 ,3.048584 ,6.15567,23.56873955,87.29866952 ,22.5,85.24128186854915 ,30000.0,10:17:40 AM,1572670060460
-4.9827423 ,3.9591675 ,6.5354614,23.56873955,87.29866952 ,22.5,85.24128186854915 ,30000.0,10:17:40 AM,1572670060463
-5.299881 ,5.952774 ,9.07576,23.56873955,87.29866952 ,22.5,85.24128186854915 ,30000.0,10:17:40 AM,1572670060468
-4.2267 ,6.136429 ,2.916336,23.56873955,87.29866952 ,22.5,85.24128186854915 ,30000.0,10:17:40 AM,1572670060476
-3.950241 ,6.1209717 ,-0.6224518,23.56873955,87.29866952 ,22.5,85.24128186854915 ,30000.0,10:17:40 AM,1572670060479
-4.6558228 ,6.972809 ,3.0339508,23.56873955,87.29866952 ,22.5,85.24128186854915 ,30000.0,10:17:40 AM,1572670060483
-7.3898315 ,5.456375 ,6.7383423,23.56873955,87.29866952 ,22.5,85.24128186854915 ,30000.0,10:17:40 AM,1572670060487
-8.035461 ,3.1280365 ,4.2032776,23.56873955,87.29866952 ,22.5,85.24128186854915 ,30000.0,10:17:40 AM,1572670060495
-3.8361053 ,3.3692017 ,9.552521,23.56873955,87.29866952 ,22.5,85.24128186854915 ,30000.0,10:17:40 AM,1572670060497
-0.46580505 ,2.3475647 ,9.748337,23.56873955,87.29866952 ,22.5,85.24128186854915 ,30000.0,10:17:40 AM,1572670060499
-4.201172 ,1.8772888 ,11.129837,23.56873955,87.29866952 ,22.5,85.24128186854915 ,30000.0,10:17:40 AM,1572670060506
-8.39682 ,-0.2392273 ,11.007996,23.56873955,87.29866952 ,22.5,85.24128186854915 ,30000.0,10:17:40 AM,1572670060509
-5.6121216 ,0.8968506 ,16.615997,23.56873955,87.29866952 ,22.5,85.24128186854915 ,30000.0,10:17:40 AM,1572670060514
0.83296204 ,-0.53367615 ,12.109238,23.56873955,87.29866952 ,22.5,85.24128186854915 ,30000.0,10:17:40 AM,1572670060519
2.5972137 ,0.6242523 ,17.919724,23.56873955,87.29866952 ,22.5,85.24128186854915 ,30000.0,10:17:40 AM,1572670060529
-0.034072876 ,-0.69963074 ,17.166473,23.56873955,87.29866952 ,22.5,85.24128186854915 ,30000.0,10:17:40 AM,1572670060535
-1.5664978 ,0.12654114 ,13.202698,23.56873955,87.29866952 ,22.5,85.24128186854915 ,30000.0,10:17:40 AM,1572670060542
-0.49047852 ,1.6128693 ,7.3080444,23.56873955,87.29866952 ,22.5,85.24128186854915 ,30000.0,10:17:40 AM,1572670060545
-0.20004272 ,3.408661 ,7.133087,23.56873955,87.29866952 ,22.5,85.24128186854915 ,30000.0,10:17:40 AM,1572670060549
-1.7801208 ,2.688202 ,7.7936096,23.56873955,87.29866952 ,22.5,85.24128186854915 ,30000.0,10:17:40 AM,1572670060555
-1.5725403 ,1.3123016 ,7.7020874,23.56873955,87.29866952 ,22.5,85.24128186854915 ,30000.0,10:17:40 AM,1572670060560
0.010818481 ,2.3443604 ,14.43367,23.56873955,87.29866952 ,22.5,85.24128186854915 ,30000.0,10:17:40 AM,1572670060563
