x,y,z,latitude,longitude,speed,sound,light,time,timestamp
-2.8062134 ,8.271454 ,-0.15792847,23.57110716,87.30251513 ,37.9439998626709,85.88390017362062 ,30000.0,10:18:54 AM,1572670134187
4.9901886 ,5.6495056 ,7.9618225,23.57110716,87.30251513 ,37.9439998626709,85.88390017362062 ,30000.0,10:18:54 AM,1572670134195
2.8365784 ,4.5498962 ,9.025452,23.57110716,87.30251513 ,37.9439998626709,85.88390017362062 ,30000.0,10:18:54 AM,1572670134198
-6.2453003 ,3.9611053 ,8.67337,23.57110716,87.30251513 ,37.9439998626709,85.88390017362062 ,30000.0,10:18:54 AM,1572670134201
-7.527603 ,2.8251343 ,6.0986633,23.57110716,87.30251513 ,37.9439998626709,85.88390017362062 ,30000.0,10:18:54 AM,1572670134205
1.6714478 ,5.983246 ,9.938629,23.57110716,87.30251513 ,37.9439998626709,85.88390017362062 ,30000.0,10:18:54 AM,1572670134211
8.053024 ,4.59671 ,5.095215,23.57110716,87.30251513 ,37.9439998626709,85.88390017362062 ,30000.0,10:18:54 AM,1572670134216
0.53092957 ,5.5941925 ,14.983017,23.57110716,87.30251513 ,37.9439998626709,85.88390017362062 ,30000.0,10:18:54 AM,1572670134219
-10.2603 ,0.48976135 ,13.77478,23.57110716,87.30251513 ,37.9439998626709,85.88390017362062 ,30000.0,10:18:54 AM,1572670134229
-7.797714 ,-3.0310059 ,8.20433,23.57110716,87.30251513 ,37.9439998626709,85.88390017362062 ,30000.0,10:18:54 AM,1572670134234
2.8546753 ,0.108551025 ,21.979797,23.57110716,87.30251513 ,37.9439998626709,85.88390017362062 ,30000.0,10:18:54 AM,1572670134238
8.553833 ,0.99005127 ,24.384094,23.57110716,87.30251513 ,37.9439998626709,85.88390017362062 ,30000.0,10:18:54 AM,1572670134244
3.3599396 ,3.155304 ,17.5596,23.57110716,87.30251513 ,37.9439998626709,85.88390017362062 ,30000.0,10:18:54 AM,1572670134248
-6.9633636 ,1.8694916 ,3.0955353,23.57110716,87.30251513 ,37.9439998626709,85.88390017362062 ,30000.0,10:18:54 AM,1572670134253
-8.961594 ,4.830414 ,-3.257492,23.57110716,87.30251513 ,37.9439998626709,85.88390017362062 ,30000.0,10:18:54 AM,1572670134261
-3.3743896 ,7.8539276 ,0.22846985,23.57110716,87.30251513 ,37.9439998626709,85.88390017362062 ,30000.0,10:18:54 AM,1572670134265
-0.377182 ,8.011337 ,7.5885468,23.57110716,87.30251513 ,37.9439998626709,85.88390017362062 ,30000.0,10:18:54 AM,1572670134267
-3.2823334 ,5.686737 ,14.049973,23.57110716,87.30251513 ,37.9439998626709,85.88390017362062 ,30000.0,10:18:54 AM,1572670134272
-4.2473297 ,1.425827 ,10.003998,23.57110716,87.30251513 ,37.9439998626709,85.88390017362062 ,30000.0,10:18:54 AM,1572670134279
1.1022644 ,1.9877472 ,13.059921,23.57110716,87.30251513 ,37.9439998626709,85.4360815673972 ,30000.0,10:18:54 AM,1572670134282
7.015732 ,2.6625977 ,13.305069,23.57110716,87.30251513 ,37.9439998626709,85.4360815673972 ,30000.0,10:18:54 AM,1572670134287
4.740555 ,5.146057 ,13.805786,23.57110716,87.30251513 ,37.9439998626709,85.4360815673972 ,30000.0,10:18:54 AM,1572670134294
-3.9118652 ,4.2586517 ,4.159851,23.57110716,87.30251513 ,37.9439998626709,85.4360815673972 ,30000.0,10:18:54 AM,1572670134297
-7.463211 ,4.3562927 ,1.4101868,23.57110716,87.30251513 ,37.9439998626709,85.4360815673972 ,30000.0,10:18:54 AM,1572670134301
-1.0476837 ,4.02005 ,4.8547974,23.57110716,87.30251513 ,37.9439998626709,85.4360815673972 ,30000.0,10:18:54 AM,1572670134305
4.2929993 ,4.3647156 ,8.271988,23.57110716,87.30251513 ,37.9439998626709,85.4360815673972 ,30000.0,10:18:54 AM,1572670134312
-1.3688202 ,3.2959747 ,12.039322,23.57110716,87.30251513 ,37.9439998626709,85.4360815673972 ,30000.0,10:18:54 AM,1572670134315
-7.401245 ,0.23007202 ,7.212738,23.57110716,87.30251513 ,37.9439998626709,85.4360815673972 ,30000.0,10:18:54 AM,1572670134321
-2.5786285 ,2.5229645 ,11.499527,23.57110716,87.30251513 ,37.9439998626709,85.4360815673972 ,30000.0,10:18:54 AM,1572670134327
7.340927 ,3.6386108 ,8.978546,23.57110716,87.30251513 ,37.9439998626709,85.4360815673972 ,30000.0,10:18:54 AM,1572670134330
6.865692 ,6.7944946 ,10.716476,23.57110716,87.30251513 ,37.9439998626709,85.4360815673972 ,30000.0,10:18:54 AM,1572670134334
-4.4387054 ,4.294525 ,5.052414,23.57110716,87.30251513 ,37.9439998626709,85.4360815673972 ,30000.0,10:18:54 AM,1572670134339
-10.278046 ,4.3204956 ,5.454941,23.57110716,87.30251513 ,37.9439998626709,85.4360815673972 ,30000.0,10:18:54 AM,1572670134344
-3.0620117 ,3.9429321 ,10.809067,23.57110716,87.30251513 ,37.9439998626709,85.4360815673972 ,30000.0,10:18:54 AM,1572670134348
6.1114807 ,3.3745575 ,10.691727,23.57110716,87.30251513 ,37.9439998626709,85.4360815673972 ,30000.0,10:18:54 AM,1572670134354
1.7242126 ,5.166748 ,17.533905,23.57110716,87.30251513 ,37.9439998626709,85.4360815673972 ,30000.0,10:18:54 AM,1572670134365
-8.590576 ,1.0723267 ,9.013077,23.57110716,87.30251513 ,37.9439998626709,85.4360815673972 ,30000.0,10:18:54 AM,1572670134368
-8.907883 ,3.8247375 ,8.344177,23.57110716,87.30251513 ,37.9439998626709,85.4360815673972 ,30000.0,10:18:54 AM,1572670134374
0.53041077 ,5.664322 ,7.7640686,23.57110716,87.30251513 ,37.9439998626709,85.4360815673972 ,30000.0,10:18:54 AM,1572670134379
5.786072 ,6.9990387 ,2.0964203,23.57110716,87.30251513 ,37.9439998626709,85.4360815673972 ,30000.0,10:18:54 AM,1572670134383
-0.5289917 ,7.8181458 ,8.536758,23.57110716,87.30251513 ,37.9439998626709,85.4360815673972 ,30000.0,10:18:54 AM,1572670134387
-6.8190765 ,3.458252 ,6.93367,23.57110716,87.30251513 ,37.9439998626709,85.4360815673972 ,30000.0,10:18:54 AM,1572670134396
-3.8376312 ,2.6282043 ,8.598434,23.57110716,87.30251513 ,37.9439998626709,85.4360815673972 ,30000.0,10:18:54 AM,1572670134398
2.1228333 ,1.8778076 ,9.340027,23.57110716,87.30251513 ,37.9439998626709,85.4360815673972 ,30000.0,10:18:54 AM,1572670134403
1.2367706 ,3.0283356 ,15.386963,23.57110716,87.30251513 ,37.9439998626709,85.4360815673972 ,30000.0,10:18:54 AM,1572670134406
-3.1687927 ,2.082779 ,13.268799,23.57110716,87.30251513 ,37.9439998626709,85.4360815673972 ,30000.0,10:18:54 AM,1572670134413
-2.7789001 ,1.8252563 ,8.139267,23.57110716,87.30251513 ,37.9439998626709,85.4360815673972 ,30000.0,10:18:54 AM,1572670134416
1.9648438 ,2.6704712 ,6.6731567,23.57110716,87.30251513 ,37.9439998626709,85.4360815673972 ,30000.0,10:18:54 AM,1572670134421
3.7001343 ,2.6209106 ,6.0043945,23.57110716,87.30251513 ,37.9439998626709,85.4360815673972 ,30000.0,10:18:54 AM,1572670134428
0.14823914 ,3.9400177 ,9.756866,23.57110716,87.30251513 ,37.9439998626709,85.4360815673972 ,30000.0,10:18:54 AM,1572670134432
-3.3450928 ,3.4974823 ,8.899551,23.57110716,87.30251513 ,37.9439998626709,85.4360815673972 ,30000.0,10:18:54 AM,1572670134436
-2.1082306 ,3.308487 ,8.509964,23.57110716,87.30251513 ,37.9439998626709,85.4360815673972 ,30000.0,10:18:54 AM,1572670134439
1.035675 ,3.5604553 ,9.656494,23.57110716,87.30251513 ,37.9439998626709,85.4360815673972 ,30000.0,10:18:54 AM,1572670134445
-0.17796326 ,3.6068268 ,10.61496,23.57110716,87.30251513 ,37.9439998626709,85.4360815673972 ,30000.0,10:18:54 AM,1572670134450
-4.177658 ,2.4002838 ,8.634094,23.57110716,87.30251513 ,37.9439998626709,85.4360815673972 ,30000.0,10:18:54 AM,1572670134455
-4.294159 ,2.408554 ,8.785217,23.57110716,87.30251513 ,37.9439998626709,85.4360815673972 ,30000.0,10:18:54 AM,1572670134462
-0.033676147 ,4.547699 ,12.417374,23.57110716,87.30251513 ,37.9439998626709,85.4360815673972 ,30000.0,10:18:54 AM,1572670134465
2.229828 ,4.736862 ,7.050171,23.57110716,87.30251513 ,37.9439998626709,85.4360815673972 ,30000.0,10:18:54 AM,1572670134469
-2.015503 ,7.1772614 ,8.979767,23.57110716,87.30251513 ,37.9439998626709,85.4360815673972 ,30000.0,10:18:54 AM,1572670134475
-6.6519623 ,6.1518097 ,6.5628815,23.57110716,87.30251513 ,37.9439998626709,85.4360815673972 ,30000.0,10:18:54 AM,1572670134480
-4.6751404 ,7.897751 ,3.5236359,23.57110716,87.30251513 ,37.9439998626709,85.4360815673972 ,30000.0,10:18:54 AM,1572670134484
0.55693054 ,8.30101 ,-0.50668335,23.57110716,87.30251513 ,37.9439998626709,85.4360815673972 ,30000.0,10:18:54 AM,1572670134488
1.8314209 ,7.2254333 ,-3.9121704,23.57110716,87.30251513 ,37.9439998626709,85.4360815673972 ,30000.0,10:18:54 AM,1572670134498
-2.1886597 ,7.9168854 ,10.496033,23.57110716,87.30251513 ,37.9439998626709,85.4360815673972 ,30000.0,10:18:54 AM,1572670134502
-3.231369 ,0.558609 ,4.7515717,23.57110716,87.30251513 ,37.9439998626709,85.4360815673972 ,30000.0,10:18:54 AM,1572670134507
1.2134094 ,-0.26724243 ,11.188538,23.57110716,87.30251513 ,37.9439998626709,85.4360815673972 ,30000.0,10:18:54 AM,1572670134512
3.0057983 ,-1.4073486 ,23.632462,23.57110716,87.30251513 ,37.9439998626709,85.4360815673972 ,30000.0,10:18:54 AM,1572670134518
0.2106018 ,-1.8421173 ,21.21347,23.57110716,87.30251513 ,37.9439998626709,85.4360815673972 ,30000.0,10:18:54 AM,1572670134521
-2.9640198 ,0.666275 ,19.268082,23.57110716,87.30251513 ,37.9439998626709,85.4360815673972 ,30000.0,10:18:54 AM,1572670134530
-1.0844727 ,-0.47618103 ,6.106903,23.57110716,87.30251513 ,37.9439998626709,85.4360815673972 ,30000.0,10:18:54 AM,1572670134532
2.499588 ,3.9545593 ,3.523285,23.57110716,87.30251513 ,37.9439998626709,85.4360815673972 ,30000.0,10:18:54 AM,1572670134535
-0.89250183 ,4.135071 ,1.9302979,23.57110716,87.30251513 ,37.9439998626709,85.4360815673972 ,30000.0,10:18:54 AM,1572670134540
-7.49852 ,5.586319 ,6.4191437,23.57110716,87.30251513 ,37.9439998626709,85.4360815673972 ,30000.0,10:18:54 AM,1572670134546
-6.89505 ,5.659073 ,5.253479,23.57110716,87.30251513 ,37.9439998626709,85.4360815673972 ,30000.0,10:18:54 AM,1572670134550
1.5809174 ,5.3454285 ,2.4470673,23.57110716,87.30251513 ,37.9439998626709,85.4360815673972 ,30000.0,10:18:54 AM,1572670134554
8.088287 ,7.0339966 ,10.013626,23.57110716,87.30251513 ,37.9439998626709,85.4360815673972 ,30000.0,10:18:54 AM,1572670134563
4.831085 ,5.3067474 ,9.053192,23.57110716,87.30251513 ,37.9439998626709,85.4360815673972 ,30000.0,10:18:54 AM,1572670134565
-5.6752167 ,3.9706116 ,10.426041,23.57110716,87.30251513 ,37.9439998626709,85.4360815673972 ,30000.0,10:18:54 AM,1572670134569
-11.278046 ,1.3208923 ,7.66774,23.57110716,87.30251513 ,37.9439998626709,85.4360815673972 ,30000.0,10:18:54 AM,1572670134579
-5.4785156 ,1.3910522 ,11.228317,23.57110716,87.30251513 ,37.9439998626709,85.4360815673972 ,30000.0,10:18:54 AM,1572670134582
4.8015747 ,1.8076172 ,14.849289,23.57110716,87.30251513 ,37.9439998626709,85.4360815673972 ,30000.0,10:18:54 AM,1572670134584
6.9682617 ,4.507187 ,18.206284,23.57110716,87.30251513 ,37.9439998626709,85.4360815673972 ,30000.0,10:18:54 AM,1572670134589
-1.8471222 ,4.796997 ,11.01564,23.57110716,87.30251513 ,37.9439998626709,85.4360815673972 ,30000.0,10:18:54 AM,1572670134597
-8.926849 ,4.2065887 ,-4.0069275,23.57110716,87.30251513 ,37.9439998626709,85.4360815673972 ,30000.0,10:18:54 AM,1572670134599
-4.9285736 ,8.085007 ,0.5620117,23.57110716,87.30251513 ,37.9439998626709,85.4360815673972 ,30000.0,10:18:54 AM,1572670134604
3.365036 ,7.2757416 ,-0.5724182,23.57110716,87.30251513 ,37.9439998626709,85.4360815673972 ,30000.0,10:18:54 AM,1572670134609
4.002304 ,7.1302032 ,5.65654,23.57110716,87.30251513 ,37.9439998626709,85.4360815673972 ,30000.0,10:18:54 AM,1572670134616
-0.6970215 ,3.6179352 ,10.884399,23.57110716,87.30251513 ,37.9439998626709,85.4360815673972 ,30000.0,10:18:54 AM,1572670134619
-2.9894104 ,4.586792 ,15.863998,23.57110716,87.30251513 ,37.9439998626709,85.4360815673972 ,30000.0,10:18:54 AM,1572670134623
-3.869812 ,4.737198 ,7.6800537,23.57110716,87.30251513 ,37.9439998626709,85.4360815673972 ,30000.0,10:18:54 AM,1572670134634
-3.424347 ,4.4567413 ,-3.9622498,23.57110716,87.30251513 ,37.9439998626709,85.4360815673972 ,30000.0,10:18:54 AM,1572670134638
0.7941742 ,7.6723633 ,5.9998474,23.57110716,87.30251513 ,37.9439998626709,85.4360815673972 ,30000.0,10:18:54 AM,1572670134643
5.140991 ,4.4505005 ,2.8421478,23.57110716,87.30251513 ,37.9439998626709,85.4360815673972 ,30000.0,10:18:54 AM,1572670134652
3.3395386 ,2.9815674 ,7.084152,23.57110716,87.30251513 ,37.9439998626709,85.4360815673972 ,30000.0,10:18:54 AM,1572670134655
-3.1084595 ,-0.683197 ,12.4470215,23.57110716,87.30251513 ,37.9439998626709,85.4360815673972 ,30000.0,10:18:54 AM,1572670134657
-6.9697266 ,-2.0670624 ,17.399338,23.57110716,87.30251513 ,37.9439998626709,85.4360815673972 ,30000.0,10:18:54 AM,1572670134664
-5.3943176 ,-1.8207703 ,25.426361,23.57110716,87.30251513 ,37.9439998626709,85.4360815673972 ,30000.0,10:18:54 AM,1572670134665
0.8946533 ,-5.0962677 ,19.865814,23.57110716,87.30251513 ,37.9439998626709,85.4360815673972 ,30000.0,10:18:54 AM,1572670134671
6.470978 ,-2.8519897 ,20.68895,23.57110716,87.30251513 ,37.9439998626709,85.4360815673972 ,30000.0,10:18:54 AM,1572670134675
4.800812 ,-0.26412964 ,19.02884,23.57110716,87.30251513 ,37.9439998626709,85.4360815673972 ,30000.0,10:18:54 AM,1572670134681
