x,y,z,latitude,longitude,speed,sound,light,time,timestamp
-1.3950195 ,3.4241333 ,8.214554,23.54217018,87.29664582 ,0.0,76.5124554476808 ,0.0,21:47:35 PM,1574007455884
-0.97387695 ,4.5056915 ,8.104492,23.54217018,87.29664582 ,0.0,76.5124554476808 ,0.0,21:47:35 PM,1574007455890
1.8424683 ,1.179657 ,6.427124,23.54217018,87.29664582 ,0.0,76.5124554476808 ,0.0,21:47:35 PM,1574007455895
3.5413818 ,0.007171631 ,10.901703,23.54217018,87.29664582 ,0.0,76.5124554476808 ,0.0,21:47:35 PM,1574007455899
0.9020996 ,1.4428711 ,17.254639,23.54217018,87.29664582 ,0.0,76.5124554476808 ,0.0,21:47:35 PM,1574007455907
-2.4023895 ,0.059814453 ,11.799011,23.54217018,87.29664582 ,0.0,76.5124554476808 ,0.0,21:47:35 PM,1574007455909
-1.1940155 ,-0.5790558 ,6.3912354,23.54217018,87.29664582 ,0.0,76.5124554476808 ,0.0,21:47:35 PM,1574007455914
1.6678009 ,-0.9499512 ,9.109482,23.54217018,87.29664582 ,0.0,76.5124554476808 ,0.0,21:47:35 PM,1574007455918
1.036087 ,-3.6753693 ,14.352158,23.54217018,87.29664582 ,0.0,76.5124554476808 ,0.0,21:47:35 PM,1574007455924
-1.5816498 ,1.1030884 ,16.969894,23.54217018,87.29664582 ,0.0,76.5124554476808 ,0.0,21:47:35 PM,1574007455929
0.14356995 ,1.6486511 ,9.51387,23.54217018,87.29664582 ,0.0,76.5124554476808 ,0.0,21:47:35 PM,1574007455933
2.658432 ,2.376068 ,8.111664,23.54217018,87.29664582 ,0.0,76.5124554476808 ,0.0,21:47:35 PM,1574007455940
-0.17468262 ,1.7395782 ,7.372284,23.54217018,87.29664582 ,0.0,76.5124554476808 ,0.0,21:47:35 PM,1574007455944
-2.8330994 ,1.4691925 ,8.712265,23.54217018,87.29664582 ,0.0,76.5124554476808 ,0.0,21:47:35 PM,1574007455948
0.42114258 ,-0.2368927 ,7.3579254,23.54217018,87.29664582 ,0.0,76.5124554476808 ,0.0,21:47:35 PM,1574007455956
5.1804657 ,0.7680969 ,9.262619,23.54217018,87.29664582 ,0.0,76.5124554476808 ,0.0,21:47:35 PM,1574007455958
2.182251 ,5.831314 ,13.438095,23.54217018,87.29664582 ,0.0,76.5124554476808 ,0.0,21:47:35 PM,1574007455963
-3.1752777 ,5.551346 ,6.5036926,23.54217018,87.29664582 ,0.0,76.5124554476808 ,0.0,21:47:35 PM,1574007455968
-0.4402771 ,3.4360962 ,5.144562,23.54217018,87.29664582 ,0.0,76.5124554476808 ,0.0,21:47:35 PM,1574007455974
2.8211365 ,-2.074585 ,9.707687,23.54217018,87.29664582 ,0.0,76.5124554476808 ,0.0,21:47:35 PM,1574007455979
-0.92362976 ,-1.9908295 ,11.535797,23.54217018,87.29664582 ,0.0,76.5124554476808 ,0.0,21:47:35 PM,1574007455983
-3.5772705 ,2.514862 ,10.4231415,23.54217018,87.29664582 ,0.0,76.5124554476808 ,0.0,21:47:35 PM,1574007455990
-0.16270447 ,3.6993103 ,9.147766,23.54217018,87.29664582 ,0.0,76.5124554476808 ,0.0,21:47:35 PM,1574007455994
2.428711 ,-0.4283142 ,7.9585266,23.54217018,87.29664582 ,0.0,76.5124554476808 ,0.0,21:47:35 PM,1574007455998
-0.7393799 ,1.8376923 ,13.1892395,23.54217018,87.29664582 ,0.0,76.5124554476808 ,0.0,21:47:36 PM,1574007456002
-1.1940155 ,-1.1605225 ,9.812973,23.54217018,87.29664582 ,0.0,76.5124554476808 ,0.0,21:47:36 PM,1574007456009
3.5270233 ,-2.1798553 ,13.064819,23.54217018,87.29664582 ,0.0,76.5124554476808 ,0.0,21:47:36 PM,1574007456012
3.1011047 ,1.1652985 ,13.70369,23.54217018,87.29664582 ,0.0,76.5124554476808 ,0.0,21:47:36 PM,1574007456017
-1.2059784 ,2.773285 ,6.0921326,23.54217018,87.29664582 ,0.0,75.03616710359955 ,0.0,21:47:36 PM,1574007456023
-2.3784637 ,2.428711 ,6.9918213,23.54217018,87.29664582 ,0.0,75.03616710359955 ,0.0,21:47:36 PM,1574007456027
0.107681274 ,-1.2131653 ,10.607376,23.54217018,87.29664582 ,0.0,75.03616710359955 ,0.0,21:47:36 PM,1574007456032
0.42591858 ,2.1894379 ,13.543381,23.54217018,87.29664582 ,0.0,75.03616710359955 ,0.0,21:47:36 PM,1574007456039
-1.1126556 ,1.2275238 ,6.7453613,23.54217018,87.29664582 ,0.0,75.03616710359955 ,0.0,21:47:36 PM,1574007456042
-0.6508484 ,3.4815521 ,7.9369965,23.54217018,87.29664582 ,0.0,75.03616710359955 ,0.0,21:47:36 PM,1574007456046
0.61735535 ,2.7182465 ,7.5996094,23.54217018,87.29664582 ,0.0,75.03616710359955 ,0.0,21:47:36 PM,1574007456051
2.2348938 ,1.249054 ,11.535797,23.54217018,87.29664582 ,0.0,75.03616710359955 ,0.0,21:47:36 PM,1574007456058
2.0530396 ,1.1102753 ,13.081558,23.54217018,87.29664582 ,0.0,75.03616710359955 ,0.0,21:47:36 PM,1574007456062
1.2610168 ,1.0983124 ,8.970688,23.54217018,87.29664582 ,0.0,75.03616710359955 ,0.0,21:47:36 PM,1574007456067
1.0815582 ,2.0195465 ,7.104294,23.54217018,87.29664582 ,0.0,75.03616710359955 ,0.0,21:47:36 PM,1574007456074
-0.27038574 ,-0.14356995 ,5.962921,23.54217018,87.29664582 ,0.0,75.03616710359955 ,0.0,21:47:36 PM,1574007456077
-1.454834 ,3.115448 ,13.033707,23.54217018,87.29664582 ,0.0,75.03616710359955 ,0.0,21:47:36 PM,1574007456081
-0.59580994 ,0.54556274 ,12.344574,23.54217018,87.29664582 ,0.0,75.03616710359955 ,0.0,21:47:36 PM,1574007456089
0.8374939 ,1.4524384 ,12.591034,23.54217018,87.29664582 ,0.0,75.03616710359955 ,0.0,21:47:36 PM,1574007456091
0.7776642 ,0.46180725 ,7.6953125,23.54217018,87.29664582 ,0.0,75.03616710359955 ,0.0,21:47:36 PM,1574007456096
1.0121613 ,1.9956207 ,11.645874,23.54217018,87.29664582 ,0.0,75.03616710359955 ,0.0,21:47:36 PM,1574007456101
1.5744781 ,1.2035828 ,10.93042,23.54217018,87.29664582 ,0.0,75.03616710359955 ,0.0,21:47:36 PM,1574007456107
1.3974152 ,1.8999023 ,9.702896,23.54217018,87.29664582 ,0.0,75.03616710359955 ,0.0,21:47:36 PM,1574007456111
-0.13160706 ,1.4883423 ,5.3479614,23.54217018,87.29664582 ,0.0,75.03616710359955 ,0.0,21:47:36 PM,1574007456116
-0.107681274 ,-0.44267273 ,6.489334,23.54217018,87.29664582 ,0.0,75.03616710359955 ,0.0,21:47:36 PM,1574007456123
0.22970581 ,2.7469635 ,13.959732,23.54217018,87.29664582 ,0.0,75.03616710359955 ,0.0,21:47:36 PM,1574007456129
-1.1605225 ,1.6869354 ,12.813568,23.54217018,87.29664582 ,0.0,75.03616710359955 ,0.0,21:47:36 PM,1574007456131
-1.5026855 ,4.0582275 ,8.729019,23.54217018,87.29664582 ,0.0,75.03616710359955 ,0.0,21:47:36 PM,1574007456135
1.4955139 ,2.2588196 ,6.592224,23.54217018,87.29664582 ,0.0,75.03616710359955 ,0.0,21:47:36 PM,1574007456142
3.1609192 ,0.46420288 ,8.8989105,23.54217018,87.29664582 ,0.0,75.03616710359955 ,0.0,21:47:36 PM,1574007456146
0.77049255 ,-1.2155609 ,9.190826,23.54217018,87.29664582 ,0.0,75.03616710359955 ,0.0,21:47:36 PM,1574007456151
-2.005188 ,2.572281 ,9.04248,23.54217018,87.29664582 ,0.0,75.03616710359955 ,0.0,21:47:36 PM,1574007456157
-1.2012024 ,0.3134613 ,6.8434753,23.54217018,87.29664582 ,0.0,75.03616710359955 ,0.0,21:47:36 PM,1574007456161
0.7417755 ,1.7348022 ,14.880966,23.54217018,87.29664582 ,0.0,75.03616710359955 ,0.0,21:47:36 PM,1574007456165
-0.8614197 ,0.37327576 ,15.984055,23.54217018,87.29664582 ,0.0,75.03616710359955 ,0.0,21:47:36 PM,1574007456173
-1.0983124 ,3.2111664 ,7.9369965,23.54217018,87.29664582 ,0.0,75.03616710359955 ,0.0,21:47:36 PM,1574007456175
3.529419 ,0.9571228 ,2.342575,23.54217018,87.29664582 ,0.0,75.03616710359955 ,0.0,21:47:36 PM,1574007456181
2.8833466 ,-0.7465668 ,8.367706,23.54217018,87.29664582 ,0.0,75.03616710359955 ,0.0,21:47:36 PM,1574007456185
-3.8141632 ,-2.9024963 ,11.416153,23.54217018,87.29664582 ,0.0,75.03616710359955 ,0.0,21:47:36 PM,1574007456190
-4.3166504 ,3.4552307 ,13.643875,23.54217018,87.29664582 ,0.0,75.03616710359955 ,0.0,21:47:36 PM,1574007456196
2.8594208 ,-0.25842285 ,8.023132,23.54217018,87.29664582 ,0.0,75.03616710359955 ,0.0,21:47:36 PM,1574007456199
4.965103 ,1.8711853 ,11.665009,23.54217018,87.29664582 ,0.0,75.03616710359955 ,0.0,21:47:36 PM,1574007456206
-1.4787598 ,1.4309082 ,11.435303,23.54217018,87.29664582 ,0.0,75.03616710359955 ,0.0,21:47:36 PM,1574007456210
-3.9936218 ,3.180069 ,10.231705,23.54217018,87.29664582 ,0.0,75.03616710359955 ,0.0,21:47:36 PM,1574007456214
0.33738708 ,-0.090927124 ,3.7567291,23.54217018,87.29664582 ,0.0,75.03616710359955 ,0.0,21:47:36 PM,1574007456223
2.0578308 ,-0.41635132 ,6.8889313,23.54217018,87.29664582 ,0.0,75.03616710359955 ,0.0,21:47:36 PM,1574007456225
-2.3377838 ,-0.79681396 ,11.140976,23.54217018,87.29664582 ,0.0,75.03616710359955 ,0.0,21:47:36 PM,1574007456229
-2.9312134 ,0.5288086 ,14.866608,23.54217018,87.29664582 ,0.0,75.03616710359955 ,0.0,21:47:36 PM,1574007456234
1.9262238 ,3.180069 ,13.150955,23.54217018,87.29664582 ,0.0,75.03616710359955 ,0.0,21:47:36 PM,1574007456240
4.153946 ,1.3997955 ,6.496521,23.54217018,87.29664582 ,0.0,75.03616710359955 ,0.0,21:47:36 PM,1574007456245
0.7848511 ,1.8424683 ,8.085342,23.54217018,87.29664582 ,0.0,75.03616710359955 ,0.0,21:47:36 PM,1574007456249
-2.136795 ,-0.70588684 ,11.50708,23.54217018,87.29664582 ,0.0,75.03616710359955 ,0.0,21:47:36 PM,1574007456257
-1.7443695 ,0.550354 ,12.22493,23.54217018,87.29664582 ,0.0,75.03616710359955 ,0.0,21:47:36 PM,1574007456260
1.146164 ,-0.70588684 ,6.1423798,23.5421702,87.2966458 ,0.0,75.03616710359955 ,0.0,21:47:36 PM,1574007456265
2.8905334 ,2.9216309 ,12.026321,23.5421702,87.2966458 ,0.0,75.03616710359955 ,0.0,21:47:36 PM,1574007456269
-0.24406433 ,2.1511536 ,11.07399,23.5421702,87.2966458 ,0.0,75.03616710359955 ,0.0,21:47:36 PM,1574007456274
-1.3758698 ,1.0863342 ,9.341583,23.5421702,87.2966458 ,0.0,75.03616710359955 ,0.0,21:47:36 PM,1574007456279
0.6412811 ,2.0171509 ,8.288742,23.5421702,87.2966458 ,0.0,75.03616710359955 ,0.0,21:47:36 PM,1574007456283
2.2899323 ,-0.64845276 ,6.6592255,23.5421702,87.2966458 ,0.0,75.03616710359955 ,0.0,21:47:36 PM,1574007456290
-0.117248535 ,3.3212433 ,12.129211,23.5421702,87.2966458 ,0.0,75.03616710359955 ,0.0,21:47:36 PM,1574007456293
-2.555542 ,1.3280182 ,9.052048,23.5421702,87.2966458 ,0.0,75.03616710359955 ,0.0,21:47:36 PM,1574007456298
0.38523865 ,0.59580994 ,7.6546326,23.5421702,87.2966458 ,0.0,75.03616710359955 ,0.0,21:47:36 PM,1574007456304
4.268799 ,1.6654053 ,9.619141,23.5421702,87.2966458 ,0.0,75.03616710359955 ,0.0,21:47:36 PM,1574007456307
2.9575348 ,-0.026321411 ,10.363312,23.5421702,87.2966458 ,0.0,75.03616710359955 ,0.0,21:47:36 PM,1574007456312
-2.0003967 ,2.2947235 ,12.983459,23.5421702,87.2966458 ,0.0,75.03616710359955 ,0.0,21:47:36 PM,1574007456317
-2.6440735 ,1.1700897 ,9.6263275,23.5421702,87.2966458 ,0.0,75.03616710359955 ,0.0,21:47:36 PM,1574007456323
2.1583252 ,-0.026321411 ,7.135391,23.5421702,87.2966458 ,0.0,75.03616710359955 ,0.0,21:47:36 PM,1574007456327
5.781067 ,0.447464 ,12.301498,23.5421702,87.2966458 ,0.0,75.03616710359955 ,0.0,21:47:36 PM,1574007456332
2.7302094 ,1.758728 ,14.172684,23.5421702,87.2966458 ,0.0,75.03616710359955 ,0.0,21:47:36 PM,1574007456338
-0.653244 ,2.2564392 ,11.006989,23.5421702,87.2966458 ,0.0,75.03616710359955 ,0.0,21:47:36 PM,1574007456342
1.4404755 ,0.16989136 ,9.549759,23.5421702,87.2966458 ,0.0,75.03616710359955 ,0.0,21:47:36 PM,1574007456347
2.0243225 ,1.6988983 ,11.131409,23.5421702,87.2966458 ,0.0,75.03616710359955 ,0.0,21:47:36 PM,1574007456356
0.6149597 ,-0.07896423 ,7.8891296,23.5421702,87.2966458 ,0.0,75.03616710359955 ,0.0,21:47:36 PM,1574007456358
1.4476624 ,4.7401886 ,12.607788,23.5421702,87.2966458 ,0.0,75.03616710359955 ,0.0,21:47:36 PM,1574007456362
-1.4021912 ,1.1413727 ,9.530609,23.5421702,87.2966458 ,0.0,75.03616710359955 ,0.0,21:47:36 PM,1574007456367
-4.5176544 ,-5.8097687 ,-2.950348,23.5421702,87.2966458 ,0.0,75.03616710359955 ,0.0,21:47:36 PM,1574007456373
