x,y,z,latitude,longitude,speed,sound,light,time,timestamp
-3.0939178 ,-1.9716797 ,7.6833496,23.54270983,87.2970314 ,31.212000274658205,81.12510715472308 ,10.0,21:47:52 PM,1574007472650
-2.1128693 ,-3.4648132 ,8.989838,23.54270983,87.2970314 ,31.212000274658205,81.12510715472308 ,10.0,21:47:52 PM,1574007472656
1.4979095 ,-2.0171509 ,17.271393,23.54270983,87.2970314 ,31.212000274658205,81.12510715472308 ,10.0,21:47:52 PM,1574007472661
1.4309082 ,-6.805191 ,15.61795,23.54270983,87.2970314 ,31.212000274658205,81.12510715472308 ,10.0,21:47:52 PM,1574007472665
-2.100891 ,-5.11586 ,21.11905,23.54270983,87.2970314 ,31.212000274658205,81.12510715472308 ,10.0,21:47:52 PM,1574007472673
-4.6612244 ,-2.617752 ,21.92305,23.54270983,87.2970314 ,31.212000274658205,81.12510715472308 ,10.0,21:47:52 PM,1574007472675
-3.9673004 ,-4.7617188 ,16.74498,23.54270983,87.2970314 ,31.212000274658205,81.12510715472308 ,10.0,21:47:52 PM,1574007472680
-1.6247253 ,-1.7276154 ,17.620743,23.54270983,87.2970314 ,31.212000274658205,81.12510715472308 ,10.0,21:47:52 PM,1574007472685
-1.3591309 ,-1.1916199 ,13.1892395,23.54270983,87.2970314 ,31.212000274658205,81.12510715472308 ,10.0,21:47:52 PM,1574007472691
-2.0434723 ,-1.8376923 ,7.968094,23.54270983,87.2970314 ,31.212000274658205,81.12510715472308 ,10.0,21:47:52 PM,1574007472695
-0.61016846 ,2.100891 ,8.3485565,23.54270983,87.2970314 ,31.212000274658205,81.12510715472308 ,10.0,21:47:52 PM,1574007472700
1.6414795 ,3.2039948 ,1.3495483,23.54270983,87.2970314 ,31.212000274658205,81.12510715472308 ,10.0,21:47:52 PM,1574007472706
2.6943207 ,4.1443634 ,-5.5872345,23.54270983,87.2970314 ,31.212000274658205,81.12510715472308 ,10.0,21:47:52 PM,1574007472710
1.7826538 ,3.6921234 ,-4.833496,23.54270983,87.2970314 ,31.212000274658205,81.12510715472308 ,10.0,21:47:52 PM,1574007472714
-0.32063293 ,6.3026886 ,6.300308,23.54270983,87.2970314 ,31.212000274658205,81.12510715472308 ,10.0,21:47:52 PM,1574007472723
-1.7348022 ,6.6089783 ,9.896713,23.54270983,87.2970314 ,31.212000274658205,81.12510715472308 ,10.0,21:47:52 PM,1574007472725
0.9786682 ,7.5350037 ,4.76651,23.54270983,87.2970314 ,31.212000274658205,81.12510715472308 ,10.0,21:47:52 PM,1574007472729
5.6063843 ,4.893326 ,0.55992126,23.54270983,87.2970314 ,31.212000274658205,81.12510715472308 ,10.0,21:47:52 PM,1574007472734
6.5348053 ,-0.34217834 ,4.3453674,23.54270983,87.2970314 ,31.212000274658205,81.12510715472308 ,10.0,21:47:52 PM,1574007472740
3.4528503 ,-2.5746765 ,15.65863,23.54270983,87.2970314 ,31.212000274658205,81.12510715472308 ,10.0,21:47:52 PM,1574007472745
-1.552948 ,-2.5842438 ,23.03331,23.54270983,87.2970314 ,31.212000274658205,81.12510715472308 ,10.0,21:47:52 PM,1574007472749
-1.804184 ,-3.2805634 ,16.981857,23.54270983,87.2970314 ,31.212000274658205,81.12510715472308 ,10.0,21:47:52 PM,1574007472756
3.562912 ,-0.53359985 ,15.5724945,23.54270983,87.2970314 ,31.212000274658205,81.12510715472308 ,10.0,21:47:52 PM,1574007472759
3.9888306 ,-2.617752 ,11.1840515,23.54270983,87.2970314 ,31.212000274658205,81.12510715472308 ,10.0,21:47:52 PM,1574007472764
-0.01675415 ,-10.918457 ,1.6127625,23.54270983,87.2970314 ,31.212000274658205,81.12510715472308 ,10.0,21:47:52 PM,1574007472769
1.426117 ,-6.908081 ,9.068802,23.54270983,87.2970314 ,31.212000274658205,81.12510715472308 ,10.0,21:47:52 PM,1574007472775
4.62294 ,-11.17926 ,11.60759,23.54270983,87.2970314 ,31.212000274658205,81.12510715472308 ,10.0,21:47:52 PM,1574007472779
3.4121704 ,-10.5260315 ,11.748764,23.54270983,87.2970314 ,31.212000274658205,81.12510715472308 ,10.0,21:47:52 PM,1574007472783
-0.5096741 ,-3.3236237 ,21.422943,23.54270983,87.2970314 ,31.212000274658205,81.12510715472308 ,10.0,21:47:52 PM,1574007472789
-2.1870422 ,2.1152496 ,27.543777,23.54270983,87.2970314 ,31.212000274658205,81.12510715472308 ,10.0,21:47:52 PM,1574007472794
-0.021530151 ,-0.18664551 ,15.8022,23.54270983,87.2970314 ,31.212000274658205,81.12510715472308 ,10.0,21:47:52 PM,1574007472798
0.39482117 ,1.6414795 ,7.733597,23.54270983,87.2970314 ,31.212000274658205,81.12510715472308 ,10.0,21:47:52 PM,1574007472806
-2.4765778 ,1.3447723 ,3.9888306,23.54270983,87.2970314 ,31.212000274658205,81.12510715472308 ,10.0,21:47:52 PM,1574007472808
-4.0821533 ,3.0053864 ,4.072586,23.54270983,87.2970314 ,31.212000274658205,81.12510715472308 ,10.0,21:47:52 PM,1574007472813
-3.8117676 ,0.6508484 ,2.268402,23.54270983,87.2970314 ,31.212000274658205,82.0317368402736 ,10.0,21:47:52 PM,1574007472818
-1.2729797 ,2.268402 ,3.7088776,23.54270983,87.2970314 ,31.212000274658205,82.0317368402736 ,10.0,21:47:52 PM,1574007472824
1.5409851 ,3.8620148 ,7.405792,23.54270983,87.2970314 ,31.212000274658205,82.0317368402736 ,10.0,21:47:52 PM,1574007472828
2.2277222 ,8.334198 ,11.818146,23.54270983,87.2970314 ,31.212000274658205,82.0317368402736 ,10.0,21:47:52 PM,1574007472833
3.172882 ,5.6853485 ,5.403,23.54270983,87.2970314 ,31.212000274658205,82.0317368402736 ,10.0,21:47:52 PM,1574007472839
2.4741821 ,6.364914 ,-0.33738708,23.54270983,87.2970314 ,31.212000274658205,82.0317368402736 ,10.0,21:47:52 PM,1574007472842
-0.84706116 ,0.1603241 ,-4.187439,23.54270983,87.2970314 ,31.212000274658205,82.0317368402736 ,10.0,21:47:52 PM,1574007472847
-0.33021545 ,-1.1006927 ,-0.22013855,23.54270983,87.2970314 ,31.212000274658205,82.0317368402736 ,10.0,21:47:52 PM,1574007472855
5.1110687 ,1.3399811 ,10.607376,23.54270983,87.2970314 ,31.212000274658205,82.0317368402736 ,10.0,21:47:52 PM,1574007472858
5.8384857 ,-2.9551392 ,13.603195,23.54270983,87.2970314 ,31.212000274658205,82.0317368402736 ,10.0,21:47:52 PM,1574007472862
2.5507507 ,-3.1680908 ,24.337402,23.54270983,87.2970314 ,31.212000274658205,82.0317368402736 ,10.0,21:47:52 PM,1574007472867
0.66760254 ,5.2905273 ,36.093338,23.54270983,87.2970314 ,31.212000274658205,82.0317368402736 ,10.0,21:47:52 PM,1574007472873
1.3926239 ,-1.3567352 ,15.471985,23.54270983,87.2970314 ,31.212000274658205,82.0317368402736 ,10.0,21:47:52 PM,1574007472878
3.929016 ,1.2179413 ,5.1302185,23.54270983,87.2970314 ,31.212000274658205,82.0317368402736 ,10.0,21:47:52 PM,1574007472882
1.5003052 ,1.4644012 ,10.734207,23.54270983,87.2970314 ,31.212000274658205,82.0317368402736 ,10.0,21:47:52 PM,1574007472889
-4.8550415 ,-2.428711 ,9.571289,23.54270983,87.2970314 ,31.212000274658205,82.0317368402736 ,10.0,21:47:52 PM,1574007472892
-5.6398773 ,-0.34934998 ,11.590836,23.54270983,87.2970314 ,31.212000274658205,82.0317368402736 ,10.0,21:47:52 PM,1574007472896
-0.71066284 ,3.5198364 ,8.161911,23.54270983,87.2970314 ,31.212000274658205,82.0317368402736 ,10.0,21:47:52 PM,1574007472901
0.07417297 ,3.4408722 ,-3.493515,23.54270983,87.2970314 ,31.212000274658205,82.0317368402736 ,10.0,21:47:52 PM,1574007472908
-1.2346954 ,4.9531403 ,-2.9216309,23.54270983,87.2970314 ,31.212000274658205,82.0317368402736 ,10.0,21:47:52 PM,1574007472912
-1.0911255 ,6.135193 ,9.221939,23.54270983,87.2970314 ,31.212000274658205,82.0317368402736 ,10.0,21:47:52 PM,1574007472916
-1.1509552 ,-0.47616577 ,3.9936218,23.54270983,87.2970314 ,31.212000274658205,82.0317368402736 ,10.0,21:47:52 PM,1574007472923
1.6438751 ,3.180069 ,-1.7108612,23.54270983,87.2970314 ,31.212000274658205,82.0317368402736 ,10.0,21:47:52 PM,1574007472927
3.5126648 ,6.977478 ,-2.0769653,23.54270983,87.2970314 ,31.212000274658205,82.0317368402736 ,10.0,21:47:52 PM,1574007472931
2.5292206 ,-2.8618164 ,-3.2925262,23.54270983,87.2970314 ,31.212000274658205,82.0317368402736 ,10.0,21:47:52 PM,1574007472939
1.3639069 ,1.1413727 ,19.884354,23.54270983,87.2970314 ,31.212000274658205,82.0317368402736 ,10.0,21:47:52 PM,1574007472942
0.12921143 ,-2.2085724 ,23.559738,23.54270983,87.2970314 ,31.212000274658205,82.0317368402736 ,10.0,21:47:52 PM,1574007472946
1.4883423 ,-4.618149 ,17.934204,23.54270983,87.2970314 ,31.212000274658205,82.0317368402736 ,10.0,21:47:52 PM,1574007472951
4.627716 ,2.3282166 ,19.365112,23.54270983,87.2970314 ,31.212000274658205,82.0317368402736 ,10.0,21:47:52 PM,1574007472958
2.8785706 ,-1.7108612 ,14.536392,23.54270983,87.2970314 ,31.212000274658205,82.0317368402736 ,10.0,21:47:52 PM,1574007472961
0.14117432 ,-0.94755554 ,18.970306,23.54270983,87.2970314 ,31.212000274658205,82.0317368402736 ,10.0,21:47:52 PM,1574007472966
-0.67477417 ,1.4524384 ,23.191238,23.54270983,87.2970314 ,31.212000274658205,82.0317368402736 ,10.0,21:47:52 PM,1574007472972
-0.7896271 ,-2.691925 ,10.750946,23.54270983,87.2970314 ,31.212000274658205,82.0317368402736 ,10.0,21:47:52 PM,1574007472976
1.483551 ,-0.7417755 ,6.707077,23.54270983,87.2970314 ,31.212000274658205,82.0317368402736 ,10.0,21:47:52 PM,1574007472980
0.5120697 ,4.651642 ,7.2215424,23.54270983,87.2970314 ,31.212000274658205,82.0317368402736 ,10.0,21:47:52 PM,1574007472989
-2.995819 ,-0.6006012 ,0.3062744,23.54270983,87.2970314 ,31.212000274658205,82.0317368402736 ,10.0,21:47:52 PM,1574007472991
-1.5840454 ,2.4502563 ,8.874985,23.54270983,87.2970314 ,31.212000274658205,82.0317368402736 ,10.0,21:47:52 PM,1574007472996
1.6534424 ,4.924423 ,14.258835,23.54270983,87.2970314 ,31.212000274658205,82.0317368402736 ,10.0,21:47:53 PM,1574007473001
2.153534 ,4.137192 ,8.583054,23.54270983,87.2970314 ,31.212000274658205,82.0317368402736 ,10.0,21:47:53 PM,1574007473007
-0.22013855 ,10.88974 ,10.609772,23.54270983,87.2970314 ,31.212000274658205,82.0317368402736 ,10.0,21:47:53 PM,1574007473013
-2.399994 ,8.104492 ,0.69869995,23.54270983,87.2970314 ,31.212000274658205,82.0317368402736 ,10.0,21:47:53 PM,1574007473015
-2.2492523 ,-5.6973114 ,-9.004196,23.54270983,87.2970314 ,31.212000274658205,82.0317368402736 ,10.0,21:47:53 PM,1574007473023
1.9333954 ,-4.606186 ,3.4432678,23.54270983,87.2970314 ,31.212000274658205,82.0317368402736 ,10.0,21:47:53 PM,1574007473025
3.5485535 ,-2.1152496 ,10.569092,23.54270983,87.2970314 ,31.212000274658205,82.0317368402736 ,10.0,21:47:53 PM,1574007473030
1.5720825 ,-3.9361877 ,8.023132,23.54270983,87.2970314 ,31.212000274658205,82.0317368402736 ,10.0,21:47:53 PM,1574007473034
-0.19142151 ,2.0650024 ,25.129425,23.54270983,87.2970314 ,31.212000274658205,82.0317368402736 ,10.0,21:47:53 PM,1574007473040
-1.1676941 ,6.4941254 ,24.854248,23.54270983,87.2970314 ,31.212000274658205,82.0317368402736 ,10.0,21:47:53 PM,1574007473045
-0.85902405 ,-6.6185455 ,6.982254,23.54270983,87.2970314 ,31.212000274658205,82.0317368402736 ,10.0,21:47:53 PM,1574007473049
4.4291077 ,-9.066406 ,11.255844,23.54270983,87.2970314 ,31.212000274658205,82.0317368402736 ,10.0,21:47:53 PM,1574007473055
5.079956 ,-8.346161 ,22.085754,23.54270983,87.2970314 ,31.212000274658205,82.0317368402736 ,10.0,21:47:53 PM,1574007473060
-1.7754669 ,-8.195419 ,16.996216,23.54270983,87.2970314 ,31.212000274658205,82.0317368402736 ,10.0,21:47:53 PM,1574007473064
-4.496109 ,-3.2111664 ,13.770691,23.54270983,87.2970314 ,31.212000274658205,82.0317368402736 ,10.0,21:47:53 PM,1574007473073
-0.74894714 ,3.8692017 ,11.638687,23.54270983,87.2970314 ,31.212000274658205,82.0317368402736 ,10.0,21:47:53 PM,1574007473075
1.6462555 ,-0.6915283 ,7.314865,23.54270983,87.2970314 ,31.212000274658205,82.0317368402736 ,10.0,21:47:53 PM,1574007473080
1.036087 ,1.763504 ,14.285156,23.54270983,87.2970314 ,31.212000274658205,82.0317368402736 ,10.0,21:47:53 PM,1574007473084
-0.026321411 ,2.6129608 ,12.684357,23.54270983,87.2970314 ,31.212000274658205,82.0317368402736 ,10.0,21:47:53 PM,1574007473091
2.1631165 ,1.1557312 ,2.2899323,23.54270983,87.2970314 ,31.212000274658205,82.0317368402736 ,10.0,21:47:53 PM,1574007473094
4.893326 ,4.060623 ,0.830307,23.54270983,87.2970314 ,31.212000274658205,82.0317368402736 ,10.0,21:47:53 PM,1574007473099
0.91645813 ,12.05983 ,2.5914307,23.54270983,87.2970314 ,31.212000274658205,82.0317368402736 ,10.0,21:47:53 PM,1574007473106
-2.3569336 ,4.165909 ,-3.4815521,23.54270983,87.2970314 ,31.212000274658205,82.0317368402736 ,10.0,21:47:53 PM,1574007473109
-0.85902405 ,5.8097687 ,7.980057,23.54270983,87.2970314 ,31.212000274658205,82.0317368402736 ,10.0,21:47:53 PM,1574007473114
0.45463562 ,4.094116 ,6.9678955,23.54270983,87.2970314 ,31.212000274658205,82.0317368402736 ,10.0,21:47:53 PM,1574007473122
0.94277954 ,1.2466583 ,2.0817566,23.54270983,87.2970314 ,31.212000274658205,82.0317368402736 ,10.0,21:47:53 PM,1574007473123
3.8500519 ,4.0055847 ,10.712662,23.54270983,87.2970314 ,31.212000274658205,82.0317368402736 ,10.0,21:47:53 PM,1574007473128
1.4667969 ,5.572891 ,12.940384,23.54270983,87.2970314 ,31.212000274658205,82.0317368402736 ,10.0,21:47:53 PM,1574007473132
-4.010376 ,-6.276367 ,6.1543427,23.54270983,87.2970314 ,31.212000274658205,82.0317368402736 ,10.0,21:47:53 PM,1574007473139
