x,y,z,latitude,longitude,speed,sound,light,time,timestamp
0.16749573 ,1.2466583 ,9.867996,23.5421702,87.29664609 ,0.0,68.18614413500156 ,0.0,21:47:33 PM,1574007453418
0.3062744 ,1.1485596 ,9.681366,23.5421702,87.29664609 ,0.0,68.18614413500156 ,0.0,21:47:33 PM,1574007453423
0.45942688 ,1.1365967 ,9.6263275,23.5421702,87.29664609 ,0.0,68.18614413500156 ,0.0,21:47:33 PM,1574007453428
0.45703125 ,1.0384827 ,9.76033,23.5421702,87.29664609 ,0.0,68.18614413500156 ,0.0,21:47:33 PM,1574007453433
0.3397827 ,1.2275238 ,10.071396,23.5421702,87.29664609 ,0.0,68.18614413500156 ,0.0,21:47:33 PM,1574007453439
0.22253418 ,1.3280182 ,9.84407,23.5421702,87.29664609 ,0.0,68.18614413500156 ,0.0,21:47:33 PM,1574007453443
0.29193115 ,1.282547 ,9.61676,23.5421702,87.29664609 ,0.0,68.18614413500156 ,0.0,21:47:33 PM,1574007453448
0.36131287 ,1.1916199 ,9.6263275,23.5421702,87.29664609 ,0.0,68.18614413500156 ,0.0,21:47:33 PM,1574007453453
0.34695435 ,1.1676941 ,9.961319,23.5421702,87.29664609 ,0.0,68.18614413500156 ,0.0,21:47:33 PM,1574007453459
0.21774292 ,1.2729797 ,9.992432,23.5421702,87.29664609 ,0.0,68.18614413500156 ,0.0,21:47:33 PM,1574007453464
0.27757263 ,1.2969055 ,9.74118,23.5421702,87.29664609 ,0.0,68.18614413500156 ,0.0,21:47:33 PM,1574007453469
0.34217834 ,1.3997955 ,9.57608,23.5421702,87.29664609 ,0.0,68.18614413500156 ,0.0,21:47:33 PM,1574007453474
0.3062744 ,1.3328094 ,9.631119,23.5421702,87.29664609 ,0.0,68.18614413500156 ,0.0,21:47:33 PM,1574007453477
0.24406433 ,1.3495483 ,9.829712,23.5421702,87.29664609 ,0.0,68.18614413500156 ,0.0,21:47:33 PM,1574007453483
0.21774292 ,1.3280182 ,9.88475,23.5421702,87.29664609 ,0.0,68.18614413500156 ,0.0,21:47:33 PM,1574007453489
0.27278137 ,1.3591309 ,9.726822,23.5421702,87.29664609 ,0.0,68.18614413500156 ,0.0,21:47:33 PM,1574007453492
0.2871399 ,1.414154 ,9.738785,23.5421702,87.29664609 ,0.0,68.18614413500156 ,0.0,21:47:33 PM,1574007453497
0.22013855 ,1.3567352 ,9.734009,23.5421702,87.29664609 ,0.0,68.18614413500156 ,0.0,21:47:33 PM,1574007453502
0.14117432 ,1.3160553 ,9.973282,23.5421702,87.29664609 ,0.0,68.18614413500156 ,0.0,21:47:33 PM,1574007453508
0.18902588 ,1.3471527 ,10.00679,23.5421702,87.29664609 ,0.0,68.18614413500156 ,0.0,21:47:33 PM,1574007453513
0.3517456 ,1.3997955 ,9.865616,23.5421702,87.29664609 ,0.0,68.18614413500156 ,0.0,21:47:33 PM,1574007453517
0.45942688 ,1.4572296 ,9.712463,23.5421702,87.29664609 ,0.0,68.18614413500156 ,0.0,21:47:33 PM,1574007453523
0.3517456 ,1.3997955 ,9.729218,23.5421702,87.29664609 ,0.0,68.18614413500156 ,0.0,21:47:33 PM,1574007453528
0.17468262 ,1.3615112 ,9.836899,23.5421702,87.29664609 ,0.0,68.18614413500156 ,0.0,21:47:33 PM,1574007453532
0.119644165 ,1.3256226 ,9.96611,23.5421702,87.29664609 ,0.0,68.18614413500156 ,0.0,21:47:33 PM,1574007453540
0.2368927 ,1.3615112 ,9.820145,23.5421702,87.29664609 ,0.0,68.18614413500156 ,0.0,21:47:33 PM,1574007453542
0.37327576 ,1.3639069 ,9.571289,23.5421702,87.29664609 ,0.0,68.18614413500156 ,0.0,21:47:33 PM,1574007453547
0.34217834 ,1.4117584 ,9.604797,23.5421702,87.29664609 ,0.0,68.18614413500156 ,0.0,21:47:33 PM,1574007453552
0.13160706 ,1.3758698 ,9.736389,23.5421702,87.29664609 ,0.0,68.18614413500156 ,0.0,21:47:33 PM,1574007453557
0.04067993 ,1.2705841 ,9.707687,23.5421702,87.29664609 ,0.0,68.18614413500156 ,0.0,21:47:33 PM,1574007453562
0.050247192 ,1.1533356 ,9.633499,23.5421702,87.29664609 ,0.0,68.18614413500156 ,0.0,21:47:33 PM,1574007453567
0.117248535 ,1.1198425 ,9.607178,23.5421702,87.29664609 ,0.0,68.18614413500156 ,0.0,21:47:33 PM,1574007453572
0.08375549 ,1.1700897 ,9.734009,23.5421702,87.29664609 ,0.0,68.18614413500156 ,0.0,21:47:33 PM,1574007453576
0.117248535 ,1.1629181 ,9.860825,23.5421702,87.29664609 ,0.0,68.18614413500156 ,0.0,21:47:33 PM,1574007453581
0.24885559 ,1.0791626 ,9.908676,23.5421702,87.29664609 ,0.0,68.18614413500156 ,0.0,21:47:33 PM,1574007453589
0.28474426 ,0.9451599 ,9.82254,23.5421702,87.29664609 ,0.0,68.18614413500156 ,0.0,21:47:33 PM,1574007453591
-0.04307556 ,0.63409424 ,9.107086,23.5421702,87.29664609 ,0.0,68.18614413500156 ,0.0,21:47:33 PM,1574007453596
-0.18185425 ,1.1413727 ,10.255646,23.5421702,87.29664609 ,0.0,68.18614413500156 ,0.0,21:47:33 PM,1574007453600
-0.32063293 ,1.9190369 ,10.777267,23.5421702,87.29664609 ,0.0,68.18614413500156 ,0.0,21:47:33 PM,1574007453606
0.086135864 ,1.8687897 ,10.116852,23.5421702,87.29664609 ,0.0,68.18614413500156 ,0.0,21:47:33 PM,1574007453611
0.78245544 ,1.7060852 ,9.087936,23.5421702,87.29664609 ,0.0,65.88952147215842 ,0.0,21:47:33 PM,1574007453615
1.2251282 ,0.8039856 ,9.219543,23.5421702,87.29664609 ,0.0,65.88952147215842 ,0.0,21:47:33 PM,1574007453622
1.1700897 ,1.0528412 ,10.564316,23.5421702,87.29664609 ,0.0,65.88952147215842 ,0.0,21:47:33 PM,1574007453626
0.825531 ,1.2921295 ,10.097717,23.5421702,87.29664609 ,0.0,65.88952147215842 ,0.0,21:47:33 PM,1574007453630
0.5359955 ,1.9597168 ,8.681168,23.5421702,87.29664609 ,0.0,65.88952147215842 ,0.0,21:47:33 PM,1574007453635
0.21534729 ,1.9740753 ,8.647659,23.5421702,87.29664609 ,0.0,65.88952147215842 ,0.0,21:47:33 PM,1574007453641
0.0023956299 ,0.7657013 ,9.561722,23.5421702,87.29664609 ,0.0,65.88952147215842 ,0.0,21:47:33 PM,1574007453646
0.14356995 ,0.5431671 ,11.52623,23.5421702,87.29664609 ,0.0,65.88952147215842 ,0.0,21:47:33 PM,1574007453650
0.2033844 ,0.3900299 ,10.504486,23.5421702,87.29664609 ,0.0,65.88952147215842 ,0.0,21:47:33 PM,1574007453656
0.1483612 ,0.8374939 ,9.253052,23.5421702,87.29664609 ,0.0,65.88952147215842 ,0.0,21:47:33 PM,1574007453661
0.07417297 ,1.1916199 ,9.61676,23.5421702,87.29664609 ,0.0,65.88952147215842 ,0.0,21:47:33 PM,1574007453666
-0.021530151 ,0.899704 ,10.604996,23.5421702,87.29664609 ,0.0,65.88952147215842 ,0.0,21:47:33 PM,1574007453674
0.21534729 ,0.6149597 ,10.636093,23.5421702,87.29664609 ,0.0,65.88952147215842 ,0.0,21:47:33 PM,1574007453676
0.57188416 ,0.8231354 ,9.779465,23.5421702,87.29664609 ,0.0,65.88952147215842 ,0.0,21:47:33 PM,1574007453680
0.49771118 ,1.0265198 ,8.532806,23.5421702,87.29664609 ,0.0,65.88952147215842 ,0.0,21:47:33 PM,1574007453685
0.1531372 ,1.3328094 ,8.791229,23.5421702,87.29664609 ,0.0,65.88952147215842 ,0.0,21:47:33 PM,1574007453690
-0.124420166 ,1.6295166 ,9.88475,23.5421702,87.29664609 ,0.0,65.88952147215842 ,0.0,21:47:33 PM,1574007453695
-0.13400269 ,1.4452667 ,9.789032,23.5421702,87.29664609 ,0.0,65.88952147215842 ,0.0,21:47:33 PM,1574007453699
0.20100403 ,1.4811554 ,9.162125,23.5421702,87.29664609 ,0.0,65.88952147215842 ,0.0,21:47:33 PM,1574007453706
0.4737854 ,1.4763641 ,8.889343,23.5421702,87.29664609 ,0.0,65.88952147215842 ,0.0,21:47:33 PM,1574007453710
0.53359985 ,0.9786682 ,9.245865,23.5421702,87.29664609 ,0.0,65.88952147215842 ,0.0,21:47:33 PM,1574007453714
0.48812866 ,1.3543396 ,11.085953,23.5421702,87.29664609 ,0.0,65.88952147215842 ,0.0,21:47:33 PM,1574007453723
0.24645996 ,0.82073975 ,9.793823,23.5421702,87.29664609 ,0.0,65.88952147215842 ,0.0,21:47:33 PM,1574007453725
0.18185425 ,0.74894714 ,9.729218,23.5421702,87.29664609 ,0.0,65.88952147215842 ,0.0,21:47:33 PM,1574007453729
-0.26081848 ,1.6701965 ,10.78685,23.5421702,87.29664609 ,0.0,65.88952147215842 ,0.0,21:47:33 PM,1574007453734
-0.4283142 ,0.32302856 ,9.200409,23.5421702,87.29664609 ,0.0,65.88952147215842 ,0.0,21:47:33 PM,1574007453740
0.1651001 ,0.653244 ,10.3537445,23.5421702,87.29664609 ,0.0,65.88952147215842 ,0.0,21:47:33 PM,1574007453744
0.279953 ,1.0576324 ,10.219742,23.5421702,87.29664609 ,0.0,65.88952147215842 ,0.0,21:47:33 PM,1574007453749
-0.24885559 ,0.825531 ,8.819946,23.5421702,87.29664609 ,0.0,65.88952147215842 ,0.0,21:47:33 PM,1574007453757
-0.36610413 ,1.5984039 ,9.568893,23.5421702,87.29664609 ,0.0,65.88952147215842 ,0.0,21:47:33 PM,1574007453760
0.102890015 ,1.3758698 ,9.894318,23.5421702,87.29664609 ,0.0,65.88952147215842 ,0.0,21:47:33 PM,1574007453764
0.32781982 ,0.29193115 ,9.413361,23.5421702,87.29664609 ,0.0,65.88952147215842 ,0.0,21:47:33 PM,1574007453769
-0.04307556 ,0.25125122 ,10.057037,23.5421702,87.29664609 ,0.0,65.88952147215842 ,0.0,21:47:33 PM,1574007453775
-0.94277954 ,0.25125122 ,10.652847,23.5421702,87.29664609 ,0.0,65.88952147215842 ,0.0,21:47:33 PM,1574007453780
-0.98583984 ,1.5074768 ,10.715057,23.5421702,87.29664609 ,0.0,65.88952147215842 ,0.0,21:47:33 PM,1574007453783
-0.093322754 ,0.3254242 ,7.9657135,23.5421702,87.29664609 ,0.0,65.88952147215842 ,0.0,21:47:33 PM,1574007453791
0.76330566 ,-0.090927124 ,8.408386,23.5421702,87.29664609 ,0.0,65.88952147215842 ,0.0,21:47:33 PM,1574007453793
0.38285828 ,-0.9762726 ,10.140778,23.5421702,87.29664609 ,0.0,65.88952147215842 ,0.0,21:47:33 PM,1574007453798
-0.17706299 ,-0.8805542 ,12.344574,23.5421702,87.29664609 ,0.0,65.88952147215842 ,0.0,21:47:33 PM,1574007453805
0.29910278 ,-0.5431671 ,12.234497,23.5421702,87.29664609 ,0.0,65.88952147215842 ,0.0,21:47:33 PM,1574007453808
0.5312042 ,0.94277954 ,11.152954,23.5421702,87.29664609 ,0.0,65.88952147215842 ,0.0,21:47:33 PM,1574007453812
0.07417297 ,-0.028717041 ,13.074387,23.5421702,87.29664609 ,0.0,65.88952147215842 ,0.0,21:47:33 PM,1574007453817
0.55513 ,3.3116608 ,16.13002,23.5421702,87.29664609 ,0.0,65.88952147215842 ,0.0,21:47:33 PM,1574007453823
2.5651093 ,4.2065887 ,7.515854,23.5421702,87.29664609 ,0.0,65.88952147215842 ,0.0,21:47:33 PM,1574007453828
3.345169 ,0.5144501 ,1.8735809,23.5421702,87.29664609 ,0.0,65.88952147215842 ,0.0,21:47:33 PM,1574007453832
1.2538452 ,2.8498535 ,8.420349,23.5421702,87.29664609 ,0.0,65.88952147215842 ,0.0,21:47:33 PM,1574007453838
-1.4955139 ,3.838089 ,11.418549,23.5421702,87.29664609 ,0.0,65.88952147215842 ,0.0,21:47:33 PM,1574007453842
0.7800598 ,0.22970581 ,6.71904,23.5421702,87.29664609 ,0.0,65.88952147215842 ,0.0,21:47:33 PM,1574007453847
4.5224304 ,1.9932251 ,8.879761,23.5421702,87.29664609 ,0.0,65.88952147215842 ,0.0,21:47:33 PM,1574007453852
2.4023895 ,1.282547 ,5.4388885,23.5421702,87.29664609 ,0.0,65.88952147215842 ,0.0,21:47:33 PM,1574007453858
-1.0911255 ,0.5312042 ,8.427521,23.5421702,87.29664609 ,0.0,65.88952147215842 ,0.0,21:47:33 PM,1574007453863
-1.208374 ,-1.0600128 ,12.985855,23.5421702,87.29664609 ,0.0,65.88952147215842 ,0.0,21:47:33 PM,1574007453868
-0.9403839 ,-0.4785614 ,14.615356,23.5421702,87.29664609 ,0.0,65.88952147215842 ,0.0,21:47:33 PM,1574007453874
-1.311264 ,-0.3637085 ,9.896713,23.5421702,87.29664609 ,0.0,65.88952147215842 ,0.0,21:47:33 PM,1574007453878
-1.0983124 ,2.7278137 ,12.071793,23.5421702,87.29664609 ,0.0,65.88952147215842 ,0.0,21:47:33 PM,1574007453882
-1.2729797 ,0.3517456 ,11.263016,23.5421702,87.29664609 ,0.0,65.88952147215842 ,0.0,21:47:33 PM,1574007453890
-2.3306122 ,-2.045868 ,12.117249,23.5421702,87.29664609 ,0.0,65.88952147215842 ,0.0,21:47:33 PM,1574007453892
-1.4021912 ,-2.5651093 ,14.380859,23.5421702,87.29664609 ,0.0,65.88952147215842 ,0.0,21:47:33 PM,1574007453898
0.5024872 ,1.3423767 ,10.585846,23.5421702,87.29664609 ,0.0,65.88952147215842 ,0.0,21:47:33 PM,1574007453903
2.3234253 ,2.0650024 ,2.6033936,23.5421702,87.29664609 ,0.0,65.88952147215842 ,0.0,21:47:33 PM,1574007453910
