x,y,z,latitude,longitude,speed,sound,light,time,timestamp
-2.1463623 ,10.612167 ,1.6103668,23.54282028,87.29719859 ,10.079999828338623,82.70882588655626 ,2.0,21:35:43 PM,1574006743190
-1.3615112 ,10.4566345 ,-1.6797638,23.54282028,87.29719859 ,10.079999828338623,82.70882588655626 ,2.0,21:35:43 PM,1574006743192
1.5050812 ,9.410965 ,0.550354,23.54282028,87.29719859 ,10.079999828338623,82.70882588655626 ,2.0,21:35:43 PM,1574006743197
2.9192505 ,8.683548 ,1.976471,23.54282028,87.29719859 ,10.079999828338623,82.70882588655626 ,2.0,21:35:43 PM,1574006743202
1.5816498 ,6.936798 ,-3.7830505,23.54282028,87.29719859 ,10.079999828338623,82.70882588655626 ,2.0,21:35:43 PM,1574006743208
0.114852905 ,10.088135 ,-4.639679,23.54282028,87.29719859 ,10.079999828338623,82.70882588655626 ,2.0,21:35:43 PM,1574006743212
-1.5960083 ,9.408585 ,-3.5198364,23.54282028,87.29719859 ,10.079999828338623,82.70882588655626 ,2.0,21:35:43 PM,1574006743217
-1.7324066 ,7.405792 ,-0.4665985,23.54282028,87.29719859 ,10.079999828338623,82.70882588655626 ,2.0,21:35:43 PM,1574006743223
-0.6628113 ,8.975479 ,-0.65563965,23.54282028,87.29719859 ,10.079999828338623,82.70882588655626 ,2.0,21:35:43 PM,1574006743227
1.0121613 ,8.374878 ,-1.0145569,23.54282028,87.29719859 ,10.079999828338623,82.70882588655626 ,2.0,21:35:43 PM,1574006743232
-0.62931824 ,9.224335 ,-0.093322754,23.54282028,87.29719859 ,10.079999828338623,82.70882588655626 ,2.0,21:35:43 PM,1574006743244
1.0959167 ,10.648056 ,1.2753754,23.54282028,87.29719859 ,10.079999828338623,82.70882588655626 ,2.0,21:35:43 PM,1574006743246
0.9403839 ,10.071396 ,0.100494385,23.54282028,87.29719859 ,10.079999828338623,82.70882588655626 ,2.0,21:35:43 PM,1574006743248
-1.2969055 ,11.126633 ,4.7569275,23.54282028,87.29719859 ,10.079999828338623,82.70882588655626 ,2.0,21:35:43 PM,1574006743252
0.06700134 ,10.736603 ,-5.022537,23.54282028,87.29719859 ,10.079999828338623,82.70882588655626 ,2.0,21:35:43 PM,1574006743258
2.1966095 ,10.186249 ,-1.3974152,23.5427939,87.29717908 ,14.940000343322755,82.70882588655626 ,2.0,21:35:43 PM,1574006743264
0.19142151 ,9.052048 ,0.21057129,23.5427939,87.29717908 ,14.940000343322755,82.70882588655626 ,2.0,21:35:43 PM,1574006743266
0.7848511 ,6.7333984 ,-3.1657104,23.5427939,87.29717908 ,14.940000343322755,82.70882588655626 ,2.0,21:35:43 PM,1574006743272
-1.1557312 ,6.7453613 ,-8.197815,23.5427939,87.29717908 ,14.940000343322755,82.70882588655626 ,2.0,21:35:43 PM,1574006743276
-4.689926 ,10.956741 ,-4.4027863,23.5427939,87.29717908 ,14.940000343322755,82.70882588655626 ,2.0,21:35:43 PM,1574006743280
-3.4432678 ,9.016159 ,-4.7808533,23.5427939,87.29717908 ,14.940000343322755,82.70882588655626 ,2.0,21:35:43 PM,1574006743289
1.8975067 ,10.124039 ,8.803192,23.5427939,87.29717908 ,14.940000343322755,82.70882588655626 ,2.0,21:35:43 PM,1574006743290
4.3238373 ,11.272583 ,4.175476,23.5427939,87.29717908 ,14.940000343322755,82.70882588655626 ,2.0,21:35:43 PM,1574006743295
3.912262 ,12.669998 ,-1.8592224,23.5427939,87.29717908 ,14.940000343322755,82.70882588655626 ,2.0,21:35:43 PM,1574006743300
4.0821533 ,8.987442 ,-0.4905243,23.5427939,87.29717908 ,14.940000343322755,82.70882588655626 ,2.0,21:35:43 PM,1574006743306
1.4667969 ,7.6211395 ,8.286346,23.5427939,87.29717908 ,14.940000343322755,82.70882588655626 ,2.0,21:35:43 PM,1574006743310
-2.5220337 ,4.2257233 ,-1.655838,23.5427939,87.29717908 ,14.940000343322755,82.70882588655626 ,2.0,21:35:43 PM,1574006743315
-4.297516 ,5.544174 ,-8.642868,23.5427939,87.29717908 ,14.940000343322755,82.70882588655626 ,2.0,21:35:43 PM,1574006743322
-2.868988 ,8.288742 ,-7.080368,23.5427939,87.29717908 ,14.940000343322755,82.70882588655626 ,2.0,21:35:43 PM,1574006743325
-0.18902588 ,3.9361877 ,-13.682159,23.5427939,87.29717908 ,14.940000343322755,82.70882588655626 ,2.0,21:35:43 PM,1574006743329
0.29910278 ,10.258026 ,-0.8063812,23.5427939,87.29717908 ,14.940000343322755,82.70882588655626 ,2.0,21:35:43 PM,1574006743335
0.047851562 ,12.918854 ,-0.13400269,23.5427939,87.29717908 ,14.940000343322755,82.70882588655626 ,2.0,21:35:43 PM,1574006743341
-0.81355286 ,12.378067 ,-2.720642,23.5427939,87.29717908 ,14.940000343322755,82.70882588655626 ,2.0,21:35:43 PM,1574006743345
1.4380798 ,12.844666 ,3.7878418,23.5427939,87.29717908 ,14.940000343322755,82.70882588655626 ,2.0,21:35:43 PM,1574006743350
5.6039886 ,10.78685 ,3.0675964,23.5427939,87.29717908 ,14.940000343322755,82.70882588655626 ,2.0,21:35:43 PM,1574006743358
6.18544 ,10.4279175 ,2.4430695,23.5427939,87.29717908 ,14.940000343322755,82.70882588655626 ,2.0,21:35:43 PM,1574006743360
2.864212 ,10.935196 ,-4.015152,23.5427939,87.29717908 ,14.940000343322755,82.70882588655626 ,2.0,21:35:43 PM,1574006743365
-1.6414795 ,7.068405 ,-4.9483643,23.5427939,87.29717908 ,14.940000343322755,82.70882588655626 ,2.0,21:35:43 PM,1574006743374
-4.311859 ,6.1017 ,-2.6129608,23.5427939,87.29717908 ,14.940000343322755,82.70882588655626 ,2.0,21:35:43 PM,1574006743376
-5.091934 ,2.8881378 ,-9.102295,23.5427939,87.29717908 ,14.940000343322755,82.70882588655626 ,2.0,21:35:43 PM,1574006743380
-3.4337006 ,6.652054 ,-4.165909,23.5427939,87.29717908 ,14.940000343322755,82.70882588655626 ,2.0,21:35:43 PM,1574006743385
-1.7084808 ,10.6026 ,-2.663208,23.5427939,87.29717908 ,14.940000343322755,82.70882588655626 ,2.0,21:35:43 PM,1574006743392
1.1988068 ,15.457642 ,0.68196106,23.5427939,87.29717908 ,14.940000343322755,82.70882588655626 ,2.0,21:35:43 PM,1574006743395
2.938385 ,12.047867 ,-2.4837494,23.5427939,87.29717908 ,14.940000343322755,82.70882588655626 ,2.0,21:35:43 PM,1574006743399
1.6366882 ,13.488342 ,8.066208,23.5427939,87.29717908 ,14.940000343322755,82.70882588655626 ,2.0,21:35:43 PM,1574006743407
1.421341 ,11.408981 ,4.3668976,23.5427939,87.29717908 ,14.940000343322755,82.70882588655626 ,2.0,21:35:43 PM,1574006743410
2.2468567 ,12.815964 ,1.146164,23.5427939,87.29717908 ,14.940000343322755,82.70882588655626 ,2.0,21:35:43 PM,1574006743414
0.47138977 ,10.928024 ,-9.853638,23.5427939,87.29717908 ,14.940000343322755,82.70882588655626 ,2.0,21:35:43 PM,1574006743423
0.1483612 ,10.3537445 ,-10.660019,23.5427939,87.29717908 ,14.940000343322755,82.70882588655626 ,2.0,21:35:43 PM,1574006743425
-1.0743713 ,4.6707916 ,-9.990036,23.5427939,87.29717908 ,14.940000343322755,82.70882588655626 ,2.0,21:35:43 PM,1574006743429
-4.266403 ,8.970688 ,1.2155609,23.5427939,87.29717908 ,14.940000343322755,82.70882588655626 ,2.0,21:35:43 PM,1574006743433
-4.364502 ,10.25325 ,-6.6640167,23.5427939,87.29717908 ,14.940000343322755,82.70882588655626 ,2.0,21:35:43 PM,1574006743440
0.39242554 ,12.303894 ,-0.49531555,23.5427939,87.29717908 ,14.940000343322755,82.70882588655626 ,2.0,21:35:43 PM,1574006743444
3.270996 ,10.365707 ,3.8285217,23.5427939,87.29717908 ,14.940000343322755,82.70882588655626 ,2.0,21:35:43 PM,1574006743448
3.9840546 ,10.99263 ,6.439087,23.5427939,87.29717908 ,14.940000343322755,82.70882588655626 ,2.0,21:35:43 PM,1574006743455
2.1439667 ,12.055038 ,-3.2518463,23.5427939,87.29717908 ,14.940000343322755,82.70882588655626 ,2.0,21:35:43 PM,1574006743459
-0.4857483 ,12.818344 ,2.7445679,23.5427939,87.29717908 ,14.940000343322755,82.70882588655626 ,2.0,21:35:43 PM,1574006743463
0.8183441 ,7.1521454 ,-0.1603241,23.5427939,87.29717908 ,14.940000343322755,82.70882588655626 ,2.0,21:35:43 PM,1574006743468
0.9260254 ,8.128418 ,-2.4311066,23.5427939,87.29717908 ,14.940000343322755,82.70882588655626 ,2.0,21:35:43 PM,1574006743474
-0.9068756 ,11.27977 ,-9.939789,23.5427939,87.29717908 ,14.940000343322755,82.70882588655626 ,2.0,21:35:43 PM,1574006743478
-1.8209381 ,10.286743 ,-15.06282,23.5427939,87.29717908 ,14.940000343322755,82.70882588655626 ,2.0,21:35:43 PM,1574006743483
-1.1533356 ,9.5354 ,-5.2905273,23.5427939,87.29717908 ,14.940000343322755,82.70882588655626 ,3.0,21:35:43 PM,1574006743489
-1.9333954 ,9.085556 ,2.165512,23.5427939,87.29717908 ,14.940000343322755,82.70882588655626 ,3.0,21:35:43 PM,1574006743494
-0.9667053 ,8.784058 ,-4.9866486,23.5427939,87.29717908 ,14.940000343322755,82.70882588655626 ,3.0,21:35:43 PM,1574006743497
1.351944 ,10.494919 ,-8.080566,23.5427939,87.29717908 ,14.940000343322755,82.70882588655626 ,3.0,21:35:43 PM,1574006743506
1.8903351 ,8.889343 ,-4.340576,23.5427939,87.29717908 ,14.940000343322755,82.70882588655626 ,3.0,21:35:43 PM,1574006743508
0.1268158 ,5.2833557 ,-3.9050903,23.5427939,87.29717908 ,14.940000343322755,82.70882588655626 ,3.0,21:35:43 PM,1574006743512
-0.57188416 ,8.468201 ,-1.7491608,23.5427939,87.29717908 ,14.940000343322755,82.70882588655626 ,3.0,21:35:43 PM,1574006743517
0.007171631 ,11.552551 ,-1.6917267,23.5427939,87.29717908 ,14.940000343322755,82.70882588655626 ,3.0,21:35:43 PM,1574006743524
0.9379883 ,9.707687 ,-0.14356995,23.5427939,87.29717908 ,14.940000343322755,82.70882588655626 ,3.0,21:35:43 PM,1574006743528
2.548355 ,8.640488 ,0.39242554,23.5427939,87.29717908 ,14.940000343322755,82.70882588655626 ,3.0,21:35:43 PM,1574006743532
2.5842438 ,8.425125 ,0.48812866,23.5427939,87.29717908 ,14.940000343322755,82.95334248020653 ,3.0,21:35:43 PM,1574006743540
-1.5314026 ,10.1766815 ,-3.402588,23.5427939,87.29717908 ,14.940000343322755,82.95334248020653 ,3.0,21:35:43 PM,1574006743542
0.25602722 ,13.512268 ,-2.622528,23.5427939,87.29717908 ,14.940000343322755,82.95334248020653 ,3.0,21:35:43 PM,1574006743547
2.7828522 ,11.667404 ,-3.1345978,23.5427939,87.29717908 ,14.940000343322755,82.95334248020653 ,3.0,21:35:43 PM,1574006743552
0.5934143 ,10.609772 ,2.8139648,23.5427939,87.29717908 ,14.940000343322755,82.95334248020653 ,3.0,21:35:43 PM,1574006743558
-0.42352295 ,11.432907 ,-2.1463623,23.5427939,87.29717908 ,14.940000343322755,82.95334248020653 ,3.0,21:35:43 PM,1574006743562
-0.22253418 ,10.947159 ,-3.620346,23.5427939,87.29717908 ,14.940000343322755,82.95334248020653 ,3.0,21:35:43 PM,1574006743567
-1.627121 ,10.284348 ,-1.8568268,23.5427939,87.29717908 ,14.940000343322755,82.95334248020653 ,3.0,21:35:43 PM,1574006743572
1.1892395 ,11.222336 ,-0.75852966,23.5427939,87.29717908 ,14.940000343322755,82.95334248020653 ,3.0,21:35:43 PM,1574006743577
2.1846466 ,9.434906 ,-2.1559296,23.5427939,87.29717908 ,14.940000343322755,82.95334248020653 ,3.0,21:35:43 PM,1574006743581
-0.107681274 ,9.973282 ,5.893524,23.5427939,87.29717908 ,14.940000343322755,82.95334248020653 ,3.0,21:35:43 PM,1574006743589
0.88534546 ,8.583054 ,-2.9814606,23.5427939,87.29717908 ,14.940000343322755,82.95334248020653 ,3.0,21:35:43 PM,1574006743592
-0.047851562 ,7.3124695 ,-6.661621,23.5427939,87.29717908 ,14.940000343322755,82.95334248020653 ,3.0,21:35:43 PM,1574006743597
-2.4406738 ,5.046463 ,-5.4891357,23.5427939,87.29717908 ,14.940000343322755,82.95334248020653 ,3.0,21:35:43 PM,1574006743602
-1.9166565 ,6.1160583 ,-4.692322,23.5427939,87.29717908 ,14.940000343322755,82.95334248020653 ,3.0,21:35:43 PM,1574006743608
-0.6915283 ,6.5659027 ,-7.7312164,23.5427939,87.29717908 ,14.940000343322755,82.95334248020653 ,3.0,21:35:43 PM,1574006743612
-0.35653687 ,10.91127 ,2.6656036,23.5427939,87.29717908 ,14.940000343322755,82.95334248020653 ,3.0,21:35:43 PM,1574006743617
3.826126 ,8.525635 ,-4.6085815,23.5427939,87.29717908 ,14.940000343322755,82.95334248020653 ,3.0,21:35:43 PM,1574006743624
6.6017914 ,7.8269196 ,-2.8809662,23.5427939,87.29717908 ,14.940000343322755,82.95334248020653 ,3.0,21:35:43 PM,1574006743626
3.1992035 ,8.477768 ,-1.7228394,23.5427939,87.29717908 ,14.940000343322755,82.95334248020653 ,3.0,21:35:43 PM,1574006743631
0.8685913 ,9.214767 ,-2.8498535,23.5427939,87.29717908 ,14.940000343322755,82.95334248020653 ,3.0,21:35:43 PM,1574006743640
1.0145569 ,8.104492 ,-5.905487,23.5427939,87.29717908 ,14.940000343322755,82.95334248020653 ,3.0,21:35:43 PM,1574006743642
-0.7537384 ,8.197815 ,3.5700989,23.5427939,87.29717908 ,14.940000343322755,82.95334248020653 ,3.0,21:35:43 PM,1574006743646
-0.52163696 ,6.757324 ,-2.9144592,23.5427939,87.29717908 ,14.940000343322755,82.95334248020653 ,3.0,21:35:43 PM,1574006743651
0.8279114 ,8.578262 ,-7.0707855,23.5427939,87.29717908 ,14.940000343322755,82.95334248020653 ,3.0,21:35:43 PM,1574006743658
-0.009567261 ,10.49971 ,-4.5104675,23.5427939,87.29717908 ,14.940000343322755,82.95334248020653 ,3.0,21:35:43 PM,1574006743661
1.2562256 ,10.494919 ,2.4047852,23.5427939,87.29717908 ,14.940000343322755,82.95334248020653 ,3.0,21:35:43 PM,1574006743666
3.4695892 ,12.413971 ,1.5194397,23.5427939,87.29717908 ,14.940000343322755,82.95334248020653 ,3.0,21:35:43 PM,1574006743674
1.655838 ,11.990433 ,3.596405,23.5427939,87.29717908 ,14.940000343322755,82.95334248020653 ,3.0,21:35:43 PM,1574006743676
