x,y,z,latitude,longitude,speed,sound,light,time,timestamp
0.5215759 ,4.8339233 ,0.35650635,23.5492681,87.30005069 ,22.7879997253418,75.8281634649188 ,0.0,21:17:05 PM,1574005625121
1.928833 ,9.090866 ,4.662384,23.5492681,87.30005069 ,22.7879997253418,75.8281634649188 ,0.0,21:17:05 PM,1574005625124
2.1047668 ,7.9133453 ,-0.60043335,23.5492681,87.30005069 ,22.7879997253418,75.8281634649188 ,0.0,21:17:05 PM,1574005625129
2.442154 ,10.236603 ,-0.7829437,23.5492681,87.30005069 ,22.7879997253418,75.8281634649188 ,0.0,21:17:05 PM,1574005625138
3.1250305 ,10.729507 ,2.8347626,23.5492681,87.30005069 ,22.7879997253418,75.8281634649188 ,0.0,21:17:05 PM,1574005625141
2.9842224 ,9.558823 ,4.10643,23.5492681,87.30005069 ,22.7879997253418,75.8281634649188 ,0.0,21:17:05 PM,1574005625145
1.4526825 ,6.1451874 ,6.3447266,23.5492681,87.30005069 ,22.7879997253418,75.8281634649188 ,0.0,21:17:05 PM,1574005625149
-0.37628174 ,4.2329865 ,9.493225,23.5492681,87.30005069 ,22.7879997253418,75.8281634649188 ,0.0,21:17:05 PM,1574005625156
-1.240509 ,2.4178772 ,12.004135,23.5492681,87.30005069 ,22.7879997253418,75.8281634649188 ,0.0,21:17:05 PM,1574005625159
-0.6590271 ,2.5880737 ,16.71431,23.5492681,87.30005069 ,22.7879997253418,75.8281634649188 ,0.0,21:17:05 PM,1574005625163
0.52638245 ,0.55792236 ,17.768555,23.5492681,87.30005069 ,22.7879997253418,75.8281634649188 ,0.0,21:17:05 PM,1574005625171
1.4366913 ,-0.61328125 ,15.593811,23.5492681,87.30005069 ,22.7879997253418,75.8281634649188 ,0.0,21:17:05 PM,1574005625173
0.6704407 ,0.3119049 ,17.501663,23.5492681,87.30005069 ,22.7879997253418,75.8281634649188 ,0.0,21:17:05 PM,1574005625177
-2.5999603 ,-0.075653076 ,13.097107,23.5492681,87.30005069 ,22.7879997253418,75.8281634649188 ,0.0,21:17:05 PM,1574005625182
-5.001419 ,-0.09811401 ,15.408249,23.5492681,87.30005069 ,22.7879997253418,75.8281634649188 ,0.0,21:17:05 PM,1574005625188
-2.7037048 ,-2.903778 ,15.791473,23.5492681,87.30005069 ,22.7879997253418,75.8281634649188 ,0.0,21:17:05 PM,1574005625192
2.221405 ,-2.332306 ,19.808182,23.5492681,87.30005069 ,22.7879997253418,75.8281634649188 ,0.0,21:17:05 PM,1574005625198
2.7375183 ,-3.8806152 ,13.192505,23.5492681,87.30005069 ,22.7879997253418,75.8281634649188 ,0.0,21:17:05 PM,1574005625205
-1.7706146 ,2.7073212 ,17.444733,23.5492681,87.30005069 ,22.7879997253418,75.8281634649188 ,0.0,21:17:05 PM,1574005625208
-4.6236267 ,-0.40992737 ,4.1677704,23.5492681,87.30005069 ,22.7879997253418,75.8281634649188 ,0.0,21:17:05 PM,1574005625212
-0.18260193 ,5.313095 ,6.6805573,23.5492681,87.30005069 ,22.7879997253418,75.8281634649188 ,0.0,21:17:05 PM,1574005625215
5.957794 ,4.5606537 ,5.8687897,23.5492681,87.30005069 ,22.7879997253418,75.8281634649188 ,0.0,21:17:05 PM,1574005625225
6.077423 ,7.8999786 ,4.9018555,23.5492681,87.30005069 ,22.7879997253418,75.8281634649188 ,0.0,21:17:05 PM,1574005625229
1.5070953 ,7.6271515 ,4.2118225,23.5492681,87.30005069 ,22.7879997253418,75.8281634649188 ,0.0,21:17:05 PM,1574005625238
-0.76319885 ,8.10788 ,3.1997833,23.5492681,87.30005069 ,22.7879997253418,75.8281634649188 ,0.0,21:17:05 PM,1574005625240
0.84243774 ,7.317093 ,3.7314148,23.5492681,87.30005069 ,22.7879997253418,75.8281634649188 ,0.0,21:17:05 PM,1574005625245
1.9232635 ,6.205719 ,6.1536865,23.5492681,87.30005069 ,22.7879997253418,75.8281634649188 ,0.0,21:17:05 PM,1574005625249
1.4348907 ,7.04393 ,10.812027,23.5492681,87.30005069 ,22.7879997253418,75.8281634649188 ,0.0,21:17:05 PM,1574005625257
0.42607117 ,5.403549 ,5.3608704,23.5492681,87.30005069 ,22.7879997253418,75.8281634649188 ,0.0,21:17:05 PM,1574005625258
-1.1607208 ,6.3564453 ,3.8090973,23.5492681,87.30005069 ,22.7879997253418,75.8281634649188 ,0.0,21:17:05 PM,1574005625263
-2.312912 ,5.5294647 ,4.7664948,23.5492681,87.30005069 ,22.7879997253418,75.8281634649188 ,0.0,21:17:05 PM,1574005625273
-1.8542175 ,4.6496277 ,7.881302,23.5492681,87.30005069 ,22.7879997253418,75.8281634649188 ,0.0,21:17:05 PM,1574005625275
-0.5584717 ,2.3078308 ,9.457092,23.5492681,87.30005069 ,22.7879997253418,75.8281634649188 ,0.0,21:17:05 PM,1574005625277
0.21842957 ,2.7539825 ,9.807037,23.5492681,87.30005069 ,22.7879997253418,75.8281634649188 ,0.0,21:17:05 PM,1574005625282
0.4390869 ,3.4555054 ,7.4952545,23.5492681,87.30005069 ,22.7879997253418,75.8281634649188 ,0.0,21:17:05 PM,1574005625288
0.7501221 ,3.945282 ,5.611084,23.5492681,87.30005069 ,22.7879997253418,75.8281634649188 ,0.0,21:17:05 PM,1574005625292
2.0759888 ,3.0687408 ,10.288849,23.5492681,87.30005069 ,22.7879997253418,75.8281634649188 ,0.0,21:17:05 PM,1574005625297
3.4355469 ,0.23348999 ,10.068268,23.5492681,87.30005069 ,22.7879997253418,75.8281634649188 ,0.0,21:17:05 PM,1574005625304
2.2408142 ,0.7778168 ,14.421677,23.5492681,87.30005069 ,22.7879997253418,75.8281634649188 ,0.0,21:17:05 PM,1574005625306
-1.4627991 ,0.9820404 ,12.483826,23.5492681,87.30005069 ,22.7879997253418,75.8281634649188 ,0.0,21:17:05 PM,1574005625311
-2.4208527 ,3.793106 ,8.432922,23.5492681,87.30005069 ,22.7879997253418,75.8281634649188 ,0.0,21:17:05 PM,1574005625317
2.0750122 ,5.5266724 ,5.7894897,23.5492681,87.30005069 ,22.7879997253418,75.8281634649188 ,0.0,21:17:05 PM,1574005625324
6.400131 ,9.814209 ,5.652649,23.5492681,87.30005069 ,22.7879997253418,75.8281634649188 ,0.0,21:17:05 PM,1574005625326
4.895813 ,8.656097 ,1.6723938,23.5492681,87.30005069 ,22.7879997253418,75.8281634649188 ,0.0,21:17:05 PM,1574005625331
1.4413147 ,12.0354 ,0.36239624,23.5492681,87.30005069 ,22.7879997253418,75.8281634649188 ,0.0,21:17:05 PM,1574005625337
0.7716522 ,12.862274 ,1.6780701,23.5492681,87.30005069 ,22.7879997253418,75.8281634649188 ,0.0,21:17:05 PM,1574005625344
0.69400024 ,9.131409 ,-0.050567627,23.5492681,87.30005069 ,22.7879997253418,75.8281634649188 ,0.0,21:17:05 PM,1574005625349
0.8079529 ,5.793808 ,11.777054,23.5492681,87.30005069 ,22.7879997253418,75.8281634649188 ,0.0,21:17:05 PM,1574005625351
2.7571259 ,2.3243713 ,16.172165,23.5492681,87.30005069 ,22.7879997253418,75.8281634649188 ,0.0,21:17:05 PM,1574005625361
2.1740112 ,4.123169 ,13.661453,23.5492681,87.30005069 ,22.7879997253418,75.8281634649188 ,0.0,21:17:05 PM,1574005625365
-1.1234589 ,2.3677063 ,11.035843,23.5492681,87.30005069 ,22.7879997253418,75.8281634649188 ,0.0,21:17:05 PM,1574005625374
-1.6165009 ,2.0382233 ,9.44043,23.5492681,87.30005069 ,22.7879997253418,75.8281634649188 ,0.0,21:17:05 PM,1574005625376
0.5610657 ,0.14854431 ,14.216797,23.5492681,87.30005069 ,22.7879997253418,75.8281634649188 ,0.0,21:17:05 PM,1574005625379
-0.76361084 ,-3.1605835 ,15.157791,23.5492681,87.30005069 ,22.7879997253418,75.8281634649188 ,0.0,21:17:05 PM,1574005625383
-2.1820679 ,-2.8370361 ,20.214752,23.5492681,87.30005069 ,22.7879997253418,75.8281634649188 ,0.0,21:17:05 PM,1574005625389
0.5571747 ,-3.9662628 ,18.35701,23.5492681,87.30005069 ,22.7879997253418,75.8281634649188 ,0.0,21:17:05 PM,1574005625394
2.8306122 ,-1.7948761 ,16.033249,23.5492681,87.30005069 ,22.7879997253418,75.8281634649188 ,0.0,21:17:05 PM,1574005625398
-0.059646606 ,-1.2229156 ,17.384964,23.5492681,87.30005069 ,22.7879997253418,75.8281634649188 ,0.0,21:17:05 PM,1574005625403
-3.24794 ,-0.43478394 ,15.881607,23.5492681,87.30005069 ,22.7879997253418,75.8281634649188 ,0.0,21:17:05 PM,1574005625408
0.47470093 ,0.30233765 ,14.040237,23.5492681,87.30005069 ,22.7879997253418,75.8281634649188 ,0.0,21:17:05 PM,1574005625412
5.3369293 ,1.845047 ,12.616867,23.5492681,87.30005069 ,22.7879997253418,75.8281634649188 ,0.0,21:17:05 PM,1574005625417
3.5741882 ,3.0072021 ,9.382645,23.5492681,87.30005069 ,22.7879997253418,75.8281634649188 ,0.0,21:17:05 PM,1574005625427
-1.2619019 ,6.0428467 ,2.8652802,23.5492681,87.30005069 ,22.7879997253418,75.8281634649188 ,0.0,21:17:05 PM,1574005625430
-2.0849152 ,11.99556 ,1.1177063,23.5492681,87.30005069 ,22.7879997253418,75.8281634649188 ,0.0,21:17:05 PM,1574005625432
0.9637909 ,12.690628 ,-6.1248016,23.5492681,87.30005069 ,22.7879997253418,75.8281634649188 ,0.0,21:17:05 PM,1574005625436
5.0083466 ,14.320618 ,-1.696167,23.5492681,87.30005069 ,22.7879997253418,75.8281634649188 ,0.0,21:17:05 PM,1574005625441
6.706482 ,11.729614 ,3.9942017,23.5492681,87.30005069 ,22.7879997253418,75.8281634649188 ,0.0,21:17:05 PM,1574005625445
3.7440643 ,10.939972 ,3.6338348,23.5492681,87.30005069 ,22.7879997253418,75.8281634649188 ,0.0,21:17:05 PM,1574005625450
-1.9551239 ,9.324463 ,6.8391113,23.5492681,87.30005069 ,22.7879997253418,75.8281634649188 ,0.0,21:17:05 PM,1574005625457
-5.2118683 ,8.205505 ,6.4797974,23.5492681,87.30005069 ,22.7879997253418,75.8281634649188 ,0.0,21:17:05 PM,1574005625459
-1.8123627 ,6.112549 ,8.770935,23.5492681,87.30005069 ,22.7879997253418,75.8281634649188 ,0.0,21:17:05 PM,1574005625464
2.9021912 ,3.2296906 ,8.040817,23.5492681,87.30005069 ,22.7879997253418,71.20951627452096 ,0.0,21:17:05 PM,1574005625471
3.2048187 ,4.9895477 ,10.967056,23.5492681,87.30005069 ,22.7879997253418,71.20951627452096 ,0.0,21:17:05 PM,1574005625474
0.18772888 ,3.2096252 ,8.708908,23.5492681,87.30005069 ,22.7879997253418,71.20951627452096 ,0.0,21:17:05 PM,1574005625479
-3.4598694 ,4.7031097 ,0.93092346,23.5492681,87.30005069 ,22.7879997253418,71.20951627452096 ,0.0,21:17:05 PM,1574005625489
-5.1844482 ,4.0312195 ,6.6469727,23.5492681,87.30005069 ,22.7879997253418,71.20951627452096 ,0.0,21:17:05 PM,1574005625493
-2.8133545 ,1.7958069 ,9.47345,23.5492681,87.30005069 ,22.7879997253418,71.20951627452096 ,0.0,21:17:05 PM,1574005625498
3.7615967 ,1.7228394 ,13.272537,23.5492681,87.30005069 ,22.7879997253418,71.20951627452096 ,0.0,21:17:05 PM,1574005625505
7.5251465 ,1.1055145 ,11.963455,23.5492681,87.30005069 ,22.7879997253418,71.20951627452096 ,0.0,21:17:05 PM,1574005625508
3.6762085 ,4.230072 ,10.982422,23.5492681,87.30005069 ,22.7879997253418,71.20951627452096 ,0.0,21:17:05 PM,1574005625513
-2.861435 ,3.7448883 ,9.067947,23.5492681,87.30005069 ,22.7879997253418,71.20951627452096 ,0.0,21:17:05 PM,1574005625518
-4.1228027 ,4.7662354 ,6.0405884,23.5492681,87.30005069 ,22.7879997253418,71.20951627452096 ,0.0,21:17:05 PM,1574005625523
0.8238678 ,5.6828156 ,8.953552,23.5492681,87.30005069 ,22.7879997253418,71.20951627452096 ,0.0,21:17:05 PM,1574005625527
5.1782074 ,4.7065887 ,6.873398,23.5492681,87.30005069 ,22.7879997253418,71.20951627452096 ,0.0,21:17:05 PM,1574005625532
4.9473114 ,6.411789 ,6.9144135,23.5492681,87.30005069 ,22.7879997253418,71.20951627452096 ,0.0,21:17:05 PM,1574005625537
1.5575714 ,8.391006 ,5.0033417,23.5492681,87.30005069 ,22.7879997253418,71.20951627452096 ,0.0,21:17:05 PM,1574005625546
-2.001587 ,10.417145 ,-0.21459961,23.5492681,87.30005069 ,22.7879997253418,71.20951627452096 ,0.0,21:17:05 PM,1574005625547
-2.5246124 ,11.205231 ,2.3135834,23.5492681,87.30005069 ,22.7879997253418,71.20951627452096 ,0.0,21:17:05 PM,1574005625551
-0.10282898 ,9.18335 ,5.357361,23.5492681,87.30005069 ,22.7879997253418,71.20951627452096 ,0.0,21:17:05 PM,1574005625556
2.8476105 ,5.6883087 ,9.779388,23.5492681,87.30005069 ,22.7879997253418,71.20951627452096 ,0.0,21:17:05 PM,1574005625560
3.5636902 ,4.088806 ,12.27475,23.5492681,87.30005069 ,22.7879997253418,71.20951627452096 ,0.0,21:17:05 PM,1574005625565
1.0873718 ,4.68602 ,13.012924,23.5492681,87.30005069 ,22.7879997253418,71.20951627452096 ,0.0,21:17:05 PM,1574005625570
-2.8605652 ,4.166733 ,8.394379,23.5492681,87.30005069 ,22.7879997253418,71.20951627452096 ,0.0,21:17:05 PM,1574005625577
-4.68692 ,4.7984924 ,6.3166504,23.5492681,87.30005069 ,22.7879997253418,71.20951627452096 ,0.0,21:17:05 PM,1574005625579
-1.1253815 ,4.783844 ,8.734863,23.5492681,87.30005069 ,22.7879997253418,71.20951627452096 ,0.0,21:17:05 PM,1574005625585
3.3871918 ,4.540329 ,7.2184143,23.5492681,87.30005069 ,22.7879997253418,71.20951627452096 ,0.0,21:17:05 PM,1574005625591
2.322464 ,5.322998 ,14.55127,23.5492681,87.30005069 ,22.7879997253418,71.20951627452096 ,0.0,21:17:05 PM,1574005625594
-1.914154 ,4.0375824 ,11.342255,23.5492681,87.30005069 ,22.7879997253418,71.20951627452096 ,0.0,21:17:05 PM,1574005625599
-2.6446533 ,5.3769684 ,6.687851,23.5492681,87.30005069 ,22.7879997253418,71.20951627452096 ,0.0,21:17:05 PM,1574005625606
-0.20544434 ,6.9622345 ,7.008133,23.5492681,87.30005069 ,22.7879997253418,71.20951627452096 ,0.0,21:17:05 PM,1574005625608
