x,y,z,latitude,longitude,speed,sound,light,time,timestamp
-1.6199341 ,10.392029 ,-1.655838,23.55115424,87.29652829 ,0.0,65.49331782234768 ,1.0,21:12:44 PM,1574005364175
-1.7348022 ,9.32962 ,-1.5003052,23.55115424,87.29652829 ,0.0,65.49331782234768 ,1.0,21:12:44 PM,1574005364180
0.3254242 ,9.509079 ,-1.3567352,23.55115424,87.29652829 ,0.0,65.49331782234768 ,1.0,21:12:44 PM,1574005364189
1.0480499 ,10.593033 ,-0.6149597,23.55115424,87.29652829 ,0.0,65.49331782234768 ,1.0,21:12:44 PM,1574005364193
1.0791626 ,9.645462 ,-0.9882355,23.55115424,87.29652829 ,0.0,65.49331782234768 ,1.0,21:12:44 PM,1574005364195
0.7513428 ,8.913269 ,0.72262573,23.55115424,87.29652829 ,0.0,64.08239283935916 ,1.0,21:12:44 PM,1574005364200
-0.61016846 ,9.090332 ,1.3567352,23.55115424,87.29652829 ,0.0,64.08239283935916 ,1.0,21:12:44 PM,1574005364206
-0.9020996 ,9.176468 ,0.5407715,23.55115424,87.29652829 ,0.0,64.08239283935916 ,1.0,21:12:44 PM,1574005364211
-0.050247192 ,9.671783 ,-2.100891,23.55115424,87.29652829 ,0.0,64.08239283935916 ,1.0,21:12:44 PM,1574005364215
0.105285645 ,9.690933 ,-3.3116608,23.55115424,87.29652829 ,0.0,64.08239283935916 ,1.0,21:12:44 PM,1574005364223
-0.21534729 ,9.059235 ,-1.2634125,23.55115424,87.29652829 ,0.0,64.08239283935916 ,1.0,21:12:44 PM,1574005364228
-0.15074158 ,8.542374 ,0.48335266,23.55115424,87.29652829 ,0.0,64.08239283935916 ,1.0,21:12:44 PM,1574005364230
-0.72502136 ,10.435104 ,-2.3377838,23.55115424,87.29652829 ,0.0,64.08239283935916 ,1.0,21:12:44 PM,1574005364235
-0.117248535 ,12.0837555 ,-2.9240265,23.55115424,87.29652829 ,0.0,64.08239283935916 ,1.0,21:12:44 PM,1574005364240
1.5003052 ,9.702896 ,-2.5220337,23.55115424,87.29652829 ,0.0,64.08239283935916 ,1.0,21:12:44 PM,1574005364244
1.4763641 ,7.8388824 ,-1.0695953,23.55115424,87.29652829 ,0.0,64.08239283935916 ,1.0,21:12:44 PM,1574005364249
-0.21534729 ,10.657639 ,0.19381714,23.55115424,87.29652829 ,0.0,64.08239283935916 ,1.0,21:12:44 PM,1574005364256
-1.4620209 ,10.621735 ,-1.964508,23.55115424,87.29652829 ,0.0,64.08239283935916 ,1.0,21:12:44 PM,1574005364260
-1.076767 ,8.260025 ,-1.7108612,23.55115424,87.29652829 ,0.0,64.08239283935916 ,1.0,21:12:44 PM,1574005364265
0.46899414 ,8.499313 ,-0.5479584,23.55115424,87.29652829 ,0.0,64.08239283935916 ,1.0,21:12:44 PM,1574005364270
0.5264282 ,10.935196 ,-0.43788147,23.55115424,87.29652829 ,0.0,64.08239283935916 ,1.0,21:12:44 PM,1574005364275
0.46899414 ,9.659821 ,-1.7922211,23.55115253,87.2965262 ,0.0,64.08239283935916 ,1.0,21:12:44 PM,1574005364281
1.1868439 ,8.788834 ,1.6031952,23.55115253,87.2965262 ,0.0,64.08239283935916 ,1.0,21:12:44 PM,1574005364284
0.36849976 ,9.796219 ,0.7896271,23.55115253,87.2965262 ,0.0,64.08239283935916 ,1.0,21:12:44 PM,1574005364290
-0.66760254 ,10.241287 ,-2.2085724,23.55115253,87.2965262 ,0.0,64.08239283935916 ,1.0,21:12:44 PM,1574005364294
-0.18185425 ,9.834503 ,-2.6321106,23.55115253,87.2965262 ,0.0,64.08239283935916 ,1.0,21:12:44 PM,1574005364298
-0.38523865 ,9.116653 ,-2.732605,23.55115253,87.2965262 ,0.0,64.08239283935916 ,1.0,21:12:44 PM,1574005364305
-0.65802 ,8.719452 ,-0.06700134,23.55115253,87.2965262 ,0.0,64.08239283935916 ,1.0,21:12:44 PM,1574005364308
0.114852905 ,9.212372 ,-0.24406433,23.55115253,87.2965262 ,0.0,64.08239283935916 ,1.0,21:12:44 PM,1574005364313
-0.30389404 ,10.631317 ,-3.0293121,23.55115253,87.2965262 ,0.0,64.08239283935916 ,1.0,21:12:44 PM,1574005364318
-0.007171631 ,10.255646 ,-2.1128693,23.55115253,87.2965262 ,0.0,64.08239283935916 ,1.0,21:12:44 PM,1574005364324
1.3734741 ,8.434708 ,-2.0650024,23.55115253,87.2965262 ,0.0,64.08239283935916 ,1.0,21:12:44 PM,1574005364328
1.3232269 ,10.136002 ,1.0049896,23.55115253,87.2965262 ,0.0,64.08239283935916 ,1.0,21:12:44 PM,1574005364333
-0.5670929 ,11.229523 ,-2.7350006,23.55115253,87.2965262 ,0.0,64.08239283935916 ,1.0,21:12:44 PM,1574005364338
-1.5696869 ,9.3511505 ,-3.1489563,23.55115253,87.2965262 ,0.0,64.08239283935916 ,1.0,21:12:44 PM,1574005364343
-0.45463562 ,8.958725 ,-0.77526855,23.55115253,87.2965262 ,0.0,64.08239283935916 ,1.0,21:12:44 PM,1574005364347
0.3397827 ,10.56192 ,-0.37327576,23.55115253,87.2965262 ,0.0,64.08239283935916 ,1.0,21:12:44 PM,1574005364356
0.48812866 ,10.535599 ,-2.9575348,23.55115253,87.2965262 ,0.0,64.08239283935916 ,1.0,21:12:44 PM,1574005364358
1.4955139 ,8.549561 ,-1.2203369,23.55115253,87.2965262 ,0.0,64.08239283935916 ,1.0,21:12:44 PM,1574005364363
0.9140625 ,8.729019 ,2.8259277,23.55115253,87.2965262 ,0.0,64.08239283935916 ,1.0,21:12:44 PM,1574005364369
-0.66041565 ,9.628723 ,0.7920227,23.55115253,87.2965262 ,0.0,64.08239283935916 ,1.0,21:12:44 PM,1574005364375
-0.8661957 ,10.238892 ,-2.0937195,23.55115253,87.2965262 ,0.0,64.08239283935916 ,1.0,21:12:44 PM,1574005364378
-0.090927124 ,8.934799 ,-3.603592,23.55115253,87.2965262 ,0.0,64.08239283935916 ,1.0,21:12:44 PM,1574005364382
-0.057434082 ,8.159531 ,-0.91645813,23.55115253,87.2965262 ,0.0,64.08239283935916 ,1.0,21:12:44 PM,1574005364389
-0.026321411 ,9.04248 ,0.81355286,23.55115253,87.2965262 ,0.0,64.08239283935916 ,1.0,21:12:44 PM,1574005364393
-0.6197357 ,10.655243 ,-2.9407806,23.55115253,87.2965262 ,0.0,64.08239283935916 ,1.0,21:12:44 PM,1574005364397
-0.28953552 ,11.535797 ,-2.2037964,23.55115253,87.2965262 ,0.0,64.08239283935916 ,1.0,21:12:44 PM,1574005364402
1.7443695 ,9.552155 ,-1.2610168,23.55115253,87.2965262 ,0.0,64.08239283935916 ,1.0,21:12:44 PM,1574005364408
1.9836426 ,8.671585 ,-2.0315094,23.55115253,87.2965262 ,0.0,64.08239283935916 ,1.0,21:12:44 PM,1574005364413
0.41635132 ,11.236694 ,-1.1581268,23.55115253,87.2965262 ,0.0,64.08239283935916 ,1.0,21:12:44 PM,1574005364417
-0.99780273 ,10.645676 ,-2.519638,23.55115253,87.2965262 ,0.0,64.08239283935916 ,1.0,21:12:44 PM,1574005364423
-1.1724854 ,7.8675995 ,-1.7132568,23.55115253,87.2965262 ,0.0,64.08239283935916 ,1.0,21:12:44 PM,1574005364428
-0.098098755 ,8.822342 ,-1.2227325,23.55115253,87.2965262 ,0.0,64.08239283935916 ,1.0,21:12:44 PM,1574005364433
0.53359985 ,11.351547 ,-1.8999023,23.55115253,87.2965262 ,0.0,64.08239283935916 ,1.0,21:12:44 PM,1574005364439
1.1652985 ,9.805786 ,-2.0865479,23.55115253,87.2965262 ,0.0,64.08239283935916 ,1.0,21:12:44 PM,1574005364442
1.6797638 ,8.173889 ,1.9238281,23.55115253,87.2965262 ,0.0,64.08239283935916 ,1.0,21:12:44 PM,1574005364448
0.2416687 ,9.198013 ,1.5218353,23.55115253,87.2965262 ,0.0,64.08239283935916 ,1.0,21:12:44 PM,1574005364451
-0.80158997 ,10.70549 ,-1.1964111,23.55115253,87.2965262 ,0.0,64.08239283935916 ,1.0,21:12:44 PM,1574005364458
-0.0047912598 ,9.853638 ,-2.2636108,23.55115253,87.2965262 ,0.0,64.08239283935916 ,1.0,21:12:44 PM,1574005364462
0.40438843 ,8.315063 ,-2.634491,23.55115253,87.2965262 ,0.0,64.08239283935916 ,1.0,21:12:44 PM,1574005364466
-0.15074158 ,8.755341 ,-0.80158997,23.55115253,87.2965262 ,0.0,64.08239283935916 ,1.0,21:12:44 PM,1574005364473
-0.27278137 ,9.779465 ,-0.5096741,23.55115253,87.2965262 ,0.0,64.08239283935916 ,1.0,21:12:44 PM,1574005364477
-0.45463562 ,10.695923 ,-2.0315094,23.55115253,87.2965262 ,0.0,64.08239283935916 ,1.0,21:12:44 PM,1574005364481
0.38285828 ,10.715057 ,-1.2442627,23.55115253,87.2965262 ,0.0,64.08239283935916 ,1.0,21:12:44 PM,1574005364489
1.660614 ,8.877365 ,-3.5605164,23.55115253,87.2965262 ,0.0,64.08239283935916 ,1.0,21:12:44 PM,1574005364491
1.3232269 ,9.757935 ,-1.174881,23.55115253,87.2965262 ,0.0,64.08239283935916 ,1.0,21:12:44 PM,1574005364496
-0.20100403 ,11.298904 ,-1.1605225,23.55115253,87.2965262 ,0.0,64.08239283935916 ,1.0,21:12:44 PM,1574005364501
-1.552948 ,9.544968 ,-3.000595,23.55115253,87.2965262 ,0.0,64.08239283935916 ,1.0,21:12:44 PM,1574005364507
-0.9714813 ,8.736191 ,-2.7397766,23.55115253,87.2965262 ,0.0,64.08239283935916 ,1.0,21:12:44 PM,1574005364513
0.55992126 ,10.076172 ,-1.0552368,23.55115253,87.2965262 ,0.0,64.08239283935916 ,1.0,21:12:44 PM,1574005364515
1.0169525 ,10.80838 ,-1.134201,23.55115253,87.2965262 ,0.0,64.08239283935916 ,1.0,21:12:44 PM,1574005364523
1.208374 ,8.98027 ,-0.59820557,23.55115253,87.2965262 ,0.0,64.08239283935916 ,1.0,21:12:44 PM,1574005364526
0.5048828 ,8.717056 ,1.483551,23.55115253,87.2965262 ,0.0,64.08239283935916 ,1.0,21:12:44 PM,1574005364530
-0.5359955 ,9.260223 ,1.3782654,23.55115253,87.2965262 ,0.0,64.08239283935916 ,1.0,21:12:44 PM,1574005364535
-0.6197357 ,9.896713 ,-1.2322998,23.55115253,87.2965262 ,0.0,64.08239283935916 ,1.0,21:12:44 PM,1574005364541
0.033493042 ,9.39183 ,-2.0985107,23.55115253,87.2965262 ,0.0,64.08239283935916 ,1.0,21:12:44 PM,1574005364546
-0.14117432 ,8.752945 ,-2.4143524,23.55115253,87.2965262 ,0.0,64.08239283935916 ,1.0,21:12:44 PM,1574005364550
-0.29670715 ,8.858231 ,0.13400269,23.55115253,87.2965262 ,0.0,64.08239283935916 ,1.0,21:12:44 PM,1574005364556
-0.47616577 ,9.848862 ,-1.0169525,23.55115253,87.2965262 ,0.0,64.08239283935916 ,1.0,21:12:44 PM,1574005364561
-0.4665985 ,10.9040985 ,-3.3523407,23.55115253,87.2965262 ,0.0,64.08239283935916 ,1.0,21:12:44 PM,1574005364565
0.77526855 ,11.385056 ,-1.3734741,23.55115253,87.2965262 ,0.0,64.08239283935916 ,1.0,21:12:44 PM,1574005364573
1.7970123 ,8.678772 ,-3.0675964,23.55115253,87.2965262 ,0.0,64.08239283935916 ,1.0,21:12:44 PM,1574005364575
0.7800598 ,9.377472 ,-1.1844482,23.55115253,87.2965262 ,0.0,64.08239283935916 ,1.0,21:12:44 PM,1574005364580
-0.6795654 ,11.05484 ,-1.660614,23.55115253,87.2965262 ,0.0,64.08239283935916 ,1.0,21:12:44 PM,1574005364585
-1.4165497 ,9.57608 ,-2.3377838,23.55115253,87.2965262 ,0.0,64.08239283935916 ,1.0,21:12:44 PM,1574005364591
-0.40678406 ,8.293518 ,-1.6701965,23.55115253,87.2965262 ,0.0,64.08239283935916 ,1.0,21:12:44 PM,1574005364595
0.653244 ,9.985245 ,-0.2416687,23.55115253,87.2965262 ,0.0,64.08239283935916 ,1.0,21:12:44 PM,1574005364600
0.7298126 ,10.564316 ,-0.45942688,23.55115253,87.2965262 ,0.0,64.08239283935916 ,1.0,21:12:44 PM,1574005364606
1.3280182 ,8.303101 ,-0.2871399,23.55115253,87.2965262 ,0.0,64.08239283935916 ,1.0,21:12:44 PM,1574005364610
0.6316986 ,9.150162 ,2.6560364,23.55115253,87.2965262 ,0.0,64.08239283935916 ,1.0,21:12:44 PM,1574005364615
-0.48812866 ,9.832108 ,0.110076904,23.55115253,87.2965262 ,0.0,64.08239283935916 ,1.0,21:12:44 PM,1574005364623
-0.3637085 ,10.023529 ,-2.5220337,23.55115253,87.2965262 ,0.0,64.08239283935916 ,1.0,21:12:44 PM,1574005364625
0.25842285 ,9.305695 ,-2.9838562,23.55115253,87.2965262 ,0.0,64.08239283935916 ,1.0,21:12:44 PM,1574005364629
-0.43070984 ,8.879761 ,-1.5673065,23.55115253,87.2965262 ,0.0,64.08239283935916 ,1.0,21:12:44 PM,1574005364634
-0.38285828 ,9.006592 ,0.5694885,23.55115253,87.2965262 ,0.0,64.08239283935916 ,1.0,21:12:44 PM,1574005364640
-0.32781982 ,10.045074 ,-2.7996063,23.55115253,87.2965262 ,0.0,64.08239283935916 ,1.0,21:12:44 PM,1574005364644
-0.39959717 ,11.181656 ,-2.9312134,23.55115253,87.2965262 ,0.0,64.08239283935916 ,1.0,21:12:44 PM,1574005364649
1.0671997 ,9.097519 ,-3.081955,23.55115253,87.2965262 ,0.0,64.08239283935916 ,1.0,21:12:44 PM,1574005364656
2.067398 ,9.044876 ,0.16270447,23.55115253,87.2965262 ,0.0,64.08239283935916 ,1.0,21:12:44 PM,1574005364658
0.5144501 ,11.07637 ,-0.8638153,23.55115253,87.2965262 ,0.0,64.08239283935916 ,1.0,21:12:44 PM,1574005364663
