x,y,z,latitude,longitude,speed,sound,light,time,timestamp
3.0939178 ,13.098312 ,1.2203369,23.55056889,87.29772773 ,37.116001510620116,88.57913153311742 ,0.0,21:12:23 PM,1574005343959
-0.5431671 ,12.320648 ,-2.1439667,23.55056889,87.29772773 ,37.116001510620116,88.57913153311742 ,0.0,21:12:23 PM,1574005343962
0.16749573 ,8.547165 ,-5.7092743,23.55056889,87.29772773 ,37.116001510620116,88.57913153311742 ,0.0,21:12:23 PM,1574005343967
0.64367676 ,10.892136 ,-7.326828,23.55056889,87.29772773 ,37.116001510620116,88.57913153311742 ,0.0,21:12:23 PM,1574005343977
2.8043823 ,13.347168 ,-2.3904266,23.55056889,87.29772773 ,37.116001510620116,88.57913153311742 ,0.0,21:12:23 PM,1574005343979
6.32901 ,11.358734 ,2.3186493,23.55056889,87.29772773 ,37.116001510620116,88.57913153311742 ,0.0,21:12:23 PM,1574005343982
4.0917206 ,4.5679016 ,12.318253,23.55056889,87.29772773 ,37.116001510620116,88.57913153311742 ,0.0,21:12:23 PM,1574005343990
-2.3856506 ,0.059814453 ,12.725037,23.55056889,87.29772773 ,37.116001510620116,88.57913153311742 ,0.0,21:12:23 PM,1574005343992
-6.673584 ,4.125229 ,11.313263,23.55056889,87.29772773 ,37.116001510620116,88.57913153311742 ,0.0,21:12:23 PM,1574005343997
-5.9724884 ,6.460617 ,-0.66041565,23.55056889,87.29772773 ,37.116001510620116,88.57913153311742 ,0.0,21:12:24 PM,1574005344002
1.4907227 ,7.1521454 ,-1.351944,23.55056889,87.29772773 ,37.116001510620116,88.57913153311742 ,0.0,21:12:24 PM,1574005344008
6.742981 ,15.266205 ,12.990631,23.55056889,87.29772773 ,37.116001510620116,88.57913153311742 ,0.0,21:12:24 PM,1574005344013
5.819351 ,11.97847 ,8.185852,23.55056889,87.29772773 ,37.116001510620116,88.57913153311742 ,0.0,21:12:24 PM,1574005344017
1.3016968 ,13.328018 ,15.361923,23.55056889,87.29772773 ,37.116001510620116,88.57913153311742 ,0.0,21:12:24 PM,1574005344023
-3.2350922 ,7.1736755 ,-6.8410797,23.55056889,87.29772773 ,37.116001510620116,88.57913153311742 ,0.0,21:12:24 PM,1574005344028
-8.149948 ,4.37648 ,-13.277771,23.55056889,87.29772773 ,37.116001510620116,88.57913153311742 ,0.0,21:12:24 PM,1574005344031
-4.778473 ,9.3511505 ,-8.492126,23.55056889,87.29772773 ,37.116001510620116,88.33120907298752 ,0.0,21:12:24 PM,1574005344040
-0.011962891 ,13.031311 ,-9.4205475,23.55056889,87.29772773 ,37.116001510620116,88.33120907298752 ,0.0,21:12:24 PM,1574005344042
3.2279205 ,16.476974 ,2.5435638,23.55056889,87.29772773 ,37.116001510620116,88.33120907298752 ,0.0,21:12:24 PM,1574005344047
7.8269196 ,16.299911 ,7.8747864,23.55056889,87.29772773 ,37.116001510620116,88.33120907298752 ,0.0,21:12:24 PM,1574005344051
4.359726 ,13.397415 ,3.6466675,23.55056889,87.29772773 ,37.116001510620116,88.33120907298752 ,0.0,21:12:24 PM,1574005344057
-3.0269165 ,11.401794 ,7.458435,23.55056889,87.29772773 ,37.116001510620116,88.33120907298752 ,0.0,21:12:24 PM,1574005344062
-7.6737823 ,7.8675995 ,0.9308014,23.55056889,87.29772773 ,37.116001510620116,88.33120907298752 ,0.0,21:12:24 PM,1574005344066
-6.546768 ,7.235901 ,1.249054,23.55056889,87.29772773 ,37.116001510620116,88.33120907298752 ,0.0,21:12:24 PM,1574005344073
2.8594208 ,8.822342 ,-2.067398,23.55056889,87.29772773 ,37.116001510620116,88.33120907298752 ,0.0,21:12:24 PM,1574005344076
6.6424713 ,5.1996 ,-10.107285,23.55056889,87.29772773 ,37.116001510620116,88.33120907298752 ,0.0,21:12:24 PM,1574005344081
3.0843506 ,6.357727 ,3.103485,23.55056889,87.29772773 ,37.116001510620116,88.33120907298752 ,0.0,21:12:24 PM,1574005344086
-3.4121704 ,9.846466 ,9.74118,23.55056889,87.29772773 ,37.116001510620116,88.33120907298752 ,0.0,21:12:24 PM,1574005344092
-5.7595215 ,11.825333 ,10.267609,23.55056889,87.29772773 ,37.116001510620116,88.33120907298752 ,0.0,21:12:24 PM,1574005344096
1.1413727 ,14.404785 ,8.051849,23.55056889,87.29772773 ,37.116001510620116,88.33120907298752 ,0.0,21:12:24 PM,1574005344101
9.451645 ,16.031906 ,2.5794678,23.55056889,87.29772773 ,37.116001510620116,88.33120907298752 ,0.0,21:12:24 PM,1574005344107
8.336594 ,13.325623 ,1.8209381,23.55056889,87.29772773 ,37.116001510620116,88.33120907298752 ,0.0,21:12:24 PM,1574005344110
1.134201 ,8.360519 ,4.249649,23.55056889,87.29772773 ,37.116001510620116,88.33120907298752 ,0.0,21:12:24 PM,1574005344115
-6.08255 ,7.9082794 ,8.209778,23.55056889,87.29772773 ,37.116001510620116,88.33120907298752 ,0.0,21:12:24 PM,1574005344123
-6.364914 ,2.2899323 ,-0.9260254,23.55056889,87.29772773 ,37.116001510620116,88.33120907298752 ,0.0,21:12:24 PM,1574005344125
1.4763641 ,3.8644104 ,2.9527435,23.55056889,87.29772773 ,37.116001510620116,88.33120907298752 ,0.0,21:12:24 PM,1574005344130
5.9198456 ,8.082962 ,-4.4267273,23.55056889,87.29772773 ,37.116001510620116,88.33120907298752 ,0.0,21:12:24 PM,1574005344135
5.1541443 ,11.023727 ,-4.508072,23.55056889,87.29772773 ,37.116001510620116,88.33120907298752 ,0.0,21:12:24 PM,1574005344141
1.1892395 ,15.330811 ,5.0345,23.55056889,87.29772773 ,37.116001510620116,88.33120907298752 ,0.0,21:12:24 PM,1574005344146
-4.311859 ,15.230316 ,5.544174,23.55056889,87.29772773 ,37.116001510620116,88.33120907298752 ,0.0,21:12:24 PM,1574005344150
-5.21875 ,11.851654 ,8.303101,23.55056889,87.29772773 ,37.116001510620116,88.33120907298752 ,0.0,21:12:24 PM,1574005344156
2.3856506 ,8.757736 ,2.8570251,23.55056889,87.29772773 ,37.116001510620116,88.33120907298752 ,0.0,21:12:24 PM,1574005344160
4.795212 ,6.896118 ,-18.199814,23.55056889,87.29772773 ,37.116001510620116,88.33120907298752 ,0.0,21:12:24 PM,1574005344165
0.59580994 ,6.726227 ,-21.363113,23.55056889,87.29772773 ,37.116001510620116,88.33120907298752 ,0.0,21:12:24 PM,1574005344173
-2.108078 ,11.935394 ,-0.550354,23.55056889,87.29772773 ,37.116001510620116,88.33120907298752 ,0.0,21:12:24 PM,1574005344176
-0.87815857 ,9.796219 ,10.997406,23.55056889,87.29772773 ,37.116001510620116,88.33120907298752 ,0.0,21:12:24 PM,1574005344180
2.4622192 ,14.127228 ,25.272995,23.55056889,87.29772773 ,37.116001510620116,88.33120907298752 ,0.0,21:12:24 PM,1574005344184
6.238083 ,13.811371 ,11.605194,23.55056889,87.29772773 ,37.116001510620116,88.33120907298752 ,0.0,21:12:24 PM,1574005344191
3.8859406 ,13.311279 ,-0.57188416,23.55056889,87.29772773 ,37.116001510620116,88.33120907298752 ,0.0,21:12:24 PM,1574005344196
-1.8400879 ,9.126221 ,-5.3288116,23.55056889,87.29772773 ,37.116001510620116,88.33120907298752 ,0.0,21:12:24 PM,1574005344199
-7.8460693 ,4.208969 ,2.050644,23.55056889,87.29772773 ,37.116001510620116,88.33120907298752 ,0.0,21:12:24 PM,1574005344207
-7.716858 ,-0.1483612 ,2.766098,23.55056889,87.29772773 ,37.116001510620116,88.33120907298752 ,0.0,21:12:24 PM,1574005344209
1.3016968 ,6.3888397 ,-2.9623108,23.55056889,87.29772773 ,37.116001510620116,88.33120907298752 ,0.0,21:12:24 PM,1574005344215
6.3888397 ,12.452255 ,-3.929016,23.55056889,87.29772773 ,37.116001510620116,88.33120907298752 ,0.0,21:12:24 PM,1574005344219
2.835495 ,13.868805 ,3.2614136,23.55056889,87.29772773 ,37.116001510620116,88.33120907298752 ,0.0,21:12:24 PM,1574005344225
1.7850494 ,14.055435 ,9.578476,23.55056889,87.29772773 ,37.116001510620116,88.33120907298752 ,0.0,21:12:24 PM,1574005344230
1.450058 ,12.612564 ,1.8927155,23.55056889,87.29772773 ,37.116001510620116,88.33120907298752 ,0.0,21:12:24 PM,1574005344234
-0.18424988 ,12.12204 ,-11.614761,23.55056889,87.29772773 ,37.116001510620116,88.33120907298752 ,0.0,21:12:24 PM,1574005344240
0.033493042 ,16.055847 ,-3.5389862,23.55056889,87.29772773 ,37.116001510620116,88.33120907298752 ,0.0,21:12:24 PM,1574005344244
0.2368927 ,11.810974 ,4.2520447,23.55056889,87.29772773 ,37.116001510620116,88.33120907298752 ,0.0,21:12:24 PM,1574005344248
1.2346954 ,13.435699 ,12.830322,23.55056889,87.29772773 ,37.116001510620116,88.33120907298752 ,0.0,21:12:24 PM,1574005344257
5.120636 ,13.545776 ,4.302292,23.55056889,87.29772773 ,37.116001510620116,88.33120907298752 ,0.0,21:12:24 PM,1574005344259
0.9451599 ,6.501297 ,-3.8883362,23.55056889,87.29772773 ,37.116001510620116,88.33120907298752 ,0.0,21:12:24 PM,1574005344264
-4.47937 ,-1.6749725 ,2.634491,23.55056889,87.29772773 ,37.116001510620116,88.33120907298752 ,0.0,21:12:24 PM,1574005344268
-4.3094788 ,-1.036087 ,11.114655,23.55056889,87.29772773 ,37.116001510620116,88.33120907298752 ,0.0,21:12:24 PM,1574005344275
-1.4907227 ,4.352539 ,-5.0081787,23.5506214,87.29764354 ,37.22400054931641,88.33120907298752 ,0.0,21:12:24 PM,1574005344280
2.8881378 ,13.445267 ,-8.982651,23.5506214,87.29764354 ,37.22400054931641,88.33120907298752 ,0.0,21:12:24 PM,1574005344283
4.6588287 ,15.859634 ,4.72583,23.5506214,87.29764354 ,37.22400054931641,88.33120907298752 ,0.0,21:12:24 PM,1574005344290
1.5385895 ,11.330017 ,11.210373,23.5506214,87.29764354 ,37.22400054931641,88.33120907298752 ,0.0,21:12:24 PM,1574005344294
-1.0265198 ,11.5286255 ,10.569092,23.5506214,87.29764354 ,37.22400054931641,88.33120907298752 ,0.0,21:12:24 PM,1574005344298
1.385437 ,13.959732 ,-7.0899353,23.5506214,87.29764354 ,37.22400054931641,88.33120907298752 ,0.0,21:12:24 PM,1574005344306
0.25842285 ,9.219543 ,-19.982468,23.5506214,87.29764354 ,37.22400054931641,88.33120907298752 ,0.0,21:12:24 PM,1574005344309
1.2275238 ,8.599808 ,-2.6249237,23.5506214,87.29764354 ,37.22400054931641,88.33120907298752 ,0.0,21:12:24 PM,1574005344312
3.1633148 ,13.866409 ,10.554749,23.5506214,87.29764354 ,37.22400054931641,88.33120907298752 ,0.0,21:12:24 PM,1574005344318
-0.023925781 ,12.411575 ,7.9465637,23.5506214,87.29764354 ,37.22400054931641,88.33120907298752 ,0.0,21:12:24 PM,1574005344324
0.94755554 ,10.511673 ,10.97348,23.5506214,87.29764354 ,37.22400054931641,88.33120907298752 ,0.0,21:12:24 PM,1574005344328
-0.4785614 ,8.169098 ,3.139389,23.5506214,87.29764354 ,37.22400054931641,88.33120907298752 ,0.0,21:12:24 PM,1574005344332
-5.54657 ,1.3734741 ,-3.3690948,23.5506214,87.29764354 ,37.22400054931641,88.33120907298752 ,0.0,21:12:24 PM,1574005344339
-5.3814545 ,-1.1294098 ,1.9262238,23.5506214,87.29764354 ,37.22400054931641,88.33120907298752 ,0.0,21:12:24 PM,1574005344342
-0.72024536 ,4.0079803 ,1.8281097,23.5506214,87.29764354 ,37.22400054931641,88.33120907298752 ,0.0,21:12:24 PM,1574005344347
1.6988983 ,5.7140656 ,-11.07399,23.5506214,87.29764354 ,37.22400054931641,88.33120907298752 ,0.0,21:12:24 PM,1574005344352
3.3547363 ,11.047668 ,1.9453583,23.5506214,87.29764354 ,37.22400054931641,88.33120907298752 ,0.0,21:12:24 PM,1574005344358
0.6412811 ,13.268204 ,8.640488,23.5506214,87.29764354 ,37.22400054931641,88.33120907298752 ,0.0,21:12:24 PM,1574005344363
-1.7467651 ,14.608185 ,6.8697968,23.5506214,87.29764354 ,37.22400054931641,88.33120907298752 ,0.0,21:12:24 PM,1574005344367
2.6129608 ,11.672195 ,0.447464,23.5506214,87.29764354 ,37.22400054931641,88.33120907298752 ,0.0,21:12:24 PM,1574005344374
5.5585327 ,12.866211 ,-6.7046967,23.5506214,87.29764354 ,37.22400054931641,88.33120907298752 ,0.0,21:12:24 PM,1574005344377
3.0939178 ,8.822342 ,-13.983658,23.5506214,87.29764354 ,37.22400054931641,88.33120907298752 ,0.0,21:12:24 PM,1574005344381
0.71066284 ,9.51387 ,2.108078,23.5506214,87.29764354 ,37.22400054931641,88.33120907298752 ,0.0,21:12:24 PM,1574005344390
-3.6490479 ,13.935806 ,15.244675,23.5506214,87.29764354 ,37.22400054931641,88.33120907298752 ,0.0,21:12:24 PM,1574005344392
-3.4839478 ,15.486343 ,17.192429,23.5506214,87.29764354 ,37.22400054931641,88.33120907298752 ,0.0,21:12:24 PM,1574005344396
5.6733856 ,19.46083 ,21.341583,23.5506214,87.29764354 ,37.22400054931641,88.33120907298752 ,0.0,21:12:24 PM,1574005344401
10.494919 ,15.766312 ,10.58345,23.5506214,87.29764354 ,37.22400054931641,88.33120907298752 ,0.0,21:12:24 PM,1574005344408
3.5724792 ,7.927429 ,-5.3359985,23.5506214,87.29764354 ,37.22400054931641,88.33120907298752 ,0.0,21:12:24 PM,1574005344412
-5.9892426 ,2.5100708 ,-0.68196106,23.5506214,87.29764354 ,37.22400054931641,88.33120907298752 ,0.0,21:12:24 PM,1574005344416
-12.337387 ,0.68196106 ,7.6091766,23.5506214,87.29764354 ,37.22400054931641,88.33120907298752 ,0.0,21:12:24 PM,1574005344424
-9.22673 ,3.2973022 ,3.2973022,23.5506214,87.29764354 ,37.22400054931641,88.33120907298752 ,0.0,21:12:24 PM,1574005344426
5.5824585 ,15.055634 ,1.3567352,23.5506214,87.29764354 ,37.22400054931641,88.33120907298752 ,0.0,21:12:24 PM,1574005344432
12.442673 ,14.038696 ,-5.8456726,23.5506214,87.29764354 ,37.22400054931641,88.33120907298752 ,0.0,21:12:24 PM,1574005344436
6.7716827 ,11.150558 ,18.302704,23.5506214,87.29764354 ,37.22400054931641,88.33120907298752 ,0.0,21:12:24 PM,1574005344442
-3.6993103 ,9.403793 ,12.04068,23.5506214,87.29764354 ,37.22400054931641,88.33120907298752 ,0.0,21:12:24 PM,1574005344446
