x,y,z,latitude,longitude,speed,sound,light,time,timestamp
-0.0382843 ,3.7591248 ,-8.987442,23.55077975,87.29737314 ,30.56399917602539,87.1395483737689 ,0.0,21:12:28 PM,1574005348396
1.8735809 ,1.8807526 ,-4.319046,23.55077975,87.29737314 ,30.56399917602539,87.1395483737689 ,0.0,21:12:28 PM,1574005348400
2.8953094 ,2.5651093 ,0.45942688,23.55077975,87.29737314 ,30.56399917602539,87.1395483737689 ,0.0,21:12:28 PM,1574005348407
0.06939697 ,11.516663 ,-5.950943,23.55077975,87.29737314 ,30.56399917602539,87.1395483737689 ,0.0,21:12:28 PM,1574005348412
0.91645813 ,15.71846 ,-10.35614,23.55077975,87.29737314 ,30.56399917602539,87.1395483737689 ,0.0,21:12:28 PM,1574005348415
2.2253265 ,14.112869 ,-3.8596191,23.55077975,87.29737314 ,30.56399917602539,87.1395483737689 ,0.0,21:12:28 PM,1574005348424
2.9694977 ,12.279968 ,9.040085,23.55077975,87.29737314 ,30.56399917602539,87.1395483737689 ,0.0,21:12:28 PM,1574005348427
0.99302673 ,12.703491 ,0.13877869,23.55077975,87.29737314 ,30.56399917602539,87.1395483737689 ,0.0,21:12:28 PM,1574005348430
-0.5120697 ,12.792038 ,-6.1543427,23.55077975,87.29737314 ,30.56399917602539,87.1395483737689 ,0.0,21:12:28 PM,1574005348435
-0.7154541 ,8.786438 ,-2.0291138,23.55077975,87.29737314 ,30.56399917602539,87.1395483737689 ,0.0,21:12:28 PM,1574005348441
-1.3304138 ,9.942184 ,2.6033936,23.55077975,87.29737314 ,30.56399917602539,87.1395483737689 ,0.0,21:12:28 PM,1574005348446
-1.2370911 ,11.236694 ,-0.92362976,23.55077975,87.29737314 ,30.56399917602539,87.1395483737689 ,0.0,21:12:28 PM,1574005348450
-1.385437 ,15.043671 ,-0.055038452,23.55077975,87.29737314 ,30.56399917602539,87.1395483737689 ,0.0,21:12:28 PM,1574005348456
0.3517456 ,10.590637 ,3.7423706,23.55077975,87.29737314 ,30.56399917602539,87.1395483737689 ,0.0,21:12:28 PM,1574005348460
1.0911255 ,9.461227 ,8.886948,23.55077975,87.29737314 ,30.56399917602539,87.1395483737689 ,0.0,21:12:28 PM,1574005348465
-0.66041565 ,9.231506 ,0.18902588,23.55077975,87.29737314 ,30.56399917602539,87.1395483737689 ,0.0,21:12:28 PM,1574005348474
-0.13400269 ,8.647659 ,-8.226532,23.55077975,87.29737314 ,30.56399917602539,87.1395483737689 ,0.0,21:12:28 PM,1574005348477
0.92123413 ,11.825333 ,-7.032501,23.55077975,87.29737314 ,30.56399917602539,87.1395483737689 ,0.0,21:12:28 PM,1574005348479
1.277771 ,9.573685 ,-6.582657,23.55077975,87.29737314 ,30.56399917602539,87.1395483737689 ,0.0,21:12:28 PM,1574005348484
0.2679901 ,11.961716 ,3.9625092,23.55077975,87.29737314 ,30.56399917602539,87.1395483737689 ,0.0,21:12:28 PM,1574005348491
0.9690857 ,11.519043 ,-1.4715881,23.55077975,87.29737314 ,30.56399917602539,87.1395483737689 ,0.0,21:12:28 PM,1574005348496
1.7706909 ,7.446457 ,-5.8408813,23.55077975,87.29737314 ,30.56399917602539,87.1395483737689 ,0.0,21:12:28 PM,1574005348499
3.9361877 ,6.582657 ,3.3308105,23.55077975,87.29737314 ,30.56399917602539,87.1395483737689 ,0.0,21:12:28 PM,1574005348507
3.8692017 ,9.779465 ,3.8907318,23.55077975,87.29737314 ,30.56399917602539,87.1395483737689 ,0.0,21:12:28 PM,1574005348509
0.6316986 ,10.339386 ,-11.164917,23.55077975,87.29737314 ,30.56399917602539,87.1395483737689 ,0.0,21:12:28 PM,1574005348515
0.71784973 ,12.720245 ,4.0534363,23.55077975,87.29737314 ,30.56399917602539,87.1395483737689 ,0.0,21:12:28 PM,1574005348520
0.57188416 ,8.597412 ,7.697708,23.55077975,87.29737314 ,30.56399917602539,87.1395483737689 ,0.0,21:12:28 PM,1574005348526
-0.24406433 ,7.556534 ,7.5469666,23.55077975,87.29737314 ,30.56399917602539,87.1395483737689 ,0.0,21:12:28 PM,1574005348529
2.7062836 ,8.104492 ,-0.26560974,23.55077975,87.29737314 ,30.56399917602539,87.1395483737689 ,0.0,21:12:28 PM,1574005348534
2.9647064 ,8.214554 ,-12.478577,23.55077975,87.29737314 ,30.56399917602539,87.1395483737689 ,0.0,21:12:28 PM,1574005348540
-0.0382843 ,9.422943 ,-6.7669067,23.55077975,87.29737314 ,30.56399917602539,87.1395483737689 ,0.0,21:12:28 PM,1574005348545
-1.5649109 ,9.389435 ,-1.3423767,23.55077975,87.29737314 ,30.56399917602539,87.1395483737689 ,0.0,21:12:28 PM,1574005348548
-1.3710938 ,11.641083 ,-4.989029,23.55077975,87.29737314 ,30.56399917602539,87.1395483737689 ,0.0,21:12:28 PM,1574005348557
1.524231 ,12.241684 ,-3.1944122,23.55077975,87.29737314 ,30.56399917602539,87.1395483737689 ,0.0,21:12:28 PM,1574005348559
1.4333038 ,7.652252 ,-0.119644165,23.55077975,87.29737314 ,30.56399917602539,87.1395483737689 ,0.0,21:12:28 PM,1574005348563
-0.17228699 ,8.554337 ,12.911667,23.55077975,87.29737314 ,30.56399917602539,87.1395483737689 ,0.0,21:12:28 PM,1574005348569
-2.847458 ,12.3637085 ,-0.9762726,23.55077975,87.29737314 ,30.56399917602539,87.1395483737689 ,0.0,21:12:28 PM,1574005348575
-2.6679993 ,8.731415 ,-14.790039,23.55077975,87.29737314 ,30.56399917602539,87.1395483737689 ,0.0,21:12:28 PM,1574005348578
2.2947235 ,7.5996094 ,4.302292,23.55077975,87.29737314 ,30.56399917602539,87.1395483737689 ,0.0,21:12:28 PM,1574005348584
2.2564392 ,5.2283173 ,5.0201416,23.55077975,87.29737314 ,30.56399917602539,87.1395483737689 ,0.0,21:12:28 PM,1574005348591
-4.0247345 ,12.516861 ,-2.6775665,23.55077975,87.29737314 ,30.56399917602539,87.1395483737689 ,0.0,21:12:28 PM,1574005348593
-2.8378906 ,14.945572 ,-1.0145569,23.55077975,87.29737314 ,30.56399917602539,87.1395483737689 ,0.0,21:12:28 PM,1574005348598
0.16270447 ,4.589432 ,-12.509674,23.55077975,87.29737314 ,30.56399917602539,87.1395483737689 ,0.0,21:12:28 PM,1574005348603
2.280365 ,6.357727 ,-7.2550354,23.55077975,87.29737314 ,30.56399917602539,87.1395483737689 ,0.0,21:12:28 PM,1574005348609
1.3232269 ,8.133209 ,-13.083954,23.55077975,87.29737314 ,30.56399917602539,87.1395483737689 ,0.0,21:12:28 PM,1574005348613
-1.2299042 ,11.748764 ,-15.536591,23.55077975,87.29737314 ,30.56399917602539,87.1395483737689 ,0.0,21:12:28 PM,1574005348618
-0.112457275 ,17.529816 ,-0.0023956299,23.55077975,87.29737314 ,30.56399917602539,87.1395483737689 ,0.0,21:12:28 PM,1574005348624
0.29193115 ,11.432907 ,-4.536789,23.55077975,87.29737314 ,30.56399917602539,87.1395483737689 ,0.0,21:12:28 PM,1574005348628
1.6941223 ,8.537598 ,1.2610168,23.55077975,87.29737314 ,30.56399917602539,87.1395483737689 ,0.0,21:12:28 PM,1574005348633
4.508072 ,7.463211 ,4.359726,23.55077975,87.29737314 ,30.56399917602539,87.1395483737689 ,0.0,21:12:28 PM,1574005348640
1.3997955 ,7.9417725 ,0.68434143,23.55077975,87.29737314 ,30.56399917602539,87.1395483737689 ,0.0,21:12:28 PM,1574005348642
-1.660614 ,10.770096 ,1.5098724,23.55077975,87.29737314 ,30.56399917602539,87.1395483737689 ,0.0,21:12:28 PM,1574005348647
-0.36849976 ,6.829117 ,-1.5553284,23.55077975,87.29737314 ,30.56399917602539,87.1395483737689 ,0.0,21:12:28 PM,1574005348652
2.457428 ,0.035888672 ,-4.101303,23.55077975,87.29737314 ,30.56399917602539,87.1395483737689 ,0.0,21:12:28 PM,1574005348658
2.9838562 ,6.025131 ,11.420944,23.55077975,87.29737314 ,30.56399917602539,87.1395483737689 ,0.0,21:12:28 PM,1574005348663
-3.6466675 ,11.121841 ,3.8548431,23.55077975,87.29737314 ,30.56399917602539,87.1395483737689 ,0.0,21:12:28 PM,1574005348667
-4.800003 ,11.775085 ,0.5862427,23.55077975,87.29737314 ,30.56399917602539,87.1395483737689 ,0.0,21:12:28 PM,1574005348674
1.8424683 ,11.133804 ,0.9690857,23.55077975,87.29737314 ,30.56399917602539,87.1395483737689 ,0.0,21:12:28 PM,1574005348677
5.9772644 ,4.62294 ,-13.519455,23.55077975,87.29737314 ,30.56399917602539,87.1395483737689 ,0.0,21:12:28 PM,1574005348682
6.072983 ,10.085754 ,-3.6897278,23.55077975,87.29737314 ,30.56399917602539,87.1395483737689 ,0.0,21:12:28 PM,1574005348690
-0.055038452 ,11.100311 ,-9.9062805,23.55077975,87.29737314 ,30.56399917602539,87.1395483737689 ,0.0,21:12:28 PM,1574005348692
-5.934204 ,16.15155 ,-7.4081726,23.55077975,87.29737314 ,30.56399917602539,87.1395483737689 ,0.0,21:12:28 PM,1574005348697
-2.1870422 ,15.132217 ,0.119644165,23.55077975,87.29737314 ,30.56399917602539,87.1395483737689 ,0.0,21:12:28 PM,1574005348701
1.1605225 ,10.186249 ,1.2442627,23.55077975,87.29737314 ,30.56399917602539,87.1395483737689 ,0.0,21:12:28 PM,1574005348708
2.210968 ,11.971298 ,8.8367,23.55077975,87.29737314 ,30.56399917602539,87.1395483737689 ,0.0,21:12:28 PM,1574005348712
2.2588196 ,9.86322 ,-2.4789581,23.55077975,87.29737314 ,30.56399917602539,87.1395483737689 ,0.0,21:12:28 PM,1574005348716
-0.8566284 ,5.802597 ,-13.134201,23.55077975,87.29737314 ,30.56399917602539,87.1395483737689 ,0.0,21:12:28 PM,1574005348723
-0.6006012 ,6.620941 ,2.4717865,23.55077975,87.29737314 ,30.56399917602539,87.1395483737689 ,0.0,21:12:28 PM,1574005348727
-2.182251 ,4.010376 ,-4.8789673,23.55077975,87.29737314 ,30.56399917602539,87.1395483737689 ,0.0,21:12:28 PM,1574005348731
-0.5312042 ,9.087936 ,-12.935593,23.55077975,87.29737314 ,30.56399917602539,87.1395483737689 ,0.0,21:12:28 PM,1574005348736
1.4428711 ,18.089737 ,-6.5443726,23.55077975,87.29737314 ,30.56399917602539,87.1395483737689 ,0.0,21:12:28 PM,1574005348742
-2.7014923 ,10.983063 ,-12.086151,23.55077975,87.29737314 ,30.56399917602539,87.1395483737689 ,0.0,21:12:28 PM,1574005348746
-1.8975067 ,9.94696 ,15.730423,23.55077975,87.29737314 ,30.56399917602539,87.1395483737689 ,0.0,21:12:28 PM,1574005348751
0.7154541 ,10.691132 ,11.803787,23.55077975,87.29737314 ,30.56399917602539,87.1395483737689 ,0.0,21:12:28 PM,1574005348758
2.280365 ,16.388443 ,0.8422699,23.55077975,87.29737314 ,30.56399917602539,87.1395483737689 ,0.0,21:12:28 PM,1574005348761
5.6973114 ,14.926422 ,1.7371826,23.55077975,87.29737314 ,30.56399917602539,87.1395483737689 ,0.0,21:12:28 PM,1574005348766
4.055832 ,4.6660004 ,-5.1302185,23.55077975,87.29737314 ,30.56399917602539,87.1395483737689 ,0.0,21:12:28 PM,1574005348774
-0.24406433 ,3.8213348 ,5.01297,23.55077975,87.29737314 ,30.56399917602539,87.1395483737689 ,0.0,21:12:28 PM,1574005348778
-3.1011047 ,7.0707855 ,7.7814636,23.55077975,87.29737314 ,30.56399917602539,87.1395483737689 ,0.0,21:12:28 PM,1574005348780
-3.3834534 ,3.0508423 ,-15.139389,23.55077975,87.29737314 ,30.56399917602539,87.1395483737689 ,0.0,21:12:28 PM,1574005348786
1.6678009 ,7.841278 ,-7.3172455,23.55077975,87.29737314 ,30.56399917602539,87.1395483737689 ,0.0,21:12:28 PM,1574005348792
0.071777344 ,8.760132 ,-8.193024,23.55077975,87.29737314 ,30.56399917602539,87.1395483737689 ,0.0,21:12:28 PM,1574005348796
-4.065399 ,9.88475 ,-8.4179535,23.55077975,87.29737314 ,30.56399917602539,87.1395483737689 ,0.0,21:12:28 PM,1574005348800
0.1651001 ,11.581268 ,2.038681,23.55077975,87.29737314 ,30.56399917602539,87.1395483737689 ,0.0,21:12:28 PM,1574005348806
2.7182465 ,10.87059 ,1.3830566,23.55077975,87.29737314 ,30.56399917602539,87.1395483737689 ,0.0,21:12:28 PM,1574005348810
5.1302185 ,12.859024 ,5.0943146,23.55077975,87.29737314 ,30.56399917602539,87.1395483737689 ,0.0,21:12:28 PM,1574005348815
7.2598267 ,13.584061 ,-1.1006927,23.55077975,87.29737314 ,30.56399917602539,87.1395483737689 ,0.0,21:12:28 PM,1574005348823
1.8520508 ,9.815353 ,-7.9178467,23.55077975,87.29737314 ,30.56399917602539,87.1395483737689 ,0.0,21:12:28 PM,1574005348825
-2.136795 ,5.7595215 ,4.97229,23.55077975,87.29737314 ,30.56399917602539,87.1395483737689 ,0.0,21:12:28 PM,1574005348829
-4.610962 ,5.268997 ,8.621338,23.55077975,87.29737314 ,30.56399917602539,87.1395483737689 ,0.0,21:12:28 PM,1574005348834
-4.0534363 ,6.6305084 ,-5.3814545,23.55077975,87.29737314 ,30.56399917602539,87.03966520835263 ,0.0,21:12:28 PM,1574005348841
0.9451599 ,14.175079 ,-2.045868,23.55077975,87.29737314 ,30.56399917602539,87.03966520835263 ,0.0,21:12:28 PM,1574005348845
1.3782654 ,8.267197 ,-11.624329,23.55077975,87.29737314 ,30.56399917602539,87.03966520835263 ,0.0,21:12:28 PM,1574005348849
-0.13400269 ,9.430115 ,5.079956,23.55077975,87.29737314 ,30.56399917602539,87.03966520835263 ,0.0,21:12:28 PM,1574005348855
-4.0175476 ,11.576477 ,1.0097656,23.55077975,87.29737314 ,30.56399917602539,87.03966520835263 ,0.0,21:12:28 PM,1574005348859
-4.4147644 ,11.765503 ,-11.435303,23.55077975,87.29737314 ,30.56399917602539,87.03966520835263 ,0.0,21:12:28 PM,1574005348863
4.9459686 ,13.730011 ,0.9379883,23.55077975,87.29737314 ,30.56399917602539,87.03966520835263 ,0.0,21:12:28 PM,1574005348868
5.682953 ,9.88475 ,-10.947159,23.55077975,87.29737314 ,30.56399917602539,87.03966520835263 ,0.0,21:12:28 PM,1574005348874
-0.5264282 ,12.945175 ,0.23449707,23.55077975,87.29737314 ,30.56399917602539,87.03966520835263 ,0.0,21:12:28 PM,1574005348879
-1.7348022 ,12.67717 ,3.7734833,23.55077975,87.29737314 ,30.56399917602539,87.03966520835263 ,0.0,21:12:28 PM,1574005348883
