x,y,z,latitude,longitude,speed,sound,light,time,timestamp
3.4097748 ,4.8837585 ,6.065811,23.54910361,87.30027812 ,26.640000343322754,80.7791370334971 ,2.0,21:22:50 PM,1574005970501
-2.732605 ,3.2996979 ,8.204987,23.54910361,87.30027812 ,26.640000343322754,80.7791370334971 ,2.0,21:22:50 PM,1574005970509
-3.3595276 ,2.3856506 ,18.587448,23.54910361,87.30027812 ,26.640000343322754,80.7791370334971 ,2.0,21:22:50 PM,1574005970513
-1.7371826 ,6.999008 ,18.49173,23.54910361,87.30027812 ,26.640000343322754,80.7791370334971 ,2.0,21:22:50 PM,1574005970516
0.9188385 ,4.1036835 ,-4.2759705,23.54910361,87.30027812 ,26.640000343322754,80.7791370334971 ,2.0,21:22:50 PM,1574005970523
5.2618103 ,9.554535 ,6.1375885,23.54910361,87.30027812 ,26.640000343322754,80.7791370334971 ,2.0,21:22:50 PM,1574005970527
3.5102692 ,4.532013 ,9.808182,23.54910361,87.30027812 ,26.640000343322754,80.7791370334971 ,2.0,21:22:50 PM,1574005970532
-1.7156525 ,6.8123627 ,8.0686035,23.54910361,87.30027812 ,26.640000343322754,80.7791370334971 ,2.0,21:22:50 PM,1574005970540
-1.7778625 ,8.341385 ,6.2883453,23.54910361,87.30027812 ,26.640000343322754,80.7791370334971 ,2.0,21:22:50 PM,1574005970542
1.0480499 ,11.521439 ,8.238495,23.54910361,87.30027812 ,26.640000343322754,80.7791370334971 ,2.0,21:22:50 PM,1574005970546
0.2033844 ,3.6059875 ,-0.41635132,23.54910361,87.30027812 ,26.640000343322754,80.7791370334971 ,2.0,21:22:50 PM,1574005970551
0.6029968 ,8.518448 ,7.8460693,23.54910361,87.30027812 ,26.640000343322754,80.7791370334971 ,2.0,21:22:50 PM,1574005970557
-0.5359955 ,6.3338013 ,4.0414734,23.54910361,87.30027812 ,26.640000343322754,80.7791370334971 ,2.0,21:22:50 PM,1574005970561
1.0145569 ,12.138794 ,2.526825,23.54910361,87.30027812 ,26.640000343322754,80.7791370334971 ,2.0,21:22:50 PM,1574005970566
3.4504547 ,6.829117 ,-3.0317078,23.54910361,87.30027812 ,26.640000343322754,80.7791370334971 ,2.0,21:22:50 PM,1574005970574
4.0462646 ,10.537994 ,13.720444,23.54910361,87.30027812 ,26.640000343322754,80.7791370334971 ,2.0,21:22:50 PM,1574005970577
-0.057434082 ,3.8141632 ,6.57547,23.54910361,87.30027812 ,26.640000343322754,80.7791370334971 ,2.0,21:22:50 PM,1574005970580
-0.5694885 ,7.8675995 ,10.2508545,23.54910361,87.30027812 ,26.640000343322754,80.7791370334971 ,2.0,21:22:50 PM,1574005970586
1.0624084 ,5.54895 ,10.363312,23.54910361,87.30027812 ,26.640000343322754,80.7791370334971 ,2.0,21:22:50 PM,1574005970592
0.9834442 ,8.27916 ,8.863022,23.54910361,87.30027812 ,26.640000343322754,80.7791370334971 ,2.0,21:22:50 PM,1574005970596
0.19381714 ,3.3403778 ,4.8598175,23.54910361,87.30027812 ,26.640000343322754,80.7791370334971 ,2.0,21:22:50 PM,1574005970601
1.0648041 ,7.022934 ,16.304688,23.54910361,87.30027812 ,26.640000343322754,80.7791370334971 ,2.0,21:22:50 PM,1574005970607
-0.3254242 ,6.5348053 ,4.8550415,23.54910361,87.30027812 ,26.640000343322754,80.7791370334971 ,2.0,21:22:50 PM,1574005970610
-1.1126556 ,7.853241 ,0.64367676,23.54910361,87.30027812 ,26.640000343322754,80.7791370334971 ,2.0,21:22:50 PM,1574005970615
-1.174881 ,5.0536346 ,6.879364,23.54910361,87.30027812 ,26.640000343322754,80.7791370334971 ,2.0,21:22:50 PM,1574005970623
-0.36610413 ,7.1066895 ,12.433105,23.54910361,87.30027812 ,26.640000343322754,80.7791370334971 ,2.0,21:22:50 PM,1574005970625
0.18424988 ,8.039886 ,7.0253296,23.54910361,87.30027812 ,26.640000343322754,80.7791370334971 ,2.0,21:22:50 PM,1574005970630
-0.34695435 ,6.891327 ,1.5098724,23.54910361,87.30027812 ,26.640000343322754,80.7791370334971 ,2.0,21:22:50 PM,1574005970635
0.39720154 ,7.487137 ,6.135193,23.54910361,87.30027812 ,26.640000343322754,80.7791370334971 ,2.0,21:22:50 PM,1574005970642
0.82073975 ,4.6205444 ,9.169296,23.54910361,87.30027812 ,26.640000343322754,80.7791370334971 ,2.0,21:22:50 PM,1574005970645
0.5264282 ,6.0562286 ,9.954147,23.54910361,87.30027812 ,26.640000343322754,80.7791370334971 ,2.0,21:22:50 PM,1574005970650
-0.01675415 ,8.078171 ,1.1030884,23.54910361,87.30027812 ,26.640000343322754,80.7791370334971 ,1.0,21:22:50 PM,1574005970657
1.1676941 ,7.5804596 ,-0.5024872,23.54910361,87.30027812 ,26.640000343322754,80.7791370334971 ,1.0,21:22:50 PM,1574005970660
2.8737793 ,7.2095795 ,14.383255,23.54910361,87.30027812 ,26.640000343322754,80.7791370334971 ,1.0,21:22:50 PM,1574005970664
0.9714813 ,7.360321 ,11.09552,23.54910361,87.30027812 ,26.640000343322754,80.7791370334971 ,1.0,21:22:50 PM,1574005970674
-1.1126556 ,6.0442657 ,-1.5960083,23.54910361,87.30027812 ,26.640000343322754,80.7791370334971 ,1.0,21:22:50 PM,1574005970677
0.46420288 ,8.805588 ,9.116653,23.54910361,87.30027812 ,26.640000343322754,80.7791370334971 ,1.0,21:22:50 PM,1574005970679
1.3710938 ,6.793228 ,10.631317,23.54910361,87.30027812 ,26.640000343322754,80.7791370334971 ,1.0,21:22:50 PM,1574005970684
1.0743713 ,3.952942 ,2.909668,23.54910361,87.30027812 ,26.640000343322754,80.7791370334971 ,1.0,21:22:50 PM,1574005970690
1.6079712 ,7.556534 ,11.918655,23.54910361,87.30027812 ,26.640000343322754,80.7791370334971 ,1.0,21:22:50 PM,1574005970694
0.2632141 ,6.558731 ,7.668991,23.54910361,87.30027812 ,26.640000343322754,80.7791370334971 ,1.0,21:22:50 PM,1574005970698
-0.67237854 ,4.2998962 ,1.4333038,23.54910361,87.30027812 ,26.640000343322754,80.7791370334971 ,1.0,21:22:50 PM,1574005970705
0.87098694 ,8.492126 ,13.505096,23.54910361,87.30027812 ,26.640000343322754,80.7791370334971 ,1.0,21:22:50 PM,1574005970709
1.4931183 ,6.34816 ,9.181259,23.54910361,87.30027812 ,26.640000343322754,80.7791370334971 ,1.0,21:22:50 PM,1574005970713
0.7657013 ,7.0468597 ,2.634491,23.54910361,87.30027812 ,26.640000343322754,80.7791370334971 ,1.0,21:22:50 PM,1574005970718
0.090927124 ,6.3338013 ,5.5345917,23.54910361,87.30027812 ,26.640000343322754,80.7791370334971 ,1.0,21:22:50 PM,1574005970725
-0.6795654 ,6.9966125 ,13.519455,23.54910361,87.30027812 ,26.640000343322754,80.7791370334971 ,1.0,21:22:50 PM,1574005970728
-1.5481567 ,5.0345 ,4.9698944,23.54910361,87.30027812 ,26.640000343322754,80.7791370334971 ,1.0,21:22:50 PM,1574005970733
1.0552368 ,8.760132 ,4.2424774,23.54910361,87.30027812 ,26.640000343322754,80.7791370334971 ,1.0,21:22:50 PM,1574005970739
4.0989075 ,6.855438 ,5.1996,23.54910361,87.30027812 ,26.640000343322754,80.7791370334971 ,1.0,21:22:50 PM,1574005970743
2.045868 ,7.688141 ,4.331009,23.54910361,87.30027812 ,26.640000343322754,80.7791370334971 ,1.0,21:22:50 PM,1574005970748
-1.1724854 ,7.9944153 ,3.1345978,23.54910361,87.30027812 ,26.640000343322754,80.7791370334971 ,1.0,21:22:50 PM,1574005970756
-1.311264 ,10.765305 ,10.198212,23.54910361,87.30027812 ,26.640000343322754,80.7791370334971 ,1.0,21:22:50 PM,1574005970758
-0.48812866 ,5.6159515 ,2.399994,23.54910361,87.30027812 ,26.640000343322754,80.7791370334971 ,1.0,21:22:50 PM,1574005970763
2.864212 ,9.456436 ,9.918243,23.54910361,87.30027812 ,26.640000343322754,80.7791370334971 ,1.0,21:22:50 PM,1574005970767
2.6392822 ,5.1182404 ,7.0612183,23.54910361,87.30027812 ,26.640000343322754,80.7791370334971 ,1.0,21:22:50 PM,1574005970774
-0.20578003 ,5.69014 ,9.317657,23.54910361,87.30027812 ,26.640000343322754,80.7791370334971 ,1.0,21:22:50 PM,1574005970778
-1.9429779 ,5.1541443 ,10.198212,23.54910361,87.30027812 ,26.640000343322754,80.7791370334971 ,1.0,21:22:50 PM,1574005970782
-1.0169525 ,7.5637054 ,9.5354,23.54910361,87.30027812 ,26.640000343322754,80.7791370334971 ,1.0,21:22:50 PM,1574005970789
0.98106384 ,6.5491486 ,1.1892395,23.54910361,87.30027812 ,26.640000343322754,80.7791370334971 ,1.0,21:22:50 PM,1574005970792
2.2014008 ,8.614166 ,7.585251,23.54910361,87.30027812 ,26.640000343322754,80.7791370334971 ,1.0,21:22:50 PM,1574005970797
-0.5120697 ,3.213562 ,5.757126,23.54910361,87.30027812 ,26.640000343322754,80.7791370334971 ,1.0,21:22:50 PM,1574005970802
-2.7350006 ,6.867401 ,7.975281,23.54910361,87.30027812 ,26.640000343322754,80.7791370334971 ,1.0,21:22:50 PM,1574005970809
-1.1892395 ,6.826721 ,8.372482,23.54910361,87.30027812 ,26.640000343322754,80.7791370334971 ,1.0,21:22:50 PM,1574005970812
-0.0143585205 ,7.3172455 ,7.7359924,23.54910361,87.30027812 ,26.640000343322754,80.7791370334971 ,1.0,21:22:50 PM,1574005970817
0.055038452 ,5.391037 ,0.8685913,23.54910361,87.30027812 ,26.640000343322754,80.7791370334971 ,1.0,21:22:50 PM,1574005970824
2.600998 ,9.104691 ,7.6618195,23.54910361,87.30027812 ,26.640000343322754,80.7791370334971 ,1.0,21:22:50 PM,1574005970827
3.7878418 ,6.723831 ,6.5730896,23.54910361,87.30027812 ,26.640000343322754,80.7791370334971 ,1.0,21:22:50 PM,1574005970831
1.4356995 ,8.834305 ,-0.4091797,23.54910361,87.30027812 ,26.640000343322754,80.7791370334971 ,1.0,21:22:50 PM,1574005970839
-1.1078796 ,7.0947266 ,2.5172424,23.54910361,87.30027812 ,26.640000343322754,80.7791370334971 ,1.0,21:22:50 PM,1574005970841
-2.6679993 ,6.994217 ,13.792236,23.54910361,87.30027812 ,26.640000343322754,80.7791370334971 ,1.0,21:22:50 PM,1574005970847
-1.655838 ,4.926819 ,6.7812653,23.54910361,87.30027812 ,26.640000343322754,80.7791370334971 ,1.0,21:22:50 PM,1574005970851
4.0534363 ,8.434708 ,8.915665,23.54910361,87.30027812 ,26.640000343322754,80.7791370334971 ,1.0,21:22:50 PM,1574005970858
4.9483643 ,4.7449646 ,8.171494,23.54910361,87.30027812 ,26.640000343322754,80.7791370334971 ,1.0,21:22:50 PM,1574005970861
0.8614197 ,3.632309 ,10.243668,23.54910361,87.30027812 ,26.640000343322754,80.7791370334971 ,1.0,21:22:50 PM,1574005970866
-1.1988068 ,4.0701904 ,15.462418,23.54910361,87.30027812 ,26.640000343322754,80.7791370334971 ,1.0,21:22:50 PM,1574005970873
-0.8925171 ,7.692932 ,15.462418,23.54910361,87.30027812 ,26.640000343322754,80.7791370334971 ,1.0,21:22:50 PM,1574005970876
0.34695435 ,7.178467 ,2.4143524,23.54910361,87.30027812 ,26.640000343322754,80.7791370334971 ,1.0,21:22:50 PM,1574005970881
2.5411835 ,6.489334 ,5.5250244,23.54910361,87.30027812 ,26.640000343322754,80.7791370334971 ,1.0,21:22:50 PM,1574005970889
2.2779694 ,5.1469574 ,14.402405,23.54910361,87.30027812 ,26.640000343322754,80.7791370334971 ,1.0,21:22:50 PM,1574005970891
-0.20100403 ,7.166504 ,9.410965,23.54910361,87.30027812 ,26.640000343322754,80.7791370334971 ,1.0,21:22:50 PM,1574005970895
-0.64845276 ,8.214554 ,-0.090927124,23.54910361,87.30027812 ,26.640000343322754,80.7791370334971 ,1.0,21:22:50 PM,1574005970900
0.9834442 ,11.399414 ,5.8336945,23.54910361,87.30027812 ,26.640000343322754,80.7791370334971 ,1.0,21:22:50 PM,1574005970908
0.63648987 ,9.028122 ,4.610962,23.54910361,87.30027812 ,26.640000343322754,80.7791370334971 ,1.0,21:22:50 PM,1574005970910
0.27038574 ,6.4749756 ,0.15792847,23.54910361,87.30027812 ,26.640000343322754,80.7791370334971 ,1.0,21:22:50 PM,1574005970915
1.0408783 ,10.138397 ,5.0105743,23.54910361,87.30027812 ,26.640000343322754,80.7791370334971 ,1.0,21:22:50 PM,1574005970922
0.71066284 ,9.377472 ,3.0628204,23.54910361,87.30027812 ,26.640000343322754,80.7791370334971 ,1.0,21:22:50 PM,1574005970925
-1.6917267 ,6.4127655 ,2.0865479,23.54910361,87.30027812 ,26.640000343322754,80.7791370334971 ,1.0,21:22:50 PM,1574005970930
-1.1318054 ,7.133011 ,11.787048,23.54910361,87.30027812 ,26.640000343322754,80.7791370334971 ,1.0,21:22:50 PM,1574005970936
1.249054 ,8.039886 ,12.547958,23.54910361,87.30027812 ,26.640000343322754,80.7791370334971 ,1.0,21:22:50 PM,1574005970941
1.8640137 ,4.8311157 ,1.689331,23.54910361,87.30027812 ,26.640000343322754,80.7791370334971 ,1.0,21:22:50 PM,1574005970945
1.8496552 ,6.0227356 ,7.487137,23.54910361,87.30027812 ,26.640000343322754,80.7791370334971 ,1.0,21:22:50 PM,1574005970950
0.27757263 ,4.955536 ,11.212769,23.54910361,87.30027812 ,26.640000343322754,80.78145312637889 ,1.0,21:22:50 PM,1574005970956
-1.7802582 ,5.441284 ,11.083557,23.54910361,87.30027812 ,26.640000343322754,80.78145312637889 ,1.0,21:22:50 PM,1574005970960
-0.9906311 ,6.8602295 ,9.63829,23.54910361,87.30027812 ,26.640000343322754,80.78145312637889 ,1.0,21:22:50 PM,1574005970966
-0.29670715 ,5.6781616 ,5.716461,23.54910361,87.30027812 ,26.640000343322754,80.78145312637889 ,1.0,21:22:50 PM,1574005970973
-0.53359985 ,3.4552307 ,6.752548,23.54910361,87.30027812 ,26.640000343322754,80.78145312637889 ,1.0,21:22:50 PM,1574005970975
0.22970581 ,6.9152527 ,15.818954,23.54910361,87.30027812 ,26.640000343322754,80.78145312637889 ,1.0,21:22:50 PM,1574005970980
0.011962891 ,5.9820557 ,5.1254272,23.54910361,87.30027812 ,26.640000343322754,80.78145312637889 ,1.0,21:22:50 PM,1574005970986
0.7537384 ,8.650055 ,-0.28474426,23.54910361,87.30027812 ,26.640000343322754,80.78145312637889 ,1.0,21:22:50 PM,1574005970992
