x,y,z,latitude,longitude,speed,sound,light,time,timestamp
-0.7848511 ,7.3339996 ,5.3359985,23.55017046,87.29850622 ,27.03600082397461,83.06432742793022 ,0.0,21:22:20 PM,1574005940915
1.0695953 ,10.21257 ,13.124634,23.55017046,87.29850622 ,27.03600082397461,83.06432742793022 ,0.0,21:22:20 PM,1574005940924
-1.2059784 ,7.618744 ,1.1844482,23.55017046,87.29850622 ,27.03600082397461,83.06432742793022 ,0.0,21:22:20 PM,1574005940926
-3.8428802 ,1.8185425 ,4.2927246,23.55017046,87.29850622 ,27.03600082397461,83.06432742793022 ,0.0,21:22:20 PM,1574005940930
-3.275772 ,3.6801605 ,26.471802,23.55017046,87.29850622 ,27.03600082397461,83.06432742793022 ,0.0,21:22:20 PM,1574005940934
-0.9643097 ,1.7539368 ,13.323242,23.55017046,87.29850622 ,27.03600082397461,83.06432742793022 ,0.0,21:22:20 PM,1574005940941
5.0775757 ,7.1186523 ,-3.4002075,23.55017046,87.29850622 ,27.03600082397461,83.06432742793022 ,0.0,21:22:20 PM,1574005940944
6.9104767 ,5.9102783 ,-4.845459,23.55017046,87.29850622 ,27.03600082397461,83.06432742793022 ,0.0,21:22:20 PM,1574005940949
0.66041565 ,5.5202484 ,4.924423,23.55017046,87.29850622 ,27.03600082397461,83.06432742793022 ,0.0,21:22:20 PM,1574005940955
-5.4508514 ,5.9533386 ,12.832703,23.55017046,87.29850622 ,27.03600082397461,83.06432742793022 ,0.0,21:22:20 PM,1574005940959
-7.188034 ,3.0341034 ,11.377869,23.55017046,87.29850622 ,27.03600082397461,83.06432742793022 ,0.0,21:22:20 PM,1574005940964
0.26560974 ,2.5866394 ,9.372681,23.55017046,87.29850622 ,27.03600082397461,83.06432742793022 ,0.0,21:22:20 PM,1574005940973
6.51326 ,8.580658 ,14.457428,23.55017046,87.29850622 ,27.03600082397461,83.06432742793022 ,0.0,21:22:20 PM,1574005940975
3.8500519 ,6.3505554 ,8.173889,23.55017046,87.29850622 ,27.03600082397461,83.06432742793022 ,0.0,21:22:20 PM,1574005940979
3.2039948 ,6.6759796 ,11.452057,23.55017046,87.29850622 ,27.03600082397461,83.06432742793022 ,0.0,21:22:20 PM,1574005940984
6.233307 ,11.581268 ,16.91008,23.55017046,87.29850622 ,27.03600082397461,83.06432742793022 ,0.0,21:22:20 PM,1574005940991
2.9814606 ,5.4053802 ,-4.118042,23.55017046,87.29850622 ,27.03600082397461,83.06432742793022 ,0.0,21:22:20 PM,1574005940994
-0.7393799 ,6.9655 ,7.4081726,23.55017046,87.29850622 ,27.03600082397461,83.06432742793022 ,0.0,21:22:20 PM,1574005940999
-4.2831573 ,6.171097 ,17.840881,23.55017046,87.29850622 ,27.03600082397461,83.06432742793022 ,0.0,21:22:21 PM,1574005941006
-2.371292 ,8.721832 ,12.789642,23.55017046,87.29850622 ,27.03600082397461,83.06432742793022 ,0.0,21:22:21 PM,1574005941009
1.7826538 ,8.401199 ,5.704483,23.55017046,87.29850622 ,27.03600082397461,83.06432742793022 ,0.0,21:22:21 PM,1574005941014
1.4524384 ,3.591629 ,-6.089737,23.55017046,87.29850622 ,27.03600082397461,83.06432742793022 ,0.0,21:22:21 PM,1574005941019
2.1272125 ,8.173889 ,2.1296082,23.55017046,87.29850622 ,27.03600082397461,83.06432742793022 ,0.0,21:22:21 PM,1574005941025
0.093322754 ,12.10051 ,11.782257,23.55017046,87.29850622 ,27.03600082397461,83.06432742793022 ,0.0,21:22:21 PM,1574005941029
-3.3882294 ,5.682953 ,-4.0797577,23.55017046,87.29850622 ,27.03600082397461,83.06432742793022 ,0.0,21:22:21 PM,1574005941034
0.24885559 ,11.87558 ,8.709869,23.55017046,87.29850622 ,27.03600082397461,83.06432742793022 ,0.0,21:22:21 PM,1574005941040
-0.550354 ,5.625519 ,10.490128,23.55017046,87.29850622 ,27.03600082397461,83.06432742793022 ,0.0,21:22:21 PM,1574005941044
-1.4309082 ,3.0245209 ,13.39502,23.55017046,87.29850622 ,27.03600082397461,83.06432742793022 ,0.0,21:22:21 PM,1574005941049
-0.68196106 ,8.559128 ,23.942581,23.55017046,87.29850622 ,27.03600082397461,83.06432742793022 ,0.0,21:22:21 PM,1574005941056
-0.37088013 ,5.785843 ,8.154739,23.55017046,87.29850622 ,27.03600082397461,83.06432742793022 ,0.0,21:22:21 PM,1574005941058
1.8065796 ,4.1563263 ,3.620346,23.55017046,87.29850622 ,27.03600082397461,83.06432742793022 ,0.0,21:22:21 PM,1574005941063
3.247055 ,4.5391846 ,13.098312,23.55017046,87.29850622 ,27.03600082397461,83.06432742793022 ,0.0,21:22:21 PM,1574005941073
-2.074585 ,3.069992 ,3.242279,23.55017046,87.29850622 ,27.03600082397461,83.06432742793022 ,0.0,21:22:21 PM,1574005941076
-3.7854462 ,6.0466614 ,3.6586304,23.55017046,87.29850622 ,27.03600082397461,83.06432742793022 ,0.0,21:22:21 PM,1574005941078
-1.2945099 ,8.420349 ,7.5350037,23.55017046,87.29850622 ,27.03600082397461,83.06432742793022 ,0.0,21:22:21 PM,1574005941083
0.062210083 ,4.9459686 ,-3.6586304,23.55017046,87.29850622 ,27.03600082397461,83.06432742793022 ,0.0,21:22:21 PM,1574005941089
2.0769653 ,7.097107 ,7.984848,23.55017046,87.29850622 ,27.03600082397461,83.06432742793022 ,0.0,21:22:21 PM,1574005941093
0.8518524 ,5.544174 ,7.10907,23.55017046,87.29850622 ,27.03600082397461,83.06432742793022 ,0.0,21:22:21 PM,1574005941098
0.94755554 ,10.382462 ,1.1557312,23.55017046,87.29850622 ,27.03600082397461,83.06432742793022 ,0.0,21:22:21 PM,1574005941106
3.4337006 ,12.291931 ,1.1318054,23.55017046,87.29850622 ,27.03600082397461,83.06432742793022 ,0.0,21:22:21 PM,1574005941108
3.6514435 ,10.009171 ,0.49771118,23.55017046,87.29850622 ,27.03600082397461,83.06432742793022 ,0.0,21:22:21 PM,1574005941112
3.505478 ,9.729218 ,6.908081,23.55017046,87.29850622 ,27.03600082397461,83.06432742793022 ,0.0,21:22:21 PM,1574005941117
1.3686981 ,6.55394 ,6.415161,23.55017046,87.29850622 ,27.03600082397461,83.06432742793022 ,0.0,21:22:21 PM,1574005941124
-2.0482635 ,5.448456 ,4.4362946,23.55017046,87.29850622 ,27.03600082397461,83.06432742793022 ,0.0,21:22:21 PM,1574005941128
-3.8596191 ,6.2357025 ,5.962921,23.55017046,87.29850622 ,27.03600082397461,83.06432742793022 ,0.0,21:22:21 PM,1574005941132
-3.1011047 ,5.481964 ,4.273575,23.55017046,87.29850622 ,27.03600082397461,83.06432742793022 ,0.0,21:22:21 PM,1574005941140
1.351944 ,9.255432 ,9.482758,23.55017046,87.29850622 ,27.03600082397461,83.06432742793022 ,0.0,21:22:21 PM,1574005941143
1.2634125 ,7.290924 ,2.3569336,23.55017046,87.29850622 ,27.03600082397461,83.06432742793022 ,0.0,21:22:21 PM,1574005941148
-0.6508484 ,3.838089 ,-4.819153,23.55017046,87.29850622 ,27.03600082397461,83.06432742793022 ,0.0,21:22:21 PM,1574005941156
1.524231 ,6.22612 ,19.14737,23.55017046,87.29850622 ,27.03600082397461,83.06432742793022 ,0.0,21:22:21 PM,1574005941159
2.0554352 ,5.5369873 ,17.144577,23.55017046,87.29850622 ,27.03600082397461,83.06432742793022 ,0.0,21:22:21 PM,1574005941162
0.011962891 ,7.269394 ,0.74417114,23.55017046,87.29850622 ,27.03600082397461,83.06432742793022 ,0.0,21:22:21 PM,1574005941167
-0.4737854 ,6.501297 ,12.832703,23.55017046,87.29850622 ,27.03600082397461,83.06432742793022 ,0.0,21:22:21 PM,1574005941173
-1.9453583 ,2.4478607 ,28.098923,23.55017046,87.29850622 ,27.03600082397461,83.06432742793022 ,0.0,21:22:21 PM,1574005941177
-2.3976135 ,2.5698853 ,18.436707,23.55017046,87.29850622 ,27.03600082397461,83.06432742793022 ,0.0,21:22:21 PM,1574005941181
0.8518524 ,7.314865 ,7.319641,23.55017046,87.29850622 ,27.03600082397461,83.06432742793022 ,0.0,21:22:21 PM,1574005941190
2.170288 ,6.857834 ,4.8598175,23.55017046,87.29850622 ,27.03600082397461,83.06432742793022 ,0.0,21:22:21 PM,1574005941192
0.18902588 ,3.775879 ,4.9866486,23.55017046,87.29850622 ,27.03600082397461,83.06432742793022 ,0.0,21:22:21 PM,1574005941196
-2.8618164 ,3.4169464 ,13.332809,23.55017046,87.29850622 ,27.03600082397461,82.30020538404412 ,0.0,21:22:21 PM,1574005941201
-4.6779633 ,6.7860413 ,10.600204,23.55017046,87.29850622 ,27.03600082397461,82.30020538404412 ,0.0,21:22:21 PM,1574005941208
-3.517456 ,4.857437 ,-6.5682983,23.55017046,87.29850622 ,27.03600082397461,82.30020538404412 ,0.0,21:22:21 PM,1574005941211
3.9936218 ,6.570694 ,5.4628143,23.55017046,87.29850622 ,27.03600082397461,82.30020538404412 ,0.0,21:22:21 PM,1574005941216
6.9439697 ,9.98764 ,20.07579,23.55017046,87.29850622 ,27.03600082397461,82.30020538404412 ,0.0,21:22:21 PM,1574005941224
2.8283234 ,7.0660095 ,5.637497,23.55017046,87.29850622 ,27.03600082397461,82.30020538404412 ,0.0,21:22:21 PM,1574005941228
0.5048828 ,10.320251 ,9.408585,23.55017046,87.29850622 ,27.03600082397461,82.30020538404412 ,0.0,21:22:21 PM,1574005941231
1.3423767 ,1.3495483 ,12.126831,23.55017046,87.29850622 ,27.03600082397461,82.30020538404412 ,0.0,21:22:21 PM,1574005941240
3.2159576 ,1.3878326 ,15.919449,23.55017046,87.29850622 ,27.03600082397461,82.30020538404412 ,0.0,21:22:21 PM,1574005941242
-1.1557312 ,8.496918 ,-6.1280212,23.55017046,87.29850622 ,27.03600082397461,82.30020538404412 ,0.0,21:22:21 PM,1574005941246
-0.33738708 ,13.852051 ,-16.969894,23.55017046,87.29850622 ,27.03600082397461,82.30020538404412 ,0.0,21:22:21 PM,1574005941250
5.2833557 ,12.588638 ,-13.021744,23.55017046,87.29850622 ,27.03600082397461,82.30020538404412 ,0.0,21:22:21 PM,1574005941261
5.9653015 ,12.854248 ,-5.6039886,23.55017046,87.29850622 ,27.03600082397461,82.30020538404412 ,0.0,21:22:21 PM,1574005941265
2.4047852 ,3.9577332 ,0.55752563,23.55017046,87.29850622 ,27.03600082397461,82.30020538404412 ,0.0,21:22:21 PM,1574005941268
0.44267273 ,6.886551 ,17.077576,23.55017046,87.29850622 ,27.03600082397461,82.30020538404412 ,0.0,21:22:21 PM,1574005941272
-4.268799 ,6.4414825 ,6.501297,23.55013381,87.29856061 ,26.675999450683594,82.30020538404412 ,0.0,21:22:21 PM,1574005941276
-7.5397797 ,3.9098663 ,0.7896271,23.55013381,87.29856061 ,26.675999450683594,82.30020538404412 ,0.0,21:22:21 PM,1574005941281
-0.5934143 ,5.9030914 ,18.300308,23.55013381,87.29856061 ,26.675999450683594,82.30020538404412 ,0.0,21:22:21 PM,1574005941286
3.7519531 ,1.3328094 ,7.4727783,23.55013381,87.29856061 ,26.675999450683594,82.30020538404412 ,0.0,21:22:21 PM,1574005941292
6.1782684 ,1.7563324 ,-3.5365906,23.55013381,87.29856061 ,26.675999450683594,82.30020538404412 ,0.0,21:22:21 PM,1574005941295
5.7714844 ,12.10051 ,5.087143,23.55013381,87.29856061 ,26.675999450683594,82.30020538404412 ,0.0,21:22:21 PM,1574005941300
-3.7160492 ,8.578262 ,3.1130676,23.55013381,87.29856061 ,26.675999450683594,82.30020538404412 ,0.0,21:22:21 PM,1574005941306
-4.443466 ,1.8089752 ,6.300308,23.55013381,87.29856061 ,26.675999450683594,82.30020538404412 ,0.0,21:22:21 PM,1574005941310
1.3256226 ,9.162125 ,32.250473,23.55013381,87.29856061 ,26.675999450683594,82.30020538404412 ,0.0,21:22:21 PM,1574005941315
0.24885559 ,1.2227325 ,5.3814545,23.55013381,87.29856061 ,26.675999450683594,82.30020538404412 ,0.0,21:22:21 PM,1574005941323
-1.6582336 ,5.127823 ,12.452255,23.55013381,87.29856061 ,26.675999450683594,82.30020538404412 ,0.0,21:22:21 PM,1574005941325
-5.54657 ,2.3641052 ,24.938004,23.55013381,87.29856061 ,26.675999450683594,82.30020538404412 ,0.0,21:22:21 PM,1574005941329
-3.0388794 ,3.661026 ,21.499512,23.55013381,87.29856061 ,26.675999450683594,82.30020538404412 ,0.0,21:22:21 PM,1574005941334
4.285553 ,8.956329 ,9.087936,23.55013381,87.29856061 ,26.675999450683594,82.30020538404412 ,0.0,21:22:21 PM,1574005941340
5.7786713 ,3.6586304 ,-8.563919,23.55013381,87.29856061 ,26.675999450683594,82.30020538404412 ,0.0,21:22:21 PM,1574005941344
2.4191437 ,4.3621216 ,8.465805,23.55013381,87.29856061 ,26.675999450683594,82.30020538404412 ,0.0,21:22:21 PM,1574005941349
-4.2640076 ,10.43988 ,29.848068,23.55013381,87.29856061 ,26.675999450683594,82.30020538404412 ,0.0,21:22:21 PM,1574005941355
-8.740982 ,3.6921234 ,11.688934,23.55013381,87.29856061 ,26.675999450683594,82.30020538404412 ,0.0,21:22:21 PM,1574005941358
-0.275177 ,6.4342957 ,7.0707855,23.55013381,87.29856061 ,26.675999450683594,82.30020538404412 ,0.0,21:22:21 PM,1574005941363
10.58107 ,3.8404846 ,16.249664,23.55013381,87.29856061 ,26.675999450683594,82.30020538404412 ,0.0,21:22:21 PM,1574005941368
9.013763 ,2.514862 ,15.263809,23.55013381,87.29856061 ,26.675999450683594,82.30020538404412 ,0.0,21:22:21 PM,1574005941374
3.2207336 ,5.395813 ,9.635895,23.55013381,87.29856061 ,26.675999450683594,82.30020538404412 ,0.0,21:22:21 PM,1574005941378
-0.6412811 ,10.707886 ,7.7886353,23.55013381,87.29856061 ,26.675999450683594,82.30020538404412 ,0.0,21:22:21 PM,1574005941383
-0.72024536 ,6.7405853 ,0.59580994,23.55013381,87.29856061 ,26.675999450683594,82.30020538404412 ,0.0,21:22:21 PM,1574005941389
2.2014008 ,8.528015 ,6.5324097,23.55013381,87.29856061 ,26.675999450683594,82.30020538404412 ,0.0,21:22:21 PM,1574005941393
2.9216309 ,6.0394897 ,7.8053894,23.55013381,87.29856061 ,26.675999450683594,82.30020538404412 ,0.0,21:22:21 PM,1574005941398
-1.3016968 ,6.9511566 ,-1.7180481,23.55013381,87.29856061 ,26.675999450683594,82.30020538404412 ,0.0,21:22:21 PM,1574005941405
