x,y,z,latitude,longitude,speed,sound,light,time,timestamp
3.035 ,1.802 ,5.634,23.57131,87.30255000000001 ,36.04641036987305,86.38546354552301 ,50920.0,10:03:33 AM,1572669213833
1.639 ,4.647 ,7.214,23.57131,87.30255000000001 ,36.04641036987305,86.38546354552301 ,50920.0,10:03:33 AM,1572669213833
-2.863 ,6.873 ,5.887,23.57131,87.30255000000001 ,36.04641036987305,86.38546354552301 ,50920.0,10:03:33 AM,1572669213837
-2.145 ,6.859 ,7.836,23.57131,87.30255000000001 ,36.04641036987305,86.38546354552301 ,50920.0,10:03:33 AM,1572669213838
-4.145 ,5.476 ,4.247,23.57131,87.30255000000001 ,36.04641036987305,86.38546354552301 ,50920.0,10:03:33 AM,1572669213843
-5.334 ,4.959 ,7.933,23.57131,87.30255000000001 ,36.04641036987305,86.38546354552301 ,50920.0,10:03:33 AM,1572669213844
-5.256 ,8.318 ,6.41,23.571403333333333,87.30254833333332 ,36.5615421295166,86.38546354552301 ,50920.0,10:03:33 AM,1572669213848
-7.078 ,7.925 ,0.699,23.571403333333333,87.30254833333332 ,36.5615421295166,86.38546354552301 ,50920.0,10:03:33 AM,1572669213848
-3.738 ,5.296 ,0.946,23.571403333333333,87.30254833333332 ,36.5615421295166,86.38546354552301 ,50920.0,10:03:33 AM,1572669213852
-4.948 ,5.112 ,0.555,23.571403333333333,87.30254833333332 ,36.5615421295166,86.38546354552301 ,50920.0,10:03:33 AM,1572669213852
-3.167 ,7.678 ,11.482,23.571403333333333,87.30254833333332 ,36.5615421295166,86.38546354552301 ,50920.0,10:03:33 AM,1572669213860
-2.203 ,13.012 ,15.81,23.571403333333333,87.30254833333332 ,36.5615421295166,86.38546354552301 ,50920.0,10:03:33 AM,1572669213860
-1.342 ,10.755 ,12.962,23.571403333333333,87.30254833333332 ,36.5615421295166,86.38546354552301 ,50920.0,10:03:33 AM,1572669213862
1.986 ,6.854 ,10.933,23.571403333333333,87.30254833333332 ,36.5615421295166,86.38546354552301 ,50920.0,10:03:33 AM,1572669213862
1.66 ,5.419 ,4.008,23.571403333333333,87.30254833333332 ,36.5615421295166,86.38546354552301 ,50920.0,10:03:33 AM,1572669213866
5.106 ,7.115 ,9.406,23.571403333333333,87.30254833333332 ,36.5615421295166,86.38546354552301 ,50920.0,10:03:33 AM,1572669213867
3.944 ,11.4 ,4.764,23.571403333333333,87.30254833333332 ,36.5615421295166,86.38546354552301 ,50920.0,10:03:33 AM,1572669213872
3.535 ,9.35 ,3.837,23.571403333333333,87.30254833333332 ,36.5615421295166,86.38546354552301 ,50920.0,10:03:33 AM,1572669213873
3.997 ,7.504 ,2.792,23.571403333333333,87.30254833333332 ,36.5615421295166,86.38546354552301 ,50920.0,10:03:33 AM,1572669213877
-0.379 ,8.02 ,1.97,23.571403333333333,87.30254833333332 ,36.5615421295166,86.38546354552301 ,50920.0,10:03:33 AM,1572669213877
-0.893 ,9.961 ,10.781,23.571403333333333,87.30254833333332 ,36.5615421295166,86.38546354552301 ,50920.0,10:03:33 AM,1572669213881
-4.757 ,11.23 ,7.154,23.571403333333333,87.30254833333332 ,36.5615421295166,86.38546354552301 ,50920.0,10:03:33 AM,1572669213882
-5.034 ,6.379 ,5.698,23.571403333333333,87.30254833333332 ,36.5615421295166,86.38546354552301 ,50920.0,10:03:33 AM,1572669213886
-4.832 ,4.514 ,4.131,23.571403333333333,87.30254833333332 ,36.5615421295166,86.38546354552301 ,50920.0,10:03:33 AM,1572669213887
-5.507 ,5.419 ,5.766,23.571403333333333,87.30254833333332 ,36.5615421295166,86.38546354552301 ,50920.0,10:03:33 AM,1572669213893
-3.179 ,9.179 ,12.488,23.571403333333333,87.30254833333332 ,36.5615421295166,86.38546354552301 ,50920.0,10:03:33 AM,1572669213893
-3.561 ,8.997 ,6.548,23.571403333333333,87.30254833333332 ,36.5615421295166,86.38546354552301 ,50920.0,10:03:33 AM,1572669213897
-1.591 ,4.138 ,4.734,23.571403333333333,87.30254833333332 ,36.5615421295166,86.38546354552301 ,50920.0,10:03:33 AM,1572669213897
0.329 ,3.64 ,2.648,23.571403333333333,87.30254833333332 ,36.5615421295166,86.38546354552301 ,50920.0,10:03:33 AM,1572669213903
0.755 ,5.357 ,9.098,23.571403333333333,87.30254833333332 ,36.5615421295166,86.38546354552301 ,50920.0,10:03:33 AM,1572669213904
3.121 ,8.488 ,15.306,23.571403333333333,87.30254833333332 ,36.5615421295166,86.38546354552301 ,50920.0,10:03:33 AM,1572669213909
1.36 ,6.293 ,10.317,23.571403333333333,87.30254833333332 ,36.5615421295166,86.38546354552301 ,50920.0,10:03:33 AM,1572669213910
2.849 ,0.726 ,8.151,23.571403333333333,87.30254833333332 ,36.5615421295166,86.38546354552301 ,50920.0,10:03:33 AM,1572669213912
1.799 ,-0.689 ,5.237,23.571403333333333,87.30254833333332 ,36.5615421295166,86.38546354552301 ,50920.0,10:03:33 AM,1572669213912
0.146 ,0.156 ,9.796,23.571403333333333,87.30254833333332 ,36.5615421295166,86.38546354552301 ,50920.0,10:03:33 AM,1572669213917
-0.082 ,3.629 ,13.8,23.571403333333333,87.30254833333332 ,36.5615421295166,86.38546354552301 ,50920.0,10:03:33 AM,1572669213918
-3.254 ,3.662 ,10.942,23.571403333333333,87.30254833333332 ,36.5615421295166,86.38546354552301 ,50920.0,10:03:33 AM,1572669213922
-2.578 ,1.816 ,12.882,23.571403333333333,87.30254833333332 ,36.5615421295166,86.38546354552301 ,50920.0,10:03:33 AM,1572669213922
-3.18 ,3.107 ,11.737,23.571403333333333,87.30254833333332 ,36.5615421295166,86.38546354552301 ,50920.0,10:03:33 AM,1572669213927
-3.144 ,4.114 ,14.965,23.571403333333333,87.30254833333332 ,36.5615421295166,86.38546354552301 ,50920.0,10:03:33 AM,1572669213928
-1.939 ,6.539 ,16.432,23.571403333333333,87.30254833333332 ,36.5615421295166,86.38546354552301 ,50920.0,10:03:33 AM,1572669213932
-2.705 ,4.953 ,10.409,23.571403333333333,87.30254833333332 ,36.5615421295166,86.38546354552301 ,50920.0,10:03:33 AM,1572669213933
0.212 ,3.05 ,8.036,23.571403333333333,87.30254833333332 ,36.5615421295166,86.38546354552301 ,50920.0,10:03:33 AM,1572669213937
-0.707 ,3.159 ,3.465,23.571403333333333,87.30254833333332 ,36.5615421295166,86.38546354552301 ,50920.0,10:03:33 AM,1572669213938
0.857 ,4.32 ,8.547,23.571403333333333,87.30254833333332 ,36.5615421295166,86.38546354552301 ,50920.0,10:03:33 AM,1572669213943
0.182 ,8.637 ,7.723,23.571403333333333,87.30254833333332 ,36.5615421295166,86.38546354552301 ,50920.0,10:03:33 AM,1572669213944
-0.555 ,8.865 ,7.384,23.571403333333333,87.30254833333332 ,36.5615421295166,86.38546354552301 ,50920.0,10:03:33 AM,1572669213947
0.997 ,7.727 ,6.996,23.571403333333333,87.30254833333332 ,36.5615421295166,86.38546354552301 ,50920.0,10:03:33 AM,1572669213948
-0.885 ,6.994 ,2.188,23.571403333333333,87.30254833333332 ,36.5615421295166,86.38546354552301 ,50920.0,10:03:33 AM,1572669213951
0.281 ,6.907 ,6.018,23.571403333333333,87.30254833333332 ,36.5615421295166,86.38546354552301 ,50920.0,10:03:33 AM,1572669213951
-0.094 ,8.814 ,7.13,23.571403333333333,87.30254833333332 ,36.5615421295166,86.38546354552301 ,50920.0,10:03:33 AM,1572669213956
-1.291 ,8.014 ,4.157,23.571403333333333,87.30254833333332 ,36.5615421295166,86.38546354552301 ,50920.0,10:03:33 AM,1572669213957
0.075 ,6.399 ,5.201,23.571403333333333,87.30254833333332 ,36.5615421295166,86.38546354552301 ,50920.0,10:03:33 AM,1572669213962
-2.212 ,5.598 ,2.792,23.571403333333333,87.30254833333332 ,36.5615421295166,86.38546354552301 ,50920.0,10:03:33 AM,1572669213963
-2.082 ,6.144 ,6.627,23.571403333333333,87.30254833333332 ,36.5615421295166,86.38546354552301 ,50920.0,10:03:33 AM,1572669213966
-2.59 ,8.385 ,6.045,23.571403333333333,87.30254833333332 ,36.5615421295166,86.38546354552301 ,50920.0,10:03:33 AM,1572669213967
-3.509 ,7.67 ,6.831,23.571403333333333,87.30254833333332 ,36.5615421295166,86.38546354552301 ,50920.0,10:03:33 AM,1572669213971
-1.656 ,9.08 ,9.865,23.571403333333333,87.30254833333332 ,36.5615421295166,86.38546354552301 ,50920.0,10:03:33 AM,1572669213972
-2.647 ,9.52 ,8.137,23.571403333333333,87.30254833333332 ,36.5615421295166,86.38546354552301 ,50920.0,10:03:33 AM,1572669213978
0.896 ,9.244 ,13.363,23.571403333333333,87.30254833333332 ,36.5615421295166,86.38546354552301 ,50920.0,10:03:33 AM,1572669213979
-0.672 ,8.327 ,7.697,23.571403333333333,87.30254833333332 ,36.5615421295166,86.31432831139603 ,50920.0,10:03:33 AM,1572669213982
0.789 ,6.18 ,7.784,23.571403333333333,87.30254833333332 ,36.5615421295166,86.31432831139603 ,50920.0,10:03:33 AM,1572669213983
1.834 ,6.386 ,7.327,23.571403333333333,87.30254833333332 ,36.5615421295166,86.31432831139603 ,50920.0,10:03:33 AM,1572669213986
-0.794 ,5.552 ,2.831,23.571403333333333,87.30254833333332 ,36.5615421295166,86.31432831139603 ,50920.0,10:03:33 AM,1572669213987
0.637 ,6.132 ,7.84,23.571403333333333,87.30254833333332 ,36.5615421295166,86.31432831139603 ,50920.0,10:03:33 AM,1572669213993
-2.049 ,6.985 ,2.003,23.571403333333333,87.30254833333332 ,36.5615421295166,86.31432831139603 ,50920.0,10:03:33 AM,1572669213993
-1.917 ,6.585 ,7.052,23.571403333333333,87.30254833333332 ,36.5615421295166,86.31432831139603 ,50920.0,10:03:33 AM,1572669213998
-2.665 ,7.784 ,5.199,23.571403333333333,87.30254833333332 ,36.5615421295166,86.31432831139603 ,50920.0,10:03:33 AM,1572669213998
-3.98 ,6.397 ,6.263,23.571403333333333,87.30254833333332 ,36.5615421295166,86.31432831139603 ,50920.0,10:03:34 AM,1572669214004
-2.548 ,5.869 ,7.818,23.571403333333333,87.30254833333332 ,36.5615421295166,86.31432831139603 ,50920.0,10:03:34 AM,1572669214005
-4.055 ,5.685 ,5.337,23.571403333333333,87.30254833333332 ,36.5615421295166,86.31432831139603 ,50920.0,10:03:34 AM,1572669214009
-1.223 ,5.512 ,9.09,23.571403333333333,87.30254833333332 ,36.5615421295166,86.31432831139603 ,50920.0,10:03:34 AM,1572669214010
-1.408 ,7.617 ,8.055,23.571403333333333,87.30254833333332 ,36.5615421295166,86.31432831139603 ,50920.0,10:03:34 AM,1572669214011
-0.18 ,6.668 ,7.963,23.571403333333333,87.30254833333332 ,36.5615421295166,86.31432831139603 ,50920.0,10:03:34 AM,1572669214012
1.512 ,6.706 ,6.595,23.571403333333333,87.30254833333332 ,36.5615421295166,86.31432831139603 ,50920.0,10:03:34 AM,1572669214016
1.028 ,4.782 ,0.7,23.571403333333333,87.30254833333332 ,36.5615421295166,86.31432831139603 ,50920.0,10:03:34 AM,1572669214016
2.745 ,4.082 ,3.402,23.571403333333333,87.30254833333332 ,36.5615421295166,86.31432831139603 ,50920.0,10:03:34 AM,1572669214021
1.572 ,5.674 ,3.284,23.571403333333333,87.30254833333332 ,36.5615421295166,86.31432831139603 ,50920.0,10:03:34 AM,1572669214022
0.752 ,5.96 ,11.406,23.571403333333333,87.30254833333332 ,36.5615421295166,86.31432831139603 ,50920.0,10:03:34 AM,1572669214027
-0.785 ,6.623 ,14.156,23.571403333333333,87.30254833333332 ,36.5615421295166,86.31432831139603 ,50920.0,10:03:34 AM,1572669214027
-3.91 ,4.958 ,10.996,23.571403333333333,87.30254833333332 ,36.5615421295166,86.31432831139603 ,50920.0,10:03:34 AM,1572669214031
-2.686 ,2.391 ,11.804,23.571403333333333,87.30254833333332 ,36.5615421295166,86.31432831139603 ,50920.0,10:03:34 AM,1572669214031
-3.985 ,2.686 ,9.469,23.571403333333333,87.30254833333332 ,36.5615421295166,86.31432831139603 ,50920.0,10:03:34 AM,1572669214036
-3.58 ,3.812 ,13.148,23.571403333333333,87.30254833333332 ,36.5615421295166,86.31432831139603 ,50920.0,10:03:34 AM,1572669214038
-0.976 ,7.234 ,14.641,23.571403333333333,87.30254833333332 ,36.5615421295166,86.31432831139603 ,50920.0,10:03:34 AM,1572669214043
-1.571 ,5.345 ,9.336,23.571403333333333,87.30254833333332 ,36.5615421295166,86.31432831139603 ,50920.0,10:03:34 AM,1572669214044
1.975 ,3.026 ,8.15,23.571403333333333,87.30254833333332 ,36.5615421295166,86.31432831139603 ,50920.0,10:03:34 AM,1572669214048
0.922 ,3.304 ,4.885,23.571403333333333,87.30254833333332 ,36.5615421295166,86.31432831139603 ,50920.0,10:03:34 AM,1572669214049
2.25 ,4.581 ,14.161,23.571403333333333,87.30254833333332 ,36.5615421295166,86.31432831139603 ,50920.0,10:03:34 AM,1572669214051
1.21 ,7.424 ,16.368,23.571403333333333,87.30254833333332 ,36.5615421295166,86.31432831139603 ,50920.0,10:03:34 AM,1572669214051
-1.348 ,4.728 ,14.405,23.571403333333333,87.30254833333332 ,36.5615421295166,86.31432831139603 ,50920.0,10:03:34 AM,1572669214059
-0.421 ,1.696 ,11.903,23.571403333333333,87.30254833333332 ,36.5615421295166,86.31432831139603 ,50920.0,10:03:34 AM,1572669214059
-3.495 ,-0.112 ,4.313,23.571403333333333,87.30254833333332 ,36.5615421295166,86.31432831139603 ,50920.0,10:03:34 AM,1572669214061
-1.934 ,1.578 ,10.553,23.571403333333333,87.30254833333332 ,36.5615421295166,86.31432831139603 ,50920.0,10:03:34 AM,1572669214061
-2.22 ,6.365 ,10.594,23.571403333333333,87.30254833333332 ,36.5615421295166,86.31432831139603 ,50920.0,10:03:34 AM,1572669214066
-1.486 ,7.163 ,13.014,23.571403333333333,87.30254833333332 ,36.5615421295166,86.31432831139603 ,50920.0,10:03:34 AM,1572669214066
0.151 ,7.356 ,9.807,23.571403333333333,87.30254833333332 ,36.5615421295166,86.31432831139603 ,50920.0,10:03:34 AM,1572669214071
0.084 ,5.582 ,5.626,23.571403333333333,87.30254833333332 ,36.5615421295166,86.31432831139603 ,50920.0,10:03:34 AM,1572669214071
2.049 ,5.764 ,8.74,23.571403333333333,87.30254833333332 ,36.5615421295166,86.31432831139603 ,50920.0,10:03:34 AM,1572669214077
0.695 ,6.845 ,5.637,23.571403333333333,87.30254833333332 ,36.5615421295166,86.31432831139603 ,50920.0,10:03:34 AM,1572669214077
