x,y,z,latitude,longitude,speed,sound,light,time,timestamp
-3.503 ,2.989 ,9.651,23.574061666666662,87.30236833333332 ,24.74681568145752,83.63229666847752 ,50920.0,10:04:08 AM,1572669248963
-4.552 ,1.078 ,5.231,23.574061666666662,87.30236833333332 ,24.74681568145752,83.63229666847752 ,50920.0,10:04:08 AM,1572669248964
-4.12 ,1.483 ,3.407,23.574061666666662,87.30236833333332 ,24.74681568145752,83.63229666847752 ,50920.0,10:04:08 AM,1572669248969
-3.324 ,3.682 ,6.603,23.574061666666662,87.30236833333332 ,24.74681568145752,83.63229666847752 ,50920.0,10:04:08 AM,1572669248969
-2.629 ,5.594 ,13.921,23.574061666666662,87.30236833333332 ,24.74681568145752,83.63229666847752 ,50920.0,10:04:08 AM,1572669248973
-2.358 ,6.878 ,16.785,23.574061666666662,87.30236833333332 ,24.74681568145752,83.63229666847752 ,50920.0,10:04:08 AM,1572669248973
-1.72 ,6.55 ,15.375,23.574061666666662,87.30236833333332 ,24.74681568145752,83.63229666847752 ,50920.0,10:04:08 AM,1572669248978
-0.65 ,4.835 ,11.27,23.574061666666662,87.30236833333332 ,24.74681568145752,83.63229666847752 ,50920.0,10:04:08 AM,1572669248979
-0.884 ,2.578 ,4.09,23.574061666666662,87.30236833333332 ,24.74681568145752,83.63229666847752 ,50920.0,10:04:08 AM,1572669248984
-0.613 ,1.668 ,-0.366,23.574061666666662,87.30236833333332 ,24.74681568145752,83.63229666847752 ,50920.0,10:04:08 AM,1572669248985
0.738 ,3.035 ,1.938,23.574061666666662,87.30236833333332 ,24.74681568145752,83.63229666847752 ,50920.0,10:04:08 AM,1572669248988
-1.008 ,5.676 ,7.872,23.574061666666662,87.30236833333332 ,24.74681568145752,83.63229666847752 ,50920.0,10:04:08 AM,1572669248988
-2.082 ,8.218 ,14.642,23.574061666666662,87.30236833333332 ,24.74681568145752,83.63229666847752 ,50920.0,10:04:08 AM,1572669248993
-2.276 ,8.873 ,14.368,23.574061666666662,87.30236833333332 ,24.74681568145752,83.63229666847752 ,50920.0,10:04:08 AM,1572669248993
-3.075 ,5.519 ,7.936,23.574061666666662,87.30236833333332 ,24.74681568145752,83.63229666847752 ,50920.0,10:04:08 AM,1572669248998
-2.483 ,1.733 ,3.305,23.574061666666662,87.30236833333332 ,24.74681568145752,83.63229666847752 ,50920.0,10:04:08 AM,1572669248998
-3.075 ,2.12 ,0.619,23.574061666666662,87.30236833333332 ,24.74681568145752,83.63229666847752 ,50920.0,10:04:09 AM,1572669249003
-1.996 ,5.078 ,4.551,23.574061666666662,87.30236833333332 ,24.74681568145752,83.63229666847752 ,50920.0,10:04:09 AM,1572669249003
-1.462 ,7.768 ,10.864,23.574061666666662,87.30236833333332 ,24.74681568145752,83.63229666847752 ,50920.0,10:04:09 AM,1572669249008
-2.688 ,8.063 ,13.143,23.574061666666662,87.30236833333332 ,24.74681568145752,83.63229666847752 ,50920.0,10:04:09 AM,1572669249008
-2.255 ,6.954 ,12.194,23.574061666666662,87.30236833333332 ,24.74681568145752,83.63229666847752 ,50920.0,10:04:09 AM,1572669249012
-1.624 ,5.417 ,7.726,23.574061666666662,87.30236833333332 ,24.74681568145752,83.63229666847752 ,50920.0,10:04:09 AM,1572669249012
-0.307 ,4.108 ,5.819,23.574061666666662,87.30236833333332 ,24.74681568145752,83.63229666847752 ,50920.0,10:04:09 AM,1572669249018
-0.464 ,3.749 ,3.539,23.574061666666662,87.30236833333332 ,24.74681568145752,83.63229666847752 ,50920.0,10:04:09 AM,1572669249019
0.743 ,4.928 ,5.968,23.574061666666662,87.30236833333332 ,24.74681568145752,82.40198096320321 ,50920.0,10:04:09 AM,1572669249023
0.637 ,6.093 ,7.609,23.574061666666662,87.30236833333332 ,24.74681568145752,82.40198096320321 ,50920.0,10:04:09 AM,1572669249024
-0.334 ,5.454 ,12.984,23.574061666666662,87.30236833333332 ,24.74681568145752,82.40198096320321 ,50920.0,10:04:09 AM,1572669249028
-1.56 ,6.119 ,15.376,23.574061666666662,87.30236833333332 ,24.74681568145752,82.40198096320321 ,50920.0,10:04:09 AM,1572669249029
-2.548 ,5.821 ,12.697,23.574061666666662,87.30236833333332 ,24.74681568145752,82.40198096320321 ,50920.0,10:04:09 AM,1572669249035
-2.361 ,3.69 ,9.625,23.574061666666662,87.30236833333332 ,24.74681568145752,82.40198096320321 ,50920.0,10:04:09 AM,1572669249036
-1.903 ,1.838 ,7.602,23.574061666666662,87.30236833333332 ,24.74681568145752,82.40198096320321 ,50920.0,10:04:09 AM,1572669249037
-2.625 ,2.782 ,7.005,23.574061666666662,87.30236833333332 ,24.74681568145752,82.40198096320321 ,50920.0,10:04:09 AM,1572669249038
-1.012 ,5.08 ,11.646,23.574061666666662,87.30236833333332 ,24.74681568145752,82.40198096320321 ,50920.0,10:04:09 AM,1572669249044
-0.248 ,5.859 ,15.071,23.574061666666662,87.30236833333332 ,24.74681568145752,82.40198096320321 ,50920.0,10:04:09 AM,1572669249044
-0.892 ,5.057 ,14.569,23.574061666666662,87.30236833333332 ,24.74681568145752,82.40198096320321 ,50920.0,10:04:09 AM,1572669249048
0.346 ,5.256 ,14.421,23.574061666666662,87.30236833333332 ,24.74681568145752,82.40198096320321 ,50920.0,10:04:09 AM,1572669249049
1.014 ,5.262 ,11.611,23.574061666666662,87.30236833333332 ,24.74681568145752,82.40198096320321 ,50920.0,10:04:09 AM,1572669249056
-0.439 ,3.526 ,6.558,23.574061666666662,87.30236833333332 ,24.74681568145752,82.40198096320321 ,50920.0,10:04:09 AM,1572669249057
-1.17 ,2.616 ,4.003,23.574061666666662,87.30236833333332 ,24.74681568145752,82.40198096320321 ,50920.0,10:04:09 AM,1572669249058
-1.992 ,2.554 ,2.019,23.574061666666662,87.30236833333332 ,24.74681568145752,82.40198096320321 ,50920.0,10:04:09 AM,1572669249058
-3.989 ,2.454 ,2.959,23.574061666666662,87.30236833333332 ,24.74681568145752,82.40198096320321 ,50920.0,10:04:09 AM,1572669249064
-4.739 ,4.07 ,9.64,23.574061666666662,87.30236833333332 ,24.74681568145752,82.40198096320321 ,50920.0,10:04:09 AM,1572669249065
-5.358 ,6.85 ,13.69,23.574061666666662,87.30236833333332 ,24.74681568145752,82.40198096320321 ,50920.0,10:04:09 AM,1572669249068
-4.342 ,7.58 ,13.973,23.574061666666662,87.30236833333332 ,24.74681568145752,82.40198096320321 ,50920.0,10:04:09 AM,1572669249069
-3.226 ,5.527 ,10.812,23.574061666666662,87.30236833333332 ,24.74681568145752,82.40198096320321 ,50920.0,10:04:09 AM,1572669249073
-2.651 ,2.943 ,5.4,23.574061666666662,87.30236833333332 ,24.74681568145752,82.40198096320321 ,50920.0,10:04:09 AM,1572669249073
-0.336 ,2.941 ,4.093,23.574061666666662,87.30236833333332 ,24.74681568145752,82.40198096320321 ,50920.0,10:04:09 AM,1572669249079
1.031 ,4.09 ,6.132,23.574061666666662,87.30236833333332 ,24.74681568145752,82.40198096320321 ,50920.0,10:04:09 AM,1572669249079
0.785 ,5.041 ,10.854,23.574061666666662,87.30236833333332 ,24.74681568145752,82.40198096320321 ,50920.0,10:04:09 AM,1572669249086
1.177 ,6.569 ,14.623,23.574061666666662,87.30236833333332 ,24.74681568145752,82.40198096320321 ,50920.0,10:04:09 AM,1572669249087
1.095 ,7.465 ,13.417,23.574061666666662,87.30236833333332 ,24.74681568145752,82.40198096320321 ,50920.0,10:04:09 AM,1572669249087
0.446 ,5.332 ,12.121,23.574061666666662,87.30236833333332 ,24.74681568145752,82.40198096320321 ,50920.0,10:04:09 AM,1572669249088
-1.15 ,3.123 ,8.527,23.574061666666662,87.30236833333332 ,24.74681568145752,82.40198096320321 ,50920.0,10:04:09 AM,1572669249092
-2.086 ,3.217 ,4.629,23.574061666666662,87.30236833333332 ,24.74681568145752,82.40198096320321 ,50920.0,10:04:09 AM,1572669249092
-1.772 ,3.77 ,5.198,23.574061666666662,87.30236833333332 ,24.74681568145752,82.40198096320321 ,50920.0,10:04:09 AM,1572669249098
-2.829 ,4.341 ,7.124,23.574061666666662,87.30236833333332 ,24.74681568145752,82.40198096320321 ,50920.0,10:04:09 AM,1572669249098
-3.677 ,6.246 ,9.516,23.574061666666662,87.30236833333332 ,24.74681568145752,82.40198096320321 ,50920.0,10:04:09 AM,1572669249103
-3.938 ,8.045 ,10.053,23.574061666666662,87.30236833333332 ,24.74681568145752,82.40198096320321 ,50920.0,10:04:09 AM,1572669249104
-3.376 ,7.297 ,9.039,23.574061666666662,87.30236833333332 ,24.74681568145752,82.40198096320321 ,50920.0,10:04:09 AM,1572669249108
-4.219 ,4.647 ,3.09,23.574061666666662,87.30236833333332 ,24.74681568145752,82.40198096320321 ,50920.0,10:04:09 AM,1572669249109
-2.846 ,3.688 ,2.32,23.574061666666662,87.30236833333332 ,24.74681568145752,82.40198096320321 ,50920.0,10:04:09 AM,1572669249112
-1.21 ,5.912 ,3.25,23.574061666666662,87.30236833333332 ,24.74681568145752,82.40198096320321 ,50920.0,10:04:09 AM,1572669249114
-0.977 ,6.884 ,5.592,23.574061666666662,87.30236833333332 ,24.74681568145752,82.40198096320321 ,50920.0,10:04:09 AM,1572669249119
0.536 ,7.343 ,9.395,23.574061666666662,87.30236833333332 ,24.74681568145752,82.40198096320321 ,50920.0,10:04:09 AM,1572669249120
0.236 ,7.982 ,8.076,23.574061666666662,87.30236833333332 ,24.74681568145752,82.40198096320321 ,50920.0,10:04:09 AM,1572669249122
-0.024 ,6.975 ,6.794,23.574061666666662,87.30236833333332 ,24.74681568145752,82.40198096320321 ,50920.0,10:04:09 AM,1572669249123
-1.166 ,5.315 ,7.196,23.574061666666662,87.30236833333332 ,24.74681568145752,82.40198096320321 ,50920.0,10:04:09 AM,1572669249127
-3.58 ,4.664 ,5.252,23.574061666666662,87.30236833333332 ,24.74681568145752,82.40198096320321 ,50920.0,10:04:09 AM,1572669249127
-3.491 ,4.48 ,5.982,23.574061666666662,87.30236833333332 ,24.74681568145752,82.40198096320321 ,50920.0,10:04:09 AM,1572669249133
-3.831 ,3.238 ,6.142,23.574061666666662,87.30236833333332 ,24.74681568145752,82.40198096320321 ,50920.0,10:04:09 AM,1572669249134
-2.979 ,3.368 ,11.551,23.574061666666662,87.30236833333332 ,24.74681568145752,82.40198096320321 ,50920.0,10:04:09 AM,1572669249137
-1.965 ,6.354 ,15.314,23.574061666666662,87.30236833333332 ,24.74681568145752,82.40198096320321 ,50920.0,10:04:09 AM,1572669249137
-0.263 ,8.156 ,17.06,23.574061666666662,87.30236833333332 ,24.74681568145752,82.40198096320321 ,50920.0,10:04:09 AM,1572669249142
0.797 ,5.335 ,12.719,23.574061666666662,87.30236833333332 ,24.74681568145752,82.40198096320321 ,50920.0,10:04:09 AM,1572669249142
0.242 ,0.592 ,5.601,23.574061666666662,87.30236833333332 ,24.74681568145752,82.40198096320321 ,50920.0,10:04:09 AM,1572669249147
0.522 ,-0.117 ,3.949,23.574061666666662,87.30236833333332 ,24.74681568145752,82.40198096320321 ,50920.0,10:04:09 AM,1572669249147
0.233 ,2.576 ,7.277,23.574061666666662,87.30236833333332 ,24.74681568145752,82.40198096320321 ,50920.0,10:04:09 AM,1572669249153
-1.289 ,5.039 ,14.054,23.574061666666662,87.30236833333332 ,24.74681568145752,82.40198096320321 ,50920.0,10:04:09 AM,1572669249153
-2.324 ,6.489 ,17.008,23.574061666666662,87.30236833333332 ,24.74681568145752,82.40198096320321 ,50920.0,10:04:09 AM,1572669249157
-3.424 ,6.165 ,13.987,23.574061666666662,87.30236833333332 ,24.74681568145752,82.40198096320321 ,50920.0,10:04:09 AM,1572669249157
-3.747 ,3.402 ,9.662,23.574061666666662,87.30236833333332 ,24.74681568145752,82.40198096320321 ,50920.0,10:04:09 AM,1572669249162
-4.814 ,1.222 ,4.561,23.574061666666662,87.30236833333332 ,24.74681568145752,82.40198096320321 ,50920.0,10:04:09 AM,1572669249163
-4.718 ,1.351 ,1.74,23.574061666666662,87.30236833333332 ,24.74681568145752,82.40198096320321 ,50920.0,10:04:09 AM,1572669249167
-3.399 ,3.011 ,4.584,23.574061666666662,87.30236833333332 ,24.74681568145752,82.40198096320321 ,50920.0,10:04:09 AM,1572669249168
-3.282 ,4.156 ,9.309,23.574061666666662,87.30236833333332 ,24.74681568145752,82.40198096320321 ,50920.0,10:04:09 AM,1572669249172
-3.266 ,5.171 ,12.698,23.574061666666662,87.30236833333332 ,24.74681568145752,82.40198096320321 ,50920.0,10:04:09 AM,1572669249173
-1.955 ,5.049 ,14.115,23.574061666666662,87.30236833333332 ,24.74681568145752,82.40198096320321 ,50920.0,10:04:09 AM,1572669249178
-1.028 ,3.69 ,11.233,23.574061666666662,87.30236833333332 ,24.74681568145752,82.40198096320321 ,50920.0,10:04:09 AM,1572669249178
-0.203 ,2.006 ,9.528,23.574061666666662,87.30236833333332 ,24.74681568145752,82.40198096320321 ,50920.0,10:04:09 AM,1572669249185
0.56 ,1.98 ,10.175,23.574061666666662,87.30236833333332 ,24.74681568145752,82.40198096320321 ,50920.0,10:04:09 AM,1572669249186
1.253 ,3.996 ,10.804,23.574061666666662,87.30236833333332 ,24.74681568145752,82.40198096320321 ,50920.0,10:04:09 AM,1572669249187
0.776 ,4.586 ,12.713,23.574061666666662,87.30236833333332 ,24.74681568145752,82.40198096320321 ,50920.0,10:04:09 AM,1572669249187
-0.252 ,3.86 ,13.73,23.574061666666662,87.30236833333332 ,24.74681568145752,82.40198096320321 ,50920.0,10:04:09 AM,1572669249193
-1.216 ,3.918 ,11.192,23.574061666666662,87.30236833333332 ,24.74681568145752,82.40198096320321 ,50920.0,10:04:09 AM,1572669249193
-1.485 ,4.397 ,10.357,23.574061666666662,87.30236833333332 ,24.74681568145752,82.40198096320321 ,50920.0,10:04:09 AM,1572669249197
-1.884 ,4.59 ,11.514,23.574061666666662,87.30236833333332 ,24.74681568145752,82.40198096320321 ,50920.0,10:04:09 AM,1572669249198
-3.407 ,5.262 ,9.444,23.574061666666662,87.30236833333332 ,24.74681568145752,82.40198096320321 ,50920.0,10:04:09 AM,1572669249203
-3.605 ,5.601 ,7.459,23.574061666666662,87.30236833333332 ,24.74681568145752,82.40198096320321 ,50920.0,10:04:09 AM,1572669249203
-2.723 ,4.581 ,7.211,23.574061666666662,87.30236833333332 ,24.74681568145752,82.40198096320321 ,50920.0,10:04:09 AM,1572669249207
-3.032 ,3.833 ,6.694,23.574061666666662,87.30236833333332 ,24.74681568145752,82.40198096320321 ,50920.0,10:04:09 AM,1572669249207
