x,y,z,latitude,longitude,speed,sound,light,time,timestamp
0.365 ,5.007 ,7.295,23.57269666666667,87.30257333333333 ,39.387366485595706,88.84743428972199 ,50920.0,10:03:48 AM,1572669228781
2.139 ,3.78 ,12.468,23.57269666666667,87.30257333333333 ,39.387366485595706,88.84743428972199 ,50920.0,10:03:48 AM,1572669228782
-2.317 ,2.63 ,7.735,23.57269666666667,87.30257333333333 ,39.387366485595706,88.84743428972199 ,50920.0,10:03:48 AM,1572669228787
0.601 ,3.333 ,18.684,23.57269666666667,87.30257333333333 ,39.387366485595706,88.84743428972199 ,50920.0,10:03:48 AM,1572669228788
-2.115 ,6.512 ,19.556,23.57269666666667,87.30257333333333 ,39.387366485595706,88.84743428972199 ,50920.0,10:03:48 AM,1572669228792
-3.227 ,7.28 ,15.554,23.57269666666667,87.30257333333333 ,39.387366485595706,88.84743428972199 ,50920.0,10:03:48 AM,1572669228792
0.821 ,6.144 ,16.707,23.57269666666667,87.30257333333333 ,39.387366485595706,88.84743428972199 ,34170.0,10:03:48 AM,1572669228797
-3.273 ,4.094 ,5.021,23.57269666666667,87.30257333333333 ,39.387366485595706,88.84743428972199 ,34170.0,10:03:48 AM,1572669228797
0.45 ,3.452 ,12.219,23.57269666666667,87.30257333333333 ,39.387366485595706,88.84743428972199 ,34170.0,10:03:48 AM,1572669228803
-0.3 ,5.235 ,8.018,23.57269666666667,87.30257333333333 ,39.387366485595706,88.84743428972199 ,34170.0,10:03:48 AM,1572669228804
-0.075 ,5.158 ,7.072,23.57269666666667,87.30257333333333 ,39.387366485595706,88.84743428972199 ,34170.0,10:03:48 AM,1572669228806
0.543 ,4.212 ,6.268,23.57269666666667,87.30257333333333 ,39.387366485595706,88.84743428972199 ,34170.0,10:03:48 AM,1572669228807
-1.607 ,3.599 ,4.07,23.57269666666667,87.30257333333333 ,39.387366485595706,88.84743428972199 ,34170.0,10:03:48 AM,1572669228812
-1.745 ,4.33 ,9.929,23.57269666666667,87.30257333333333 ,39.387366485595706,88.84743428972199 ,34170.0,10:03:48 AM,1572669228813
-3.621 ,5.529 ,9.339,23.57269666666667,87.30257333333333 ,39.387366485595706,88.84743428972199 ,34170.0,10:03:48 AM,1572669228817
-4.605 ,3.253 ,8.098,23.57269666666667,87.30257333333333 ,39.387366485595706,88.84743428972199 ,34170.0,10:03:48 AM,1572669228817
-3.288 ,1.296 ,9.363,23.57269666666667,87.30257333333333 ,39.387366485595706,88.84743428972199 ,34170.0,10:03:48 AM,1572669228823
-5.058 ,2.412 ,9.115,23.57269666666667,87.30257333333333 ,39.387366485595706,88.84743428972199 ,34170.0,10:03:48 AM,1572669228824
-2.07 ,4.519 ,16.445,23.57269666666667,87.30257333333333 ,39.387366485595706,88.84743428972199 ,34170.0,10:03:48 AM,1572669228827
-0.905 ,6.827 ,15.952,23.57269666666667,87.30257333333333 ,39.387366485595706,88.84743428972199 ,34170.0,10:03:48 AM,1572669228827
2.806 ,4.999 ,13.075,23.57269666666667,87.30257333333333 ,39.387366485595706,88.84743428972199 ,34170.0,10:03:48 AM,1572669228832
4.708 ,3.59 ,6.0,23.57269666666667,87.30257333333333 ,39.387366485595706,88.84743428972199 ,34170.0,10:03:48 AM,1572669228833
5.893 ,3.02 ,3.975,23.57269666666667,87.30257333333333 ,39.387366485595706,88.84743428972199 ,34170.0,10:03:48 AM,1572669228837
5.422 ,3.859 ,2.374,23.57269666666667,87.30257333333333 ,39.387366485595706,88.84743428972199 ,34170.0,10:03:48 AM,1572669228838
5.602 ,6.834 ,9.096,23.57269666666667,87.30257333333333 ,39.387366485595706,88.84743428972199 ,34170.0,10:03:48 AM,1572669228841
1.5 ,8.263 ,6.033,23.57269666666667,87.30257333333333 ,39.387366485595706,88.84743428972199 ,34170.0,10:03:48 AM,1572669228842
1.077 ,8.488 ,7.657,23.57269666666667,87.30257333333333 ,39.387366485595706,88.84743428972199 ,34170.0,10:03:48 AM,1572669228847
-1.972 ,7.446 ,-1.43,23.57269666666667,87.30257333333333 ,39.387366485595706,88.84743428972199 ,34170.0,10:03:48 AM,1572669228848
-3.052 ,6.039 ,-1.69,23.57269666666667,87.30257333333333 ,39.387366485595706,88.84743428972199 ,34170.0,10:03:48 AM,1572669228854
-3.567 ,6.877 ,-2.133,23.57269666666667,87.30257333333333 ,39.387366485595706,88.84743428972199 ,34170.0,10:03:48 AM,1572669228855
-5.578 ,7.79 ,-1.87,23.57269666666667,87.30257333333333 ,39.387366485595706,88.84743428972199 ,34170.0,10:03:48 AM,1572669228856
-3.332 ,9.863 ,3.087,23.57269666666667,87.30257333333333 ,39.387366485595706,88.84743428972199 ,34170.0,10:03:48 AM,1572669228856
-3.221 ,11.755 ,3.912,23.572803333333333,87.30256166666668 ,38.16809349060059,88.93784642544885 ,34170.0,10:03:48 AM,1572669228861
-1.131 ,11.456 ,4.778,23.572803333333333,87.30256166666668 ,38.16809349060059,88.93784642544885 ,34170.0,10:03:48 AM,1572669228861
-0.601 ,11.23 ,2.477,23.572803333333333,87.30256166666668 ,38.16809349060059,88.93784642544885 ,34170.0,10:03:48 AM,1572669228865
-0.899 ,7.982 ,-1.218,23.572803333333333,87.30256166666668 ,38.16809349060059,88.93784642544885 ,34170.0,10:03:48 AM,1572669228866
1.892 ,6.221 ,-0.521,23.572803333333333,87.30256166666668 ,38.16809349060059,88.93784642544885 ,34170.0,10:03:48 AM,1572669228871
-0.168 ,5.041 ,-4.096,23.572803333333333,87.30256166666668 ,38.16809349060059,88.93784642544885 ,34170.0,10:03:48 AM,1572669228872
2.991 ,4.571 ,7.389,23.572803333333333,87.30256166666668 ,38.16809349060059,88.93784642544885 ,34170.0,10:03:48 AM,1572669228876
2.023 ,6.49 ,12.229,23.572803333333333,87.30256166666668 ,38.16809349060059,88.93784642544885 ,34170.0,10:03:48 AM,1572669228877
0.536 ,7.131 ,18.079,23.572803333333333,87.30256166666668 ,38.16809349060059,88.93784642544885 ,34170.0,10:03:48 AM,1572669228881
0.252 ,4.845 ,14.861,23.572803333333333,87.30256166666668 ,38.16809349060059,88.93784642544885 ,34170.0,10:03:48 AM,1572669228881
-1.091 ,1.015 ,10.859,23.572803333333333,87.30256166666668 ,38.16809349060059,88.93784642544885 ,34170.0,10:03:48 AM,1572669228887
-3.105 ,-0.784 ,8.149,23.572803333333333,87.30256166666668 ,38.16809349060059,88.93784642544885 ,34170.0,10:03:48 AM,1572669228887
-4.619 ,1.442 ,13.604,23.572803333333333,87.30256166666668 ,38.16809349060059,88.93784642544885 ,34170.0,10:03:48 AM,1572669228891
-7.444 ,4.239 ,16.839,23.572803333333333,87.30256166666668 ,38.16809349060059,88.93784642544885 ,34170.0,10:03:48 AM,1572669228891
-7.292 ,4.295 ,20.976,23.572803333333333,87.30256166666668 ,38.16809349060059,88.93784642544885 ,34170.0,10:03:48 AM,1572669228896
-7.184 ,3.209 ,16.973,23.572803333333333,87.30256166666668 ,38.16809349060059,88.93784642544885 ,34170.0,10:03:48 AM,1572669228897
-4.777 ,0.445 ,17.926,23.572803333333333,87.30256166666668 ,38.16809349060059,88.93784642544885 ,34170.0,10:03:48 AM,1572669228904
-1.2 ,0.646 ,21.195,23.572803333333333,87.30256166666668 ,38.16809349060059,88.93784642544885 ,34170.0,10:03:48 AM,1572669228905
0.239 ,2.032 ,21.931,23.572803333333333,87.30256166666668 ,38.16809349060059,88.93784642544885 ,34170.0,10:03:48 AM,1572669228906
3.725 ,1.559 ,20.741,23.572803333333333,87.30256166666668 ,38.16809349060059,88.93784642544885 ,34170.0,10:03:48 AM,1572669228907
4.854 ,-0.726 ,12.382,23.572803333333333,87.30256166666668 ,38.16809349060059,88.93784642544885 ,34170.0,10:03:48 AM,1572669228911
4.195 ,-2.828 ,10.846,23.572803333333333,87.30256166666668 ,38.16809349060059,88.93784642544885 ,34170.0,10:03:48 AM,1572669228912
3.608 ,-0.243 ,15.11,23.572803333333333,87.30256166666668 ,38.16809349060059,88.93784642544885 ,34170.0,10:03:48 AM,1572669228916
-0.989 ,4.431 ,15.272,23.572803333333333,87.30256166666668 ,38.16809349060059,88.93784642544885 ,34170.0,10:03:48 AM,1572669228917
-1.008 ,4.933 ,16.603,23.572803333333333,87.30256166666668 ,38.16809349060059,88.93784642544885 ,34170.0,10:03:48 AM,1572669228923
-2.449 ,2.654 ,8.471,23.572803333333333,87.30256166666668 ,38.16809349060059,88.93784642544885 ,34170.0,10:03:48 AM,1572669228924
-2.759 ,-0.124 ,5.938,23.572803333333333,87.30256166666668 ,38.16809349060059,88.93784642544885 ,34170.0,10:03:48 AM,1572669228926
-1.303 ,2.847 ,10.939,23.572803333333333,87.30256166666668 ,38.16809349060059,88.93784642544885 ,34170.0,10:03:48 AM,1572669228928
-1.505 ,6.146 ,12.761,23.572803333333333,87.30256166666668 ,38.16809349060059,88.93784642544885 ,34170.0,10:03:48 AM,1572669228931
-1.66 ,4.441 ,4.23,23.572803333333333,87.30256166666668 ,38.16809349060059,88.93784642544885 ,34170.0,10:03:48 AM,1572669228931
0.323 ,1.001 ,0.541,23.572803333333333,87.30256166666668 ,38.16809349060059,88.93784642544885 ,34170.0,10:03:48 AM,1572669228937
-1.924 ,0.476 ,-4.39,23.572803333333333,87.30256166666668 ,38.16809349060059,88.93784642544885 ,34170.0,10:03:48 AM,1572669228937
0.629 ,6.334 ,7.739,23.572803333333333,87.30256166666668 ,38.16809349060059,88.93784642544885 ,34170.0,10:03:48 AM,1572669228941
-2.692 ,13.149 ,6.377,23.572803333333333,87.30256166666668 ,38.16809349060059,88.93784642544885 ,34170.0,10:03:48 AM,1572669228942
-1.822 ,12.955 ,8.599,23.572803333333333,87.30256166666668 ,38.16809349060059,88.93784642544885 ,34170.0,10:03:48 AM,1572669228945
-1.047 ,9.286 ,3.716,23.572803333333333,87.30256166666668 ,38.16809349060059,88.93784642544885 ,34170.0,10:03:48 AM,1572669228946
0.062 ,6.86 ,0.034,23.572803333333333,87.30256166666668 ,38.16809349060059,88.93784642544885 ,34170.0,10:03:48 AM,1572669228953
2.948 ,9.158 ,4.294,23.572803333333333,87.30256166666668 ,38.16809349060059,88.93784642544885 ,34170.0,10:03:48 AM,1572669228954
1.422 ,10.447 ,2.174,23.572803333333333,87.30256166666668 ,38.16809349060059,88.93784642544885 ,34170.0,10:03:48 AM,1572669228956
2.056 ,8.658 ,5.612,23.572803333333333,87.30256166666668 ,38.16809349060059,88.93784642544885 ,34170.0,10:03:48 AM,1572669228957
0.758 ,6.147 ,3.879,23.572803333333333,87.30256166666668 ,38.16809349060059,88.93784642544885 ,34170.0,10:03:48 AM,1572669228962
-2.811 ,5.199 ,3.952,23.572803333333333,87.30256166666668 ,38.16809349060059,88.93784642544885 ,34170.0,10:03:48 AM,1572669228962
-2.53 ,7.246 ,10.017,23.572803333333333,87.30256166666668 ,38.16809349060059,88.93784642544885 ,34170.0,10:03:48 AM,1572669228965
-4.202 ,10.145 ,10.938,23.572803333333333,87.30256166666668 ,38.16809349060059,88.93784642544885 ,34170.0,10:03:48 AM,1572669228966
-3.537 ,10.036 ,8.592,23.572803333333333,87.30256166666668 ,38.16809349060059,88.93784642544885 ,34170.0,10:03:48 AM,1572669228971
-3.012 ,9.346 ,2.461,23.572803333333333,87.30256166666668 ,38.16809349060059,88.93784642544885 ,34170.0,10:03:48 AM,1572669228972
-0.52 ,5.163 ,-1.217,23.572803333333333,87.30256166666668 ,38.16809349060059,88.93784642544885 ,34170.0,10:03:48 AM,1572669228976
2.532 ,3.277 ,-0.002,23.572803333333333,87.30256166666668 ,38.16809349060059,88.93784642544885 ,34170.0,10:03:48 AM,1572669228976
2.31 ,4.78 ,3.534,23.572803333333333,87.30256166666668 ,38.16809349060059,88.93784642544885 ,34170.0,10:03:48 AM,1572669228980
5.248 ,7.685 ,14.535,23.572803333333333,87.30256166666668 ,38.16809349060059,88.93784642544885 ,34170.0,10:03:48 AM,1572669228981
4.304 ,7.854 ,11.431,23.572803333333333,87.30256166666668 ,38.16809349060059,88.93784642544885 ,34170.0,10:03:48 AM,1572669228986
1.707 ,2.042 ,3.831,23.572803333333333,87.30256166666668 ,38.16809349060059,88.93784642544885 ,34170.0,10:03:48 AM,1572669228987
1.737 ,-3.182 ,5.626,23.572803333333333,87.30256166666668 ,38.16809349060059,88.93784642544885 ,34170.0,10:03:48 AM,1572669228991
-4.603 ,-0.654 ,4.755,23.572803333333333,87.30256166666668 ,38.16809349060059,88.93784642544885 ,34170.0,10:03:48 AM,1572669228991
-4.271 ,5.321 ,17.416,23.572803333333333,87.30256166666668 ,38.16809349060059,88.93784642544885 ,33316.0,10:03:48 AM,1572669228996
-6.182 ,10.332 ,23.05,23.572803333333333,87.30256166666668 ,38.16809349060059,88.93784642544885 ,33316.0,10:03:48 AM,1572669228996
-8.468 ,8.13 ,16.184,23.572803333333333,87.30256166666668 ,38.16809349060059,88.93784642544885 ,33316.0,10:03:49 AM,1572669229004
-4.718 ,3.518 ,12.455,23.572803333333333,87.30256166666668 ,38.16809349060059,88.93784642544885 ,33316.0,10:03:49 AM,1572669229004
-4.405 ,0.86 ,2.501,23.572803333333333,87.30256166666668 ,38.16809349060059,88.93784642544885 ,33316.0,10:03:49 AM,1572669229006
-0.818 ,0.527 ,2.632,23.572803333333333,87.30256166666668 ,38.16809349060059,88.93784642544885 ,33316.0,10:03:49 AM,1572669229006
3.329 ,2.321 ,4.141,23.572803333333333,87.30256166666668 ,38.16809349060059,88.93784642544885 ,33316.0,10:03:49 AM,1572669229011
5.314 ,5.152 ,13.858,23.572803333333333,87.30256166666668 ,38.16809349060059,88.93784642544885 ,33316.0,10:03:49 AM,1572669229012
5.988 ,8.633 ,21.571,23.572803333333333,87.30256166666668 ,38.16809349060059,88.93784642544885 ,33316.0,10:03:49 AM,1572669229016
3.158 ,9.178 ,19.265,23.572803333333333,87.30256166666668 ,38.16809349060059,88.93784642544885 ,33316.0,10:03:49 AM,1572669229017
1.13 ,3.956 ,10.639,23.572803333333333,87.30256166666668 ,38.16809349060059,88.93784642544885 ,33316.0,10:03:49 AM,1572669229022
-0.465 ,-0.985 ,4.138,23.572803333333333,87.30256166666668 ,38.16809349060059,88.93784642544885 ,33316.0,10:03:49 AM,1572669229022
-4.455 ,-0.367 ,2.044,23.572803333333333,87.30256166666668 ,38.16809349060059,88.93784642544885 ,33316.0,10:03:49 AM,1572669229026
-4.212 ,3.553 ,14.331,23.572803333333333,87.30256166666668 ,38.16809349060059,88.93784642544885 ,33316.0,10:03:49 AM,1572669229027
