x,y,z,latitude,longitude,speed,sound,light,time,timestamp
-1.805 ,5.698 ,10.776,23.552626666666665,87.29717333333335 ,36.82281761169434,86.00571356473452 ,9444.0,09:59:19 AM,1572668959899
-3.718 ,2.982 ,9.179,23.552626666666665,87.29717333333335 ,36.82281761169434,86.00571356473452 ,9444.0,09:59:19 AM,1572668959900
-3.233 ,2.351 ,9.336,23.552626666666665,87.29717333333335 ,36.82281761169434,86.00571356473452 ,9444.0,09:59:19 AM,1572668959905
-4.431 ,2.833 ,10.069,23.552626666666665,87.29717333333335 ,36.82281761169434,86.00571356473452 ,9444.0,09:59:19 AM,1572668959906
-2.401 ,4.746 ,15.326,23.552626666666665,87.29717333333335 ,36.82281761169434,86.00571356473452 ,9444.0,09:59:19 AM,1572668959912
-1.815 ,5.892 ,13.804,23.552626666666665,87.29717333333335 ,36.82281761169434,86.00571356473452 ,9444.0,09:59:19 AM,1572668959913
0.674 ,2.741 ,9.377,23.552626666666665,87.29717333333335 ,36.82281761169434,86.00571356473452 ,9444.0,09:59:19 AM,1572668959916
2.756 ,1.861 ,4.699,23.552626666666665,87.29717333333335 ,36.82281761169434,86.00571356473452 ,9444.0,09:59:19 AM,1572668959916
3.33 ,2.021 ,4.478,23.552626666666665,87.29717333333335 ,36.82281761169434,86.00571356473452 ,9444.0,09:59:19 AM,1572668959920
4.222 ,4.558 ,8.946,23.552626666666665,87.29717333333335 ,36.82281761169434,86.00571356473452 ,9444.0,09:59:19 AM,1572668959920
2.837 ,6.027 ,11.44,23.552626666666665,87.29717333333335 ,36.82281761169434,86.00571356473452 ,9444.0,09:59:19 AM,1572668959925
-0.13 ,4.079 ,10.882,23.552626666666665,87.29717333333335 ,36.82281761169434,86.00571356473452 ,9444.0,09:59:19 AM,1572668959925
-2.287 ,3.481 ,10.788,23.552626666666665,87.29717333333335 ,36.82281761169434,86.00571356473452 ,9444.0,09:59:19 AM,1572668959930
-4.952 ,3.389 ,12.812,23.552626666666665,87.29717333333335 ,36.82281761169434,86.00571356473452 ,9444.0,09:59:19 AM,1572668959931
-7.15 ,4.479 ,13.919,23.552626666666665,87.29717333333335 ,36.82281761169434,86.00571356473452 ,9444.0,09:59:19 AM,1572668959934
-7.565 ,4.834 ,13.796,23.552626666666665,87.29717333333335 ,36.82281761169434,86.00571356473452 ,9444.0,09:59:19 AM,1572668959935
-6.902 ,1.859 ,8.31,23.552626666666665,87.29717333333335 ,36.82281761169434,86.00571356473452 ,9444.0,09:59:19 AM,1572668959940
-3.592 ,1.589 ,6.542,23.552626666666665,87.29717333333335 ,36.82281761169434,86.00571356473452 ,9444.0,09:59:19 AM,1572668959940
-1.785 ,3.963 ,7.651,23.552626666666665,87.29717333333335 ,36.82281761169434,86.00571356473452 ,9444.0,09:59:19 AM,1572668959944
1.658 ,7.215 ,14.237,23.552626666666665,87.29717333333335 ,36.82281761169434,86.00571356473452 ,9444.0,09:59:19 AM,1572668959945
2.473 ,8.376 ,12.444,23.552626666666665,87.29717333333335 ,36.82281761169434,86.00571356473452 ,9444.0,09:59:19 AM,1572668959950
2.797 ,4.246 ,7.42,23.552626666666665,87.29717333333335 ,36.82281761169434,86.00571356473452 ,9444.0,09:59:19 AM,1572668959950
2.563 ,2.355 ,3.63,23.552626666666665,87.29717333333335 ,36.82281761169434,86.00571356473452 ,9444.0,09:59:19 AM,1572668959956
0.538 ,4.121 ,7.015,23.552626666666665,87.29717333333335 ,36.82281761169434,86.00571356473452 ,9444.0,09:59:19 AM,1572668959957
-0.749 ,7.667 ,12.437,23.552626666666665,87.29717333333335 ,36.82281761169434,86.00571356473452 ,9444.0,09:59:19 AM,1572668959959
-2.88 ,9.343 ,13.556,23.552626666666665,87.29717333333335 ,36.82281761169434,86.00571356473452 ,9444.0,09:59:19 AM,1572668959959
-4.212 ,5.578 ,9.047,23.552626666666665,87.29717333333335 ,36.82281761169434,86.00571356473452 ,9444.0,09:59:19 AM,1572668959963
-4.607 ,3.317 ,3.695,23.552626666666665,87.29717333333335 ,36.82281761169434,86.00571356473452 ,9444.0,09:59:19 AM,1572668959964
-4.502 ,4.781 ,4.118,23.552626666666665,87.29717333333335 ,36.82281761169434,86.00571356473452 ,9444.0,09:59:19 AM,1572668959969
-4.193 ,8.407 ,8.289,23.552626666666665,87.29717333333335 ,36.82281761169434,86.00571356473452 ,9444.0,09:59:19 AM,1572668959970
-2.432 ,10.19 ,11.215,23.552626666666665,87.29717333333335 ,36.82281761169434,86.00571356473452 ,9444.0,09:59:19 AM,1572668959974
-2.78 ,7.106 ,4.094,23.552626666666665,87.29717333333335 ,36.82281761169434,86.00571356473452 ,9444.0,09:59:19 AM,1572668959975
-0.112 ,4.252 ,3.07,23.552626666666665,87.29717333333335 ,36.82281761169434,86.00571356473452 ,9444.0,09:59:19 AM,1572668959979
0.906 ,6.132 ,3.695,23.552626666666665,87.29717333333335 ,36.82281761169434,86.00571356473452 ,9444.0,09:59:19 AM,1572668959980
2.381 ,8.643 ,8.833,23.552626666666665,87.29717333333335 ,36.82281761169434,86.00571356473452 ,9444.0,09:59:19 AM,1572668959984
3.245 ,10.113 ,9.795,23.552626666666665,87.29717333333335 ,36.82281761169434,86.00571356473452 ,9444.0,09:59:19 AM,1572668959984
2.311 ,6.75 ,6.201,23.552626666666665,87.29717333333335 ,36.82281761169434,86.00571356473452 ,9444.0,09:59:19 AM,1572668959989
1.816 ,3.427 ,2.436,23.552626666666665,87.29717333333335 ,36.82281761169434,86.00571356473452 ,9444.0,09:59:19 AM,1572668959990
0.164 ,3.038 ,1.13,23.552626666666665,87.29717333333335 ,36.82281761169434,86.00571356473452 ,10547.0,09:59:19 AM,1572668959995
-1.839 ,2.731 ,5.046,23.552626666666665,87.29717333333335 ,36.82281761169434,86.00571356473452 ,10547.0,09:59:19 AM,1572668959995
-1.839 ,4.616 ,12.205,23.552626666666665,87.29717333333335 ,36.82281761169434,86.00571356473452 ,10547.0,09:59:19 AM,1572668959999
-4.123 ,4.46 ,12.202,23.552626666666665,87.29717333333335 ,36.82281761169434,86.00571356473452 ,10547.0,09:59:19 AM,1572668959999
-3.179 ,4.193 ,15.608,23.552626666666665,87.29717333333335 ,36.82281761169434,86.00571356473452 ,10547.0,09:59:20 AM,1572668960005
-2.583 ,4.266 ,14.91,23.552626666666665,87.29717333333335 ,36.82281761169434,86.00571356473452 ,10547.0,09:59:20 AM,1572668960006
-2.32 ,3.222 ,13.847,23.552626666666665,87.29717333333335 ,36.82281761169434,86.00571356473452 ,10547.0,09:59:20 AM,1572668960009
-0.018 ,2.278 ,11.585,23.552626666666665,87.29717333333335 ,36.82281761169434,86.00571356473452 ,10547.0,09:59:20 AM,1572668960009
-0.059 ,0.252 ,5.304,23.552626666666665,87.29717333333335 ,36.82281761169434,86.00571356473452 ,10547.0,09:59:20 AM,1572668960014
2.887 ,-0.577 ,5.923,23.552626666666665,87.29717333333335 ,36.82281761169434,86.00571356473452 ,10547.0,09:59:20 AM,1572668960014
3.307 ,1.466 ,7.219,23.552626666666665,87.29717333333335 ,36.82281761169434,86.00571356473452 ,10547.0,09:59:20 AM,1572668960019
3.038 ,3.365 ,11.516,23.552626666666665,87.29717333333335 ,36.82281761169434,86.00571356473452 ,10547.0,09:59:20 AM,1572668960019
3.347 ,4.788 ,15.335,23.552626666666665,87.29717333333335 ,36.82281761169434,86.00571356473452 ,10547.0,09:59:20 AM,1572668960025
1.423 ,3.245 ,12.436,23.552626666666665,87.29717333333335 ,36.82281761169434,86.00571356473452 ,10547.0,09:59:20 AM,1572668960025
-0.698 ,0.975 ,9.156,23.552626666666665,87.29717333333335 ,36.82281761169434,86.00571356473452 ,10547.0,09:59:20 AM,1572668960031
-1.85 ,2.217 ,10.472,23.552626666666665,87.29717333333335 ,36.82281761169434,86.00571356473452 ,10547.0,09:59:20 AM,1572668960031
-3.688 ,3.153 ,11.358,23.552626666666665,87.29717333333335 ,36.82281761169434,86.00571356473452 ,10547.0,09:59:20 AM,1572668960034
-4.334 ,4.523 ,11.301,23.552626666666665,87.29717333333335 ,36.82281761169434,86.00571356473452 ,10547.0,09:59:20 AM,1572668960034
-4.412 ,3.913 ,8.892,23.552626666666665,87.29717333333335 ,36.82281761169434,86.00571356473452 ,10547.0,09:59:20 AM,1572668960040
-3.275 ,3.533 ,7.15,23.552626666666665,87.29717333333335 ,36.82281761169434,86.00571356473452 ,10547.0,09:59:20 AM,1572668960041
-1.265 ,5.375 ,7.994,23.552626666666665,87.29717333333335 ,36.82281761169434,86.00571356473452 ,10547.0,09:59:20 AM,1572668960044
-0.666 ,7.088 ,7.125,23.552626666666665,87.29717333333335 ,36.82281761169434,86.00571356473452 ,10547.0,09:59:20 AM,1572668960045
1.193 ,6.978 ,8.649,23.552626666666665,87.29717333333335 ,36.82281761169434,86.00571356473452 ,10547.0,09:59:20 AM,1572668960050
1.394 ,6.277 ,3.395,23.552626666666665,87.29717333333335 ,36.82281761169434,86.00571356473452 ,10547.0,09:59:20 AM,1572668960051
1.88 ,4.392 ,3.606,23.552626666666665,87.29717333333335 ,36.82281761169434,86.00571356473452 ,10547.0,09:59:20 AM,1572668960055
1.816 ,7.211 ,5.498,23.552626666666665,87.29717333333335 ,36.82281761169434,86.00571356473452 ,10547.0,09:59:20 AM,1572668960055
0.141 ,9.271 ,10.855,23.552626666666665,87.29717333333335 ,36.82281761169434,86.00571356473452 ,10547.0,09:59:20 AM,1572668960059
-0.655 ,9.548 ,11.537,23.552626666666665,87.29717333333335 ,36.82281761169434,86.00571356473452 ,10547.0,09:59:20 AM,1572668960059
-2.722 ,7.775 ,7.323,23.552626666666665,87.29717333333335 ,36.82281761169434,85.51372733798054 ,10547.0,09:59:20 AM,1572668960063
-3.704 ,4.377 ,3.929,23.552626666666665,87.29717333333335 ,36.82281761169434,85.51372733798054 ,10547.0,09:59:20 AM,1572668960064
-4.275 ,5.163 ,2.574,23.552626666666665,87.29717333333335 ,36.82281761169434,85.51372733798054 ,10547.0,09:59:20 AM,1572668960068
-4.284 ,7.133 ,5.382,23.552626666666665,87.29717333333335 ,36.82281761169434,85.51372733798054 ,10547.0,09:59:20 AM,1572668960069
-3.572 ,8.649 ,8.437,23.552626666666665,87.29717333333335 ,36.82281761169434,85.51372733798054 ,10547.0,09:59:20 AM,1572668960074
-1.637 ,9.454 ,9.254,23.552626666666665,87.29717333333335 ,36.82281761169434,85.51372733798054 ,10547.0,09:59:20 AM,1572668960075
-1.156 ,7.383 ,5.186,23.552626666666665,87.29717333333335 ,36.82281761169434,85.51372733798054 ,10547.0,09:59:20 AM,1572668960079
1.985 ,7.435 ,6.167,23.552626666666665,87.29717333333335 ,36.82281761169434,85.51372733798054 ,10547.0,09:59:20 AM,1572668960079
2.015 ,8.548 ,5.371,23.552626666666665,87.29717333333335 ,36.82281761169434,85.51372733798054 ,10547.0,09:59:20 AM,1572668960084
3.791 ,8.389 ,7.772,23.552626666666665,87.29717333333335 ,36.82281761169434,85.51372733798054 ,10547.0,09:59:20 AM,1572668960084
2.452 ,8.557 ,4.179,23.552626666666665,87.29717333333335 ,36.82281761169434,85.51372733798054 ,10547.0,09:59:20 AM,1572668960089
1.718 ,6.01 ,3.517,23.552626666666665,87.29717333333335 ,36.82281761169434,85.51372733798054 ,10547.0,09:59:20 AM,1572668960090
0.477 ,5.861 ,2.497,23.552626666666665,87.29717333333335 ,36.82281761169434,85.51372733798054 ,10547.0,09:59:20 AM,1572668960094
-1.716 ,5.798 ,3.243,23.552626666666665,87.29717333333335 ,36.82281761169434,85.51372733798054 ,10547.0,09:59:20 AM,1572668960094
-3.156 ,6.199 ,5.669,23.552626666666665,87.29717333333335 ,36.82281761169434,85.51372733798054 ,10547.0,09:59:20 AM,1572668960099
-3.458 ,7.488 ,8.514,23.552626666666665,87.29717333333335 ,36.82281761169434,85.51372733798054 ,10547.0,09:59:20 AM,1572668960100
-4.791 ,5.768 ,6.134,23.552626666666665,87.29717333333335 ,36.82281761169434,85.51372733798054 ,10547.0,09:59:20 AM,1572668960106
-3.599 ,5.19 ,6.634,23.552626666666665,87.29717333333335 ,36.82281761169434,85.51372733798054 ,10547.0,09:59:20 AM,1572668960106
-2.626 ,4.559 ,7.025,23.552626666666665,87.29717333333335 ,36.82281761169434,85.51372733798054 ,10547.0,09:59:20 AM,1572668960109
-1.231 ,4.503 ,8.699,23.552626666666665,87.29717333333335 ,36.82281761169434,85.51372733798054 ,10547.0,09:59:20 AM,1572668960110
0.378 ,5.363 ,9.679,23.552626666666665,87.29717333333335 ,36.82281761169434,85.51372733798054 ,10547.0,09:59:20 AM,1572668960114
1.365 ,4.03 ,9.384,23.552626666666665,87.29717333333335 ,36.82281761169434,85.51372733798054 ,10547.0,09:59:20 AM,1572668960115
3.704 ,2.326 ,8.933,23.552626666666665,87.29717333333335 ,36.82281761169434,85.51372733798054 ,10547.0,09:59:20 AM,1572668960119
2.866 ,1.632 ,5.675,23.552626666666665,87.29717333333335 ,36.82281761169434,85.51372733798054 ,10547.0,09:59:20 AM,1572668960120
2.833 ,1.073 ,9.548,23.552626666666665,87.29717333333335 ,36.82281761169434,85.51372733798054 ,10547.0,09:59:20 AM,1572668960125
2.27 ,2.999 ,14.401,23.552626666666665,87.29717333333335 ,36.82281761169434,85.51372733798054 ,10547.0,09:59:20 AM,1572668960125
-0.502 ,2.584 ,14.313,23.552626666666665,87.29717333333335 ,36.82281761169434,85.51372733798054 ,10547.0,09:59:20 AM,1572668960128
-1.86 ,1.292 ,13.839,23.552626666666665,87.29717333333335 ,36.82281761169434,85.51372733798054 ,10547.0,09:59:20 AM,1572668960129
-4.046 ,0.404 ,13.074,23.552626666666665,87.29717333333335 ,36.82281761169434,85.51372733798054 ,10547.0,09:59:20 AM,1572668960134
-5.277 ,0.636 ,16.518,23.552626666666665,87.29717333333335 ,36.82281761169434,85.51372733798054 ,10547.0,09:59:20 AM,1572668960134
-5.763 ,1.94 ,17.593,23.552626666666665,87.29717333333335 ,36.82281761169434,85.51372733798054 ,10547.0,09:59:20 AM,1572668960139
-5.772 ,1.619 ,16.766,23.552626666666665,87.29717333333335 ,36.82281761169434,85.51372733798054 ,10547.0,09:59:20 AM,1572668960140
-3.39 ,-0.779 ,14.004,23.552626666666665,87.29717333333335 ,36.82281761169434,85.51372733798054 ,10547.0,09:59:20 AM,1572668960144
-0.724 ,-1.448 ,9.517,23.552626666666665,87.29717333333335 ,36.82281761169434,85.51372733798054 ,10547.0,09:59:20 AM,1572668960144
