x,y,z,latitude,longitude,speed,sound,light,time,timestamp
-2.41 ,6.319 ,3.409,23.56324833333333,87.29874833333334 ,40.29163055419922,90.60073511091403 ,49074.0,10:01:19 AM,1572669079520
-3.904 ,7.035 ,0.93,23.56324833333333,87.29874833333334 ,40.29163055419922,90.60073511091403 ,49074.0,10:01:19 AM,1572669079521
-0.732 ,7.655 ,6.984,23.56324833333333,87.29874833333334 ,40.29163055419922,90.60073511091403 ,49074.0,10:01:19 AM,1572669079523
-0.721 ,8.764 ,4.017,23.56324833333333,87.29874833333334 ,40.29163055419922,90.60073511091403 ,49074.0,10:01:19 AM,1572669079526
0.088 ,7.248 ,6.61,23.56324833333333,87.29874833333334 ,40.29163055419922,90.60073511091403 ,49074.0,10:01:19 AM,1572669079531
-0.115 ,7.006 ,6.042,23.56324833333333,87.29874833333334 ,40.29163055419922,90.60073511091403 ,49074.0,10:01:19 AM,1572669079532
-2.499 ,5.637 ,1.029,23.56324833333333,87.29874833333334 ,40.29163055419922,90.60073511091403 ,49074.0,10:01:19 AM,1572669079533
-2.174 ,5.11 ,3.95,23.56324833333333,87.29874833333334 ,40.29163055419922,90.60073511091403 ,49074.0,10:01:19 AM,1572669079534
-3.666 ,6.612 ,5.084,23.56324833333333,87.29874833333334 ,40.29163055419922,90.60073511091403 ,49074.0,10:01:19 AM,1572669079540
-3.627 ,9.696 ,13.568,23.56324833333333,87.29874833333334 ,40.29163055419922,90.60073511091403 ,49074.0,10:01:19 AM,1572669079540
-4.31 ,11.023 ,14.75,23.56324833333333,87.29874833333334 ,40.29163055419922,90.60073511091403 ,49074.0,10:01:19 AM,1572669079545
-3.463 ,7.058 ,11.521,23.56324833333333,87.29874833333334 ,40.29163055419922,90.60073511091403 ,49074.0,10:01:19 AM,1572669079545
-2.401 ,1.432 ,2.082,23.56324833333333,87.29874833333334 ,40.29163055419922,90.60073511091403 ,49074.0,10:01:19 AM,1572669079549
-0.708 ,-2.036 ,4.298,23.56324833333333,87.29874833333334 ,40.29163055419922,90.60073511091403 ,49074.0,10:01:19 AM,1572669079550
-1.092 ,2.419 ,9.096,23.56324833333333,87.29874833333334 ,40.29163055419922,90.60073511091403 ,49074.0,10:01:19 AM,1572669079555
-0.315 ,6.63 ,16.951,23.56324833333333,87.29874833333334 ,40.29163055419922,90.60073511091403 ,49074.0,10:01:19 AM,1572669079556
-0.479 ,6.865 ,15.517,23.56324833333333,87.29874833333334 ,40.29163055419922,90.60073511091403 ,49074.0,10:01:19 AM,1572669079559
-2.748 ,3.239 ,9.582,23.56324833333333,87.29874833333334 ,40.29163055419922,90.60073511091403 ,49074.0,10:01:19 AM,1572669079559
-2.257 ,0.881 ,12.306,23.56324833333333,87.29874833333334 ,40.29163055419922,90.60073511091403 ,49074.0,10:01:19 AM,1572669079565
-3.045 ,4.222 ,10.501,23.56324833333333,87.29874833333334 ,40.29163055419922,90.60073511091403 ,49074.0,10:01:19 AM,1572669079565
-1.196 ,5.557 ,15.64,23.56324833333333,87.29874833333334 ,40.29163055419922,90.60073511091403 ,49074.0,10:01:19 AM,1572669079569
0.53 ,5.158 ,13.817,23.56324833333333,87.29874833333334 ,40.29163055419922,90.60073511091403 ,49074.0,10:01:19 AM,1572669079570
1.223 ,1.136 ,10.101,23.56324833333333,87.29874833333334 ,40.29163055419922,90.60073511091403 ,49074.0,10:01:19 AM,1572669079574
3.208 ,0.672 ,11.37,23.56324833333333,87.29874833333334 ,40.29163055419922,90.60073511091403 ,49074.0,10:01:19 AM,1572669079574
1.776 ,2.491 ,9.868,23.56324833333333,87.29874833333334 ,40.29163055419922,90.60073511091403 ,49074.0,10:01:19 AM,1572669079579
3.396 ,3.566 ,13.938,23.56324833333333,87.29874833333334 ,40.29163055419922,90.60073511091403 ,49074.0,10:01:19 AM,1572669079579
-0.004 ,4.228 ,7.954,23.56324833333333,87.29874833333334 ,40.29163055419922,88.68777461865693 ,49074.0,10:01:19 AM,1572669079585
-0.174 ,3.572 ,12.512,23.56324833333333,87.29874833333334 ,40.29163055419922,88.68777461865693 ,49074.0,10:01:19 AM,1572669079585
-2.505 ,6.612 ,10.896,23.56324833333333,87.29874833333334 ,40.29163055419922,88.68777461865693 ,49074.0,10:01:19 AM,1572669079589
-4.035 ,7.362 ,7.177,23.56324833333333,87.29874833333334 ,40.29163055419922,88.68777461865693 ,49074.0,10:01:19 AM,1572669079589
-3.15 ,7.731 ,4.462,23.56324833333333,87.29874833333334 ,40.29163055419922,88.68777461865693 ,47851.0,10:01:19 AM,1572669079593
-3.018 ,5.612 ,-0.094,23.56324833333333,87.29874833333334 ,40.29163055419922,88.68777461865693 ,47851.0,10:01:19 AM,1572669079594
-0.513 ,6.035 ,1.818,23.56324833333333,87.29874833333334 ,40.29163055419922,88.68777461865693 ,47851.0,10:01:19 AM,1572669079599
-0.16 ,8.801 ,-0.689,23.56324833333333,87.29874833333334 ,40.29163055419922,88.68777461865693 ,47851.0,10:01:19 AM,1572669079600
1.86 ,9.009 ,3.058,23.56324833333333,87.29874833333334 ,40.29163055419922,88.68777461865693 ,47851.0,10:01:19 AM,1572669079604
2.364 ,8.865 ,0.967,23.56324833333333,87.29874833333334 ,40.29163055419922,88.68777461865693 ,47851.0,10:01:19 AM,1572669079604
2.181 ,7.795 ,2.183,23.56324833333333,87.29874833333334 ,40.29163055419922,88.68777461865693 ,47851.0,10:01:19 AM,1572669079608
2.273 ,9.975 ,8.046,23.56324833333333,87.29874833333334 ,40.29163055419922,88.68777461865693 ,47851.0,10:01:19 AM,1572669079609
-1.522 ,10.823 ,7.787,23.56324833333333,87.29874833333334 ,40.29163055419922,88.68777461865693 ,47851.0,10:01:19 AM,1572669079615
-2.622 ,8.156 ,5.789,23.56324833333333,87.29874833333334 ,40.29163055419922,88.68777461865693 ,47851.0,10:01:19 AM,1572669079615
-4.257 ,2.563 ,1.485,23.56324833333333,87.29874833333334 ,40.29163055419922,88.68777461865693 ,47851.0,10:01:19 AM,1572669079619
-5.279 ,-1.856 ,3.078,23.56324833333333,87.29874833333334 ,40.29163055419922,88.68777461865693 ,47851.0,10:01:19 AM,1572669079620
-6.399 ,2.345 ,6.743,23.56324833333333,87.29874833333334 ,40.29163055419922,88.68777461865693 ,47851.0,10:01:19 AM,1572669079625
-5.025 ,5.8 ,16.016,23.56324833333333,87.29874833333334 ,40.29163055419922,88.68777461865693 ,47851.0,10:01:19 AM,1572669079625
-3.771 ,8.371 ,17.137,23.56324833333333,87.29874833333334 ,40.29163055419922,88.68777461865693 ,47851.0,10:01:19 AM,1572669079629
-2.766 ,5.778 ,14.459,23.56324833333333,87.29874833333334 ,40.29163055419922,88.68777461865693 ,47851.0,10:01:19 AM,1572669079630
-0.783 ,4.191 ,18.913,23.56324833333333,87.29874833333334 ,40.29163055419922,88.68777461865693 ,47851.0,10:01:19 AM,1572669079634
-2.514 ,5.037 ,12.571,23.56324833333333,87.29874833333334 ,40.29163055419922,88.68777461865693 ,47851.0,10:01:19 AM,1572669079635
-0.483 ,4.236 ,14.539,23.56324833333333,87.29874833333334 ,40.29163055419922,88.68777461865693 ,47851.0,10:01:19 AM,1572669079639
-1.007 ,2.542 ,7.39,23.56324833333333,87.29874833333334 ,40.29163055419922,88.68777461865693 ,47851.0,10:01:19 AM,1572669079640
-0.813 ,0.372 ,6.524,23.56324833333333,87.29874833333334 ,40.29163055419922,88.68777461865693 ,47851.0,10:01:19 AM,1572669079644
-0.94 ,3.062 ,5.935,23.56324833333333,87.29874833333334 ,40.29163055419922,88.68777461865693 ,47851.0,10:01:19 AM,1572669079644
-0.896 ,5.604 ,7.639,23.56324833333333,87.29874833333334 ,40.29163055419922,88.68777461865693 ,47851.0,10:01:19 AM,1572669079649
-0.785 ,6.714 ,8.944,23.56324833333333,87.29874833333334 ,40.29163055419922,88.68777461865693 ,47851.0,10:01:19 AM,1572669079649
-3.033 ,5.542 ,3.735,23.56324833333333,87.29874833333334 ,40.29163055419922,88.68777461865693 ,47851.0,10:01:19 AM,1572669079654
-1.467 ,3.816 ,10.59,23.56324833333333,87.29874833333334 ,40.29163055419922,88.68777461865693 ,47851.0,10:01:19 AM,1572669079654
-3.643 ,5.389 ,5.798,23.56324833333333,87.29874833333334 ,40.29163055419922,88.68777461865693 ,47851.0,10:01:19 AM,1572669079659
-3.059 ,5.067 ,6.703,23.56324833333333,87.29874833333334 ,40.29163055419922,88.68777461865693 ,47851.0,10:01:19 AM,1572669079659
-2.044 ,5.012 ,6.031,23.56324833333333,87.29874833333334 ,40.29163055419922,88.68777461865693 ,47851.0,10:01:19 AM,1572669079665
-3.167 ,3.75 ,6.573,23.56324833333333,87.29874833333334 ,40.29163055419922,88.68777461865693 ,47851.0,10:01:19 AM,1572669079665
-1.207 ,6.687 ,13.074,23.56324833333333,87.29874833333334 ,40.29163055419922,88.68777461865693 ,47851.0,10:01:19 AM,1572669079669
-2.154 ,8.072 ,8.428,23.56324833333333,87.29874833333334 ,40.29163055419922,88.68777461865693 ,47851.0,10:01:19 AM,1572669079669
-0.146 ,3.974 ,9.671,23.56324833333333,87.29874833333334 ,40.29163055419922,88.68777461865693 ,47851.0,10:01:19 AM,1572669079673
-1.444 ,1.577 ,2.887,23.56324833333333,87.29874833333334 ,40.29163055419922,88.68777461865693 ,47851.0,10:01:19 AM,1572669079674
0.839 ,1.91 ,12.792,23.56324833333333,87.29874833333334 ,40.29163055419922,88.68777461865693 ,47851.0,10:01:19 AM,1572669079679
-0.467 ,7.4 ,16.389,23.56324833333333,87.29874833333334 ,40.29163055419922,88.68777461865693 ,47851.0,10:01:19 AM,1572669079679
1.019 ,8.314 ,19.015,23.56324833333333,87.29874833333334 ,40.29163055419922,88.68777461865693 ,47851.0,10:01:19 AM,1572669079684
0.51 ,6.62 ,14.37,23.56324833333333,87.29874833333334 ,40.29163055419922,88.68777461865693 ,47851.0,10:01:19 AM,1572669079685
-0.255 ,3.781 ,13.377,23.56324833333333,87.29874833333334 ,40.29163055419922,88.68777461865693 ,47851.0,10:01:19 AM,1572669079689
-0.123 ,6.136 ,15.378,23.56324833333333,87.29874833333334 ,40.29163055419922,88.68777461865693 ,47851.0,10:01:19 AM,1572669079690
-2.305 ,8.284 ,9.027,23.56324833333333,87.29874833333334 ,40.29163055419922,88.68777461865693 ,47851.0,10:01:19 AM,1572669079693
-0.374 ,6.639 ,10.899,23.56324833333333,87.29874833333334 ,40.29163055419922,88.68777461865693 ,47851.0,10:01:19 AM,1572669079694
-3.564 ,4.033 ,-2.577,23.56324833333333,87.29874833333334 ,40.29163055419922,88.68777461865693 ,47851.0,10:01:19 AM,1572669079699
0.476 ,1.453 ,0.337,23.56324833333333,87.29874833333334 ,40.29163055419922,88.68777461865693 ,47851.0,10:01:19 AM,1572669079700
-1.054 ,4.563 ,-0.397,23.56324833333333,87.29874833333334 ,40.29163055419922,88.68777461865693 ,47851.0,10:01:19 AM,1572669079705
-0.747 ,6.317 ,4.748,23.56324833333333,87.29874833333334 ,40.29163055419922,88.68777461865693 ,47851.0,10:01:19 AM,1572669079705
0.637 ,6.976 ,8.387,23.56324833333333,87.29874833333334 ,40.29163055419922,88.68777461865693 ,47851.0,10:01:19 AM,1572669079708
-1.024 ,4.959 ,2.012,23.56324833333333,87.29874833333334 ,40.29163055419922,88.68777461865693 ,47851.0,10:01:19 AM,1572669079709
0.477 ,3.076 ,6.133,23.56324833333333,87.29874833333334 ,40.29163055419922,88.68777461865693 ,47851.0,10:01:19 AM,1572669079714
-0.55 ,5.083 ,3.55,23.56324833333333,87.29874833333334 ,40.29163055419922,88.68777461865693 ,47851.0,10:01:19 AM,1572669079715
-0.397 ,6.429 ,7.365,23.56324833333333,87.29874833333334 ,40.29163055419922,88.68777461865693 ,47851.0,10:01:19 AM,1572669079719
-0.455 ,8.236 ,7.729,23.56324833333333,87.29874833333334 ,40.29163055419922,88.68777461865693 ,47851.0,10:01:19 AM,1572669079719
0.249 ,6.948 ,7.563,23.56324833333333,87.29874833333334 ,40.29163055419922,88.68777461865693 ,47851.0,10:01:19 AM,1572669079724
1.042 ,6.468 ,9.294,23.56324833333333,87.29874833333334 ,40.29163055419922,88.68777461865693 ,47851.0,10:01:19 AM,1572669079724
0.547 ,6.666 ,8.253,23.56324833333333,87.29874833333334 ,40.29163055419922,88.68777461865693 ,47851.0,10:01:19 AM,1572669079728
2.417 ,6.846 ,11.199,23.56324833333333,87.29874833333334 ,40.29163055419922,88.68777461865693 ,47851.0,10:01:19 AM,1572669079729
0.984 ,6.27 ,5.683,23.56324833333333,87.29874833333334 ,40.29163055419922,88.68777461865693 ,47851.0,10:01:19 AM,1572669079734
1.734 ,5.02 ,9.399,23.56324833333333,87.29874833333334 ,40.29163055419922,88.68777461865693 ,47851.0,10:01:19 AM,1572669079734
-1.33 ,5.488 ,5.167,23.56324833333333,87.29874833333334 ,40.29163055419922,88.68777461865693 ,47851.0,10:01:19 AM,1572669079738
-2.71 ,4.565 ,6.384,23.56324833333333,87.29874833333334 ,40.29163055419922,88.68777461865693 ,47851.0,10:01:19 AM,1572669079739
-4.71 ,5.323 ,5.728,23.56324833333333,87.29874833333334 ,40.29163055419922,88.68777461865693 ,47851.0,10:01:19 AM,1572669079743
-7.365 ,4.838 ,8.674,23.56324833333333,87.29874833333334 ,40.29163055419922,88.68777461865693 ,47851.0,10:01:19 AM,1572669079744
-6.336 ,6.639 ,15.126,23.56324833333333,87.29874833333334 ,40.29163055419922,88.68777461865693 ,47851.0,10:01:19 AM,1572669079749
-6.929 ,7.919 ,13.95,23.56324833333333,87.29874833333334 ,40.29163055419922,88.68777461865693 ,47851.0,10:01:19 AM,1572669079749
-3.727 ,4.941 ,14.118,23.56324833333333,87.29874833333334 ,40.29163055419922,88.68777461865693 ,47851.0,10:01:19 AM,1572669079753
-1.973 ,1.849 ,6.87,23.56324833333333,87.29874833333334 ,40.29163055419922,88.68777461865693 ,47851.0,10:01:19 AM,1572669079754
0.278 ,-1.19 ,7.295,23.56324833333333,87.29874833333334 ,40.29163055419922,88.68777461865693 ,47851.0,10:01:19 AM,1572669079758
2.459 ,1.388 ,11.555,23.56324833333333,87.29874833333334 ,40.29163055419922,88.68777461865693 ,47851.0,10:01:19 AM,1572669079759
2.187 ,2.955 ,15.417,23.56324833333333,87.29874833333334 ,40.29163055419922,88.68777461865693 ,47851.0,10:01:19 AM,1572669079764
1.745 ,3.846 ,18.227,23.56324833333333,87.29874833333334 ,40.29163055419922,88.68777461865693 ,47851.0,10:01:19 AM,1572669079765
