x,y,z,latitude,longitude,speed,sound,light,time,timestamp
-0.258 ,8.557 ,10.999,23.561946666666667,87.29874666666667 ,45.2076416015625,85.58872261594033 ,50920.0,10:01:02 AM,1572669062080
-4.332 ,4.622 ,-0.495,23.561946666666667,87.29874666666667 ,45.2076416015625,85.58872261594033 ,50920.0,10:01:02 AM,1572669062080
-5.901 ,-1.091 ,2.558,23.561946666666667,87.29874666666667 ,45.2076416015625,85.58872261594033 ,50920.0,10:01:02 AM,1572669062083
-5.663 ,1.794 ,4.421,23.561946666666667,87.29874666666667 ,45.2076416015625,85.58872261594033 ,50920.0,10:01:02 AM,1572669062084
-4.608 ,5.288 ,12.254,23.561946666666667,87.29874666666667 ,45.2076416015625,85.58872261594033 ,50920.0,10:01:02 AM,1572669062087
-1.362 ,6.463 ,13.21,23.561946666666667,87.29874666666667 ,45.2076416015625,85.58872261594033 ,50920.0,10:01:02 AM,1572669062088
-1.18 ,1.292 ,3.219,23.561946666666667,87.29874666666667 ,45.2076416015625,85.58872261594033 ,50920.0,10:01:02 AM,1572669062092
3.122 ,-2.619 ,3.706,23.561946666666667,87.29874666666667 ,45.2076416015625,85.58872261594033 ,50920.0,10:01:02 AM,1572669062092
1.886 ,-1.388 ,1.957,23.561946666666667,87.29874666666667 ,45.2076416015625,85.58872261594033 ,50920.0,10:01:02 AM,1572669062098
1.572 ,4.241 ,9.664,23.561946666666667,87.29874666666667 ,45.2076416015625,85.58872261594033 ,50920.0,10:01:02 AM,1572669062099
2.601 ,8.224 ,11.15,23.561946666666667,87.29874666666667 ,45.2076416015625,85.58872261594033 ,50920.0,10:01:02 AM,1572669062102
2.548 ,6.034 ,12.408,23.561946666666667,87.29874666666667 ,45.2076416015625,85.58872261594033 ,50920.0,10:01:02 AM,1572669062103
2.22 ,4.539 ,4.714,23.561946666666667,87.29874666666667 ,45.2076416015625,85.58872261594033 ,50920.0,10:01:02 AM,1572669062106
3.31 ,2.894 ,7.099,23.561946666666667,87.29874666666667 ,45.2076416015625,85.58872261594033 ,50920.0,10:01:02 AM,1572669062107
3.104 ,5.09 ,10.323,23.561946666666667,87.29874666666667 ,45.2076416015625,85.58872261594033 ,50920.0,10:01:02 AM,1572669062113
1.855 ,5.683 ,8.501,23.561946666666667,87.29874666666667 ,45.2076416015625,85.58872261594033 ,50920.0,10:01:02 AM,1572669062114
3.127 ,2.303 ,10.167,23.561946666666667,87.29874666666667 ,45.2076416015625,85.58872261594033 ,50920.0,10:01:02 AM,1572669062116
-0.729 ,0.384 ,6.288,23.561946666666667,87.29874666666667 ,45.2076416015625,85.58872261594033 ,50920.0,10:01:02 AM,1572669062117
-2.129 ,0.408 ,12.642,23.561946666666667,87.29874666666667 ,45.2076416015625,85.58872261594033 ,50920.0,10:01:02 AM,1572669062121
-4.916 ,6.428 ,11.656,23.561946666666667,87.29874666666667 ,45.2076416015625,85.58872261594033 ,50920.0,10:01:02 AM,1572669062121
-6.748 ,6.567 ,14.492,23.561946666666667,87.29874666666667 ,45.2076416015625,85.58872261594033 ,50920.0,10:01:02 AM,1572669062129
-7.018 ,4.583 ,16.013,23.561946666666667,87.29874666666667 ,45.2076416015625,85.58872261594033 ,50920.0,10:01:02 AM,1572669062129
-8.85 ,3.633 ,13.064,23.561946666666667,87.29874666666667 ,45.2076416015625,85.58872261594033 ,50920.0,10:01:02 AM,1572669062132
-3.677 ,5.76 ,19.762,23.561946666666667,87.29874666666667 ,45.2076416015625,85.58872261594033 ,50920.0,10:01:02 AM,1572669062132
-1.9 ,5.78 ,13.911,23.561946666666667,87.29874666666667 ,45.2076416015625,85.58872261594033 ,50920.0,10:01:02 AM,1572669062136
2.259 ,2.529 ,14.057,23.561946666666667,87.29874666666667 ,45.2076416015625,85.58872261594033 ,50920.0,10:01:02 AM,1572669062137
4.608 ,2.261 ,9.304,23.561946666666667,87.29874666666667 ,45.2076416015625,85.58872261594033 ,50920.0,10:01:02 AM,1572669062145
5.726 ,2.233 ,11.726,23.561946666666667,87.29874666666667 ,45.2076416015625,85.58872261594033 ,50920.0,10:01:02 AM,1572669062146
3.195 ,4.116 ,8.362,23.561946666666667,87.29874666666667 ,45.2076416015625,85.58872261594033 ,50920.0,10:01:02 AM,1572669062146
-0.308 ,1.963 ,8.532,23.561946666666667,87.29874666666667 ,45.2076416015625,85.58872261594033 ,50920.0,10:01:02 AM,1572669062147
-3.464 ,1.607 ,8.902,23.561946666666667,87.29874666666667 ,45.2076416015625,85.58872261594033 ,50920.0,10:01:02 AM,1572669062151
-9.174 ,2.796 ,2.622,23.561946666666667,87.29874666666667 ,45.2076416015625,85.58872261594033 ,50920.0,10:01:02 AM,1572669062151
-9.108 ,4.794 ,6.206,23.561946666666667,87.29874666666667 ,45.2076416015625,85.58872261594033 ,50920.0,10:01:02 AM,1572669062156
-10.074 ,5.614 ,1.864,23.561946666666667,87.29874666666667 ,45.2076416015625,85.58872261594033 ,50920.0,10:01:02 AM,1572669062156
-6.624 ,3.536 ,8.3,23.561946666666667,87.29874666666667 ,45.2076416015625,85.58872261594033 ,50920.0,10:01:02 AM,1572669062162
-3.791 ,5.559 ,7.156,23.561946666666667,87.29874666666667 ,45.2076416015625,85.58872261594033 ,50920.0,10:01:02 AM,1572669062162
0.899 ,5.318 ,11.468,23.561946666666667,87.29874666666667 ,45.2076416015625,85.58872261594033 ,50920.0,10:01:02 AM,1572669062167
4.614 ,3.615 ,10.314,23.561946666666667,87.29874666666667 ,45.2076416015625,85.58872261594033 ,50920.0,10:01:02 AM,1572669062168
3.668 ,-0.89 ,5.128,23.561946666666667,87.29874666666667 ,45.2076416015625,85.58872261594033 ,50920.0,10:01:02 AM,1572669062171
4.573 ,-2.124 ,9.427,23.561946666666667,87.29874666666667 ,45.2076416015625,85.58872261594033 ,50920.0,10:01:02 AM,1572669062172
1.658 ,0.646 ,8.835,23.561946666666667,87.29874666666667 ,45.2076416015625,85.58872261594033 ,50920.0,10:01:02 AM,1572669062178
-0.941 ,1.278 ,15.984,23.561946666666667,87.29874666666667 ,45.2076416015625,85.58872261594033 ,50920.0,10:01:02 AM,1572669062178
-5.259 ,3.89 ,16.397,23.561946666666667,87.29874666666667 ,45.2076416015625,85.58872261594033 ,50920.0,10:01:02 AM,1572669062181
-4.31 ,4.279 ,24.139,23.561946666666667,87.29874666666667 ,45.2076416015625,85.58872261594033 ,50920.0,10:01:02 AM,1572669062182
-6.24 ,5.788 ,20.455,23.561946666666667,87.29874666666667 ,45.2076416015625,85.58872261594033 ,50920.0,10:01:02 AM,1572669062186
-4.474 ,5.291 ,17.709,23.561946666666667,87.29874666666667 ,45.2076416015625,85.58872261594033 ,50920.0,10:01:02 AM,1572669062187
-0.716 ,4.412 ,15.317,23.561946666666667,87.29874666666667 ,45.2076416015625,85.58872261594033 ,50920.0,10:01:02 AM,1572669062195
1.813 ,2.551 ,9.352,23.561946666666667,87.29874666666667 ,45.2076416015625,85.58872261594033 ,50920.0,10:01:02 AM,1572669062195
3.562 ,1.771 ,10.919,23.561946666666667,87.29874666666667 ,45.2076416015625,85.58872261594033 ,50920.0,10:01:02 AM,1572669062196
3.726 ,3.047 ,9.46,23.561946666666667,87.29874666666667 ,45.2076416015625,85.58872261594033 ,50920.0,10:01:02 AM,1572669062196
5.171 ,2.616 ,9.88,23.561946666666667,87.29874666666667 ,45.2076416015625,85.58872261594033 ,50920.0,10:01:02 AM,1572669062205
3.606 ,2.375 ,4.621,23.561946666666667,87.29874666666667 ,45.2076416015625,85.58872261594033 ,50920.0,10:01:02 AM,1572669062205
1.3 ,1.527 ,2.637,23.561946666666667,87.29874666666667 ,45.2076416015625,85.58872261594033 ,50920.0,10:01:02 AM,1572669062206
1.745 ,4.666 ,8.902,23.561946666666667,87.29874666666667 ,45.2076416015625,85.58872261594033 ,50920.0,10:01:02 AM,1572669062206
-1.334 ,8.116 ,7.611,23.561946666666667,87.29874666666667 ,45.2076416015625,85.58872261594033 ,50920.0,10:01:02 AM,1572669062212
-1.342 ,9.726 ,10.402,23.561946666666667,87.29874666666667 ,45.2076416015625,85.58872261594033 ,50920.0,10:01:02 AM,1572669062212
-1.958 ,6.976 ,3.094,23.561946666666667,87.29874666666667 ,45.2076416015625,85.58872261594033 ,50920.0,10:01:02 AM,1572669062217
-0.923 ,2.073 ,1.719,23.561946666666667,87.29874666666667 ,45.2076416015625,85.58872261594033 ,50920.0,10:01:02 AM,1572669062218
-0.64 ,3.244 ,0.515,23.561946666666667,87.29874666666667 ,45.2076416015625,85.58872261594033 ,50920.0,10:01:02 AM,1572669062221
0.807 ,6.097 ,6.231,23.561946666666667,87.29874666666667 ,45.2076416015625,85.58872261594033 ,50920.0,10:01:02 AM,1572669062222
2.412 ,6.94 ,7.277,23.561946666666667,87.29874666666667 ,45.2076416015625,85.58872261594033 ,50920.0,10:01:02 AM,1572669062228
2.14 ,3.743 ,5.941,23.561946666666667,87.29874666666667 ,45.2076416015625,85.58872261594033 ,50920.0,10:01:02 AM,1572669062229
1.786 ,3.055 ,9.219,23.561946666666667,87.29874666666667 ,45.2076416015625,85.58872261594033 ,50920.0,10:01:02 AM,1572669062232
-0.19 ,5.555 ,10.152,23.561946666666667,87.29874666666667 ,45.2076416015625,85.58872261594033 ,50920.0,10:01:02 AM,1572669062232
-0.704 ,5.862 ,12.448,23.561946666666667,87.29874666666667 ,45.2076416015625,85.58872261594033 ,50920.0,10:01:02 AM,1572669062236
-3.599 ,4.448 ,10.156,23.561946666666667,87.29874666666667 ,45.2076416015625,85.58872261594033 ,50920.0,10:01:02 AM,1572669062237
-3.272 ,1.335 ,13.86,23.561946666666667,87.29874666666667 ,45.2076416015625,85.58872261594033 ,50920.0,10:01:02 AM,1572669062241
-3.509 ,2.977 ,13.512,23.561946666666667,87.29874666666667 ,45.2076416015625,85.58872261594033 ,50920.0,10:01:02 AM,1572669062242
-4.31 ,2.576 ,17.387,23.561946666666667,87.29874666666667 ,45.2076416015625,85.58872261594033 ,50920.0,10:01:02 AM,1572669062247
-3.164 ,3.19 ,21.564,23.561946666666667,87.29874666666667 ,45.2076416015625,85.58872261594033 ,50920.0,10:01:02 AM,1572669062247
-4.605 ,1.525 ,13.488,23.561946666666667,87.29874666666667 ,45.2076416015625,85.58872261594033 ,50920.0,10:01:02 AM,1572669062252
-1.76 ,0.876 ,18.494,23.561946666666667,87.29874666666667 ,45.2076416015625,85.58872261594033 ,50920.0,10:01:02 AM,1572669062252
-4.412 ,2.956 ,9.138,23.561946666666667,87.29874666666667 ,45.2076416015625,85.58872261594033 ,50920.0,10:01:02 AM,1572669062256
-2.225 ,3.331 ,12.007,23.561946666666667,87.29874666666667 ,45.2076416015625,85.58872261594033 ,50920.0,10:01:02 AM,1572669062256
-1.597 ,5.649 ,4.825,23.561946666666667,87.29874666666667 ,45.2076416015625,85.58872261594033 ,50920.0,10:01:02 AM,1572669062261
-0.917 ,2.756 ,2.589,23.561946666666667,87.29874666666667 ,45.2076416015625,85.58872261594033 ,50920.0,10:01:02 AM,1572669062262
0.06 ,3.484 ,2.138,23.561946666666667,87.29874666666667 ,45.2076416015625,85.58872261594033 ,50920.0,10:01:02 AM,1572669062266
0.645 ,5.652 ,4.113,23.561946666666667,87.29874666666667 ,45.2076416015625,85.58872261594033 ,50920.0,10:01:02 AM,1572669062266
1.276 ,7.206 ,7.16,23.561946666666667,87.29874666666667 ,45.2076416015625,85.58872261594033 ,50920.0,10:01:02 AM,1572669062270
-1.145 ,6.988 ,-0.639,23.561946666666667,87.29874666666667 ,45.2076416015625,85.58872261594033 ,50920.0,10:01:02 AM,1572669062271
1.372 ,3.093 ,1.977,23.561946666666667,87.29874666666667 ,45.2076416015625,85.58872261594033 ,50920.0,10:01:02 AM,1572669062277
-2.641 ,3.513 ,-0.083,23.561946666666667,87.29874666666667 ,45.2076416015625,85.58872261594033 ,50920.0,10:01:02 AM,1572669062278
-3.105 ,6.487 ,6.826,23.561946666666667,87.29874666666667 ,45.2076416015625,85.58872261594033 ,50920.0,10:01:02 AM,1572669062282
-2.347 ,9.531 ,8.333,23.561946666666667,87.29874666666667 ,45.2076416015625,85.58872261594033 ,50920.0,10:01:02 AM,1572669062283
-3.321 ,6.742 ,4.727,23.561946666666667,87.29874666666667 ,45.2076416015625,85.58872261594033 ,50920.0,10:01:02 AM,1572669062286
-0.123 ,5.542 ,7.512,23.561946666666667,87.29874666666667 ,45.2076416015625,85.58872261594033 ,50920.0,10:01:02 AM,1572669062287
0.134 ,6.166 ,1.023,23.561946666666667,87.29874666666667 ,45.2076416015625,85.58872261594033 ,50920.0,10:01:02 AM,1572669062291
3.946 ,7.698 ,5.831,23.561946666666667,87.29874666666667 ,45.2076416015625,85.58872261594033 ,50920.0,10:01:02 AM,1572669062292
3.602 ,7.922 ,0.74,23.561946666666667,87.29874666666667 ,45.2076416015625,85.58872261594033 ,50920.0,10:01:02 AM,1572669062296
4.537 ,4.103 ,3.005,23.561946666666667,87.29874666666667 ,45.2076416015625,85.58872261594033 ,50920.0,10:01:02 AM,1572669062297
3.795 ,4.881 ,3.561,23.561946666666667,87.29874666666667 ,45.2076416015625,84.92056091064383 ,50920.0,10:01:02 AM,1572669062302
0.633 ,6.288 ,6.129,23.561946666666667,87.29874666666667 ,45.2076416015625,84.92056091064383 ,50920.0,10:01:02 AM,1572669062303
1.385 ,8.255 ,11.546,23.561946666666667,87.29874666666667 ,45.2076416015625,84.92056091064383 ,50920.0,10:01:02 AM,1572669062305
-0.925 ,6.627 ,3.627,23.561946666666667,87.29874666666667 ,45.2076416015625,84.92056091064383 ,50920.0,10:01:02 AM,1572669062306
0.916 ,3.708 ,7.834,23.561946666666667,87.29874666666667 ,45.2076416015625,84.92056091064383 ,50920.0,10:01:02 AM,1572669062311
0.755 ,5.557 ,4.537,23.561946666666667,87.29874666666667 ,45.2076416015625,84.92056091064383 ,50920.0,10:01:02 AM,1572669062312
2.778 ,5.382 ,8.951,23.561946666666667,87.29874666666667 ,45.2076416015625,84.92056091064383 ,50920.0,10:01:02 AM,1572669062316
3.08 ,5.906 ,6.819,23.561946666666667,87.29874666666667 ,45.2076416015625,84.92056091064383 ,50920.0,10:01:02 AM,1572669062316
3.973 ,2.669 ,8.851,23.561946666666667,87.29874666666667 ,45.2076416015625,84.92056091064383 ,50920.0,10:01:02 AM,1572669062321
3.379 ,2.449 ,6.144,23.561946666666667,87.29874666666667 ,45.2076416015625,84.92056091064383 ,50920.0,10:01:02 AM,1572669062321
