x,y,z,latitude,longitude,speed,sound,light,time,timestamp
6.943 ,-6.824 ,-1.979,23.563451666666666,87.29871833333333 ,42.96365661621094,85.3439311682362 ,50920.0,10:01:21 AM,1572669081762
4.04 ,-4.519 ,-5.838,23.563451666666666,87.29871833333333 ,42.96365661621094,85.3439311682362 ,50920.0,10:01:21 AM,1572669081763
0.475 ,-3.601 ,-3.343,23.563451666666666,87.29871833333333 ,42.96365661621094,85.3439311682362 ,50920.0,10:01:21 AM,1572669081767
-2.598 ,6.685 ,-3.058,23.563451666666666,87.29871833333333 ,42.96365661621094,85.3439311682362 ,50920.0,10:01:21 AM,1572669081768
-1.298 ,4.254 ,6.87,23.563451666666666,87.29871833333333 ,42.96365661621094,85.3439311682362 ,50920.0,10:01:21 AM,1572669081772
-7.521 ,5.093 ,2.837,23.563451666666666,87.29871833333333 ,42.96365661621094,85.3439311682362 ,50920.0,10:01:21 AM,1572669081773
-9.011 ,-0.238 ,0.177,23.563451666666666,87.29871833333333 ,42.96365661621094,85.3439311682362 ,50920.0,10:01:21 AM,1572669081777
-7.617 ,-0.58 ,10.508,23.563451666666666,87.29871833333333 ,42.96365661621094,85.3439311682362 ,50920.0,10:01:21 AM,1572669081777
-4.971 ,3.318 ,11.027,23.563451666666666,87.29871833333333 ,42.96365661621094,85.3439311682362 ,50920.0,10:01:21 AM,1572669081782
-2.722 ,4.127 ,11.371,23.563451666666666,87.29871833333333 ,42.96365661621094,85.3439311682362 ,50920.0,10:01:21 AM,1572669081783
1.251 ,3.873 ,16.038,23.563451666666666,87.29871833333333 ,42.96365661621094,85.3439311682362 ,50920.0,10:01:21 AM,1572669081788
0.069 ,1.086 ,17.63,23.563451666666666,87.29871833333333 ,42.96365661621094,85.3439311682362 ,50920.0,10:01:21 AM,1572669081789
-1.08 ,0.796 ,15.111,23.563451666666666,87.29871833333333 ,42.96365661621094,85.3439311682362 ,50920.0,10:01:21 AM,1572669081793
2.443 ,3.234 ,22.37,23.563451666666666,87.29871833333333 ,42.96365661621094,85.3439311682362 ,50920.0,10:01:21 AM,1572669081793
0.829 ,1.431 ,26.534,23.563451666666666,87.29871833333333 ,42.96365661621094,85.3439311682362 ,50920.0,10:01:21 AM,1572669081797
-2.593 ,5.509 ,24.946,23.563451666666666,87.29871833333333 ,42.96365661621094,85.3439311682362 ,50920.0,10:01:21 AM,1572669081798
-4.744 ,7.91 ,28.801,23.563451666666666,87.29871833333333 ,42.96365661621094,85.3439311682362 ,50920.0,10:01:21 AM,1572669081801
-6.343 ,7.484 ,18.309,23.563451666666666,87.29871833333333 ,42.96365661621094,85.3439311682362 ,50920.0,10:01:21 AM,1572669081802
-7.149 ,6.527 ,1.846,23.563451666666666,87.29871833333333 ,42.96365661621094,85.3439311682362 ,50920.0,10:01:21 AM,1572669081808
-5.907 ,3.016 ,-2.247,23.563451666666666,87.29871833333333 ,42.96365661621094,85.3439311682362 ,50920.0,10:01:21 AM,1572669081809
-2.799 ,7.926 ,0.213,23.563451666666666,87.29871833333333 ,42.96365661621094,85.3439311682362 ,50920.0,10:01:21 AM,1572669081811
-0.929 ,14.642 ,9.602,23.563451666666666,87.29871833333333 ,42.96365661621094,85.3439311682362 ,50920.0,10:01:21 AM,1572669081811
2.709 ,18.798 ,15.871,23.563451666666666,87.29871833333333 ,42.96365661621094,85.3439311682362 ,50920.0,10:01:21 AM,1572669081817
2.113 ,14.927 ,10.624,23.563451666666666,87.29871833333333 ,42.96365661621094,85.3439311682362 ,50920.0,10:01:21 AM,1572669081818
3.307 ,8.687 ,2.253,23.563451666666666,87.29871833333333 ,42.96365661621094,85.3439311682362 ,50920.0,10:01:21 AM,1572669081822
2.161 ,5.238 ,-3.765,23.563451666666666,87.29871833333333 ,42.96365661621094,85.3439311682362 ,50920.0,10:01:21 AM,1572669081823
1.634 ,7.951 ,-2.261,23.563451666666666,87.29871833333333 ,42.96365661621094,85.3439311682362 ,50920.0,10:01:21 AM,1572669081827
-0.05 ,15.595 ,-3.095,23.563451666666666,87.29871833333333 ,42.96365661621094,85.3439311682362 ,50920.0,10:01:21 AM,1572669081828
-0.612 ,18.483 ,-1.164,23.563451666666666,87.29871833333333 ,42.96365661621094,85.3439311682362 ,50920.0,10:01:21 AM,1572669081831
-3.283 ,19.95 ,-11.473,23.563451666666666,87.29871833333333 ,42.96365661621094,85.3439311682362 ,50920.0,10:01:21 AM,1572669081832
-3.387 ,16.027 ,-17.534,23.563451666666666,87.29871833333333 ,42.96365661621094,85.3439311682362 ,50920.0,10:01:21 AM,1572669081837
-4.369 ,14.432 ,-18.433,23.563451666666666,87.29871833333333 ,42.96365661621094,85.3439311682362 ,50920.0,10:01:21 AM,1572669081837
-5.602 ,14.12 ,-18.361,23.563451666666666,87.29871833333333 ,42.96365661621094,85.3439311682362 ,50920.0,10:01:21 AM,1572669081842
-2.091 ,17.639 ,-4.838,23.563451666666666,87.29871833333333 ,42.96365661621094,85.3439311682362 ,50920.0,10:01:21 AM,1572669081843
-1.103 ,19.661 ,-0.014,23.56356166666667,87.29871999999999 ,44.123634338378906,85.3439311682362 ,50920.0,10:01:21 AM,1572669081846
2.08 ,20.632 ,11.357,23.56356166666667,87.29871999999999 ,44.123634338378906,85.3439311682362 ,50920.0,10:01:21 AM,1572669081847
0.859 ,17.996 ,3.91,23.56356166666667,87.29871999999999 ,44.123634338378906,85.3439311682362 ,50920.0,10:01:21 AM,1572669081851
4.343 ,11.88 ,2.319,23.56356166666667,87.29871999999999 ,44.123634338378906,85.3439311682362 ,50920.0,10:01:21 AM,1572669081852
3.05 ,7.485 ,-9.937,23.56356166666667,87.29871999999999 ,44.123634338378906,85.3439311682362 ,50920.0,10:01:21 AM,1572669081860
5.765 ,4.75 ,-6.836,23.56356166666667,87.29871999999999 ,44.123634338378906,85.3439311682362 ,50920.0,10:01:21 AM,1572669081860
5.74 ,9.126 ,-1.503,23.56356166666667,87.29871999999999 ,44.123634338378906,85.3439311682362 ,50920.0,10:01:21 AM,1572669081861
5.692 ,11.915 ,7.865,23.56356166666667,87.29871999999999 ,44.123634338378906,85.3439311682362 ,50920.0,10:01:21 AM,1572669081862
6.318 ,14.833 ,11.782,23.56356166666667,87.29871999999999 ,44.123634338378906,85.3439311682362 ,50920.0,10:01:21 AM,1572669081866
2.83 ,10.215 ,10.513,23.56356166666667,87.29871999999999 ,44.123634338378906,85.3439311682362 ,50920.0,10:01:21 AM,1572669081867
1.286 ,4.027 ,14.612,23.56356166666667,87.29871999999999 ,44.123634338378906,85.3439311682362 ,50920.0,10:01:21 AM,1572669081871
-3.216 ,3.415 ,10.798,23.56356166666667,87.29871999999999 ,44.123634338378906,85.3439311682362 ,50920.0,10:01:21 AM,1572669081872
-5.218 ,1.246 ,15.743,23.56356166666667,87.29871999999999 ,44.123634338378906,85.3439311682362 ,50920.0,10:01:21 AM,1572669081877
-6.964 ,0.954 ,13.712,23.56356166666667,87.29871999999999 ,44.123634338378906,85.3439311682362 ,50920.0,10:01:21 AM,1572669081878
-8.158 ,-2.631 ,14.282,23.56356166666667,87.29871999999999 ,44.123634338378906,85.3439311682362 ,50920.0,10:01:21 AM,1572669081882
-6.469 ,-2.354 ,21.242,23.56356166666667,87.29871999999999 ,44.123634338378906,85.3439311682362 ,50920.0,10:01:21 AM,1572669081882
-5.922 ,2.256 ,27.955,23.56356166666667,87.29871999999999 ,44.123634338378906,85.3439311682362 ,50920.0,10:01:21 AM,1572669081886
-2.52 ,7.69 ,39.204,23.56356166666667,87.29871999999999 ,44.123634338378906,85.3439311682362 ,50920.0,10:01:21 AM,1572669081886
-2.299 ,8.019 ,32.569,23.56356166666667,87.29871999999999 ,44.123634338378906,85.3439311682362 ,50920.0,10:01:21 AM,1572669081893
1.803 ,3.488 ,28.92,23.56356166666667,87.29871999999999 ,44.123634338378906,85.3439311682362 ,50920.0,10:01:21 AM,1572669081893
2.308 ,-1.088 ,9.275,23.56356166666667,87.29871999999999 ,44.123634338378906,85.3439311682362 ,50920.0,10:01:21 AM,1572669081897
6.476 ,-0.159 ,6.382,23.56356166666667,87.29871999999999 ,44.123634338378906,85.3439311682362 ,50920.0,10:01:21 AM,1572669081897
2.334 ,2.018 ,5.231,23.56356166666667,87.29871999999999 ,44.123634338378906,85.3439311682362 ,50920.0,10:01:21 AM,1572669081901
-1.569 ,2.906 ,15.389,23.56356166666667,87.29871999999999 ,44.123634338378906,85.3439311682362 ,50920.0,10:01:21 AM,1572669081901
-2.088 ,1.764 ,16.037,23.56356166666667,87.29871999999999 ,44.123634338378906,85.3439311682362 ,50920.0,10:01:21 AM,1572669081909
-8.383 ,-1.224 ,7.144,23.56356166666667,87.29871999999999 ,44.123634338378906,85.3439311682362 ,50920.0,10:01:21 AM,1572669081909
-10.39 ,-3.296 ,7.665,23.56356166666667,87.29871999999999 ,44.123634338378906,85.3439311682362 ,50920.0,10:01:21 AM,1572669081911
-10.432 ,-4.938 ,10.575,23.56356166666667,87.29871999999999 ,44.123634338378906,85.3439311682362 ,50920.0,10:01:21 AM,1572669081911
-10.736 ,-2.123 ,9.962,23.56356166666667,87.29871999999999 ,44.123634338378906,85.3439311682362 ,50920.0,10:01:21 AM,1572669081917
-6.428 ,4.464 ,17.355,23.56356166666667,87.29871999999999 ,44.123634338378906,85.3439311682362 ,50920.0,10:01:21 AM,1572669081917
-3.29 ,7.142 ,16.781,23.56356166666667,87.29871999999999 ,44.123634338378906,85.3439311682362 ,50920.0,10:01:21 AM,1572669081922
0.426 ,6.18 ,15.001,23.56356166666667,87.29871999999999 ,44.123634338378906,85.3439311682362 ,50920.0,10:01:21 AM,1572669081922
0.422 ,2.501 ,11.401,23.56356166666667,87.29871999999999 ,44.123634338378906,85.3439311682362 ,50920.0,10:01:21 AM,1572669081927
-0.164 ,1.273 ,9.322,23.56356166666667,87.29871999999999 ,44.123634338378906,85.3439311682362 ,50920.0,10:01:21 AM,1572669081928
3.779 ,3.502 ,14.325,23.56356166666667,87.29871999999999 ,44.123634338378906,85.3439311682362 ,50920.0,10:01:21 AM,1572669081932
3.618 ,7.327 ,9.601,23.56356166666667,87.29871999999999 ,44.123634338378906,85.3439311682362 ,50920.0,10:01:21 AM,1572669081932
4.159 ,7.595 ,10.086,23.56356166666667,87.29871999999999 ,44.123634338378906,85.3439311682362 ,50920.0,10:01:21 AM,1572669081936
7.004 ,8.097 ,13.664,23.56356166666667,87.29871999999999 ,44.123634338378906,85.3439311682362 ,50920.0,10:01:21 AM,1572669081937
4.329 ,10.895 ,6.409,23.56356166666667,87.29871999999999 ,44.123634338378906,85.3439311682362 ,50920.0,10:01:21 AM,1572669081943
4.197 ,12.055 ,2.613,23.56356166666667,87.29871999999999 ,44.123634338378906,85.3439311682362 ,50920.0,10:01:21 AM,1572669081943
2.824 ,11.283 ,1.09,23.56356166666667,87.29871999999999 ,44.123634338378906,85.3439311682362 ,50920.0,10:01:21 AM,1572669081946
-0.902 ,9.768 ,-5.694,23.56356166666667,87.29871999999999 ,44.123634338378906,85.3439311682362 ,50920.0,10:01:21 AM,1572669081947
-4.03 ,13.563 ,-2.034,23.56356166666667,87.29871999999999 ,44.123634338378906,85.3439311682362 ,50920.0,10:01:21 AM,1572669081951
-5.541 ,16.291 ,-0.621,23.56356166666667,87.29871999999999 ,44.123634338378906,85.3439311682362 ,50920.0,10:01:21 AM,1572669081952
-4.814 ,17.523 ,-0.132,23.56356166666667,87.29871999999999 ,44.123634338378906,85.3439311682362 ,50920.0,10:01:21 AM,1572669081956
-4.911 ,14.198 ,-5.665,23.56356166666667,87.29871999999999 ,44.123634338378906,85.3439311682362 ,50920.0,10:01:21 AM,1572669081957
0.242 ,13.089 ,-2.008,23.56356166666667,87.29871999999999 ,44.123634338378906,85.3439311682362 ,50920.0,10:01:21 AM,1572669081962
1.641 ,13.097 ,-9.867,23.56356166666667,87.29871999999999 ,44.123634338378906,85.3439311682362 ,50920.0,10:01:21 AM,1572669081962
8.109 ,12.731 ,-3.955,23.56356166666667,87.29871999999999 ,44.123634338378906,85.3439311682362 ,50920.0,10:01:21 AM,1572669081967
7.276 ,11.399 ,-7.522,23.56356166666667,87.29871999999999 ,44.123634338378906,85.3439311682362 ,50920.0,10:01:21 AM,1572669081967
9.905 ,11.397 ,5.745,23.56356166666667,87.29871999999999 ,44.123634338378906,85.3439311682362 ,50920.0,10:01:21 AM,1572669081971
4.471 ,13.546 ,5.833,23.56356166666667,87.29871999999999 ,44.123634338378906,85.3439311682362 ,50920.0,10:01:21 AM,1572669081972
1.6 ,10.546 ,10.039,23.56356166666667,87.29871999999999 ,44.123634338378906,85.3439311682362 ,50920.0,10:01:21 AM,1572669081977
-2.599 ,8.12 ,7.491,23.56356166666667,87.29871999999999 ,44.123634338378906,85.3439311682362 ,50920.0,10:01:21 AM,1572669081977
-5.617 ,5.816 ,8.127,23.56356166666667,87.29871999999999 ,44.123634338378906,85.85671470172672 ,50920.0,10:01:21 AM,1572669081981
-6.815 ,9.871 ,14.103,23.56356166666667,87.29871999999999 ,44.123634338378906,85.85671470172672 ,50920.0,10:01:21 AM,1572669081982
-6.714 ,12.348 ,14.416,23.56356166666667,87.29871999999999 ,44.123634338378906,85.85671470172672 ,50920.0,10:01:21 AM,1572669081986
-4.14 ,12.159 ,16.271,23.56356166666667,87.29871999999999 ,44.123634338378906,85.85671470172672 ,50920.0,10:01:21 AM,1572669081986
-4.487 ,8.203 ,4.904,23.56356166666667,87.29871999999999 ,44.123634338378906,85.85671470172672 ,50920.0,10:01:21 AM,1572669081992
0.416 ,3.149 ,7.632,23.56356166666667,87.29871999999999 ,44.123634338378906,85.85671470172672 ,50920.0,10:01:21 AM,1572669081993
-0.724 ,2.879 ,4.812,23.56356166666667,87.29871999999999 ,44.123634338378906,85.85671470172672 ,50920.0,10:01:21 AM,1572669081996
1.247 ,2.551 ,11.028,23.56356166666667,87.29871999999999 ,44.123634338378906,85.85671470172672 ,50920.0,10:01:21 AM,1572669081996
1.846 ,4.118 ,12.348,23.56356166666667,87.29871999999999 ,44.123634338378906,85.85671470172672 ,50920.0,10:01:22 AM,1572669082001
0.181 ,1.167 ,15.457,23.56356166666667,87.29871999999999 ,44.123634338378906,85.85671470172672 ,50920.0,10:01:22 AM,1572669082001
-0.968 ,0.706 ,13.66,23.56356166666667,87.29871999999999 ,44.123634338378906,85.85671470172672 ,50920.0,10:01:22 AM,1572669082006
-3.691 ,0.411 ,8.86,23.56356166666667,87.29871999999999 ,44.123634338378906,85.85671470172672 ,50920.0,10:01:22 AM,1572669082007
