x,y,z,latitude,longitude,speed,sound,light,time,timestamp
2.496 ,3.608 ,11.249,23.57007833333333,87.30253666666667 ,43.286081314086914,88.9531369309281 ,50920.0,10:03:15 AM,1572669195143
0.725 ,5.84 ,5.704,23.57007833333333,87.30253666666667 ,43.286081314086914,88.9531369309281 ,50920.0,10:03:15 AM,1572669195145
3.579 ,5.912 ,12.983,23.57007833333333,87.30253666666667 ,43.286081314086914,88.9531369309281 ,50920.0,10:03:15 AM,1572669195146
0.355 ,5.498 ,6.534,23.57007833333333,87.30253666666667 ,43.286081314086914,88.9531369309281 ,50920.0,10:03:15 AM,1572669195150
0.968 ,3.344 ,7.945,23.57007833333333,87.30253666666667 ,43.286081314086914,88.9531369309281 ,50920.0,10:03:15 AM,1572669195150
-1.239 ,4.68 ,8.256,23.57007833333333,87.30253666666667 ,43.286081314086914,88.9531369309281 ,50920.0,10:03:15 AM,1572669195154
-3.89 ,3.899 ,6.193,23.57007833333333,87.30253666666667 ,43.286081314086914,88.9531369309281 ,50920.0,10:03:15 AM,1572669195155
-2.66 ,3.396 ,7.59,23.57007833333333,87.30253666666667 ,43.286081314086914,88.9531369309281 ,50920.0,10:03:15 AM,1572669195160
-3.671 ,2.798 ,4.634,23.57007833333333,87.30253666666667 ,43.286081314086914,88.9531369309281 ,50920.0,10:03:15 AM,1572669195161
-1.693 ,3.384 ,12.643,23.57007833333333,87.30253666666667 ,43.286081314086914,88.9531369309281 ,50920.0,10:03:15 AM,1572669195164
-1.56 ,6.839 ,12.863,23.57007833333333,87.30253666666667 ,43.286081314086914,88.9531369309281 ,50920.0,10:03:15 AM,1572669195165
-0.704 ,5.595 ,13.942,23.57007833333333,87.30253666666667 ,43.286081314086914,88.9531369309281 ,50920.0,10:03:15 AM,1572669195169
-0.287 ,4.12 ,9.31,23.57007833333333,87.30253666666667 ,43.286081314086914,88.9531369309281 ,50920.0,10:03:15 AM,1572669195170
-1.156 ,1.397 ,5.869,23.57007833333333,87.30253666666667 ,43.286081314086914,88.9531369309281 ,50920.0,10:03:15 AM,1572669195176
-0.197 ,2.065 ,12.309,23.57007833333333,87.30253666666667 ,43.286081314086914,88.9531369309281 ,50920.0,10:03:15 AM,1572669195176
-2.511 ,4.897 ,12.57,23.57007833333333,87.30253666666667 ,43.286081314086914,88.9531369309281 ,50920.0,10:03:15 AM,1572669195182
-1.083 ,5.177 ,17.047,23.57007833333333,87.30253666666667 ,43.286081314086914,88.9531369309281 ,50920.0,10:03:15 AM,1572669195182
-2.247 ,4.133 ,12.43,23.57007833333333,87.30253666666667 ,43.286081314086914,88.9531369309281 ,50920.0,10:03:15 AM,1572669195186
-1.353 ,1.482 ,15.253,23.57007833333333,87.30253666666667 ,43.286081314086914,88.9531369309281 ,50920.0,10:03:15 AM,1572669195187
-0.575 ,3.629 ,14.456,23.57007833333333,87.30253666666667 ,43.286081314086914,88.9531369309281 ,50920.0,10:03:15 AM,1572669195192
-0.606 ,5.524 ,13.835,23.57007833333333,87.30253666666667 ,43.286081314086914,88.9531369309281 ,50920.0,10:03:15 AM,1572669195193
1.434 ,6.166 ,13.447,23.57007833333333,87.30253666666667 ,43.286081314086914,88.9531369309281 ,50920.0,10:03:15 AM,1572669195195
0.202 ,5.318 ,5.916,23.57007833333333,87.30253666666667 ,43.286081314086914,88.9531369309281 ,50920.0,10:03:15 AM,1572669195196
1.726 ,5.238 ,11.606,23.57007833333333,87.30253666666667 ,43.286081314086914,88.9531369309281 ,50920.0,10:03:15 AM,1572669195201
-1.308 ,8.685 ,7.144,23.57007833333333,87.30253666666667 ,43.286081314086914,88.9531369309281 ,50920.0,10:03:15 AM,1572669195202
-0.509 ,8.294 ,9.415,23.57007833333333,87.30253666666667 ,43.286081314086914,88.9531369309281 ,50920.0,10:03:15 AM,1572669195205
-0.291 ,7.033 ,5.139,23.57007833333333,87.30253666666667 ,43.286081314086914,88.9531369309281 ,50920.0,10:03:15 AM,1572669195205
-1.9 ,4.124 ,2.41,23.57007833333333,87.30253666666667 ,43.286081314086914,88.9531369309281 ,50920.0,10:03:15 AM,1572669195211
0.376 ,6.439 ,7.942,23.57007833333333,87.30253666666667 ,43.286081314086914,88.9531369309281 ,50920.0,10:03:15 AM,1572669195211
-1.639 ,9.434 ,2.592,23.57007833333333,87.30253666666667 ,43.286081314086914,88.9531369309281 ,50920.0,10:03:15 AM,1572669195216
0.38 ,8.467 ,4.587,23.57007833333333,87.30253666666667 ,43.286081314086914,88.9531369309281 ,50920.0,10:03:15 AM,1572669195216
-1.014 ,6.82 ,-1.004,23.57007833333333,87.30253666666667 ,43.286081314086914,88.9531369309281 ,50920.0,10:03:15 AM,1572669195219
-0.554 ,6.202 ,2.477,23.57007833333333,87.30253666666667 ,43.286081314086914,88.9531369309281 ,50920.0,10:03:15 AM,1572669195220
-1.328 ,10.223 ,5.868,23.57007833333333,87.30253666666667 ,43.286081314086914,88.9531369309281 ,50920.0,10:03:15 AM,1572669195225
-2.134 ,10.91 ,9.134,23.57007833333333,87.30253666666667 ,43.286081314086914,88.9531369309281 ,50920.0,10:03:15 AM,1572669195226
-0.696 ,8.741 ,10.055,23.57007833333333,87.30253666666667 ,43.286081314086914,88.9531369309281 ,50920.0,10:03:15 AM,1572669195229
-2.149 ,4.916 ,4.265,23.57007833333333,87.30253666666667 ,43.286081314086914,88.9531369309281 ,50920.0,10:03:15 AM,1572669195230
0.431 ,3.761 ,10.64,23.57007833333333,87.30253666666667 ,43.286081314086914,88.9531369309281 ,50920.0,10:03:15 AM,1572669195235
-0.682 ,4.614 ,7.254,23.57007833333333,87.30253666666667 ,43.286081314086914,88.9531369309281 ,50920.0,10:03:15 AM,1572669195236
0.245 ,3.014 ,10.28,23.57007833333333,87.30253666666667 ,43.286081314086914,88.9531369309281 ,50920.0,10:03:15 AM,1572669195241
-0.185 ,3.411 ,8.456,23.57007833333333,87.30253666666667 ,43.286081314086914,88.9531369309281 ,50920.0,10:03:15 AM,1572669195241
-0.422 ,1.82 ,11.194,23.57007833333333,87.30253666666667 ,43.286081314086914,88.9531369309281 ,50920.0,10:03:15 AM,1572669195245
-0.856 ,3.585 ,14.284,23.57007833333333,87.30253666666667 ,43.286081314086914,88.9531369309281 ,50920.0,10:03:15 AM,1572669195246
-4.265 ,4.26 ,13.561,23.57007833333333,87.30253666666667 ,43.286081314086914,88.9531369309281 ,50920.0,10:03:15 AM,1572669195249
-2.255 ,3.555 ,17.903,23.57007833333333,87.30253666666667 ,43.286081314086914,88.9531369309281 ,50920.0,10:03:15 AM,1572669195250
-4.263 ,3.033 ,10.126,23.57007833333333,87.30253666666667 ,43.286081314086914,88.9531369309281 ,50920.0,10:03:15 AM,1572669195254
-2.209 ,1.796 ,15.421,23.57007833333333,87.30253666666667 ,43.286081314086914,88.9531369309281 ,50920.0,10:03:15 AM,1572669195255
-2.295 ,4.358 ,12.135,23.57007833333333,87.30253666666667 ,43.286081314086914,88.9531369309281 ,50920.0,10:03:15 AM,1572669195260
-0.613 ,4.92 ,10.435,23.57007833333333,87.30253666666667 ,43.286081314086914,89.26704922905613 ,50920.0,10:03:15 AM,1572669195261
0.846 ,5.401 ,4.299,23.57007833333333,87.30253666666667 ,43.286081314086914,89.26704922905613 ,50920.0,10:03:15 AM,1572669195264
1.737 ,3.426 ,0.72,23.57007833333333,87.30253666666667 ,43.286081314086914,89.26704922905613 ,50920.0,10:03:15 AM,1572669195265
3.603 ,4.886 ,5.502,23.57007833333333,87.30253666666667 ,43.286081314086914,89.26704922905613 ,50920.0,10:03:15 AM,1572669195269
1.332 ,8.327 ,4.33,23.57007833333333,87.30253666666667 ,43.286081314086914,89.26704922905613 ,50920.0,10:03:15 AM,1572669195270
1.604 ,9.531 ,7.523,23.57007833333333,87.30253666666667 ,43.286081314086914,89.26704922905613 ,50920.0,10:03:15 AM,1572669195275
-0.607 ,7.477 ,2.295,23.57007833333333,87.30253666666667 ,43.286081314086914,89.26704922905613 ,50920.0,10:03:15 AM,1572669195276
-1.935 ,3.653 ,1.111,23.57007833333333,87.30253666666667 ,43.286081314086914,89.26704922905613 ,50920.0,10:03:15 AM,1572669195280
-3.738 ,5.405 ,1.576,23.57007833333333,87.30253666666667 ,43.286081314086914,89.26704922905613 ,50920.0,10:03:15 AM,1572669195281
-4.064 ,8.699 ,5.751,23.57007833333333,87.30253666666667 ,43.286081314086914,89.26704922905613 ,50920.0,10:03:15 AM,1572669195288
-3.111 ,10.375 ,9.018,23.57007833333333,87.30253666666667 ,43.286081314086914,89.26704922905613 ,50920.0,10:03:15 AM,1572669195289
-3.491 ,9.08 ,4.181,23.57007833333333,87.30253666666667 ,43.286081314086914,89.26704922905613 ,50920.0,10:03:15 AM,1572669195289
0.029 ,7.316 ,9.51,23.57007833333333,87.30253666666667 ,43.286081314086914,89.26704922905613 ,50920.0,10:03:15 AM,1572669195290
0.137 ,8.406 ,6.395,23.57007833333333,87.30253666666667 ,43.286081314086914,89.26704922905613 ,50920.0,10:03:15 AM,1572669195295
1.963 ,8.362 ,7.416,23.57007833333333,87.30253666666667 ,43.286081314086914,89.26704922905613 ,50920.0,10:03:15 AM,1572669195295
3.687 ,8.287 ,8.324,23.57007833333333,87.30253666666667 ,43.286081314086914,89.26704922905613 ,50920.0,10:03:15 AM,1572669195300
3.434 ,6.876 ,9.675,23.57007833333333,87.30253666666667 ,43.286081314086914,89.26704922905613 ,50920.0,10:03:15 AM,1572669195301
3.8 ,8.593 ,13.66,23.57007833333333,87.30253666666667 ,43.286081314086914,89.26704922905613 ,50920.0,10:03:15 AM,1572669195304
1.435 ,9.161 ,10.314,23.57007833333333,87.30253666666667 ,43.286081314086914,89.26704922905613 ,50920.0,10:03:15 AM,1572669195304
1.07 ,6.113 ,11.177,23.57007833333333,87.30253666666667 ,43.286081314086914,89.26704922905613 ,50920.0,10:03:15 AM,1572669195310
-2.288 ,3.626 ,3.122,23.57007833333333,87.30253666666667 ,43.286081314086914,89.26704922905613 ,50920.0,10:03:15 AM,1572669195311
-2.244 ,2.57 ,6.479,23.57007833333333,87.30253666666667 ,43.286081314086914,89.26704922905613 ,50920.0,10:03:15 AM,1572669195315
-3.873 ,6.417 ,10.474,23.57007833333333,87.30253666666667 ,43.286081314086914,89.26704922905613 ,50920.0,10:03:15 AM,1572669195315
-5.244 ,8.388 ,10.93,23.57007833333333,87.30253666666667 ,43.286081314086914,89.26704922905613 ,50920.0,10:03:15 AM,1572669195319
-3.411 ,7.476 ,11.259,23.57007833333333,87.30253666666667 ,43.286081314086914,89.26704922905613 ,50920.0,10:03:15 AM,1572669195320
-4.219 ,3.756 ,2.912,23.57007833333333,87.30253666666667 ,43.286081314086914,89.26704922905613 ,50920.0,10:03:15 AM,1572669195325
-1.353 ,2.707 ,5.42,23.57007833333333,87.30253666666667 ,43.286081314086914,89.26704922905613 ,50920.0,10:03:15 AM,1572669195326
-0.518 ,4.097 ,4.507,23.57007833333333,87.30253666666667 ,43.286081314086914,89.26704922905613 ,50920.0,10:03:15 AM,1572669195329
0.89 ,3.848 ,7.384,23.57007833333333,87.30253666666667 ,43.286081314086914,89.26704922905613 ,50920.0,10:03:15 AM,1572669195330
2.107 ,4.636 ,8.272,23.57007833333333,87.30253666666667 ,43.286081314086914,89.26704922905613 ,50920.0,10:03:15 AM,1572669195335
2.127 ,3.89 ,8.538,23.57007833333333,87.30253666666667 ,43.286081314086914,89.26704922905613 ,50920.0,10:03:15 AM,1572669195336
2.328 ,5.967 ,13.738,23.57007833333333,87.30253666666667 ,43.286081314086914,89.26704922905613 ,50920.0,10:03:15 AM,1572669195340
-1.612 ,6.495 ,10.328,23.57007833333333,87.30253666666667 ,43.286081314086914,89.26704922905613 ,50920.0,10:03:15 AM,1572669195341
-1.462 ,4.808 ,10.112,23.57007833333333,87.30253666666667 ,43.286081314086914,89.26704922905613 ,50920.0,10:03:15 AM,1572669195344
-3.963 ,2.391 ,2.686,23.57007833333333,87.30253666666667 ,43.286081314086914,89.26704922905613 ,50920.0,10:03:15 AM,1572669195345
-3.8 ,0.628 ,5.461,23.57007833333333,87.30253666666667 ,43.286081314086914,89.26704922905613 ,50920.0,10:03:15 AM,1572669195349
-3.775 ,3.858 ,7.456,23.57007833333333,87.30253666666667 ,43.286081314086914,89.26704922905613 ,50920.0,10:03:15 AM,1572669195350
-2.993 ,5.513 ,10.988,23.57007833333333,87.30253666666667 ,43.286081314086914,89.26704922905613 ,50920.0,10:03:15 AM,1572669195357
-0.949 ,7.227 ,13.237,23.57007833333333,87.30253666666667 ,43.286081314086914,89.26704922905613 ,50920.0,10:03:15 AM,1572669195358
-0.811 ,5.421 ,11.478,23.57007833333333,87.30253666666667 ,43.286081314086914,89.26704922905613 ,50920.0,10:03:15 AM,1572669195359
2.159 ,5.345 ,16.434,23.57007833333333,87.30253666666667 ,43.286081314086914,89.26704922905613 ,50920.0,10:03:15 AM,1572669195359
-0.419 ,6.648 ,8.696,23.57007833333333,87.30253666666667 ,43.286081314086914,89.26704922905613 ,50920.0,10:03:15 AM,1572669195364
1.302 ,5.978 ,9.305,23.57007833333333,87.30253666666667 ,43.286081314086914,89.26704922905613 ,50920.0,10:03:15 AM,1572669195364
-0.175 ,5.448 ,3.215,23.57007833333333,87.30253666666667 ,43.286081314086914,89.26704922905613 ,50920.0,10:03:15 AM,1572669195369
-0.756 ,4.455 ,3.67,23.57007833333333,87.30253666666667 ,43.286081314086914,89.26704922905613 ,50920.0,10:03:15 AM,1572669195369
-0.537 ,7.197 ,6.261,23.57007833333333,87.30253666666667 ,43.286081314086914,89.26704922905613 ,50920.0,10:03:15 AM,1572669195375
-1.226 ,8.218 ,5.467,23.57007833333333,87.30253666666667 ,43.286081314086914,89.26704922905613 ,50920.0,10:03:15 AM,1572669195375
-0.44 ,7.546 ,6.77,23.57007833333333,87.30253666666667 ,43.286081314086914,89.26704922905613 ,50920.0,10:03:15 AM,1572669195379
-1.165 ,6.007 ,4.708,23.57007833333333,87.30253666666667 ,43.286081314086914,89.26704922905613 ,50920.0,10:03:15 AM,1572669195380
0.017 ,6.245 ,11.344,23.57007833333333,87.30253666666667 ,43.286081314086914,89.26704922905613 ,50920.0,10:03:15 AM,1572669195385
-1.788 ,8.288 ,8.977,23.57007833333333,87.30253666666667 ,43.286081314086914,89.26704922905613 ,50920.0,10:03:15 AM,1572669195385
-1.788 ,7.164 ,8.962,23.57007833333333,87.30253666666667 ,43.286081314086914,89.26704922905613 ,50920.0,10:03:15 AM,1572669195391
