x,y,z,latitude,longitude,speed,sound,light,time,timestamp
-1.973 ,4.74 ,8.933,23.552311666666665,87.29695833333332 ,33.54856567382813,85.86063039583604 ,49454.0,09:59:16 AM,1572668956410
-0.715 ,6.73 ,13.07,23.552311666666665,87.29695833333332 ,33.54856567382813,85.86063039583604 ,49454.0,09:59:16 AM,1572668956411
-0.745 ,6.676 ,11.324,23.552311666666665,87.29695833333332 ,33.54856567382813,85.86063039583604 ,49454.0,09:59:16 AM,1572668956416
-0.191 ,3.366 ,8.07,23.552311666666665,87.29695833333332 ,33.54856567382813,85.86063039583604 ,49454.0,09:59:16 AM,1572668956416
1.224 ,3.492 ,8.328,23.552311666666665,87.29695833333332 ,33.54856567382813,85.86063039583604 ,49454.0,09:59:16 AM,1572668956420
1.074 ,5.936 ,11.191,23.552311666666665,87.29695833333332 ,33.54856567382813,85.86063039583604 ,49454.0,09:59:16 AM,1572668956420
0.772 ,7.892 ,13.191,23.552311666666665,87.29695833333332 ,33.54856567382813,85.86063039583604 ,49454.0,09:59:16 AM,1572668956425
-0.417 ,7.429 ,11.177,23.552311666666665,87.29695833333332 ,33.54856567382813,85.86063039583604 ,49454.0,09:59:16 AM,1572668956426
-1.455 ,2.803 ,4.864,23.552311666666665,87.29695833333332 ,33.54856567382813,85.86063039583604 ,49454.0,09:59:16 AM,1572668956433
-2.046 ,1.424 ,0.602,23.552311666666665,87.29695833333332 ,33.54856567382813,85.86063039583604 ,49454.0,09:59:16 AM,1572668956434
-2.071 ,4.1 ,4.867,23.552311666666665,87.29695833333332 ,33.54856567382813,85.86063039583604 ,49454.0,09:59:16 AM,1572668956435
-2.301 ,8.864 ,11.661,23.552311666666665,87.29695833333332 ,33.54856567382813,85.86063039583604 ,49454.0,09:59:16 AM,1572668956436
-1.461 ,11.074 ,14.204,23.552311666666665,87.29695833333332 ,33.54856567382813,85.86063039583604 ,49454.0,09:59:16 AM,1572668956440
-1.527 ,7.523 ,6.97,23.552311666666665,87.29695833333332 ,33.54856567382813,85.86063039583604 ,49454.0,09:59:16 AM,1572668956441
-0.483 ,2.542 ,1.71,23.552311666666665,87.29695833333332 ,33.54856567382813,85.86063039583604 ,49454.0,09:59:16 AM,1572668956445
0.102 ,3.076 ,1.374,23.552311666666665,87.29695833333332 ,33.54856567382813,85.86063039583604 ,49454.0,09:59:16 AM,1572668956445
0.307 ,6.283 ,7.347,23.552311666666665,87.29695833333332 ,33.54856567382813,85.86063039583604 ,49454.0,09:59:16 AM,1572668956450
-0.161 ,9.27 ,12.314,23.552311666666665,87.29695833333332 ,33.54856567382813,85.86063039583604 ,49454.0,09:59:16 AM,1572668956450
-0.604 ,7.315 ,12.315,23.552311666666665,87.29695833333332 ,33.54856567382813,85.86063039583604 ,49454.0,09:59:16 AM,1572668956455
-1.528 ,2.85 ,6.966,23.552311666666665,87.29695833333332 ,33.54856567382813,85.86063039583604 ,49454.0,09:59:16 AM,1572668956456
-1.158 ,2.116 ,5.763,23.552311666666665,87.29695833333332 ,33.54856567382813,85.86063039583604 ,49454.0,09:59:16 AM,1572668956460
-1.927 ,4.502 ,9.408,23.552311666666665,87.29695833333332 ,33.54856567382813,85.86063039583604 ,49454.0,09:59:16 AM,1572668956460
-1.437 ,6.474 ,13.305,23.552311666666665,87.29695833333332 ,33.54856567382813,85.86063039583604 ,49454.0,09:59:16 AM,1572668956465
-1.851 ,5.74 ,10.037,23.552311666666665,87.29695833333332 ,33.54856567382813,85.86063039583604 ,49454.0,09:59:16 AM,1572668956465
-0.92 ,0.664 ,6.243,23.552311666666665,87.29695833333332 ,33.54856567382813,85.86063039583604 ,49454.0,09:59:16 AM,1572668956471
-0.318 ,-0.064 ,5.362,23.552311666666665,87.29695833333332 ,33.54856567382813,85.86063039583604 ,49454.0,09:59:16 AM,1572668956472
0.203 ,2.779 ,11.48,23.552311666666665,87.29695833333332 ,33.54856567382813,85.86063039583604 ,49454.0,09:59:16 AM,1572668956475
0.027 ,5.846 ,15.445,23.552311666666665,87.29695833333332 ,33.54856567382813,85.86063039583604 ,49454.0,09:59:16 AM,1572668956476
-0.148 ,5.327 ,16.089,23.552311666666665,87.29695833333332 ,33.54856567382813,85.86063039583604 ,49454.0,09:59:16 AM,1572668956484
-1.204 ,0.69 ,8.833,23.552311666666665,87.29695833333332 ,33.54856567382813,85.86063039583604 ,49454.0,09:59:16 AM,1572668956485
-1.316 ,-2.147 ,5.442,23.552311666666665,87.29695833333332 ,33.54856567382813,85.86063039583604 ,49454.0,09:59:16 AM,1572668956485
-1.424 ,0.281 ,7.515,23.552311666666665,87.29695833333332 ,33.54856567382813,85.86063039583604 ,49454.0,09:59:16 AM,1572668956486
-1.939 ,4.555 ,14.576,23.552311666666665,87.29695833333332 ,33.54856567382813,85.86063039583604 ,49454.0,09:59:16 AM,1572668956490
-1.481 ,7.286 ,16.458,23.552311666666665,87.29695833333332 ,33.54856567382813,85.86063039583604 ,49454.0,09:59:16 AM,1572668956491
-1.244 ,4.722 ,9.888,23.552311666666665,87.29695833333332 ,33.54856567382813,85.86063039583604 ,49454.0,09:59:16 AM,1572668956499
-0.361 ,0.573 ,3.954,23.552311666666665,87.29695833333332 ,33.54856567382813,85.86063039583604 ,49454.0,09:59:16 AM,1572668956500
0.152 ,1.799 ,3.817,23.552311666666665,87.29695833333332 ,33.54856567382813,85.86063039583604 ,49454.0,09:59:16 AM,1572668956500
0.258 ,5.353 ,8.267,23.552311666666665,87.29695833333332 ,33.54856567382813,85.86063039583604 ,49454.0,09:59:16 AM,1572668956501
0.301 ,8.414 ,10.729,23.552311666666665,87.29695833333332 ,33.54856567382813,85.86063039583604 ,49454.0,09:59:16 AM,1572668956504
-0.227 ,6.65 ,7.459,23.552311666666665,87.29695833333332 ,33.54856567382813,85.86063039583604 ,49454.0,09:59:16 AM,1572668956505
-0.124 ,3.278 ,2.83,23.552311666666665,87.29695833333332 ,33.54856567382813,85.86063039583604 ,49454.0,09:59:16 AM,1572668956509
0.595 ,3.559 ,2.165,23.552311666666665,87.29695833333332 ,33.54856567382813,85.86063039583604 ,49454.0,09:59:16 AM,1572668956510
0.343 ,7.528 ,5.935,23.552311666666665,87.29695833333332 ,33.54856567382813,85.86063039583604 ,49454.0,09:59:16 AM,1572668956516
0.961 ,10.654 ,10.814,23.552311666666665,87.29695833333332 ,33.54856567382813,85.86063039583604 ,49454.0,09:59:16 AM,1572668956517
0.88 ,9.998 ,8.224,23.552311666666665,87.29695833333332 ,33.54856567382813,85.86063039583604 ,49454.0,09:59:16 AM,1572668956521
0.104 ,4.723 ,2.639,23.552311666666665,87.29695833333332 ,33.54856567382813,85.86063039583604 ,49454.0,09:59:16 AM,1572668956522
0.172 ,4.204 ,3.576,23.552311666666665,87.29695833333332 ,33.54856567382813,85.86063039583604 ,49454.0,09:59:16 AM,1572668956526
-0.805 ,6.747 ,8.816,23.552311666666665,87.29695833333332 ,33.54856567382813,85.86063039583604 ,49454.0,09:59:16 AM,1572668956527
-1.986 ,9.147 ,12.879,23.552311666666665,87.29695833333332 ,33.54856567382813,85.86063039583604 ,49454.0,09:59:16 AM,1572668956531
-2.73 ,7.556 ,12.156,23.552311666666665,87.29695833333332 ,33.54856567382813,85.86063039583604 ,49454.0,09:59:16 AM,1572668956532
-3.106 ,2.652 ,6.946,23.552311666666665,87.29695833333332 ,33.54856567382813,85.86063039583604 ,49454.0,09:59:16 AM,1572668956534
-2.045 ,0.974 ,5.458,23.552311666666665,87.29695833333332 ,33.54856567382813,85.86063039583604 ,49454.0,09:59:16 AM,1572668956535
-1.405 ,4.415 ,9.505,23.552311666666665,87.29695833333332 ,33.54856567382813,85.86063039583604 ,49454.0,09:59:16 AM,1572668956540
-0.63 ,6.826 ,14.344,23.552311666666665,87.29695833333332 ,33.54856567382813,85.86063039583604 ,49454.0,09:59:16 AM,1572668956541
0.827 ,7.155 ,13.097,23.552311666666665,87.29695833333332 ,33.54856567382813,85.86063039583604 ,49454.0,09:59:16 AM,1572668956544
0.99 ,2.706 ,7.582,23.552311666666665,87.29695833333332 ,33.54856567382813,85.86063039583604 ,49454.0,09:59:16 AM,1572668956544
1.175 ,0.989 ,5.968,23.552311666666665,87.29695833333332 ,33.54856567382813,85.86063039583604 ,49454.0,09:59:16 AM,1572668956550
0.878 ,3.677 ,11.496,23.552311666666665,87.29695833333332 ,33.54856567382813,85.86063039583604 ,49454.0,09:59:16 AM,1572668956551
0.033 ,7.029 ,16.34,23.552311666666665,87.29695833333332 ,33.54856567382813,85.86063039583604 ,49454.0,09:59:16 AM,1572668956554
-1.062 ,7.212 ,16.123,23.552311666666665,87.29695833333332 ,33.54856567382813,85.86063039583604 ,49454.0,09:59:16 AM,1572668956555
-1.904 ,4.048 ,10.293,23.552311666666665,87.29695833333332 ,33.54856567382813,85.86063039583604 ,49454.0,09:59:16 AM,1572668956559
-1.947 ,1.265 ,4.877,23.552311666666665,87.29695833333332 ,33.54856567382813,85.86063039583604 ,49454.0,09:59:16 AM,1572668956560
-1.746 ,3.305 ,5.083,23.552311666666665,87.29695833333332 ,33.54856567382813,85.86063039583604 ,49454.0,09:59:16 AM,1572668956566
-1.524 ,6.393 ,8.563,23.552311666666665,87.29695833333332 ,33.54856567382813,85.86063039583604 ,49454.0,09:59:16 AM,1572668956566
-1.97 ,7.842 ,8.632,23.552311666666665,87.29695833333332 ,33.54856567382813,85.86063039583604 ,49454.0,09:59:16 AM,1572668956572
-1.169 ,6.372 ,6.512,23.552311666666665,87.29695833333332 ,33.54856567382813,85.86063039583604 ,49454.0,09:59:16 AM,1572668956573
-2.06 ,3.839 ,3.371,23.552311666666665,87.29695833333332 ,33.54856567382813,85.86063039583604 ,49454.0,09:59:16 AM,1572668956574
-1.766 ,5.177 ,6.207,23.552311666666665,87.29695833333332 ,33.54856567382813,85.86063039583604 ,49454.0,09:59:16 AM,1572668956575
-2.093 ,7.869 ,8.632,23.552311666666665,87.29695833333332 ,33.54856567382813,85.86063039583604 ,49454.0,09:59:16 AM,1572668956581
-2.182 ,7.829 ,8.878,23.552311666666665,87.29695833333332 ,33.54856567382813,85.86063039583604 ,49454.0,09:59:16 AM,1572668956581
-1.935 ,5.953 ,5.092,23.552311666666665,87.29695833333332 ,33.54856567382813,85.86063039583604 ,49454.0,09:59:16 AM,1572668956584
-1.133 ,3.254 ,3.134,23.552311666666665,87.29695833333332 ,33.54856567382813,85.86063039583604 ,49454.0,09:59:16 AM,1572668956584
0.099 ,4.219 ,4.566,23.552311666666665,87.29695833333332 ,33.54856567382813,85.86063039583604 ,49454.0,09:59:16 AM,1572668956589
0.402 ,7.776 ,9.448,23.552311666666665,87.29695833333332 ,33.54856567382813,85.86063039583604 ,49454.0,09:59:16 AM,1572668956589
-0.032 ,7.765 ,11.26,23.552311666666665,87.29695833333332 ,33.54856567382813,85.86063039583604 ,49547.0,09:59:16 AM,1572668956594
0.231 ,5.928 ,10.299,23.552311666666665,87.29695833333332 ,33.54856567382813,85.86063039583604 ,49547.0,09:59:16 AM,1572668956594
-1.346 ,1.337 ,2.685,23.552311666666665,87.29695833333332 ,33.54856567382813,85.86063039583604 ,49547.0,09:59:16 AM,1572668956600
-0.963 ,0.42 ,4.326,23.552311666666665,87.29695833333332 ,33.54856567382813,85.86063039583604 ,49547.0,09:59:16 AM,1572668956601
-1.075 ,3.715 ,9.294,23.552311666666665,87.29695833333332 ,33.54856567382813,85.86063039583604 ,49547.0,09:59:16 AM,1572668956604
-1.366 ,7.103 ,15.312,23.552311666666665,87.29695833333332 ,33.54856567382813,85.86063039583604 ,49547.0,09:59:16 AM,1572668956605
-1.49 ,7.184 ,15.56,23.552311666666665,87.29695833333332 ,33.54856567382813,85.86063039583604 ,49547.0,09:59:16 AM,1572668956609
-2.067 ,3.663 ,10.339,23.552311666666665,87.29695833333332 ,33.54856567382813,85.86063039583604 ,49547.0,09:59:16 AM,1572668956609
-1.479 ,-0.505 ,4.851,23.552311666666665,87.29695833333332 ,33.54856567382813,85.86063039583604 ,49547.0,09:59:16 AM,1572668956614
-1.194 ,0.019 ,4.311,23.552311666666665,87.29695833333332 ,33.54856567382813,85.86063039583604 ,49547.0,09:59:16 AM,1572668956615
-1.199 ,1.952 ,8.729,23.552311666666665,87.29695833333332 ,33.54856567382813,85.86063039583604 ,49547.0,09:59:16 AM,1572668956620
-0.439 ,4.751 ,14.492,23.552311666666665,87.29695833333332 ,33.54856567382813,85.86063039583604 ,49547.0,09:59:16 AM,1572668956620
-0.363 ,4.484 ,13.776,23.552311666666665,87.29695833333332 ,33.54856567382813,85.86063039583604 ,49547.0,09:59:16 AM,1572668956625
-0.595 ,2.371 ,11.64,23.552311666666665,87.29695833333332 ,33.54856567382813,85.86063039583604 ,49547.0,09:59:16 AM,1572668956625
-0.022 ,2.359 ,11.576,23.552311666666665,87.29695833333332 ,33.54856567382813,85.86063039583604 ,49547.0,09:59:16 AM,1572668956632
-0.071 ,4.028 ,12.369,23.552311666666665,87.29695833333332 ,33.54856567382813,85.86063039583604 ,49547.0,09:59:16 AM,1572668956633
0.105 ,4.585 ,10.821,23.552311666666665,87.29695833333332 ,33.54856567382813,85.86063039583604 ,49547.0,09:59:16 AM,1572668956634
0.161 ,4.775 ,9.4,23.552311666666665,87.29695833333332 ,33.54856567382813,85.86063039583604 ,49547.0,09:59:16 AM,1572668956635
0.424 ,2.755 ,6.308,23.552311666666665,87.29695833333332 ,33.54856567382813,85.86063039583604 ,49547.0,09:59:16 AM,1572668956639
1.075 ,3.25 ,4.638,23.552311666666665,87.29695833333332 ,33.54856567382813,85.86063039583604 ,49547.0,09:59:16 AM,1572668956640
0.932 ,4.98 ,5.807,23.552311666666665,87.29695833333332 ,33.54856567382813,85.86063039583604 ,49547.0,09:59:16 AM,1572668956644
0.461 ,6.578 ,9.147,23.552311666666665,87.29695833333332 ,33.54856567382813,85.86063039583604 ,49547.0,09:59:16 AM,1572668956645
0.28 ,7.613 ,10.422,23.552311666666665,87.29695833333332 ,33.54856567382813,85.86063039583604 ,49547.0,09:59:16 AM,1572668956649
-1.703 ,6.003 ,6.302,23.552311666666665,87.29695833333332 ,33.54856567382813,85.86063039583604 ,49547.0,09:59:16 AM,1572668956650
-1.726 ,4.203 ,6.33,23.552311666666665,87.29695833333332 ,33.54856567382813,85.86063039583604 ,49547.0,09:59:16 AM,1572668956656
-2.711 ,4.628 ,5.819,23.552311666666665,87.29695833333332 ,33.54856567382813,85.86063039583604 ,49547.0,09:59:16 AM,1572668956656
