x,y,z,latitude,longitude,speed,sound,light,time,timestamp
0.449 ,3.635 ,8.092,23.55066,87.29577166666668 ,0.0,84.48058339933783 ,4803.0,09:58:12 AM,1572668892342
0.322 ,3.863 ,7.702,23.55066,87.29577166666668 ,0.0,84.48058339933783 ,4803.0,09:58:12 AM,1572668892349
-0.018 ,4.371 ,7.909,23.55066,87.29577166666668 ,0.0,84.48058339933783 ,4803.0,09:58:12 AM,1572668892350
-0.422 ,4.722 ,8.851,23.55066,87.29577166666668 ,0.0,84.48058339933783 ,4803.0,09:58:12 AM,1572668892352
-1.007 ,4.727 ,9.717,23.55066,87.29577166666668 ,0.0,84.48058339933783 ,4803.0,09:58:12 AM,1572668892353
-1.406 ,4.623 ,10.442,23.55066,87.29577166666668 ,0.0,84.48058339933783 ,4803.0,09:58:12 AM,1572668892358
-1.545 ,4.465 ,10.117,23.55066,87.29577166666668 ,0.0,84.48058339933783 ,4803.0,09:58:12 AM,1572668892359
-1.504 ,4.352 ,8.831,23.55066,87.29577166666668 ,0.0,84.48058339933783 ,4803.0,09:58:12 AM,1572668892362
-1.409 ,4.13 ,7.442,23.55066,87.29577166666668 ,0.0,84.48058339933783 ,4803.0,09:58:12 AM,1572668892362
-1.151 ,3.976 ,6.96,23.55066,87.29577166666668 ,0.0,84.48058339933783 ,4803.0,09:58:12 AM,1572668892367
-0.841 ,4.107 ,7.38,23.55066,87.29577166666668 ,0.0,84.48058339933783 ,4803.0,09:58:12 AM,1572668892368
-0.538 ,4.605 ,8.505,23.55066,87.29577166666668 ,0.0,84.48058339933783 ,4803.0,09:58:12 AM,1572668892373
-0.273 ,5.132 ,9.48,23.55066,87.29577166666668 ,0.0,84.48058339933783 ,4803.0,09:58:12 AM,1572668892373
-0.105 ,5.182 ,9.309,23.55066,87.29577166666668 ,0.0,84.48058339933783 ,4803.0,09:58:12 AM,1572668892377
0.151 ,4.777 ,8.471,23.55066,87.29577166666668 ,0.0,84.48058339933783 ,4803.0,09:58:12 AM,1572668892378
0.448 ,4.292 ,7.684,23.55066,87.29577166666668 ,0.0,83.42962362692143 ,4803.0,09:58:12 AM,1572668892383
0.616 ,4.16 ,7.815,23.55066,87.29577166666668 ,0.0,83.42962362692143 ,4803.0,09:58:12 AM,1572668892383
0.553 ,4.385 ,8.826,23.55066,87.29577166666668 ,0.0,83.42962362692143 ,4803.0,09:58:12 AM,1572668892387
0.213 ,4.583 ,10.156,23.55066,87.29577166666668 ,0.0,83.42962362692143 ,4803.0,09:58:12 AM,1572668892388
-0.088 ,4.379 ,10.348,23.55066,87.29577166666668 ,0.0,83.42962362692143 ,4803.0,09:58:12 AM,1572668892392
-0.263 ,3.508 ,8.695,23.55066,87.29577166666668 ,0.0,83.42962362692143 ,4803.0,09:58:12 AM,1572668892392
-0.478 ,2.938 ,7.284,23.55066,87.29577166666668 ,0.0,83.42962362692143 ,4911.0,09:58:12 AM,1572668892399
-0.433 ,3.401 ,7.9,23.55066,87.29577166666668 ,0.0,83.42962362692143 ,4911.0,09:58:12 AM,1572668892399
-0.57 ,4.567 ,9.67,23.55066,87.29577166666668 ,0.0,83.42962362692143 ,4911.0,09:58:12 AM,1572668892403
-1.002 ,5.081 ,11.515,23.55066,87.29577166666668 ,0.0,83.42962362692143 ,4911.0,09:58:12 AM,1572668892404
-1.296 ,4.285 ,11.691,23.55066,87.29577166666668 ,0.0,83.42962362692143 ,4911.0,09:58:12 AM,1572668892407
-1.396 ,3.204 ,10.378,23.55066,87.29577166666668 ,0.0,83.42962362692143 ,4911.0,09:58:12 AM,1572668892408
-1.255 ,3.173 ,8.944,23.55066,87.29577166666668 ,0.0,83.42962362692143 ,4911.0,09:58:12 AM,1572668892412
-0.7 ,3.998 ,8.707,23.55066,87.29577166666668 ,0.0,83.42962362692143 ,4911.0,09:58:12 AM,1572668892412
-0.249 ,4.646 ,8.583,23.55066,87.29577166666668 ,0.0,83.42962362692143 ,4911.0,09:58:12 AM,1572668892417
0.052 ,4.438 ,8.721,23.55066,87.29577166666668 ,0.0,83.42962362692143 ,4911.0,09:58:12 AM,1572668892418
0.244 ,3.987 ,9.103,23.55066,87.29577166666668 ,0.0,83.42962362692143 ,4911.0,09:58:12 AM,1572668892422
0.345 ,3.669 ,9.129,23.55066,87.29577166666668 ,0.0,83.42962362692143 ,4911.0,09:58:12 AM,1572668892423
0.491 ,3.569 ,8.677,23.55066,87.29577166666668 ,0.0,83.42962362692143 ,4911.0,09:58:12 AM,1572668892427
0.477 ,3.453 ,8.164,23.55066,87.29577166666668 ,0.0,83.42962362692143 ,4911.0,09:58:12 AM,1572668892427
0.485 ,3.78 ,8.186,23.55066,87.29577166666668 ,0.0,83.42962362692143 ,4911.0,09:58:12 AM,1572668892433
0.182 ,4.448 ,8.577,23.55066,87.29577166666668 ,0.0,83.42962362692143 ,4911.0,09:58:12 AM,1572668892433
-0.272 ,4.917 ,9.462,23.55066,87.29577166666668 ,0.0,83.42962362692143 ,4911.0,09:58:12 AM,1572668892438
-0.85 ,4.96 ,10.203,23.55066,87.29577166666668 ,0.0,83.42962362692143 ,4911.0,09:58:12 AM,1572668892439
-1.406 ,4.635 ,10.044,23.55066,87.29577166666668 ,0.0,83.42962362692143 ,4911.0,09:58:12 AM,1572668892444
-1.512 ,4.485 ,9.389,23.55066,87.29577166666668 ,0.0,83.42962362692143 ,4911.0,09:58:12 AM,1572668892444
-1.457 ,4.419 ,8.324,23.55066,87.29577166666668 ,0.0,83.42962362692143 ,4911.0,09:58:12 AM,1572668892449
-1.383 ,4.142 ,6.885,23.55066,87.29577166666668 ,0.0,83.42962362692143 ,4911.0,09:58:12 AM,1572668892449
-1.067 ,3.893 ,6.416,23.55066,87.29577166666668 ,0.0,83.42962362692143 ,4911.0,09:58:12 AM,1572668892452
-0.779 ,3.89 ,6.888,23.55066,87.29577166666668 ,0.0,83.42962362692143 ,4911.0,09:58:12 AM,1572668892453
-0.606 ,4.389 ,8.314,23.55066,87.29577166666668 ,0.0,83.42962362692143 ,4911.0,09:58:12 AM,1572668892458
-0.322 ,5.086 ,9.919,23.55066,87.29577166666668 ,0.0,83.42962362692143 ,4911.0,09:58:12 AM,1572668892458
-0.43 ,5.349 ,10.069,23.55066,87.29577166666668 ,0.0,83.42962362692143 ,4911.0,09:58:12 AM,1572668892462
-0.234 ,4.917 ,9.003,23.55066,87.29577166666668 ,0.0,83.42962362692143 ,4911.0,09:58:12 AM,1572668892463
-0.014 ,4.24 ,7.69,23.55066,87.29577166666668 ,0.0,83.42962362692143 ,4911.0,09:58:12 AM,1572668892468
0.119 ,3.758 ,7.391,23.55066,87.29577166666668 ,0.0,83.42962362692143 ,4911.0,09:58:12 AM,1572668892468
0.289 ,3.774 ,8.399,23.55066,87.29577166666668 ,0.0,83.42962362692143 ,4911.0,09:58:12 AM,1572668892472
0.391 ,3.927 ,9.207,23.55066,87.29577166666668 ,0.0,83.42962362692143 ,4911.0,09:58:12 AM,1572668892473
0.384 ,3.75 ,9.488,23.55066,87.29577166666668 ,0.0,83.42962362692143 ,4911.0,09:58:12 AM,1572668892478
0.282 ,3.478 ,9.203,23.55066,87.29577166666668 ,0.0,83.42962362692143 ,4911.0,09:58:12 AM,1572668892478
-0.126 ,3.622 ,9.425,23.55066,87.29577166666668 ,0.0,83.42962362692143 ,4911.0,09:58:12 AM,1572668892483
-0.664 ,4.073 ,10.12,23.55066,87.29577166666668 ,0.0,83.42962362692143 ,4911.0,09:58:12 AM,1572668892484
-1.365 ,4.347 ,11.034,23.55066,87.29577166666668 ,0.0,83.42962362692143 ,4911.0,09:58:12 AM,1572668892487
-1.772 ,4.076 ,11.394,23.55066,87.29577166666668 ,0.0,83.42962362692143 ,4911.0,09:58:12 AM,1572668892488
-1.825 ,3.628 ,10.409,23.55066,87.29577166666668 ,0.0,83.42962362692143 ,4911.0,09:58:12 AM,1572668892492
-1.419 ,3.545 ,9.205,23.55066,87.29577166666668 ,0.0,83.42962362692143 ,4911.0,09:58:12 AM,1572668892492
-0.735 ,3.988 ,8.41,23.55066,87.29577166666668 ,0.0,83.42962362692143 ,4911.0,09:58:12 AM,1572668892500
-0.021 ,4.381 ,8.12,23.55066,87.29577166666668 ,0.0,83.42962362692143 ,4911.0,09:58:12 AM,1572668892500
0.492 ,4.422 ,8.106,23.55066,87.29577166666668 ,0.0,83.42962362692143 ,4911.0,09:58:12 AM,1572668892502
0.697 ,3.924 ,8.356,23.55066,87.29577166666668 ,0.0,83.42962362692143 ,4911.0,09:58:12 AM,1572668892502
0.528 ,3.648 ,8.59,23.55066,87.29577166666668 ,0.0,83.42962362692143 ,4911.0,09:58:12 AM,1572668892507
0.295 ,3.568 ,8.81,23.55066,87.29577166666668 ,0.0,83.42962362692143 ,4911.0,09:58:12 AM,1572668892508
0.001 ,3.581 ,8.654,23.55066,87.29577166666668 ,0.0,83.42962362692143 ,4911.0,09:58:12 AM,1572668892512
-0.239 ,3.842 ,8.667,23.55066,87.29577166666668 ,0.0,83.42962362692143 ,4911.0,09:58:12 AM,1572668892513
-0.534 ,4.285 ,8.854,23.55066,87.29577166666668 ,0.0,83.42962362692143 ,4911.0,09:58:12 AM,1572668892518
-0.676 ,4.646 ,9.097,23.55066,87.29577166666668 ,0.0,83.42962362692143 ,4911.0,09:58:12 AM,1572668892520
-0.895 ,4.762 ,9.393,23.55066,87.29577166666668 ,0.0,83.42962362692143 ,4911.0,09:58:12 AM,1572668892523
-0.983 ,4.443 ,9.592,23.55066,87.29577166666668 ,0.0,83.42962362692143 ,4911.0,09:58:12 AM,1572668892524
-0.957 ,4.164 ,9.518,23.55066,87.29577166666668 ,0.0,83.42962362692143 ,4911.0,09:58:12 AM,1572668892526
-0.988 ,4.116 ,8.944,23.55066,87.29577166666668 ,0.0,83.42962362692143 ,4911.0,09:58:12 AM,1572668892527
-0.961 ,4.043 ,8.477,23.55066,87.29577166666668 ,0.0,83.42962362692143 ,4911.0,09:58:12 AM,1572668892532
-0.909 ,3.911 ,8.061,23.55066,87.29577166666668 ,0.0,83.42962362692143 ,4911.0,09:58:12 AM,1572668892533
-1.097 ,3.881 ,8.164,23.55066,87.29577166666668 ,0.0,83.42962362692143 ,4911.0,09:58:12 AM,1572668892537
-1.078 ,4.157 ,8.697,23.55066,87.29577166666668 ,0.0,83.42962362692143 ,4911.0,09:58:12 AM,1572668892538
-1.024 ,4.612 ,9.104,23.55066,87.29577166666668 ,0.0,83.42962362692143 ,4911.0,09:58:12 AM,1572668892541
-0.865 ,4.964 ,8.983,23.55066,87.29577166666668 ,0.0,83.42962362692143 ,4911.0,09:58:12 AM,1572668892542
-0.592 ,4.848 ,8.412,23.55066,87.29577166666668 ,0.0,83.42962362692143 ,4911.0,09:58:12 AM,1572668892550
-0.073 ,4.538 ,7.641,23.55066,87.29577166666668 ,0.0,83.42962362692143 ,4911.0,09:58:12 AM,1572668892551
0.492 ,4.291 ,7.676,23.55066,87.29577166666668 ,0.0,83.42962362692143 ,4911.0,09:58:12 AM,1572668892551
0.68 ,4.296 ,8.583,23.55066,87.29577166666668 ,0.0,83.42962362692143 ,4911.0,09:58:12 AM,1572668892552
0.578 ,4.539 ,9.972,23.55066,87.29577166666668 ,0.0,83.42962362692143 ,4911.0,09:58:12 AM,1572668892557
0.352 ,4.489 ,10.513,23.55066,87.29577166666668 ,0.0,83.42962362692143 ,4911.0,09:58:12 AM,1572668892557
0.069 ,3.822 ,9.252,23.55066,87.29577166666668 ,0.0,83.42962362692143 ,4911.0,09:58:12 AM,1572668892561
-0.362 ,3.147 ,7.532,23.55066,87.29577166666668 ,0.0,83.42962362692143 ,4911.0,09:58:12 AM,1572668892562
-0.526 ,3.131 ,7.25,23.55066,87.29577166666668 ,0.0,83.42962362692143 ,4911.0,09:58:12 AM,1572668892567
-0.719 ,4.225 ,8.689,23.55066,87.29577166666668 ,0.0,83.42962362692143 ,4911.0,09:58:12 AM,1572668892567
-1.101 ,5.215 ,10.782,23.55066,87.29577166666668 ,0.0,83.42962362692143 ,4911.0,09:58:12 AM,1572668892574
-1.285 ,5.134 ,11.896,23.55066,87.29577166666668 ,0.0,83.42962362692143 ,4911.0,09:58:12 AM,1572668892575
-1.637 ,4.205 ,11.137,23.55066,87.29577166666668 ,0.0,83.42962362692143 ,4911.0,09:58:12 AM,1572668892576
-1.468 ,3.518 ,9.446,23.55066,87.29577166666668 ,0.0,83.42962362692143 ,4911.0,09:58:12 AM,1572668892577
-0.884 ,3.754 ,8.491,23.55066,87.29577166666668 ,0.0,83.42962362692143 ,4911.0,09:58:12 AM,1572668892582
-0.179 ,4.324 ,8.12,23.55066,87.29577166666668 ,0.0,83.42962362692143 ,4911.0,09:58:12 AM,1572668892583
0.431 ,4.502 ,7.924,23.55066,87.29577166666668 ,0.0,83.42962362692143 ,4911.0,09:58:12 AM,1572668892586
0.985 ,4.388 ,8.329,23.55066,87.29577166666668 ,0.0,83.42962362692143 ,4911.0,09:58:12 AM,1572668892587
1.217 ,4.351 ,8.873,23.55066,87.29577166666668 ,0.0,83.42962362692143 ,4911.0,09:58:12 AM,1572668892593
