x,y,z,latitude,longitude,speed,sound,light,time,timestamp
0.485 ,6.313 ,4.737,23.571596666666665,87.30254333333332 ,37.430598449707034,86.79801861924986 ,50920.0,10:03:36 AM,1572669216822
3.883 ,8.432 ,16.548,23.571596666666665,87.30254333333332 ,37.430598449707034,86.79801861924986 ,50920.0,10:03:36 AM,1572669216822
1.205 ,6.94 ,12.859,23.571596666666665,87.30254333333332 ,37.430598449707034,86.79801861924986 ,50920.0,10:03:36 AM,1572669216827
0.045 ,2.904 ,10.276,23.571596666666665,87.30254333333332 ,37.430598449707034,86.79801861924986 ,50920.0,10:03:36 AM,1572669216828
-0.824 ,-0.607 ,9.932,23.571596666666665,87.30254333333332 ,37.430598449707034,86.79801861924986 ,50920.0,10:03:36 AM,1572669216835
-4.237 ,-0.66 ,7.711,23.571596666666665,87.30254333333332 ,37.430598449707034,86.79801861924986 ,50920.0,10:03:36 AM,1572669216836
-4.732 ,2.561 ,16.889,23.571695,87.30253166666668 ,38.26445045471191,86.79801861924986 ,50920.0,10:03:36 AM,1572669216839
-6.077 ,5.971 ,22.738,23.571695,87.30253166666668 ,38.26445045471191,86.79801861924986 ,50920.0,10:03:36 AM,1572669216840
-6.53 ,5.83 ,20.838,23.571695,87.30253166666668 ,38.26445045471191,86.79801861924986 ,50920.0,10:03:36 AM,1572669216842
-4.235 ,2.304 ,15.839,23.571695,87.30253166666668 ,38.26445045471191,86.79801861924986 ,50920.0,10:03:36 AM,1572669216842
-2.216 ,-1.156 ,8.714,23.571695,87.30253166666668 ,38.26445045471191,86.79801861924986 ,50920.0,10:03:36 AM,1572669216846
0.99 ,-0.644 ,5.884,23.571695,87.30253166666668 ,38.26445045471191,86.79801861924986 ,50920.0,10:03:36 AM,1572669216847
2.425 ,2.548 ,10.987,23.571695,87.30253166666668 ,38.26445045471191,86.79801861924986 ,50920.0,10:03:36 AM,1572669216852
1.849 ,4.685 ,11.45,23.571695,87.30253166666668 ,38.26445045471191,86.79801861924986 ,50920.0,10:03:36 AM,1572669216853
1.195 ,3.082 ,8.623,23.571695,87.30253166666668 ,38.26445045471191,86.79801861924986 ,50920.0,10:03:36 AM,1572669216857
0.304 ,-2.102 ,5.119,23.571695,87.30253166666668 ,38.26445045471191,86.79801861924986 ,50920.0,10:03:36 AM,1572669216858
-3.635 ,-2.496 ,1.988,23.571695,87.30253166666668 ,38.26445045471191,87.57682172882488 ,50920.0,10:03:36 AM,1572669216862
-3.516 ,2.433 ,14.618,23.571695,87.30253166666668 ,38.26445045471191,87.57682172882488 ,50920.0,10:03:36 AM,1572669216862
-5.646 ,8.405 ,17.131,23.571695,87.30253166666668 ,38.26445045471191,87.57682172882488 ,50920.0,10:03:36 AM,1572669216867
-6.015 ,6.838 ,12.751,23.571695,87.30253166666668 ,38.26445045471191,87.57682172882488 ,50920.0,10:03:36 AM,1572669216868
-4.295 ,0.286 ,6.637,23.571695,87.30253166666668 ,38.26445045471191,87.57682172882488 ,50920.0,10:03:36 AM,1572669216871
-2.78 ,-0.319 ,2.539,23.571695,87.30253166666668 ,38.26445045471191,87.57682172882488 ,50920.0,10:03:36 AM,1572669216873
0.261 ,4.648 ,8.744,23.571695,87.30253166666668 ,38.26445045471191,87.57682172882488 ,50920.0,10:03:36 AM,1572669216877
2.563 ,10.558 ,14.477,23.571695,87.30253166666668 ,38.26445045471191,87.57682172882488 ,50920.0,10:03:36 AM,1572669216877
2.371 ,9.689 ,9.875,23.571695,87.30253166666668 ,38.26445045471191,87.57682172882488 ,50920.0,10:03:36 AM,1572669216881
3.771 ,4.306 ,4.448,23.571695,87.30253166666668 ,38.26445045471191,87.57682172882488 ,50920.0,10:03:36 AM,1572669216881
2.383 ,0.438 ,-0.494,23.571695,87.30253166666668 ,38.26445045471191,87.57682172882488 ,50920.0,10:03:36 AM,1572669216888
1.38 ,3.284 ,3.822,23.571695,87.30253166666668 ,38.26445045471191,87.57682172882488 ,50920.0,10:03:36 AM,1572669216888
0.182 ,8.379 ,12.394,23.571695,87.30253166666668 ,38.26445045471191,87.57682172882488 ,50920.0,10:03:36 AM,1572669216892
-2.519 ,10.026 ,14.559,23.571695,87.30253166666668 ,38.26445045471191,87.57682172882488 ,50920.0,10:03:36 AM,1572669216892
-5.365 ,6.828 ,7.555,23.571695,87.30253166666668 ,38.26445045471191,87.57682172882488 ,50920.0,10:03:36 AM,1572669216896
-3.911 ,1.776 ,5.966,23.571695,87.30253166666668 ,38.26445045471191,87.57682172882488 ,50920.0,10:03:36 AM,1572669216897
-4.973 ,2.285 ,4.682,23.571695,87.30253166666668 ,38.26445045471191,87.57682172882488 ,50920.0,10:03:36 AM,1572669216902
-3.773 ,7.447 ,11.489,23.571695,87.30253166666668 ,38.26445045471191,87.57682172882488 ,50920.0,10:03:36 AM,1572669216902
-1.318 ,11.646 ,20.363,23.571695,87.30253166666668 ,38.26445045471191,87.57682172882488 ,50920.0,10:03:36 AM,1572669216907
-1.743 ,10.514 ,15.64,23.571695,87.30253166666668 ,38.26445045471191,87.57682172882488 ,50920.0,10:03:36 AM,1572669216908
-0.245 ,5.262 ,8.85,23.571695,87.30253166666668 ,38.26445045471191,87.57682172882488 ,50920.0,10:03:36 AM,1572669216911
3.111 ,2.607 ,3.971,23.571695,87.30253166666668 ,38.26445045471191,87.57682172882488 ,50920.0,10:03:36 AM,1572669216912
2.833 ,3.343 ,-0.423,23.571695,87.30253166666668 ,38.26445045471191,87.57682172882488 ,50920.0,10:03:36 AM,1572669216919
4.957 ,6.584 ,8.355,23.571695,87.30253166666668 ,38.26445045471191,87.57682172882488 ,50920.0,10:03:36 AM,1572669216919
2.935 ,9.589 ,8.766,23.571695,87.30253166666668 ,38.26445045471191,87.57682172882488 ,50920.0,10:03:36 AM,1572669216922
-0.158 ,8.484 ,7.985,23.571695,87.30253166666668 ,38.26445045471191,87.57682172882488 ,50920.0,10:03:36 AM,1572669216923
-1.571 ,3.465 ,2.839,23.571695,87.30253166666668 ,38.26445045471191,87.57682172882488 ,50920.0,10:03:36 AM,1572669216927
-5.655 ,-0.398 ,-3.284,23.571695,87.30253166666668 ,38.26445045471191,87.57682172882488 ,50920.0,10:03:36 AM,1572669216928
-6.5 ,2.023 ,0.943,23.571695,87.30253166666668 ,38.26445045471191,87.57682172882488 ,50920.0,10:03:36 AM,1572669216931
-7.495 ,8.43 ,11.084,23.571695,87.30253166666668 ,38.26445045471191,87.57682172882488 ,50920.0,10:03:36 AM,1572669216932
-7.838 ,12.055 ,15.725,23.571695,87.30253166666668 ,38.26445045471191,87.57682172882488 ,50920.0,10:03:36 AM,1572669216937
-6.263 ,8.694 ,9.889,23.571695,87.30253166666668 ,38.26445045471191,87.57682172882488 ,50920.0,10:03:36 AM,1572669216938
-3.459 ,3.001 ,3.838,23.571695,87.30253166666668 ,38.26445045471191,87.57682172882488 ,50920.0,10:03:36 AM,1572669216943
-0.617 ,0.453 ,-0.562,23.571695,87.30253166666668 ,38.26445045471191,87.57682172882488 ,50920.0,10:03:36 AM,1572669216943
2.841 ,3.409 ,4.624,23.571695,87.30253166666668 ,38.26445045471191,87.57682172882488 ,50920.0,10:03:36 AM,1572669216946
5.237 ,7.873 ,12.187,23.571695,87.30253166666668 ,38.26445045471191,87.57682172882488 ,50920.0,10:03:36 AM,1572669216946
5.841 ,8.688 ,13.747,23.571695,87.30253166666668 ,38.26445045471191,87.57682172882488 ,50920.0,10:03:36 AM,1572669216952
6.389 ,3.794 ,10.35,23.571695,87.30253166666668 ,38.26445045471191,87.57682172882488 ,50920.0,10:03:36 AM,1572669216952
1.831 ,-0.35 ,2.118,23.571695,87.30253166666668 ,38.26445045471191,87.57682172882488 ,50920.0,10:03:36 AM,1572669216957
-0.09 ,0.942 ,6.681,23.571695,87.30253166666668 ,38.26445045471191,87.57682172882488 ,50920.0,10:03:36 AM,1572669216957
-3.064 ,4.363 ,14.239,23.571695,87.30253166666668 ,38.26445045471191,87.57682172882488 ,50920.0,10:03:36 AM,1572669216961
-7.692 ,6.985 ,15.431,23.571695,87.30253166666668 ,38.26445045471191,87.57682172882488 ,50920.0,10:03:36 AM,1572669216962
-8.234 ,5.182 ,17.397,23.571695,87.30253166666668 ,38.26445045471191,87.57682172882488 ,50920.0,10:03:36 AM,1572669216970
-7.602 ,1.93 ,14.449,23.571695,87.30253166666668 ,38.26445045471191,87.57682172882488 ,50920.0,10:03:36 AM,1572669216971
-6.549 ,1.574 ,11.704,23.571695,87.30253166666668 ,38.26445045471191,87.57682172882488 ,50920.0,10:03:36 AM,1572669216971
-3.065 ,2.989 ,14.247,23.571695,87.30253166666668 ,38.26445045471191,87.57682172882488 ,50920.0,10:03:36 AM,1572669216972
-0.237 ,3.956 ,13.034,23.571695,87.30253166666668 ,38.26445045471191,87.57682172882488 ,50920.0,10:03:36 AM,1572669216976
2.331 ,2.543 ,6.568,23.571695,87.30253166666668 ,38.26445045471191,87.57682172882488 ,50920.0,10:03:36 AM,1572669216977
5.756 ,0.263 ,7.691,23.571695,87.30253166666668 ,38.26445045471191,87.57682172882488 ,50920.0,10:03:36 AM,1572669216982
4.445 ,1.962 ,5.476,23.571695,87.30253166666668 ,38.26445045471191,87.57682172882488 ,50920.0,10:03:36 AM,1572669216982
3.962 ,5.479 ,10.768,23.571695,87.30253166666668 ,38.26445045471191,87.57682172882488 ,50920.0,10:03:36 AM,1572669216986
0.421 ,6.044 ,9.57,23.571695,87.30253166666668 ,38.26445045471191,87.57682172882488 ,50920.0,10:03:36 AM,1572669216987
-4.534 ,3.948 ,6.567,23.571695,87.30253166666668 ,38.26445045471191,87.57682172882488 ,50920.0,10:03:36 AM,1572669216991
-6.643 ,2.16 ,5.511,23.571695,87.30253166666668 ,38.26445045471191,87.57682172882488 ,50920.0,10:03:36 AM,1572669216992
-7.486 ,3.38 ,8.241,23.571695,87.30253166666668 ,38.26445045471191,87.57682172882488 ,50920.0,10:03:36 AM,1572669216997
-7.395 ,7.012 ,12.411,23.571695,87.30253166666668 ,38.26445045471191,87.57682172882488 ,50920.0,10:03:36 AM,1572669216997
-5.684 ,9.993 ,13.718,23.571695,87.30253166666668 ,38.26445045471191,87.57682172882488 ,50920.0,10:03:37 AM,1572669217002
-1.52 ,8.724 ,13.459,23.571695,87.30253166666668 ,38.26445045471191,87.57682172882488 ,50920.0,10:03:37 AM,1572669217002
-0.175 ,5.147 ,0.862,23.571695,87.30253166666668 ,38.26445045471191,87.57682172882488 ,50920.0,10:03:37 AM,1572669217006
4.439 ,1.253 ,1.588,23.571695,87.30253166666668 ,38.26445045471191,87.57682172882488 ,50920.0,10:03:37 AM,1572669217007
4.982 ,2.326 ,-0.57,23.571695,87.30253166666668 ,38.26445045471191,87.57682172882488 ,50920.0,10:03:37 AM,1572669217011
4.587 ,6.047 ,5.873,23.571695,87.30253166666668 ,38.26445045471191,87.57682172882488 ,50920.0,10:03:37 AM,1572669217011
3.697 ,8.335 ,14.29,23.571695,87.30253166666668 ,38.26445045471191,87.57682172882488 ,50920.0,10:03:37 AM,1572669217018
-0.879 ,6.867 ,11.901,23.571695,87.30253166666668 ,38.26445045471191,87.57682172882488 ,50920.0,10:03:37 AM,1572669217019
-2.524 ,2.676 ,10.351,23.571695,87.30253166666668 ,38.26445045471191,87.57682172882488 ,50920.0,10:03:37 AM,1572669217023
-4.514 ,0.524 ,9.632,23.571695,87.30253166666668 ,38.26445045471191,87.57682172882488 ,50920.0,10:03:37 AM,1572669217024
-6.227 ,3.511 ,11.676,23.571695,87.30253166666668 ,38.26445045471191,87.57682172882488 ,50920.0,10:03:37 AM,1572669217026
-5.057 ,7.309 ,17.428,23.571695,87.30253166666668 ,38.26445045471191,87.57682172882488 ,50920.0,10:03:37 AM,1572669217027
-3.592 ,8.498 ,19.87,23.571695,87.30253166666668 ,38.26445045471191,87.57682172882488 ,50920.0,10:03:37 AM,1572669217031
-3.914 ,6.176 ,10.191,23.571695,87.30253166666668 ,38.26445045471191,87.57682172882488 ,50920.0,10:03:37 AM,1572669217031
0.489 ,2.285 ,6.39,23.571695,87.30253166666668 ,38.26445045471191,87.57682172882488 ,50920.0,10:03:37 AM,1572669217037
1.354 ,1.693 ,0.476,23.571695,87.30253166666668 ,38.26445045471191,87.57682172882488 ,50920.0,10:03:37 AM,1572669217038
3.068 ,4.343 ,4.384,23.571695,87.30253166666668 ,38.26445045471191,87.57682172882488 ,50920.0,10:03:37 AM,1572669217043
4.654 ,9.207 ,12.032,23.571695,87.30253166666668 ,38.26445045471191,87.57682172882488 ,50920.0,10:03:37 AM,1572669217043
1.177 ,9.364 ,10.057,23.571695,87.30253166666668 ,38.26445045471191,87.57682172882488 ,50920.0,10:03:37 AM,1572669217046
1.099 ,4.436 ,4.956,23.571695,87.30253166666668 ,38.26445045471191,87.57682172882488 ,50920.0,10:03:37 AM,1572669217046
-1.017 ,-1.018 ,-1.044,23.571695,87.30253166666668 ,38.26445045471191,87.57682172882488 ,50920.0,10:03:37 AM,1572669217051
-2.599 ,0.343 ,2.158,23.571695,87.30253166666668 ,38.26445045471191,87.57682172882488 ,50920.0,10:03:37 AM,1572669217052
-3.736 ,7.652 ,11.863,23.571695,87.30253166666668 ,38.26445045471191,87.57682172882488 ,50920.0,10:03:37 AM,1572669217056
-4.398 ,12.682 ,21.2,23.571695,87.30253166666668 ,38.26445045471191,87.57682172882488 ,50920.0,10:03:37 AM,1572669217057
-6.43 ,9.492 ,11.535,23.571695,87.30253166666668 ,38.26445045471191,87.57682172882488 ,50920.0,10:03:37 AM,1572669217061
-5.473 ,2.628 ,4.967,23.571695,87.30253166666668 ,38.26445045471191,87.57682172882488 ,50920.0,10:03:37 AM,1572669217061
-3.768 ,0.49 ,0.687,23.571695,87.30253166666668 ,38.26445045471191,87.57682172882488 ,50920.0,10:03:37 AM,1572669217068
-1.175 ,4.871 ,3.201,23.571695,87.30253166666668 ,38.26445045471191,87.57682172882488 ,50920.0,10:03:37 AM,1572669217073
