x,y,z,latitude,longitude,speed,sound,light,time,timestamp
-3.475 ,0.185 ,19.477,23.552858333333333,87.29733 ,37.22120933532715,83.6900337094919 ,50920.0,09:59:23 AM,1572668963140
-0.91 ,2.248 ,22.453,23.552858333333333,87.29733 ,37.22120933532715,83.6900337094919 ,50920.0,09:59:23 AM,1572668963141
0.023 ,1.946 ,17.211,23.552858333333333,87.29733 ,37.22120933532715,83.6900337094919 ,50920.0,09:59:23 AM,1572668963149
1.263 ,-1.392 ,13.585,23.552858333333333,87.29733 ,37.22120933532715,83.6900337094919 ,50920.0,09:59:23 AM,1572668963150
1.863 ,-0.738 ,9.206,23.552858333333333,87.29733 ,37.22120933532715,83.6900337094919 ,50920.0,09:59:23 AM,1572668963150
0.803 ,1.279 ,12.338,23.552858333333333,87.29733 ,37.22120933532715,83.6900337094919 ,50920.0,09:59:23 AM,1572668963151
0.169 ,4.586 ,15.32,23.552858333333333,87.29733 ,37.22120933532715,83.6900337094919 ,50920.0,09:59:23 AM,1572668963155
-2.311 ,4.623 ,12.2,23.552858333333333,87.29733 ,37.22120933532715,83.6900337094919 ,50920.0,09:59:23 AM,1572668963156
-3.169 ,2.369 ,8.307,23.552858333333333,87.29733 ,37.22120933532715,83.6900337094919 ,50920.0,09:59:23 AM,1572668963160
-3.464 ,2.557 ,5.317,23.552858333333333,87.29733 ,37.22120933532715,83.6900337094919 ,50920.0,09:59:23 AM,1572668963160
-3.385 ,3.65 ,4.385,23.552858333333333,87.29733 ,37.22120933532715,83.6900337094919 ,50920.0,09:59:23 AM,1572668963165
-1.866 ,5.697 ,4.995,23.552858333333333,87.29733 ,37.22120933532715,83.6900337094919 ,50920.0,09:59:23 AM,1572668963166
-0.792 ,5.314 ,3.375,23.552858333333333,87.29733 ,37.22120933532715,83.6900337094919 ,50920.0,09:59:23 AM,1572668963170
-0.448 ,3.996 ,2.406,23.552858333333333,87.29733 ,37.22120933532715,83.6900337094919 ,50920.0,09:59:23 AM,1572668963171
0.735 ,5.175 ,4.411,23.552858333333333,87.29733 ,37.22120933532715,83.6900337094919 ,50920.0,09:59:23 AM,1572668963174
-1.001 ,6.52 ,7.815,23.552858333333333,87.29733 ,37.22120933532715,83.6900337094919 ,50920.0,09:59:23 AM,1572668963175
-1.84 ,6.769 ,11.962,23.552858333333333,87.29733 ,37.22120933532715,83.6900337094919 ,50920.0,09:59:23 AM,1572668963181
-3.509 ,5.699 ,11.033,23.552858333333333,87.29733 ,37.22120933532715,83.6900337094919 ,50920.0,09:59:23 AM,1572668963182
-4.437 ,3.199 ,10.29,23.552858333333333,87.29733 ,37.22120933532715,83.6900337094919 ,50920.0,09:59:23 AM,1572668963185
-3.179 ,3.776 ,10.675,23.552858333333333,87.29733 ,37.22120933532715,83.6900337094919 ,50920.0,09:59:23 AM,1572668963186
-3.708 ,3.554 ,9.952,23.552858333333333,87.29733 ,37.22120933532715,83.6900337094919 ,50920.0,09:59:23 AM,1572668963189
-0.436 ,4.274 ,12.211,23.552858333333333,87.29733 ,37.22120933532715,83.6900337094919 ,50920.0,09:59:23 AM,1572668963190
-0.145 ,3.711 ,8.409,23.552858333333333,87.29733 ,37.22120933532715,83.6900337094919 ,50920.0,09:59:23 AM,1572668963197
1.857 ,2.276 ,11.04,23.552858333333333,87.29733 ,37.22120933532715,83.6900337094919 ,50920.0,09:59:23 AM,1572668963198
2.994 ,4.327 ,12.218,23.552858333333333,87.29733 ,37.22120933532715,83.6900337094919 ,50920.0,09:59:23 AM,1572668963199
2.177 ,4.911 ,16.026,23.552858333333333,87.29733 ,37.22120933532715,83.6900337094919 ,50920.0,09:59:23 AM,1572668963200
1.961 ,6.15 ,17.885,23.552858333333333,87.29733 ,37.22120933532715,83.6900337094919 ,50920.0,09:59:23 AM,1572668963204
0.315 ,5.575 ,15.447,23.552858333333333,87.29733 ,37.22120933532715,83.6900337094919 ,50920.0,09:59:23 AM,1572668963205
-0.813 ,3.899 ,9.657,23.552858333333333,87.29733 ,37.22120933532715,83.6900337094919 ,50920.0,09:59:23 AM,1572668963209
-1.321 ,4.313 ,4.878,23.552858333333333,87.29733 ,37.22120933532715,83.6900337094919 ,50920.0,09:59:23 AM,1572668963209
-2.541 ,4.127 ,1.343,23.552858333333333,87.29733 ,37.22120933532715,83.6900337094919 ,50920.0,09:59:23 AM,1572668963214
-1.286 ,6.322 ,2.578,23.552858333333333,87.29733 ,37.22120933532715,83.6900337094919 ,50920.0,09:59:23 AM,1572668963215
-0.927 ,7.814 ,1.446,23.552858333333333,87.29733 ,37.22120933532715,83.6900337094919 ,50920.0,09:59:23 AM,1572668963220
-0.312 ,8.424 ,3.31,23.552858333333333,87.29733 ,37.22120933532715,83.6900337094919 ,50920.0,09:59:23 AM,1572668963221
0.931 ,10.32 ,4.179,23.552858333333333,87.29733 ,37.22120933532715,83.6900337094919 ,50920.0,09:59:23 AM,1572668963226
0.324 ,9.425 ,2.466,23.552858333333333,87.29733 ,37.22120933532715,83.6900337094919 ,50920.0,09:59:23 AM,1572668963227
0.515 ,7.846 ,0.366,23.552858333333333,87.29733 ,37.22120933532715,83.6900337094919 ,50920.0,09:59:23 AM,1572668963232
-0.555 ,5.202 ,-3.241,23.552858333333333,87.29733 ,37.22120933532715,83.6900337094919 ,50920.0,09:59:23 AM,1572668963232
-0.574 ,3.375 ,-2.965,23.552858333333333,87.29733 ,37.22120933532715,83.6900337094919 ,50920.0,09:59:23 AM,1572668963235
-0.067 ,5.017 ,0.008,23.552858333333333,87.29733 ,37.22120933532715,83.6900337094919 ,50920.0,09:59:23 AM,1572668963236
-1.51 ,6.711 ,4.372,23.552858333333333,87.29733 ,37.22120933532715,83.6900337094919 ,50920.0,09:59:23 AM,1572668963241
1.002 ,8.727 ,12.928,23.552858333333333,87.29733 ,37.22120933532715,83.6900337094919 ,50920.0,09:59:23 AM,1572668963241
-0.858 ,7.467 ,8.799,23.552858333333333,87.29733 ,37.22120933532715,83.6900337094919 ,50920.0,09:59:23 AM,1572668963248
0.809 ,4.91 ,10.354,23.552858333333333,87.29733 ,37.22120933532715,83.6900337094919 ,50920.0,09:59:23 AM,1572668963248
0.712 ,4.055 ,8.798,23.552858333333333,87.29733 ,37.22120933532715,83.6900337094919 ,50920.0,09:59:23 AM,1572668963249
-0.577 ,3.428 ,12.16,23.552858333333333,87.29733 ,37.22120933532715,83.6900337094919 ,50920.0,09:59:23 AM,1572668963250
-0.004 ,4.31 ,17.571,23.552858333333333,87.29733 ,37.22120933532715,83.6900337094919 ,50920.0,09:59:23 AM,1572668963254
-1.893 ,4.173 ,18.38,23.552858333333333,87.29733 ,37.22120933532715,83.6900337094919 ,50920.0,09:59:23 AM,1572668963254
-1.111 ,2.123 ,19.059,23.552858333333333,87.29733 ,37.22120933532715,83.6900337094919 ,50920.0,09:59:23 AM,1572668963259
-2.145 ,1.337 ,12.037,23.552858333333333,87.29733 ,37.22120933532715,83.6900337094919 ,50920.0,09:59:23 AM,1572668963259
-2.18 ,0.653 ,10.749,23.552858333333333,87.29733 ,37.22120933532715,83.6900337094919 ,50920.0,09:59:23 AM,1572668963266
-0.31 ,4.351 ,11.013,23.552858333333333,87.29733 ,37.22120933532715,83.6900337094919 ,50920.0,09:59:23 AM,1572668963267
-0.771 ,5.747 ,6.825,23.552858333333333,87.29733 ,37.22120933532715,83.6900337094919 ,50920.0,09:59:23 AM,1572668963270
0.719 ,5.745 ,5.352,23.552858333333333,87.29733 ,37.22120933532715,83.6900337094919 ,50920.0,09:59:23 AM,1572668963271
0.718 ,6.128 ,3.797,23.552858333333333,87.29733 ,37.22120933532715,83.6900337094919 ,50920.0,09:59:23 AM,1572668963274
0.117 ,6.187 ,6.547,23.552858333333333,87.29733 ,37.22120933532715,83.6900337094919 ,50920.0,09:59:23 AM,1572668963274
-0.021 ,8.88 ,8.431,23.552858333333333,87.29733 ,37.22120933532715,83.6900337094919 ,50920.0,09:59:23 AM,1572668963281
-1.245 ,7.66 ,8.708,23.552858333333333,87.29733 ,37.22120933532715,83.6900337094919 ,50920.0,09:59:23 AM,1572668963281
-1.382 ,4.94 ,5.295,23.552858333333333,87.29733 ,37.22120933532715,83.6900337094919 ,50920.0,09:59:23 AM,1572668963285
-1.51 ,2.996 ,0.761,23.552858333333333,87.29733 ,37.22120933532715,83.6900337094919 ,50920.0,09:59:23 AM,1572668963286
-1.861 ,3.633 ,1.693,23.552858333333333,87.29733 ,37.22120933532715,83.6900337094919 ,50920.0,09:59:23 AM,1572668963290
0.228 ,6.755 ,6.643,23.552858333333333,87.29733 ,37.22120933532715,83.6900337094919 ,50920.0,09:59:23 AM,1572668963291
-2.133 ,5.764 ,4.11,23.552858333333333,87.29733 ,37.22120933532715,83.6900337094919 ,50920.0,09:59:23 AM,1572668963294
-0.619 ,4.652 ,7.714,23.552858333333333,87.29733 ,37.22120933532715,83.6900337094919 ,50920.0,09:59:23 AM,1572668963294
-1.984 ,4.447 ,9.505,23.552858333333333,87.29733 ,37.22120933532715,83.6900337094919 ,50920.0,09:59:23 AM,1572668963300
-3.679 ,4.984 ,14.6,23.552858333333333,87.29733 ,37.22120933532715,83.6900337094919 ,50920.0,09:59:23 AM,1572668963301
-3.556 ,5.481 ,17.907,23.552858333333333,87.29733 ,37.22120933532715,83.6900337094919 ,50920.0,09:59:23 AM,1572668963304
-5.191 ,1.602 ,15.496,23.552858333333333,87.29733 ,37.22120933532715,83.6900337094919 ,50920.0,09:59:23 AM,1572668963305
-3.044 ,-0.943 ,14.813,23.552858333333333,87.29733 ,37.22120933532715,83.6900337094919 ,50920.0,09:59:23 AM,1572668963309
-3.16 ,-0.555 ,11.452,23.552858333333333,87.29733 ,37.22120933532715,83.6900337094919 ,50920.0,09:59:23 AM,1572668963310
-1.365 ,1.732 ,17.403,23.552858333333333,87.29733 ,37.22120933532715,83.6900337094919 ,50920.0,09:59:23 AM,1572668963315
0.937 ,5.407 ,19.578,23.552858333333333,87.29733 ,37.22120933532715,83.6900337094919 ,50920.0,09:59:23 AM,1572668963315
0.548 ,3.294 ,14.195,23.552858333333333,87.29733 ,37.22120933532715,83.6900337094919 ,50920.0,09:59:23 AM,1572668963319
2.528 ,1.819 ,11.476,23.552858333333333,87.29733 ,37.22120933532715,83.6900337094919 ,50920.0,09:59:23 AM,1572668963320
1.229 ,2.73 ,11.14,23.552858333333333,87.29733 ,37.22120933532715,83.6900337094919 ,50920.0,09:59:23 AM,1572668963325
0.943 ,5.359 ,16.296,23.552858333333333,87.29733 ,37.22120933532715,83.6900337094919 ,50920.0,09:59:23 AM,1572668963325
-0.157 ,8.011 ,15.12,23.552858333333333,87.29733 ,37.22120933532715,83.6900337094919 ,50920.0,09:59:23 AM,1572668963330
-1.077 ,3.747 ,12.384,23.552858333333333,87.29733 ,37.22120933532715,83.6900337094919 ,50920.0,09:59:23 AM,1572668963331
-1.031 ,1.54 ,5.922,23.552858333333333,87.29733 ,37.22120933532715,83.6900337094919 ,50920.0,09:59:23 AM,1572668963334
-2.331 ,2.072 ,3.882,23.552858333333333,87.29733 ,37.22120933532715,83.6900337094919 ,50920.0,09:59:23 AM,1572668963335
-1.679 ,6.04 ,7.792,23.552858333333333,87.29733 ,37.22120933532715,83.6900337094919 ,50920.0,09:59:23 AM,1572668963340
-2.083 ,8.921 ,7.629,23.552858333333333,87.29733 ,37.22120933532715,83.6900337094919 ,50920.0,09:59:23 AM,1572668963340
-3.04 ,5.284 ,3.215,23.552858333333333,87.29733 ,37.22120933532715,83.6900337094919 ,50920.0,09:59:23 AM,1572668963343
-2.353 ,4.321 ,-0.702,23.552858333333333,87.29733 ,37.22120933532715,83.6900337094919 ,50920.0,09:59:23 AM,1572668963344
-2.556 ,5.873 ,1.598,23.552858333333333,87.29733 ,37.22120933532715,83.6900337094919 ,50920.0,09:59:23 AM,1572668963351
-2.01 ,8.584 ,6.387,23.552858333333333,87.29733 ,37.22120933532715,83.6900337094919 ,50920.0,09:59:23 AM,1572668963351
-1.03 ,8.211 ,4.224,23.552858333333333,87.29733 ,37.22120933532715,83.6900337094919 ,50920.0,09:59:23 AM,1572668963355
-1.037 ,4.577 ,0.069,23.552858333333333,87.29733 ,37.22120933532715,83.6900337094919 ,50920.0,09:59:23 AM,1572668963355
1.499 ,3.869 ,1.011,23.552858333333333,87.29733 ,37.22120933532715,83.6900337094919 ,50920.0,09:59:23 AM,1572668963360
-0.246 ,5.9 ,-0.31,23.552858333333333,87.29733 ,37.22120933532715,83.6900337094919 ,50920.0,09:59:23 AM,1572668963360
1.803 ,7.206 ,4.732,23.552858333333333,87.29733 ,37.22120933532715,83.6900337094919 ,50920.0,09:59:23 AM,1572668963366
1.677 ,7.518 ,4.405,23.552858333333333,87.29733 ,37.22120933532715,83.6900337094919 ,50920.0,09:59:23 AM,1572668963366
0.318 ,6.033 ,2.286,23.552858333333333,87.29733 ,37.22120933532715,83.6900337094919 ,50920.0,09:59:23 AM,1572668963370
2.479 ,8.505 ,6.347,23.552858333333333,87.29733 ,37.22120933532715,83.6900337094919 ,50920.0,09:59:23 AM,1572668963370
0.61 ,10.631 ,8.15,23.552858333333333,87.29733 ,37.22120933532715,83.6900337094919 ,50920.0,09:59:23 AM,1572668963374
2.076 ,10.688 ,14.172,23.552858333333333,87.29733 ,37.22120933532715,83.6900337094919 ,50920.0,09:59:23 AM,1572668963375
0.482 ,8.472 ,7.859,23.552858333333333,87.29733 ,37.22120933532715,83.6900337094919 ,50920.0,09:59:23 AM,1572668963380
1.014 ,4.154 ,7.033,23.552858333333333,87.29733 ,37.22120933532715,83.6900337094919 ,50920.0,09:59:23 AM,1572668963380
2.353 ,3.709 ,6.634,23.552858333333333,87.29733 ,37.22120933532715,83.6900337094919 ,50920.0,09:59:23 AM,1572668963384
0.93 ,3.488 ,8.324,23.552858333333333,87.29733 ,37.22120933532715,83.6900337094919 ,50920.0,09:59:23 AM,1572668963384
