x,y,z,latitude,longitude,speed,sound,light,time,timestamp
-0.713 ,1.754 ,16.676,23.551221666666667,87.29611500000001 ,25.432424354553223,84.9130439245431 ,50920.0,09:58:58 AM,1572668938713
2.323 ,-2.348 ,10.838,23.551221666666667,87.29611500000001 ,25.432424354553223,84.9130439245431 ,50920.0,09:58:58 AM,1572668938713
3.056 ,-1.387 ,6.359,23.551221666666667,87.29611500000001 ,25.432424354553223,84.9130439245431 ,50920.0,09:58:58 AM,1572668938717
3.767 ,2.025 ,7.914,23.551221666666667,87.29611500000001 ,25.432424354553223,84.9130439245431 ,50920.0,09:58:58 AM,1572668938718
3.853 ,3.869 ,10.822,23.551221666666667,87.29611500000001 ,25.432424354553223,84.9130439245431 ,50920.0,09:58:58 AM,1572668938724
1.386 ,2.967 ,8.901,23.551221666666667,87.29611500000001 ,25.432424354553223,84.9130439245431 ,50920.0,09:58:58 AM,1572668938724
-1.31 ,1.646 ,7.108,23.551221666666667,87.29611500000001 ,25.432424354553223,84.9130439245431 ,50920.0,09:58:58 AM,1572668938734
-3.094 ,0.834 ,6.638,23.551221666666667,87.29611500000001 ,25.432424354553223,84.9130439245431 ,50920.0,09:58:58 AM,1572668938734
-5.507 ,0.087 ,4.377,23.551221666666667,87.29611500000001 ,25.432424354553223,84.9130439245431 ,50920.0,09:58:58 AM,1572668938735
-6.254 ,-0.507 ,8.121,23.551221666666667,87.29611500000001 ,25.432424354553223,84.9130439245431 ,50920.0,09:58:58 AM,1572668938735
-5.603 ,0.0 ,13.18,23.551221666666667,87.29611500000001 ,25.432424354553223,84.9130439245431 ,50920.0,09:58:58 AM,1572668938736
-5.033 ,2.57 ,16.593,23.551221666666667,87.29611500000001 ,25.432424354553223,84.9130439245431 ,50920.0,09:58:58 AM,1572668938736
-4.275 ,4.525 ,20.163,23.551221666666667,87.29611500000001 ,25.432424354553223,84.9130439245431 ,50920.0,09:58:58 AM,1572668938744
-3.506 ,2.752 ,19.647,23.551221666666667,87.29611500000001 ,25.432424354553223,84.9130439245431 ,50920.0,09:58:58 AM,1572668938745
-2.264 ,-0.368 ,13.044,23.551221666666667,87.29611500000001 ,25.432424354553223,84.9130439245431 ,50920.0,09:58:58 AM,1572668938748
-1.374 ,-0.955 ,10.89,23.551221666666667,87.29611500000001 ,25.432424354553223,84.9130439245431 ,50920.0,09:58:58 AM,1572668938748
0.222 ,1.983 ,14.155,23.551221666666667,87.29611500000001 ,25.432424354553223,84.9130439245431 ,50920.0,09:58:58 AM,1572668938753
1.275 ,5.656 ,15.466,23.551221666666667,87.29611500000001 ,25.432424354553223,84.9130439245431 ,50920.0,09:58:58 AM,1572668938754
1.575 ,7.585 ,16.972,23.551221666666667,87.29611500000001 ,25.432424354553223,84.9130439245431 ,50920.0,09:58:58 AM,1572668938757
1.945 ,6.7 ,14.716,23.551221666666667,87.29611500000001 ,25.432424354553223,84.9130439245431 ,50920.0,09:58:58 AM,1572668938758
1.245 ,4.448 ,8.382,23.551221666666667,87.29611500000001 ,25.432424354553223,84.9130439245431 ,50920.0,09:58:58 AM,1572668938763
-0.905 ,2.456 ,2.447,23.551221666666667,87.29611500000001 ,25.432424354553223,84.9130439245431 ,50920.0,09:58:58 AM,1572668938764
-0.785 ,2.276 ,4.019,23.551221666666667,87.29611500000001 ,25.432424354553223,84.9130439245431 ,50920.0,09:58:58 AM,1572668938766
-1.572 ,4.594 ,5.959,23.551221666666667,87.29611500000001 ,25.432424354553223,84.9130439245431 ,50920.0,09:58:58 AM,1572668938767
-3.0 ,7.804 ,6.998,23.551221666666667,87.29611500000001 ,25.432424354553223,84.9130439245431 ,50920.0,09:58:58 AM,1572668938771
-2.426 ,10.027 ,9.992,23.551221666666667,87.29611500000001 ,25.432424354553223,84.9130439245431 ,50920.0,09:58:58 AM,1572668938771
-2.89 ,8.613 ,4.47,23.551221666666667,87.29611500000001 ,25.432424354553223,84.9130439245431 ,50920.0,09:58:58 AM,1572668938778
-2.791 ,6.493 ,-1.19,23.551221666666667,87.29611500000001 ,25.432424354553223,84.9130439245431 ,50920.0,09:58:58 AM,1572668938778
-1.467 ,6.415 ,-1.363,23.551221666666667,87.29611500000001 ,25.432424354553223,84.9130439245431 ,50920.0,09:58:58 AM,1572668938781
-0.624 ,8.345 ,2.367,23.551221666666667,87.29611500000001 ,25.432424354553223,84.9130439245431 ,50920.0,09:58:58 AM,1572668938782
0.103 ,10.368 ,6.942,23.551221666666667,87.29611500000001 ,25.432424354553223,84.9130439245431 ,50920.0,09:58:58 AM,1572668938786
0.558 ,11.054 ,8.079,23.551221666666667,87.29611500000001 ,25.432424354553223,84.9130439245431 ,50920.0,09:58:58 AM,1572668938787
1.411 ,9.44 ,4.241,23.551221666666667,87.29611500000001 ,25.432424354553223,84.9130439245431 ,50920.0,09:58:58 AM,1572668938791
1.155 ,6.812 ,-1.664,23.551221666666667,87.29611500000001 ,25.432424354553223,84.9130439245431 ,50920.0,09:58:58 AM,1572668938792
1.105 ,5.978 ,-3.269,23.551221666666667,87.29611500000001 ,25.432424354553223,84.9130439245431 ,50920.0,09:58:58 AM,1572668938797
0.813 ,8.134 ,-0.71,23.551221666666667,87.29611500000001 ,25.432424354553223,84.9130439245431 ,50920.0,09:58:58 AM,1572668938797
0.835 ,10.987 ,4.153,23.551221666666667,87.29611500000001 ,25.432424354553223,84.9130439245431 ,50920.0,09:58:58 AM,1572668938802
0.297 ,12.798 ,3.616,23.551221666666667,87.29611500000001 ,25.432424354553223,84.9130439245431 ,50920.0,09:58:58 AM,1572668938803
-0.305 ,11.883 ,0.171,23.551221666666667,87.29611500000001 ,25.432424354553223,84.9130439245431 ,50920.0,09:58:58 AM,1572668938806
0.719 ,9.19 ,-3.582,23.551221666666667,87.29611500000001 ,25.432424354553223,84.9130439245431 ,50920.0,09:58:58 AM,1572668938807
1.169 ,8.735 ,-3.811,23.551221666666667,87.29611500000001 ,25.432424354553223,84.9130439245431 ,50920.0,09:58:58 AM,1572668938811
1.913 ,9.399 ,0.96,23.551221666666667,87.29611500000001 ,25.432424354553223,84.9130439245431 ,50920.0,09:58:58 AM,1572668938812
2.935 ,11.16 ,7.758,23.551221666666667,87.29611500000001 ,25.432424354553223,84.9130439245431 ,50920.0,09:58:58 AM,1572668938817
2.232 ,10.103 ,8.215,23.551221666666667,87.29611500000001 ,25.432424354553223,84.9130439245431 ,50920.0,09:58:58 AM,1572668938817
2.272 ,6.532 ,5.738,23.551221666666667,87.29611500000001 ,25.432424354553223,84.9130439245431 ,50920.0,09:58:58 AM,1572668938821
1.069 ,2.122 ,0.956,23.551221666666667,87.29611500000001 ,25.432424354553223,84.9130439245431 ,50920.0,09:58:58 AM,1572668938822
-0.35 ,0.804 ,2.717,23.551221666666667,87.29611500000001 ,25.432424354553223,84.9130439245431 ,50920.0,09:58:58 AM,1572668938829
-0.722 ,3.685 ,9.141,23.551221666666667,87.29611500000001 ,25.432424354553223,84.9130439245431 ,50920.0,09:58:58 AM,1572668938829
-1.734 ,6.586 ,15.626,23.551221666666667,87.29611500000001 ,25.432424354553223,84.9130439245431 ,50920.0,09:58:58 AM,1572668938831
-2.377 ,7.265 ,17.871,23.551221666666667,87.29611500000001 ,25.432424354553223,84.9130439245431 ,50920.0,09:58:58 AM,1572668938831
-1.755 ,4.829 ,13.981,23.551221666666667,87.29611500000001 ,25.432424354553223,84.9130439245431 ,50920.0,09:58:58 AM,1572668938836
-0.731 ,0.995 ,7.314,23.551221666666667,87.29611500000001 ,25.432424354553223,84.9130439245431 ,50920.0,09:58:58 AM,1572668938837
0.884 ,-0.581 ,4.79,23.551221666666667,87.29611500000001 ,25.432424354553223,84.9130439245431 ,50920.0,09:58:58 AM,1572668938841
1.988 ,0.852 ,8.79,23.551221666666667,87.29611500000001 ,25.432424354553223,84.9130439245431 ,50920.0,09:58:58 AM,1572668938842
2.448 ,3.888 ,15.798,23.551283333333338,87.29613666666667 ,24.661577224731445,84.9130439245431 ,50920.0,09:58:58 AM,1572668938848
1.192 ,5.175 ,16.407,23.551283333333338,87.29613666666667 ,24.661577224731445,84.9130439245431 ,50920.0,09:58:58 AM,1572668938848
-0.099 ,2.232 ,9.573,23.551283333333338,87.29613666666667 ,24.661577224731445,84.9130439245431 ,50920.0,09:58:58 AM,1572668938851
-2.218 ,-1.49 ,1.271,23.551283333333338,87.29613666666667 ,24.661577224731445,84.9130439245431 ,50920.0,09:58:58 AM,1572668938852
-3.558 ,-1.647 ,-0.865,23.551283333333338,87.29613666666667 ,24.661577224731445,84.9130439245431 ,50920.0,09:58:58 AM,1572668938856
-3.964 ,2.11 ,2.818,23.551283333333338,87.29613666666667 ,24.661577224731445,84.9130439245431 ,50920.0,09:58:58 AM,1572668938856
-4.079 ,6.156 ,8.38,23.551283333333338,87.29613666666667 ,24.661577224731445,84.9130439245431 ,50920.0,09:58:58 AM,1572668938861
-4.473 ,6.732 ,10.979,23.551283333333338,87.29613666666667 ,24.661577224731445,84.9130439245431 ,50920.0,09:58:58 AM,1572668938862
-4.211 ,4.046 ,6.619,23.551283333333338,87.29613666666667 ,24.661577224731445,84.9130439245431 ,50920.0,09:58:58 AM,1572668938865
-2.089 ,0.33 ,2.971,23.551283333333338,87.29613666666667 ,24.661577224731445,84.9130439245431 ,50920.0,09:58:58 AM,1572668938866
-0.559 ,-0.581 ,3.355,23.551283333333338,87.29613666666667 ,24.661577224731445,84.9130439245431 ,50920.0,09:58:58 AM,1572668938871
0.525 ,1.991 ,8.525,23.551283333333338,87.29613666666667 ,24.661577224731445,84.9130439245431 ,50920.0,09:58:58 AM,1572668938871
2.362 ,5.424 ,17.561,23.551283333333338,87.29613666666667 ,24.661577224731445,84.9130439245431 ,50920.0,09:58:58 AM,1572668938877
0.963 ,7.354 ,20.218,23.551283333333338,87.29613666666667 ,24.661577224731445,84.9130439245431 ,50920.0,09:58:58 AM,1572668938877
-0.607 ,6.13 ,16.062,23.551283333333338,87.29613666666667 ,24.661577224731445,84.9130439245431 ,50920.0,09:58:58 AM,1572668938881
-1.42 ,2.34 ,9.407,23.551283333333338,87.29613666666667 ,24.661577224731445,84.9130439245431 ,50920.0,09:58:58 AM,1572668938881
-4.583 ,-0.031 ,3.043,23.551283333333338,87.29613666666667 ,24.661577224731445,84.9130439245431 ,50920.0,09:58:58 AM,1572668938886
-4.375 ,2.141 ,7.756,23.551283333333338,87.29613666666667 ,24.661577224731445,84.9130439245431 ,50920.0,09:58:58 AM,1572668938886
-3.539 ,6.732 ,14.63,23.551283333333338,87.29613666666667 ,24.661577224731445,84.9130439245431 ,50920.0,09:58:58 AM,1572668938891
-2.87 ,9.856 ,18.582,23.551283333333338,87.29613666666667 ,24.661577224731445,84.9130439245431 ,50920.0,09:58:58 AM,1572668938892
-1.172 ,9.912 ,17.211,23.551283333333338,87.29613666666667 ,24.661577224731445,84.9130439245431 ,50920.0,09:58:58 AM,1572668938896
0.602 ,6.63 ,9.347,23.551283333333338,87.29613666666667 ,24.661577224731445,84.9130439245431 ,50920.0,09:58:58 AM,1572668938897
2.025 ,4.421 ,2.716,23.551283333333338,87.29613666666667 ,24.661577224731445,84.9130439245431 ,50920.0,09:58:58 AM,1572668938901
2.814 ,4.935 ,1.548,23.551283333333338,87.29613666666667 ,24.661577224731445,84.9130439245431 ,50920.0,09:58:58 AM,1572668938902
2.85 ,7.263 ,4.995,23.551283333333338,87.29613666666667 ,24.661577224731445,84.9130439245431 ,50920.0,09:58:58 AM,1572668938905
1.958 ,10.058 ,8.144,23.551283333333338,87.29613666666667 ,24.661577224731445,84.9130439245431 ,50920.0,09:58:58 AM,1572668938906
0.53 ,10.236 ,8.811,23.551283333333338,87.29613666666667 ,24.661577224731445,84.9130439245431 ,50920.0,09:58:58 AM,1572668938911
-0.567 ,7.573 ,5.641,23.551283333333338,87.29613666666667 ,24.661577224731445,84.9130439245431 ,50920.0,09:58:58 AM,1572668938912
-3.169 ,4.729 ,1.41,23.551283333333338,87.29613666666667 ,24.661577224731445,84.9130439245431 ,50920.0,09:58:58 AM,1572668938916
-3.718 ,3.63 ,6.237,23.551283333333338,87.29613666666667 ,24.661577224731445,84.9130439245431 ,50920.0,09:58:58 AM,1572668938917
-3.392 ,5.11 ,13.914,23.551283333333338,87.29613666666667 ,24.661577224731445,84.9130439245431 ,50920.0,09:58:58 AM,1572668938921
-4.273 ,6.165 ,18.299,23.551283333333338,87.29613666666667 ,24.661577224731445,84.9130439245431 ,50920.0,09:58:58 AM,1572668938921
-3.5 ,5.561 ,19.706,23.551283333333338,87.29613666666667 ,24.661577224731445,84.9130439245431 ,50920.0,09:58:58 AM,1572668938927
-2.912 ,2.636 ,16.171,23.551283333333338,87.29613666666667 ,24.661577224731445,84.9130439245431 ,50920.0,09:58:58 AM,1572668938928
-2.615 ,-0.597 ,11.545,23.551283333333338,87.29613666666667 ,24.661577224731445,84.9130439245431 ,50920.0,09:58:58 AM,1572668938931
-1.88 ,-0.454 ,10.598,23.551283333333338,87.29613666666667 ,24.661577224731445,84.9130439245431 ,50920.0,09:58:58 AM,1572668938931
-0.708 ,1.711 ,15.443,23.551283333333338,87.29613666666667 ,24.661577224731445,84.9130439245431 ,50920.0,09:58:58 AM,1572668938937
-0.138 ,4.532 ,17.467,23.551283333333338,87.29613666666667 ,24.661577224731445,84.9130439245431 ,50920.0,09:58:58 AM,1572668938937
-0.824 ,5.825 ,14.534,23.551283333333338,87.29613666666667 ,24.661577224731445,82.39828626073775 ,50920.0,09:58:58 AM,1572668938941
-0.033 ,3.905 ,9.085,23.551283333333338,87.29613666666667 ,24.661577224731445,82.39828626073775 ,50920.0,09:58:58 AM,1572668938942
-1.442 ,0.825 ,-2.189,23.551283333333338,87.29613666666667 ,24.661577224731445,82.39828626073775 ,50920.0,09:58:58 AM,1572668938947
-1.518 ,-0.683 ,-4.421,23.551283333333338,87.29613666666667 ,24.661577224731445,82.39828626073775 ,50920.0,09:58:58 AM,1572668938947
-1.28 ,2.153 ,-1.164,23.551283333333338,87.29613666666667 ,24.661577224731445,82.39828626073775 ,50920.0,09:58:58 AM,1572668938951
-1.195 ,7.149 ,5.829,23.551283333333338,87.29613666666667 ,24.661577224731445,82.39828626073775 ,50920.0,09:58:58 AM,1572668938951
0.128 ,11.292 ,12.112,23.551283333333338,87.29613666666667 ,24.661577224731445,82.39828626073775 ,50920.0,09:58:58 AM,1572668938956
0.499 ,10.275 ,7.918,23.551283333333338,87.29613666666667 ,24.661577224731445,82.39828626073775 ,50920.0,09:58:58 AM,1572668938956
