x,y,z,latitude,longitude,speed,sound,light,time,timestamp
-6.126 ,7.551 ,7.974,23.566036666666665,87.29879166666666 ,47.50536003112793,88.22692473144174 ,50920.0,10:01:43 AM,1572669103193
-1.986 ,3.988 ,17.543,23.566036666666665,87.29879166666666 ,47.50536003112793,88.22692473144174 ,50920.0,10:01:43 AM,1572669103194
-3.566 ,4.248 ,6.117,23.566036666666665,87.29879166666666 ,47.50536003112793,88.22692473144174 ,50920.0,10:01:43 AM,1572669103197
1.494 ,4.282 ,12.49,23.566036666666665,87.29879166666666 ,47.50536003112793,88.22692473144174 ,50920.0,10:01:43 AM,1572669103198
1.327 ,5.893 ,6.976,23.566036666666665,87.29879166666666 ,47.50536003112793,88.22692473144174 ,50920.0,10:01:43 AM,1572669103204
3.375 ,3.313 ,12.39,23.566036666666665,87.29879166666666 ,47.50536003112793,88.22692473144174 ,50920.0,10:01:43 AM,1572669103204
0.148 ,3.645 ,8.922,23.566036666666665,87.29879166666666 ,47.50536003112793,88.22692473144174 ,50920.0,10:01:43 AM,1572669103207
-0.628 ,3.997 ,13.409,23.566036666666665,87.29879166666666 ,47.50536003112793,88.22692473144174 ,50920.0,10:01:43 AM,1572669103208
-2.908 ,5.341 ,13.754,23.566036666666665,87.29879166666666 ,47.50536003112793,88.22692473144174 ,50920.0,10:01:43 AM,1572669103212
-4.24 ,3.727 ,13.829,23.566036666666665,87.29879166666666 ,47.50536003112793,88.22692473144174 ,50920.0,10:01:43 AM,1572669103213
-5.725 ,3.796 ,12.268,23.566036666666665,87.29879166666666 ,47.50536003112793,88.22692473144174 ,50920.0,10:01:43 AM,1572669103220
-4.146 ,4.195 ,8.824,23.566036666666665,87.29879166666666 ,47.50536003112793,88.22692473144174 ,50920.0,10:01:43 AM,1572669103220
-2.119 ,4.804 ,10.085,23.566036666666665,87.29879166666666 ,47.50536003112793,88.22692473144174 ,50920.0,10:01:43 AM,1572669103222
-1.928 ,4.861 ,4.797,23.566036666666665,87.29879166666666 ,47.50536003112793,88.22692473144174 ,50920.0,10:01:43 AM,1572669103223
0.633 ,4.814 ,13.3,23.566036666666665,87.29879166666666 ,47.50536003112793,88.22692473144174 ,50920.0,10:01:43 AM,1572669103227
-0.978 ,7.14 ,7.97,23.566036666666665,87.29879166666666 ,47.50536003112793,88.22692473144174 ,50920.0,10:01:43 AM,1572669103228
0.516 ,5.956 ,15.057,23.566036666666665,87.29879166666666 ,47.50536003112793,88.22692473144174 ,50920.0,10:01:43 AM,1572669103232
-2.004 ,4.719 ,6.6,23.566036666666665,87.29879166666666 ,47.50536003112793,88.22692473144174 ,50920.0,10:01:43 AM,1572669103233
-0.846 ,2.698 ,13.393,23.566036666666665,87.29879166666666 ,47.50536003112793,88.22692473144174 ,50920.0,10:01:43 AM,1572669103238
-2.538 ,5.263 ,7.005,23.566036666666665,87.29879166666666 ,47.50536003112793,88.22692473144174 ,50920.0,10:01:43 AM,1572669103239
0.473 ,7.235 ,13.626,23.566036666666665,87.29879166666666 ,47.50536003112793,88.22692473144174 ,50920.0,10:01:43 AM,1572669103242
-1.463 ,8.244 ,5.261,23.566036666666665,87.29879166666666 ,47.50536003112793,88.22692473144174 ,50920.0,10:01:43 AM,1572669103243
1.828 ,6.47 ,12.566,23.566036666666665,87.29879166666666 ,47.50536003112793,88.22692473144174 ,50920.0,10:01:43 AM,1572669103247
-1.18 ,8.048 ,4.069,23.566036666666665,87.29879166666666 ,47.50536003112793,88.22692473144174 ,50920.0,10:01:43 AM,1572669103247
0.637 ,6.981 ,7.962,23.566036666666665,87.29879166666666 ,47.50536003112793,88.22692473144174 ,50920.0,10:01:43 AM,1572669103254
-0.017 ,6.31 ,3.147,23.566036666666665,87.29879166666666 ,47.50536003112793,88.22692473144174 ,50920.0,10:01:43 AM,1572669103255
-0.421 ,4.052 ,6.485,23.566036666666665,87.29879166666666 ,47.50536003112793,88.22692473144174 ,50920.0,10:01:43 AM,1572669103258
-1.247 ,7.435 ,6.2,23.566036666666665,87.29879166666666 ,47.50536003112793,88.22692473144174 ,50920.0,10:01:43 AM,1572669103258
-0.767 ,9.025 ,8.551,23.566036666666665,87.29879166666666 ,47.50536003112793,88.22692473144174 ,50920.0,10:01:43 AM,1572669103263
-1.09 ,9.528 ,4.903,23.566036666666665,87.29879166666666 ,47.50536003112793,88.22692473144174 ,50920.0,10:01:43 AM,1572669103264
-1.5 ,5.049 ,2.568,23.566036666666665,87.29879166666666 ,47.50536003112793,88.22692473144174 ,50920.0,10:01:43 AM,1572669103267
-1.047 ,4.982 ,5.018,23.566036666666665,87.29879166666666 ,47.50536003112793,88.22692473144174 ,50920.0,10:01:43 AM,1572669103268
-1.271 ,6.633 ,4.725,23.566036666666665,87.29879166666666 ,47.50536003112793,88.22692473144174 ,50920.0,10:01:43 AM,1572669103273
0.334 ,7.294 ,7.776,23.566036666666665,87.29879166666666 ,47.50536003112793,88.22692473144174 ,50920.0,10:01:43 AM,1572669103273
0.768 ,4.073 ,8.301,23.566036666666665,87.29879166666666 ,47.50536003112793,88.22692473144174 ,50920.0,10:01:43 AM,1572669103278
0.075 ,3.841 ,11.595,23.566036666666665,87.29879166666666 ,47.50536003112793,88.22692473144174 ,50920.0,10:01:43 AM,1572669103279
-0.038 ,5.735 ,11.533,23.566036666666665,87.29879166666666 ,47.50536003112793,88.22692473144174 ,50920.0,10:01:43 AM,1572669103282
-0.196 ,7.116 ,12.66,23.566036666666665,87.29879166666666 ,47.50536003112793,88.22692473144174 ,50920.0,10:01:43 AM,1572669103283
-1.419 ,4.037 ,5.0,23.566036666666665,87.29879166666666 ,47.50536003112793,88.22692473144174 ,50920.0,10:01:43 AM,1572669103289
-1.435 ,2.43 ,9.885,23.566036666666665,87.29879166666666 ,47.50536003112793,88.22692473144174 ,50920.0,10:01:43 AM,1572669103289
-3.598 ,4.753 ,5.089,23.566036666666665,87.29879166666666 ,47.50536003112793,88.22692473144174 ,50920.0,10:01:43 AM,1572669103292
-1.116 ,7.152 ,14.266,23.566036666666665,87.29879166666666 ,47.50536003112793,88.22692473144174 ,50920.0,10:01:43 AM,1572669103293
-1.731 ,6.33 ,7.335,23.566036666666665,87.29879166666666 ,47.50536003112793,88.22692473144174 ,50920.0,10:01:43 AM,1572669103297
-0.721 ,4.222 ,10.714,23.566036666666665,87.29879166666666 ,47.50536003112793,88.22692473144174 ,50920.0,10:01:43 AM,1572669103298
-0.515 ,4.616 ,3.765,23.566036666666665,87.29879166666666 ,47.50536003112793,88.22692473144174 ,50920.0,10:01:43 AM,1572669103304
0.996 ,6.869 ,7.163,23.566036666666665,87.29879166666666 ,47.50536003112793,88.22692473144174 ,50920.0,10:01:43 AM,1572669103305
0.09 ,9.003 ,4.683,23.566036666666665,87.29879166666666 ,47.50536003112793,88.22692473144174 ,50920.0,10:01:43 AM,1572669103308
0.088 ,9.998 ,10.605,23.566036666666665,87.29879166666666 ,47.50536003112793,88.22692473144174 ,50920.0,10:01:43 AM,1572669103309
-1.388 ,12.008 ,7.084,23.566036666666665,87.29879166666666 ,47.50536003112793,88.22692473144174 ,50920.0,10:01:43 AM,1572669103312
-1.611 ,11.645 ,7.162,23.566036666666665,87.29879166666666 ,47.50536003112793,88.22692473144174 ,50920.0,10:01:43 AM,1572669103312
-2.423 ,9.103 ,-0.938,23.566036666666665,87.29879166666666 ,47.50536003112793,88.22692473144174 ,50920.0,10:01:43 AM,1572669103317
-1.465 ,5.279 ,0.145,23.566036666666665,87.29879166666666 ,47.50536003112793,88.22692473144174 ,50920.0,10:01:43 AM,1572669103318
-2.3 ,7.095 ,-2.801,23.566036666666665,87.29879166666666 ,47.50536003112793,88.22692473144174 ,50920.0,10:01:43 AM,1572669103322
0.346 ,8.114 ,3.09,23.566036666666665,87.29879166666666 ,47.50536003112793,88.22692473144174 ,50920.0,10:01:43 AM,1572669103323
-0.328 ,10.004 ,2.068,23.566036666666665,87.29879166666666 ,47.50536003112793,88.22692473144174 ,50920.0,10:01:43 AM,1572669103327
0.111 ,8.197 ,11.385,23.566036666666665,87.29879166666666 ,47.50536003112793,88.22692473144174 ,50920.0,10:01:43 AM,1572669103328
-2.026 ,9.389 ,8.476,23.566036666666665,87.29879166666666 ,47.50536003112793,88.22692473144174 ,50920.0,10:01:43 AM,1572669103332
-2.164 ,7.707 ,10.469,23.566036666666665,87.29879166666666 ,47.50536003112793,88.22692473144174 ,50920.0,10:01:43 AM,1572669103332
-3.85 ,6.693 ,7.646,23.566036666666665,87.29879166666666 ,47.50536003112793,88.22692473144174 ,50920.0,10:01:43 AM,1572669103337
-2.36 ,4.071 ,7.948,23.566036666666665,87.29879166666666 ,47.50536003112793,88.22692473144174 ,50920.0,10:01:43 AM,1572669103338
-3.404 ,6.425 ,9.437,23.566036666666665,87.29879166666666 ,47.50536003112793,88.22692473144174 ,50920.0,10:01:43 AM,1572669103343
-0.012 ,7.271 ,10.778,23.566036666666665,87.29879166666666 ,47.50536003112793,88.22692473144174 ,50920.0,10:01:43 AM,1572669103344
0.641 ,8.534 ,7.205,23.566036666666665,87.29879166666666 ,47.50536003112793,88.22692473144174 ,50920.0,10:01:43 AM,1572669103347
3.784 ,4.543 ,5.97,23.566036666666665,87.29879166666666 ,47.50536003112793,88.22692473144174 ,50920.0,10:01:43 AM,1572669103347
3.534 ,3.427 ,9.06,23.566036666666665,87.29879166666666 ,47.50536003112793,88.22692473144174 ,50920.0,10:01:43 AM,1572669103354
2.667 ,5.318 ,10.992,23.566036666666665,87.29879166666666 ,47.50536003112793,88.22692473144174 ,50920.0,10:01:43 AM,1572669103355
2.699 ,7.411 ,16.471,23.566036666666665,87.29879166666666 ,47.50536003112793,88.22692473144174 ,50920.0,10:01:43 AM,1572669103358
0.231 ,4.248 ,11.233,23.566036666666665,87.29879166666666 ,47.50536003112793,88.22692473144174 ,50920.0,10:01:43 AM,1572669103358
-1.096 ,0.967 ,10.334,23.566036666666665,87.29879166666666 ,47.50536003112793,88.22692473144174 ,50920.0,10:01:43 AM,1572669103362
-2.184 ,1.061 ,4.11,23.566036666666665,87.29879166666666 ,47.50536003112793,88.22692473144174 ,50920.0,10:01:43 AM,1572669103362
-2.65 ,3.653 ,3.788,23.566036666666665,87.29879166666666 ,47.50536003112793,88.22692473144174 ,50920.0,10:01:43 AM,1572669103366
-1.93 ,5.728 ,6.786,23.566036666666665,87.29879166666666 ,47.50536003112793,88.22692473144174 ,50920.0,10:01:43 AM,1572669103368
-1.951 ,6.021 ,14.96,23.566036666666665,87.29879166666666 ,47.50536003112793,88.22692473144174 ,50920.0,10:01:43 AM,1572669103374
-3.6 ,8.46 ,11.168,23.566036666666665,87.29879166666666 ,47.50536003112793,88.22692473144174 ,50920.0,10:01:43 AM,1572669103374
-1.933 ,5.607 ,17.107,23.566036666666665,87.29879166666666 ,47.50536003112793,88.22692473144174 ,50920.0,10:01:43 AM,1572669103376
-2.886 ,1.482 ,9.96,23.566036666666665,87.29879166666666 ,47.50536003112793,88.22692473144174 ,50920.0,10:01:43 AM,1572669103377
-3.435 ,-2.746 ,13.731,23.566036666666665,87.29879166666666 ,47.50536003112793,88.22692473144174 ,50920.0,10:01:43 AM,1572669103382
-4.354 ,0.497 ,12.832,23.566036666666665,87.29879166666666 ,47.50536003112793,88.22692473144174 ,50920.0,10:01:43 AM,1572669103383
-1.368 ,3.679 ,23.47,23.566036666666665,87.29879166666666 ,47.50536003112793,88.22692473144174 ,50920.0,10:01:43 AM,1572669103388
-3.259 ,6.233 ,11.824,23.566036666666665,87.29879166666666 ,47.50536003112793,88.22692473144174 ,50920.0,10:01:43 AM,1572669103388
0.73 ,4.215 ,19.207,23.566036666666665,87.29879166666666 ,47.50536003112793,88.22692473144174 ,50920.0,10:01:43 AM,1572669103394
-1.605 ,5.206 ,8.843,23.566036666666665,87.29879166666666 ,47.50536003112793,88.22692473144174 ,50920.0,10:01:43 AM,1572669103395
1.471 ,6.433 ,13.854,23.566036666666665,87.29879166666666 ,47.50536003112793,88.22692473144174 ,50920.0,10:01:43 AM,1572669103397
-0.406 ,7.179 ,4.958,23.566036666666665,87.29879166666666 ,47.50536003112793,88.22692473144174 ,50920.0,10:01:43 AM,1572669103398
1.29 ,3.349 ,7.289,23.566036666666665,87.29879166666666 ,47.50536003112793,88.22692473144174 ,50920.0,10:01:43 AM,1572669103403
-0.457 ,3.476 ,4.168,23.566036666666665,87.29879166666666 ,47.50536003112793,88.22692473144174 ,50920.0,10:01:43 AM,1572669103403
-0.127 ,4.814 ,7.663,23.566036666666665,87.29879166666666 ,47.50536003112793,88.22692473144174 ,50920.0,10:01:43 AM,1572669103407
-1.794 ,9.22 ,8.825,23.566036666666665,87.29879166666666 ,47.50536003112793,88.22692473144174 ,50920.0,10:01:43 AM,1572669103408
-3.999 ,7.824 ,7.245,23.566036666666665,87.29879166666666 ,47.50536003112793,88.22692473144174 ,50920.0,10:01:43 AM,1572669103411
-4.447 ,7.993 ,5.65,23.566036666666665,87.29879166666666 ,47.50536003112793,88.22692473144174 ,50920.0,10:01:43 AM,1572669103412
-6.622 ,7.364 ,-3.002,23.566036666666665,87.29879166666666 ,47.50536003112793,88.22692473144174 ,50920.0,10:01:43 AM,1572669103416
-4.601 ,8.429 ,-1.59,23.566036666666665,87.29879166666666 ,47.50536003112793,88.22692473144174 ,50920.0,10:01:43 AM,1572669103417
-3.355 ,7.576 ,-3.794,23.566036666666665,87.29879166666666 ,47.50536003112793,88.22692473144174 ,50920.0,10:01:43 AM,1572669103423
-1.825 ,8.776 ,2.14,23.566036666666665,87.29879166666666 ,47.50536003112793,88.22692473144174 ,50920.0,10:01:43 AM,1572669103424
0.572 ,9.982 ,4.289,23.566036666666665,87.29879166666666 ,47.50536003112793,88.22692473144174 ,50920.0,10:01:43 AM,1572669103426
3.23 ,9.964 ,8.629,23.566036666666665,87.29879166666666 ,47.50536003112793,88.22692473144174 ,50920.0,10:01:43 AM,1572669103426
2.517 ,7.33 ,7.708,23.566036666666665,87.29879166666666 ,47.50536003112793,88.22692473144174 ,50920.0,10:01:43 AM,1572669103431
3.413 ,4.626 ,12.836,23.566036666666665,87.29879166666666 ,47.50536003112793,88.22692473144174 ,50920.0,10:01:43 AM,1572669103432
0.078 ,4.589 ,10.62,23.566036666666665,87.29879166666666 ,47.50536003112793,88.22692473144174 ,50920.0,10:01:43 AM,1572669103437
0.363 ,4.121 ,14.646,23.566036666666665,87.29879166666666 ,47.50536003112793,88.22692473144174 ,50920.0,10:01:43 AM,1572669103438
