x,y,z,latitude,longitude,speed,sound,light,time,timestamp
-1.275 ,1.171 ,4.315,23.55924333333333,87.29870166666666 ,42.84877052307129,88.33924915702005 ,17268.0,10:00:29 AM,1572669029680
0.322 ,3.802 ,7.033,23.55924333333333,87.29870166666666 ,42.84877052307129,88.33924915702005 ,17268.0,10:00:29 AM,1572669029681
-0.386 ,7.884 ,6.849,23.55924333333333,87.29870166666666 ,42.84877052307129,88.33924915702005 ,17268.0,10:00:29 AM,1572669029685
-1.854 ,8.017 ,5.187,23.55924333333333,87.29870166666666 ,42.84877052307129,88.33924915702005 ,17268.0,10:00:29 AM,1572669029686
-1.235 ,6.362 ,4.857,23.55924333333333,87.29870166666666 ,42.84877052307129,88.33924915702005 ,17268.0,10:00:29 AM,1572669029691
-2.681 ,5.156 ,1.005,23.55924333333333,87.29870166666666 ,42.84877052307129,88.33924915702005 ,17268.0,10:00:29 AM,1572669029692
-2.495 ,7.479 ,6.449,23.55924333333333,87.29870166666666 ,42.84877052307129,88.33924915702005 ,17268.0,10:00:29 AM,1572669029696
-2.974 ,11.146 ,12.156,23.55924333333333,87.29870166666666 ,42.84877052307129,88.33924915702005 ,17268.0,10:00:29 AM,1572669029697
-3.985 ,9.616 ,10.164,23.55924333333333,87.29870166666666 ,42.84877052307129,88.33924915702005 ,17268.0,10:00:29 AM,1572669029700
-1.494 ,6.24 ,8.417,23.55924333333333,87.29870166666666 ,42.84877052307129,88.33924915702005 ,17268.0,10:00:29 AM,1572669029701
-2.039 ,2.93 ,1.264,23.55924333333333,87.29870166666666 ,42.84877052307129,88.33924915702005 ,17268.0,10:00:29 AM,1572669029708
1.111 ,2.624 ,5.729,23.55924333333333,87.29870166666666 ,42.84877052307129,88.33924915702005 ,17268.0,10:00:29 AM,1572669029708
2.745 ,5.631 ,7.796,23.55924333333333,87.29870166666666 ,42.84877052307129,88.33924915702005 ,17268.0,10:00:29 AM,1572669029711
2.764 ,5.857 ,8.668,23.55924333333333,87.29870166666666 ,42.84877052307129,88.33924915702005 ,17268.0,10:00:29 AM,1572669029712
5.607 ,5.795 ,12.46,23.55924333333333,87.29870166666666 ,42.84877052307129,88.33924915702005 ,17268.0,10:00:29 AM,1572669029715
3.269 ,5.701 ,6.377,23.55924333333333,87.29870166666666 ,42.84877052307129,88.33924915702005 ,17268.0,10:00:29 AM,1572669029716
3.135 ,5.352 ,7.353,23.55924333333333,87.29870166666666 ,42.84877052307129,88.33924915702005 ,17268.0,10:00:29 AM,1572669029723
1.36 ,6.05 ,3.858,23.55924333333333,87.29870166666666 ,42.84877052307129,88.33924915702005 ,17268.0,10:00:29 AM,1572669029723
-1.885 ,4.434 ,-1.93,23.55924333333333,87.29870166666666 ,42.84877052307129,88.33924915702005 ,17268.0,10:00:29 AM,1572669029725
0.274 ,3.808 ,-1.193,23.55924333333333,87.29870166666666 ,42.84877052307129,88.33924915702005 ,17268.0,10:00:29 AM,1572669029726
-1.372 ,5.206 ,-4.417,23.55924333333333,87.29870166666666 ,42.84877052307129,88.33924915702005 ,17268.0,10:00:29 AM,1572669029730
2.102 ,8.883 ,7.934,23.55924333333333,87.29870166666666 ,42.84877052307129,88.33924915702005 ,17268.0,10:00:29 AM,1572669029731
3.664 ,13.321 ,8.699,23.55924333333333,87.29870166666666 ,42.84877052307129,88.33924915702005 ,17268.0,10:00:29 AM,1572669029735
3.667 ,10.415 ,3.838,23.55924333333333,87.29870166666666 ,42.84877052307129,88.33924915702005 ,17268.0,10:00:29 AM,1572669029736
7.349 ,2.621 ,-1.933,23.55924333333333,87.29870166666666 ,42.84877052307129,88.33924915702005 ,17268.0,10:00:29 AM,1572669029742
5.059 ,-2.834 ,-8.723,23.55924333333333,87.29870166666666 ,42.84877052307129,88.33924915702005 ,17268.0,10:00:29 AM,1572669029742
5.179 ,-1.027 ,2.669,23.55924333333333,87.29870166666666 ,42.84877052307129,88.33924915702005 ,17268.0,10:00:29 AM,1572669029747
3.272 ,5.1 ,14.812,23.55924333333333,87.29870166666666 ,42.84877052307129,88.33924915702005 ,17268.0,10:00:29 AM,1572669029747
-2.094 ,8.596 ,26.266,23.55924333333333,87.29870166666666 ,42.84877052307129,88.33924915702005 ,17268.0,10:00:29 AM,1572669029750
-6.314 ,4.222 ,23.327,23.55924333333333,87.29870166666666 ,42.84877052307129,88.33924915702005 ,17268.0,10:00:29 AM,1572669029751
-8.858 ,-2.083 ,16.877,23.55924333333333,87.29870166666666 ,42.84877052307129,88.33924915702005 ,17268.0,10:00:29 AM,1572669029757
-10.473 ,-5.351 ,12.631,23.55924333333333,87.29870166666666 ,42.84877052307129,88.33924915702005 ,17268.0,10:00:29 AM,1572669029757
-9.734 ,-2.912 ,20.017,23.55924333333333,87.29870166666666 ,42.84877052307129,88.33924915702005 ,17268.0,10:00:29 AM,1572669029761
-7.001 ,0.21 ,29.04,23.55924333333333,87.29870166666666 ,42.84877052307129,88.33924915702005 ,17268.0,10:00:29 AM,1572669029761
-4.068 ,-1.868 ,27.747,23.55924333333333,87.29870166666666 ,42.84877052307129,88.33924915702005 ,17268.0,10:00:29 AM,1572669029765
-0.322 ,-4.877 ,24.122,23.55924333333333,87.29870166666666 ,42.84877052307129,88.33924915702005 ,17268.0,10:00:29 AM,1572669029765
2.973 ,-6.52 ,17.192,23.55924333333333,87.29870166666666 ,42.84877052307129,88.33924915702005 ,17268.0,10:00:29 AM,1572669029774
6.741 ,-5.512 ,13.19,23.55924333333333,87.29870166666666 ,42.84877052307129,88.33924915702005 ,17268.0,10:00:29 AM,1572669029774
3.036 ,-1.697 ,5.819,23.55924333333333,87.29870166666666 ,42.84877052307129,88.33924915702005 ,17268.0,10:00:29 AM,1572669029776
1.07 ,0.268 ,6.932,23.55924333333333,87.29870166666666 ,42.84877052307129,88.33924915702005 ,17268.0,10:00:29 AM,1572669029777
-1.129 ,0.446 ,4.351,23.55924333333333,87.29870166666666 ,42.84877052307129,88.33924915702005 ,17268.0,10:00:29 AM,1572669029781
-4.975 ,-1.076 ,-0.17,23.55924333333333,87.29870166666666 ,42.84877052307129,88.33924915702005 ,17268.0,10:00:29 AM,1572669029782
-6.417 ,2.899 ,6.886,23.55924333333333,87.29870166666666 ,42.84877052307129,88.33924915702005 ,17268.0,10:00:29 AM,1572669029786
-5.176 ,6.335 ,11.23,23.55924333333333,87.29870166666666 ,42.84877052307129,88.33924915702005 ,17268.0,10:00:29 AM,1572669029786
-5.99 ,9.085 ,9.183,23.55924333333333,87.29870166666666 ,42.84877052307129,88.33924915702005 ,17268.0,10:00:29 AM,1572669029791
-2.936 ,7.908 ,6.598,23.55924333333333,87.29870166666666 ,42.84877052307129,88.33924915702005 ,17268.0,10:00:29 AM,1572669029792
-1.132 ,3.786 ,1.118,23.55924333333333,87.29870166666666 ,42.84877052307129,88.33924915702005 ,34283.0,10:00:29 AM,1572669029796
-0.498 ,2.205 ,-1.443,23.55924333333333,87.29870166666666 ,42.84877052307129,88.33924915702005 ,34283.0,10:00:29 AM,1572669029797
-1.151 ,4.357 ,1.235,23.55924333333333,87.29870166666666 ,42.84877052307129,88.33924915702005 ,34283.0,10:00:29 AM,1572669029800
-2.856 ,8.792 ,8.459,23.55924333333333,87.29870166666666 ,42.84877052307129,88.33924915702005 ,34283.0,10:00:29 AM,1572669029800
-4.12 ,10.556 ,11.344,23.55924333333333,87.29870166666666 ,42.84877052307129,88.33924915702005 ,34283.0,10:00:29 AM,1572669029807
-4.914 ,8.536 ,8.944,23.55924333333333,87.29870166666666 ,42.84877052307129,88.33924915702005 ,34283.0,10:00:29 AM,1572669029808
-4.489 ,6.108 ,4.776,23.55924333333333,87.29870166666666 ,42.84877052307129,88.33924915702005 ,34283.0,10:00:29 AM,1572669029810
-0.929 ,6.865 ,9.085,23.55924333333333,87.29870166666666 ,42.84877052307129,88.33924915702005 ,34283.0,10:00:29 AM,1572669029810
2.021 ,9.56 ,9.437,23.55924333333333,87.29870166666666 ,42.84877052307129,88.33924915702005 ,34283.0,10:00:29 AM,1572669029816
4.919 ,9.025 ,11.608,23.55924333333333,87.29870166666666 ,42.84877052307129,88.33924915702005 ,34283.0,10:00:29 AM,1572669029816
7.683 ,7.156 ,9.742,23.55924333333333,87.29870166666666 ,42.84877052307129,88.33924915702005 ,34283.0,10:00:29 AM,1572669029824
7.448 ,5.87 ,5.833,23.55924333333333,87.29870166666666 ,42.84877052307129,88.33924915702005 ,34283.0,10:00:29 AM,1572669029825
7.526 ,4.855 ,9.169,23.55924333333333,87.29870166666666 ,42.84877052307129,88.33924915702005 ,34283.0,10:00:29 AM,1572669029831
3.469 ,4.971 ,8.149,23.55924333333333,87.29870166666666 ,42.84877052307129,88.33924915702005 ,34283.0,10:00:29 AM,1572669029832
0.594 ,3.083 ,11.464,23.55924333333333,87.29870166666666 ,42.84877052307129,88.33924915702005 ,34283.0,10:00:29 AM,1572669029832
-0.82 ,3.387 ,13.501,23.55924333333333,87.29870166666666 ,42.84877052307129,88.33924915702005 ,34283.0,10:00:29 AM,1572669029833
-2.834 ,3.99 ,15.403,23.55924333333333,87.29870166666666 ,42.84877052307129,88.33924915702005 ,34283.0,10:00:29 AM,1572669029836
-1.326 ,4.337 ,21.257,23.55924333333333,87.29870166666666 ,42.84877052307129,88.33924915702005 ,34283.0,10:00:29 AM,1572669029836
-1.497 ,3.035 ,15.388,23.55934,87.298675 ,41.20516090393067,88.33924915702005 ,34283.0,10:00:29 AM,1572669029843
-0.664 ,-2.069 ,11.113,23.55934,87.298675 ,41.20516090393067,88.33924915702005 ,34283.0,10:00:29 AM,1572669029844
1.214 ,-5.175 ,7.787,23.55934,87.298675 ,41.20516090393067,88.33924915702005 ,34283.0,10:00:29 AM,1572669029846
1.368 ,-4.972 ,7.77,23.55934,87.298675 ,41.20516090393067,88.33924915702005 ,34283.0,10:00:29 AM,1572669029846
1.226 ,-2.283 ,12.673,23.55934,87.298675 ,41.20516090393067,88.33924915702005 ,34283.0,10:00:29 AM,1572669029850
0.997 ,0.554 ,16.46,23.55934,87.298675 ,41.20516090393067,88.33924915702005 ,34283.0,10:00:29 AM,1572669029850
-0.978 ,-1.173 ,13.284,23.55934,87.298675 ,41.20516090393067,88.33924915702005 ,34283.0,10:00:29 AM,1572669029858
-0.781 ,-2.813 ,9.954,23.55934,87.298675 ,41.20516090393067,88.33924915702005 ,34283.0,10:00:29 AM,1572669029859
-2.064 ,-2.62 ,3.183,23.55934,87.298675 ,41.20516090393067,88.33924915702005 ,34283.0,10:00:29 AM,1572669029861
-1.988 ,-1.295 ,1.665,23.55934,87.298675 ,41.20516090393067,88.33924915702005 ,34283.0,10:00:29 AM,1572669029861
-1.594 ,1.865 ,3.032,23.55934,87.298675 ,41.20516090393067,88.33924915702005 ,34283.0,10:00:29 AM,1572669029865
-4.077 ,2.967 ,3.276,23.55934,87.298675 ,41.20516090393067,88.33924915702005 ,34283.0,10:00:29 AM,1572669029866
-2.884 ,2.716 ,7.137,23.55934,87.298675 ,41.20516090393067,88.33924915702005 ,34283.0,10:00:29 AM,1572669029870
-3.958 ,3.629 ,5.885,23.55934,87.298675 ,41.20516090393067,88.33924915702005 ,34283.0,10:00:29 AM,1572669029871
-4.502 ,4.977 ,8.011,23.55934,87.298675 ,41.20516090393067,88.33924915702005 ,34283.0,10:00:29 AM,1572669029875
-2.882 ,8.203 ,10.772,23.55934,87.298675 ,41.20516090393067,88.33924915702005 ,34283.0,10:00:29 AM,1572669029876
-4.102 ,8.737 ,5.419,23.55934,87.298675 ,41.20516090393067,88.33924915702005 ,34283.0,10:00:29 AM,1572669029880
-1.196 ,7.721 ,4.713,23.55934,87.298675 ,41.20516090393067,88.33924915702005 ,34283.0,10:00:29 AM,1572669029881
0.11 ,7.638 ,0.218,23.55934,87.298675 ,41.20516090393067,88.33924915702005 ,34283.0,10:00:29 AM,1572669029885
1.423 ,9.032 ,-0.111,23.55934,87.298675 ,41.20516090393067,88.33924915702005 ,34283.0,10:00:29 AM,1572669029885
5.674 ,12.501 ,7.536,23.55934,87.298675 ,41.20516090393067,88.33924915702005 ,34283.0,10:00:29 AM,1572669029891
4.037 ,13.41 ,4.705,23.55934,87.298675 ,41.20516090393067,88.33924915702005 ,34283.0,10:00:29 AM,1572669029891
4.915 ,10.167 ,4.708,23.55934,87.298675 ,41.20516090393067,88.33924915702005 ,34283.0,10:00:29 AM,1572669029896
4.629 ,5.688 ,1.869,23.55934,87.298675 ,41.20516090393067,88.33924915702005 ,34283.0,10:00:29 AM,1572669029896
1.83 ,4.787 ,2.399,23.55934,87.298675 ,41.20516090393067,88.33924915702005 ,34283.0,10:00:29 AM,1572669029901
1.173 ,8.158 ,11.612,23.55934,87.298675 ,41.20516090393067,88.33924915702005 ,34283.0,10:00:29 AM,1572669029902
-2.149 ,10.209 ,16.718,23.55934,87.298675 ,41.20516090393067,88.33924915702005 ,34283.0,10:00:29 AM,1572669029906
-3.946 ,7.776 ,18.59,23.55934,87.298675 ,41.20516090393067,88.33924915702005 ,34283.0,10:00:29 AM,1572669029907
-4.127 ,4.04 ,16.534,23.55934,87.298675 ,41.20516090393067,88.33924915702005 ,34283.0,10:00:29 AM,1572669029910
-3.817 ,0.622 ,12.401,23.55934,87.298675 ,41.20516090393067,88.33924915702005 ,34283.0,10:00:29 AM,1572669029912
-0.728 ,-0.265 ,13.794,23.55934,87.298675 ,41.20516090393067,88.33924915702005 ,34283.0,10:00:29 AM,1572669029916
0.828 ,1.376 ,16.178,23.55934,87.298675 ,41.20516090393067,88.33924915702005 ,34283.0,10:00:29 AM,1572669029916
0.659 ,2.644 ,16.134,23.55934,87.298675 ,41.20516090393067,88.33924915702005 ,34283.0,10:00:29 AM,1572669029925
1.092 ,0.638 ,14.801,23.55934,87.298675 ,41.20516090393067,88.33924915702005 ,34283.0,10:00:29 AM,1572669029925
-0.739 ,-2.233 ,8.398,23.55934,87.298675 ,41.20516090393067,88.33924915702005 ,34283.0,10:00:29 AM,1572669029926
-4.36 ,-4.051 ,3.691,23.55934,87.298675 ,41.20516090393067,88.33924915702005 ,34283.0,10:00:29 AM,1572669029926
