x,y,z,latitude,longitude,speed,sound,light,time,timestamp
2.869 ,7.416 ,9.418,23.571880000000004,87.30256333333334 ,35.10323066711426,85.9959163877219 ,50920.0,10:03:39 AM,1572669219065
2.394 ,5.516 ,7.314,23.571880000000004,87.30256333333334 ,35.10323066711426,85.9959163877219 ,50920.0,10:03:39 AM,1572669219065
0.57 ,4.152 ,6.164,23.571880000000004,87.30256333333334 ,35.10323066711426,85.9959163877219 ,50920.0,10:03:39 AM,1572669219069
-3.351 ,6.332 ,7.732,23.571880000000004,87.30256333333334 ,35.10323066711426,85.9959163877219 ,50920.0,10:03:39 AM,1572669219069
-3.861 ,8.549 ,14.556,23.571880000000004,87.30256333333334 ,35.10323066711426,85.9959163877219 ,50920.0,10:03:39 AM,1572669219074
-5.488 ,10.167 ,13.199,23.571880000000004,87.30256333333334 ,35.10323066711426,85.9959163877219 ,50920.0,10:03:39 AM,1572669219074
-4.838 ,8.353 ,9.408,23.571880000000004,87.30256333333334 ,35.10323066711426,85.9959163877219 ,50920.0,10:03:39 AM,1572669219080
-2.936 ,5.79 ,7.014,23.571880000000004,87.30256333333334 ,35.10323066711426,85.9959163877219 ,50920.0,10:03:39 AM,1572669219080
-1.451 ,5.56 ,5.428,23.571880000000004,87.30256333333334 ,35.10323066711426,85.9959163877219 ,50920.0,10:03:39 AM,1572669219084
0.327 ,7.342 ,6.177,23.571880000000004,87.30256333333334 ,35.10323066711426,85.9959163877219 ,50920.0,10:03:39 AM,1572669219084
2.548 ,6.735 ,9.021,23.571880000000004,87.30256333333334 ,35.10323066711426,85.9959163877219 ,50920.0,10:03:39 AM,1572669219089
1.078 ,5.335 ,6.209,23.571880000000004,87.30256333333334 ,35.10323066711426,85.9959163877219 ,50920.0,10:03:39 AM,1572669219089
0.935 ,3.87 ,6.13,23.571880000000004,87.30256333333334 ,35.10323066711426,85.9959163877219 ,50920.0,10:03:39 AM,1572669219096
0.609 ,3.933 ,9.554,23.571880000000004,87.30256333333334 ,35.10323066711426,85.9959163877219 ,50920.0,10:03:39 AM,1572669219096
-0.514 ,5.134 ,12.864,23.571880000000004,87.30256333333334 ,35.10323066711426,85.9959163877219 ,50920.0,10:03:39 AM,1572669219099
-2.426 ,5.461 ,13.086,23.571880000000004,87.30256333333334 ,35.10323066711426,85.9959163877219 ,50920.0,10:03:39 AM,1572669219100
-1.174 ,3.958 ,16.288,23.571880000000004,87.30256333333334 ,35.10323066711426,85.9959163877219 ,50920.0,10:03:39 AM,1572669219103
-4.065 ,2.838 ,5.574,23.571880000000004,87.30256333333334 ,35.10323066711426,85.9959163877219 ,50920.0,10:03:39 AM,1572669219104
-1.712 ,1.727 ,5.195,23.571880000000004,87.30256333333334 ,35.10323066711426,85.9959163877219 ,50920.0,10:03:39 AM,1572669219108
-0.179 ,3.288 ,2.367,23.571880000000004,87.30256333333334 ,35.10323066711426,85.9959163877219 ,50920.0,10:03:39 AM,1572669219109
1.008 ,5.628 ,2.377,23.571880000000004,87.30256333333334 ,35.10323066711426,85.9959163877219 ,50920.0,10:03:39 AM,1572669219115
2.918 ,8.534 ,7.02,23.571880000000004,87.30256333333334 ,35.10323066711426,85.9959163877219 ,50920.0,10:03:39 AM,1572669219115
2.951 ,10.081 ,6.528,23.571880000000004,87.30256333333334 ,35.10323066711426,85.9959163877219 ,50920.0,10:03:39 AM,1572669219120
2.545 ,7.367 ,1.137,23.571880000000004,87.30256333333334 ,35.10323066711426,85.9959163877219 ,50920.0,10:03:39 AM,1572669219120
5.374 ,2.448 ,1.22,23.571880000000004,87.30256333333334 ,35.10323066711426,85.9959163877219 ,50920.0,10:03:39 AM,1572669219123
1.69 ,1.499 ,-3.034,23.571880000000004,87.30256333333334 ,35.10323066711426,85.9959163877219 ,50920.0,10:03:39 AM,1572669219124
2.021 ,3.785 ,3.873,23.571880000000004,87.30256333333334 ,35.10323066711426,85.9959163877219 ,50920.0,10:03:39 AM,1572669219130
0.22 ,6.957 ,7.19,23.571880000000004,87.30256333333334 ,35.10323066711426,85.9959163877219 ,50920.0,10:03:39 AM,1572669219130
-2.902 ,6.754 ,6.213,23.571880000000004,87.30256333333334 ,35.10323066711426,85.9959163877219 ,50920.0,10:03:39 AM,1572669219136
-3.643 ,3.957 ,10.744,23.571880000000004,87.30256333333334 ,35.10323066711426,85.9959163877219 ,50920.0,10:03:39 AM,1572669219137
-4.993 ,4.865 ,14.178,23.571880000000004,87.30256333333334 ,35.10323066711426,85.9959163877219 ,50920.0,10:03:39 AM,1572669219139
-6.054 ,7.515 ,18.345,23.571880000000004,87.30256333333334 ,35.10323066711426,85.9959163877219 ,50920.0,10:03:39 AM,1572669219140
-4.074 ,5.664 ,22.142,23.571880000000004,87.30256333333334 ,35.10323066711426,85.9959163877219 ,50920.0,10:03:39 AM,1572669219145
-5.857 ,2.466 ,13.292,23.571880000000004,87.30256333333334 ,35.10323066711426,85.9959163877219 ,50920.0,10:03:39 AM,1572669219146
-1.929 ,-0.504 ,11.96,23.571880000000004,87.30256333333334 ,35.10323066711426,85.9959163877219 ,50920.0,10:03:39 AM,1572669219149
1.063 ,0.998 ,13.612,23.571880000000004,87.30256333333334 ,35.10323066711426,85.9959163877219 ,50920.0,10:03:39 AM,1572669219149
2.546 ,4.806 ,15.437,23.571880000000004,87.30256333333334 ,35.10323066711426,85.9959163877219 ,50920.0,10:03:39 AM,1572669219154
5.203 ,6.85 ,18.718,23.571880000000004,87.30256333333334 ,35.10323066711426,85.9959163877219 ,50920.0,10:03:39 AM,1572669219154
5.219 ,7.441 ,12.968,23.571880000000004,87.30256333333334 ,35.10323066711426,85.9959163877219 ,50920.0,10:03:39 AM,1572669219162
3.795 ,5.607 ,7.308,23.571880000000004,87.30256333333334 ,35.10323066711426,85.9959163877219 ,50920.0,10:03:39 AM,1572669219162
4.23 ,3.478 ,5.987,23.571880000000004,87.30256333333334 ,35.10323066711426,85.9959163877219 ,50920.0,10:03:39 AM,1572669219164
0.852 ,3.501 ,1.509,23.571880000000004,87.30256333333334 ,35.10323066711426,85.9959163877219 ,50920.0,10:03:39 AM,1572669219164
-0.079 ,5.66 ,4.592,23.571880000000004,87.30256333333334 ,35.10323066711426,85.9959163877219 ,50920.0,10:03:39 AM,1572669219169
-1.941 ,7.869 ,6.887,23.571880000000004,87.30256333333334 ,35.10323066711426,85.9959163877219 ,50920.0,10:03:39 AM,1572669219169
-3.996 ,7.996 ,8.118,23.571880000000004,87.30256333333334 ,35.10323066711426,85.9959163877219 ,50920.0,10:03:39 AM,1572669219174
-4.899 ,6.669 ,5.107,23.571880000000004,87.30256333333334 ,35.10323066711426,85.9959163877219 ,50920.0,10:03:39 AM,1572669219175
-3.993 ,4.964 ,5.872,23.571880000000004,87.30256333333334 ,35.10323066711426,85.9959163877219 ,50920.0,10:03:39 AM,1572669219180
-4.837 ,4.411 ,3.498,23.571880000000004,87.30256333333334 ,35.10323066711426,85.9959163877219 ,50920.0,10:03:39 AM,1572669219180
-3.702 ,4.565 ,4.326,23.571880000000004,87.30256333333334 ,35.10323066711426,85.9959163877219 ,50920.0,10:03:39 AM,1572669219185
-2.129 ,5.304 ,7.636,23.571880000000004,87.30256333333334 ,35.10323066711426,85.9959163877219 ,50920.0,10:03:39 AM,1572669219186
-1.322 ,4.775 ,9.789,23.571880000000004,87.30256333333334 ,35.10323066711426,85.9959163877219 ,50920.0,10:03:39 AM,1572669219189
-1.058 ,4.687 ,10.262,23.571880000000004,87.30256333333334 ,35.10323066711426,85.9959163877219 ,50920.0,10:03:39 AM,1572669219189
0.453 ,5.551 ,11.562,23.571880000000004,87.30256333333334 ,35.10323066711426,85.9959163877219 ,50920.0,10:03:39 AM,1572669219196
0.941 ,7.025 ,11.687,23.571880000000004,87.30256333333334 ,35.10323066711426,85.9959163877219 ,50920.0,10:03:39 AM,1572669219196
2.774 ,6.72 ,12.369,23.571880000000004,87.30256333333334 ,35.10323066711426,85.9959163877219 ,50920.0,10:03:39 AM,1572669219199
1.463 ,6.41 ,10.398,23.571880000000004,87.30256333333334 ,35.10323066711426,85.9959163877219 ,50920.0,10:03:39 AM,1572669219200
1.336 ,6.893 ,8.113,23.571880000000004,87.30256333333334 ,35.10323066711426,85.9959163877219 ,50920.0,10:03:39 AM,1572669219204
1.857 ,7.048 ,5.252,23.571880000000004,87.30256333333334 ,35.10323066711426,85.9959163877219 ,50920.0,10:03:39 AM,1572669219205
1.343 ,6.081 ,1.084,23.571880000000004,87.30256333333334 ,35.10323066711426,85.9959163877219 ,50920.0,10:03:39 AM,1572669219209
0.936 ,5.554 ,0.937,23.571880000000004,87.30256333333334 ,35.10323066711426,85.9959163877219 ,50920.0,10:03:39 AM,1572669219209
-0.348 ,7.415 ,3.917,23.571880000000004,87.30256333333334 ,35.10323066711426,85.9959163877219 ,50920.0,10:03:39 AM,1572669219214
-2.887 ,10.022 ,2.1,23.571880000000004,87.30256333333334 ,35.10323066711426,85.9959163877219 ,50920.0,10:03:39 AM,1572669219215
-1.886 ,7.358 ,0.528,23.571880000000004,87.30256333333334 ,35.10323066711426,85.9959163877219 ,50920.0,10:03:39 AM,1572669219220
-3.078 ,4.673 ,-2.499,23.571880000000004,87.30256333333334 ,35.10323066711426,85.9959163877219 ,50920.0,10:03:39 AM,1572669219220
-4.103 ,5.899 ,0.427,23.571880000000004,87.30256333333334 ,35.10323066711426,85.9959163877219 ,50920.0,10:03:39 AM,1572669219225
-2.774 ,9.839 ,9.76,23.571880000000004,87.30256333333334 ,35.10323066711426,85.9959163877219 ,50920.0,10:03:39 AM,1572669219225
-2.929 ,10.492 ,9.158,23.571880000000004,87.30256333333334 ,35.10323066711426,85.9959163877219 ,50920.0,10:03:39 AM,1572669219229
-2.292 ,6.744 ,5.893,23.571880000000004,87.30256333333334 ,35.10323066711426,85.9959163877219 ,50920.0,10:03:39 AM,1572669219230
0.515 ,3.492 ,5.313,23.571880000000004,87.30256333333334 ,35.10323066711426,85.9959163877219 ,50920.0,10:03:39 AM,1572669219234
0.246 ,5.812 ,5.319,23.571880000000004,87.30256333333334 ,35.10323066711426,85.9959163877219 ,50920.0,10:03:39 AM,1572669219234
2.44 ,8.601 ,13.3,23.571880000000004,87.30256333333334 ,35.10323066711426,85.9959163877219 ,50920.0,10:03:39 AM,1572669219239
2.023 ,7.561 ,12.815,23.571880000000004,87.30256333333334 ,35.10323066711426,85.9959163877219 ,50920.0,10:03:39 AM,1572669219240
1.042 ,2.771 ,5.884,23.571880000000004,87.30256333333334 ,35.10323066711426,85.9959163877219 ,50920.0,10:03:39 AM,1572669219246
1.828 ,-1.243 ,5.242,23.571880000000004,87.30256333333334 ,35.10323066711426,85.9959163877219 ,50920.0,10:03:39 AM,1572669219247
1.22 ,0.491 ,8.672,23.571880000000004,87.30256333333334 ,35.10323066711426,85.9959163877219 ,50920.0,10:03:39 AM,1572669219249
0.015 ,5.2 ,15.886,23.571880000000004,87.30256333333334 ,35.10323066711426,85.9959163877219 ,50920.0,10:03:39 AM,1572669219250
-0.683 ,6.186 ,20.604,23.571880000000004,87.30256333333334 ,35.10323066711426,85.9959163877219 ,50920.0,10:03:39 AM,1572669219254
-3.594 ,3.162 ,12.751,23.571880000000004,87.30256333333334 ,35.10323066711426,85.9959163877219 ,50920.0,10:03:39 AM,1572669219254
-2.581 ,-1.029 ,6.584,23.571880000000004,87.30256333333334 ,35.10323066711426,85.9959163877219 ,50920.0,10:03:39 AM,1572669219259
-1.964 ,-1.449 ,6.007,23.571880000000004,87.30256333333334 ,35.10323066711426,85.9959163877219 ,50920.0,10:03:39 AM,1572669219259
-1.679 ,3.062 ,13.901,23.571880000000004,87.30256333333334 ,35.10323066711426,85.51230089109836 ,50920.0,10:03:39 AM,1572669219265
-1.15 ,7.6 ,21.546,23.571880000000004,87.30256333333334 ,35.10323066711426,85.51230089109836 ,50920.0,10:03:39 AM,1572669219266
0.029 ,6.755 ,19.915,23.571880000000004,87.30256333333334 ,35.10323066711426,85.51230089109836 ,50920.0,10:03:39 AM,1572669219268
-0.532 ,1.474 ,10.618,23.571880000000004,87.30256333333334 ,35.10323066711426,85.51230089109836 ,50920.0,10:03:39 AM,1572669219269
0.629 ,-4.257 ,6.925,23.571880000000004,87.30256333333334 ,35.10323066711426,85.51230089109836 ,50920.0,10:03:39 AM,1572669219274
-1.268 ,-2.79 ,6.396,23.571880000000004,87.30256333333334 ,35.10323066711426,85.51230089109836 ,50920.0,10:03:39 AM,1572669219274
-1.04 ,3.028 ,15.511,23.571880000000004,87.30256333333334 ,35.10323066711426,85.51230089109836 ,50920.0,10:03:39 AM,1572669219279
-0.896 ,6.653 ,19.228,23.571880000000004,87.30256333333334 ,35.10323066711426,85.51230089109836 ,50920.0,10:03:39 AM,1572669219280
-1.992 ,3.925 ,14.409,23.571880000000004,87.30256333333334 ,35.10323066711426,85.51230089109836 ,50920.0,10:03:39 AM,1572669219284
-2.617 ,0.946 ,6.964,23.571880000000004,87.30256333333334 ,35.10323066711426,85.51230089109836 ,50920.0,10:03:39 AM,1572669219285
-0.485 ,0.46 ,9.303,23.571880000000004,87.30256333333334 ,35.10323066711426,85.51230089109836 ,50920.0,10:03:39 AM,1572669219288
-1.595 ,3.986 ,8.732,23.571880000000004,87.30256333333334 ,35.10323066711426,85.51230089109836 ,50920.0,10:03:39 AM,1572669219289
-0.028 ,6.171 ,10.797,23.571880000000004,87.30256333333334 ,35.10323066711426,85.51230089109836 ,50920.0,10:03:39 AM,1572669219294
1.789 ,6.568 ,11.902,23.571880000000004,87.30256333333334 ,35.10323066711426,85.51230089109836 ,50920.0,10:03:39 AM,1572669219295
1.426 ,6.888 ,3.224,23.571880000000004,87.30256333333334 ,35.10323066711426,85.51230089109836 ,50920.0,10:03:39 AM,1572669219299
3.273 ,5.661 ,1.278,23.571880000000004,87.30256333333334 ,35.10323066711426,85.51230089109836 ,50920.0,10:03:39 AM,1572669219299
3.088 ,6.687 ,-0.716,23.571880000000004,87.30256333333334 ,35.10323066711426,85.51230089109836 ,50920.0,10:03:39 AM,1572669219304
1.11 ,8.15 ,-1.348,23.571880000000004,87.30256333333334 ,35.10323066711426,85.51230089109836 ,50920.0,10:03:39 AM,1572669219305
1.837 ,9.332 ,1.879,23.571880000000004,87.30256333333334 ,35.10323066711426,85.51230089109836 ,50920.0,10:03:39 AM,1572669219308
-1.399 ,10.527 ,-2.584,23.571880000000004,87.30256333333334 ,35.10323066711426,85.51230089109836 ,50920.0,10:03:39 AM,1572669219309
