x,y,z,latitude,longitude,speed,sound,light,time,timestamp
0.151 ,-3.045 ,21.022,23.560188333333333,87.29871 ,39.1298023223877,84.11761476744675 ,50920.0,10:00:40 AM,1572669040148
1.278 ,2.263 ,11.646,23.560188333333333,87.29871 ,39.1298023223877,84.11761476744675 ,50920.0,10:00:40 AM,1572669040148
5.784 ,5.066 ,18.535,23.560188333333333,87.29871 ,39.1298023223877,84.11761476744675 ,50920.0,10:00:40 AM,1572669040154
4.139 ,3.096 ,7.478,23.560188333333333,87.29871 ,39.1298023223877,84.11761476744675 ,50920.0,10:00:40 AM,1572669040154
4.599 ,-0.428 ,1.064,23.560188333333333,87.29871 ,39.1298023223877,84.11761476744675 ,50920.0,10:00:40 AM,1572669040157
4.191 ,0.464 ,-5.643,23.560188333333333,87.29871 ,39.1298023223877,84.11761476744675 ,50920.0,10:00:40 AM,1572669040157
0.023 ,1.567 ,-10.973,23.560188333333333,87.29871 ,39.1298023223877,84.11761476744675 ,50920.0,10:00:40 AM,1572669040162
1.665 ,5.804 ,-3.167,23.560188333333333,87.29871 ,39.1298023223877,84.11761476744675 ,50920.0,10:00:40 AM,1572669040163
-0.621 ,8.837 ,-2.743,23.560188333333333,87.29871 ,39.1298023223877,84.11761476744675 ,50920.0,10:00:40 AM,1572669040169
0.928 ,9.859 ,3.094,23.560188333333333,87.29871 ,39.1298023223877,84.11761476744675 ,50920.0,10:00:40 AM,1572669040169
0.058 ,10.069 ,3.354,23.560188333333333,87.29871 ,39.1298023223877,84.11761476744675 ,50920.0,10:00:40 AM,1572669040172
-2.22 ,6.545 ,1.825,23.560188333333333,87.29871 ,39.1298023223877,84.11761476744675 ,50920.0,10:00:40 AM,1572669040173
0.667 ,3.565 ,6.997,23.560188333333333,87.29871 ,39.1298023223877,84.11761476744675 ,50920.0,10:00:40 AM,1572669040180
-3.799 ,-0.087 ,-0.015,23.560188333333333,87.29871 ,39.1298023223877,84.11761476744675 ,50920.0,10:00:40 AM,1572669040180
-2.42 ,-0.663 ,6.229,23.560188333333333,87.29871 ,39.1298023223877,84.11761476744675 ,50920.0,10:00:40 AM,1572669040182
-5.591 ,1.361 ,6.219,23.560188333333333,87.29871 ,39.1298023223877,84.11761476744675 ,50920.0,10:00:40 AM,1572669040182
-4.961 ,3.119 ,21.389,23.560188333333333,87.29871 ,39.1298023223877,84.11761476744675 ,50920.0,10:00:40 AM,1572669040187
-7.601 ,4.285 ,24.92,23.560188333333333,87.29871 ,39.1298023223877,84.11761476744675 ,50920.0,10:00:40 AM,1572669040188
-6.791 ,4.296 ,22.319,23.560188333333333,87.29871 ,39.1298023223877,84.11761476744675 ,50920.0,10:00:40 AM,1572669040192
-1.624 ,5.093 ,20.882,23.560188333333333,87.29871 ,39.1298023223877,84.11761476744675 ,50920.0,10:00:40 AM,1572669040193
-0.236 ,3.833 ,18.484,23.560188333333333,87.29871 ,39.1298023223877,84.11761476744675 ,50920.0,10:00:40 AM,1572669040199
5.278 ,8.022 ,19.802,23.560188333333333,87.29871 ,39.1298023223877,84.11761476744675 ,50920.0,10:00:40 AM,1572669040200
8.635 ,9.153 ,17.553,23.560188333333333,87.29871 ,39.1298023223877,84.11761476744675 ,50920.0,10:00:40 AM,1572669040202
10.75 ,7.381 ,12.059,23.560188333333333,87.29871 ,39.1298023223877,84.11761476744675 ,50920.0,10:00:40 AM,1572669040202
10.508 ,4.053 ,7.513,23.560188333333333,87.29871 ,39.1298023223877,84.11761476744675 ,50920.0,10:00:40 AM,1572669040206
7.628 ,1.637 ,5.617,23.560188333333333,87.29871 ,39.1298023223877,84.11761476744675 ,50920.0,10:00:40 AM,1572669040207
4.393 ,4.574 ,5.511,23.560188333333333,87.29871 ,39.1298023223877,84.11761476744675 ,50920.0,10:00:40 AM,1572669040213
0.215 ,5.312 ,9.02,23.560188333333333,87.29871 ,39.1298023223877,84.11761476744675 ,50920.0,10:00:40 AM,1572669040214
-4.532 ,5.589 ,4.873,23.560188333333333,87.29871 ,39.1298023223877,84.11761476744675 ,50920.0,10:00:40 AM,1572669040216
-8.246 ,4.705 ,2.163,23.560188333333333,87.29871 ,39.1298023223877,84.11761476744675 ,50920.0,10:00:40 AM,1572669040217
-9.617 ,4.301 ,6.697,23.560188333333333,87.29871 ,39.1298023223877,84.20736412798755 ,50920.0,10:00:40 AM,1572669040223
-11.153 ,6.913 ,10.403,23.560188333333333,87.29871 ,39.1298023223877,84.20736412798755 ,50920.0,10:00:40 AM,1572669040223
-9.872 ,7.137 ,11.349,23.560188333333333,87.29871 ,39.1298023223877,84.20736412798755 ,50920.0,10:00:40 AM,1572669040228
-5.591 ,6.209 ,9.827,23.560188333333333,87.29871 ,39.1298023223877,84.20736412798755 ,50920.0,10:00:40 AM,1572669040229
-3.144 ,2.985 ,2.736,23.560188333333333,87.29871 ,39.1298023223877,84.20736412798755 ,50920.0,10:00:40 AM,1572669040232
2.344 ,2.5 ,-0.319,23.560188333333333,87.29871 ,39.1298023223877,84.20736412798755 ,50920.0,10:00:40 AM,1572669040233
4.846 ,2.961 ,-3.43,23.560188333333333,87.29871 ,39.1298023223877,84.20736412798755 ,50920.0,10:00:40 AM,1572669040237
7.384 ,3.231 ,-1.742,23.560188333333333,87.29871 ,39.1298023223877,84.20736412798755 ,50920.0,10:00:40 AM,1572669040238
6.072 ,5.962 ,-0.334,23.560188333333333,87.29871 ,39.1298023223877,84.20736412798755 ,50920.0,10:00:40 AM,1572669040242
4.441 ,7.314 ,4.733,23.560188333333333,87.29871 ,39.1298023223877,84.20736412798755 ,50920.0,10:00:40 AM,1572669040242
3.507 ,9.862 ,13.344,23.560188333333333,87.29871 ,39.1298023223877,84.20736412798755 ,50920.0,10:00:40 AM,1572669040247
-3.453 ,10.387 ,11.64,23.560188333333333,87.29871 ,39.1298023223877,84.20736412798755 ,50920.0,10:00:40 AM,1572669040248
-3.398 ,9.147 ,14.867,23.560188333333333,87.29871 ,39.1298023223877,84.20736412798755 ,50920.0,10:00:40 AM,1572669040252
-6.399 ,7.528 ,7.064,23.560188333333333,87.29871 ,39.1298023223877,84.20736412798755 ,50920.0,10:00:40 AM,1572669040253
-6.252 ,7.16 ,10.938,23.560188333333333,87.29871 ,39.1298023223877,84.20736412798755 ,50920.0,10:00:40 AM,1572669040256
-4.765 ,9.494 ,11.765,23.560188333333333,87.29871 ,39.1298023223877,84.20736412798755 ,50920.0,10:00:40 AM,1572669040257
-3.882 ,9.004 ,12.933,23.560188333333333,87.29871 ,39.1298023223877,84.20736412798755 ,50920.0,10:00:40 AM,1572669040265
-1.352 ,8.857 ,11.021,23.560188333333333,87.29871 ,39.1298023223877,84.20736412798755 ,50920.0,10:00:40 AM,1572669040265
-1.196 ,6.931 ,6.296,23.560188333333333,87.29871 ,39.1298023223877,84.20736412798755 ,50920.0,10:00:40 AM,1572669040267
2.556 ,7.166 ,8.941,23.560188333333333,87.29871 ,39.1298023223877,84.20736412798755 ,50920.0,10:00:40 AM,1572669040268
2.114 ,7.884 ,4.884,23.560188333333333,87.29871 ,39.1298023223877,84.20736412798755 ,50920.0,10:00:40 AM,1572669040271
3.493 ,5.645 ,4.047,23.560188333333333,87.29871 ,39.1298023223877,84.20736412798755 ,50920.0,10:00:40 AM,1572669040272
5.023 ,4.146 ,2.492,23.560188333333333,87.29871 ,39.1298023223877,84.20736412798755 ,50920.0,10:00:40 AM,1572669040280
3.233 ,1.946 ,1.779,23.560188333333333,87.29871 ,39.1298023223877,84.20736412798755 ,50920.0,10:00:40 AM,1572669040281
4.1 ,3.017 ,8.796,23.560188333333333,87.29871 ,39.1298023223877,84.20736412798755 ,50920.0,10:00:40 AM,1572669040281
1.525 ,3.379 ,10.918,23.560188333333333,87.29871 ,39.1298023223877,84.20736412798755 ,50920.0,10:00:40 AM,1572669040282
0.045 ,2.967 ,16.622,23.560188333333333,87.29871 ,39.1298023223877,84.20736412798755 ,50920.0,10:00:40 AM,1572669040287
-2.832 ,3.282 ,17.893,23.560188333333333,87.29871 ,39.1298023223877,84.20736412798755 ,50920.0,10:00:40 AM,1572669040288
-5.447 ,1.029 ,17.993,23.560188333333333,87.29871 ,39.1298023223877,84.20736412798755 ,50920.0,10:00:40 AM,1572669040291
-6.649 ,0.286 ,15.019,23.560188333333333,87.29871 ,39.1298023223877,84.20736412798755 ,50920.0,10:00:40 AM,1572669040292
-7.923 ,-2.48 ,11.06,23.560188333333333,87.29871 ,39.1298023223877,84.20736412798755 ,50920.0,10:00:40 AM,1572669040297
-6.463 ,-3.201 ,11.197,23.560188333333333,87.29871 ,39.1298023223877,84.20736412798755 ,50920.0,10:00:40 AM,1572669040298
-6.66 ,0.094 ,10.987,23.560188333333333,87.29871 ,39.1298023223877,84.20736412798755 ,50920.0,10:00:40 AM,1572669040302
-3.368 ,3.664 ,15.505,23.560188333333333,87.29871 ,39.1298023223877,84.20736412798755 ,50920.0,10:00:40 AM,1572669040302
-2.2 ,4.065 ,10.189,23.560188333333333,87.29871 ,39.1298023223877,84.20736412798755 ,50920.0,10:00:40 AM,1572669040308
-1.28 ,0.764 ,3.355,23.560188333333333,87.29871 ,39.1298023223877,84.20736412798755 ,50920.0,10:00:40 AM,1572669040309
-0.079 ,-0.28 ,-0.364,23.560188333333333,87.29871 ,39.1298023223877,84.20736412798755 ,50920.0,10:00:40 AM,1572669040314
0.153 ,2.886 ,1.939,23.560188333333333,87.29871 ,39.1298023223877,84.20736412798755 ,50920.0,10:00:40 AM,1572669040314
1.52 ,9.105 ,10.737,23.560188333333333,87.29871 ,39.1298023223877,84.20736412798755 ,50920.0,10:00:40 AM,1572669040317
0.584 ,10.949 ,10.094,23.560188333333333,87.29871 ,39.1298023223877,84.20736412798755 ,50920.0,10:00:40 AM,1572669040317
1.211 ,9.147 ,7.615,23.560188333333333,87.29871 ,39.1298023223877,84.20736412798755 ,50920.0,10:00:40 AM,1572669040322
0.501 ,6.626 ,1.404,23.560188333333333,87.29871 ,39.1298023223877,84.20736412798755 ,50920.0,10:00:40 AM,1572669040323
0.031 ,5.911 ,2.199,23.560188333333333,87.29871 ,39.1298023223877,84.20736412798755 ,50920.0,10:00:40 AM,1572669040328
-1.148 ,7.422 ,0.327,23.560188333333333,87.29871 ,39.1298023223877,84.20736412798755 ,50920.0,10:00:40 AM,1572669040329
-2.474 ,5.397 ,2.151,23.560188333333333,87.29871 ,39.1298023223877,84.20736412798755 ,50920.0,10:00:40 AM,1572669040331
-2.262 ,7.029 ,8.747,23.560188333333333,87.29871 ,39.1298023223877,84.20736412798755 ,50920.0,10:00:40 AM,1572669040332
-4.159 ,9.723 ,14.477,23.560188333333333,87.29871 ,39.1298023223877,84.20736412798755 ,50920.0,10:00:40 AM,1572669040337
-2.276 ,12.385 ,22.747,23.560188333333333,87.29871 ,39.1298023223877,84.20736412798755 ,50920.0,10:00:40 AM,1572669040337
-3.179 ,11.376 ,16.207,23.560188333333333,87.29871 ,39.1298023223877,84.20736412798755 ,50920.0,10:00:40 AM,1572669040341
-1.941 ,6.799 ,12.129,23.560188333333333,87.29871 ,39.1298023223877,84.20736412798755 ,50920.0,10:00:40 AM,1572669040342
0.535 ,6.087 ,8.367,23.560188333333333,87.29871 ,39.1298023223877,84.20736412798755 ,50920.0,10:00:40 AM,1572669040347
0.396 ,6.659 ,6.274,23.560188333333333,87.29871 ,39.1298023223877,84.20736412798755 ,50920.0,10:00:40 AM,1572669040347
3.202 ,8.474 ,10.496,23.560188333333333,87.29871 ,39.1298023223877,84.20736412798755 ,50920.0,10:00:40 AM,1572669040352
0.816 ,6.159 ,4.523,23.560188333333333,87.29871 ,39.1298023223877,84.20736412798755 ,50920.0,10:00:40 AM,1572669040353
1.636 ,2.446 ,5.408,23.560188333333333,87.29871 ,39.1298023223877,84.20736412798755 ,50920.0,10:00:40 AM,1572669040356
0.215 ,1.07 ,3.258,23.560188333333333,87.29871 ,39.1298023223877,84.20736412798755 ,50920.0,10:00:40 AM,1572669040356
-0.762 ,0.314 ,7.112,23.560188333333333,87.29871 ,39.1298023223877,84.20736412798755 ,50920.0,10:00:40 AM,1572669040362
-0.416 ,3.344 ,13.324,23.560188333333333,87.29871 ,39.1298023223877,84.20736412798755 ,50920.0,10:00:40 AM,1572669040363
-2.992 ,4.604 ,16.249,23.560188333333333,87.29871 ,39.1298023223877,84.20736412798755 ,50920.0,10:00:40 AM,1572669040366
-2.948 ,5.316 ,17.121,23.560188333333333,87.29871 ,39.1298023223877,84.20736412798755 ,50920.0,10:00:40 AM,1572669040366
-5.441 ,4.629 ,9.047,23.560188333333333,87.29871 ,39.1298023223877,84.20736412798755 ,50920.0,10:00:40 AM,1572669040371
-5.171 ,2.712 ,6.608,23.560188333333333,87.29871 ,39.1298023223877,84.20736412798755 ,50920.0,10:00:40 AM,1572669040371
-6.24 ,1.897 ,-1.838,23.560188333333333,87.29871 ,39.1298023223877,84.20736412798755 ,50920.0,10:00:40 AM,1572669040379
-3.777 ,1.029 ,-2.298,23.560188333333333,87.29871 ,39.1298023223877,84.20736412798755 ,50920.0,10:00:40 AM,1572669040379
-0.874 ,2.894 ,-1.253,23.560188333333333,87.29871 ,39.1298023223877,84.20736412798755 ,50920.0,10:00:40 AM,1572669040381
3.767 ,5.54 ,6.421,23.560188333333333,87.29871 ,39.1298023223877,84.20736412798755 ,50920.0,10:00:40 AM,1572669040382
7.527 ,8.582 ,9.438,23.560188333333333,87.29871 ,39.1298023223877,84.20736412798755 ,50920.0,10:00:40 AM,1572669040386
9.045 ,6.739 ,11.152,23.560188333333333,87.29871 ,39.1298023223877,84.20736412798755 ,50920.0,10:00:40 AM,1572669040386
9.542 ,2.383 ,7.325,23.560188333333333,87.29871 ,39.1298023223877,84.20736412798755 ,50920.0,10:00:40 AM,1572669040391
6.786 ,-1.413 ,3.688,23.560188333333333,87.29871 ,39.1298023223877,84.20736412798755 ,50920.0,10:00:40 AM,1572669040391
