x,y,z,latitude,longitude,speed,sound,light,time,timestamp
-2.342 ,5.346 ,2.696,23.572979999999998,87.302575 ,38.87964706420899,85.44034308822576 ,50920.0,10:03:51 AM,1572669231522
-1.679 ,8.792 ,10.386,23.572979999999998,87.302575 ,38.87964706420899,85.44034308822576 ,50920.0,10:03:51 AM,1572669231522
-2.117 ,9.318 ,6.328,23.572979999999998,87.302575 ,38.87964706420899,85.44034308822576 ,50920.0,10:03:51 AM,1572669231526
-1.887 ,5.348 ,1.245,23.572979999999998,87.302575 ,38.87964706420899,85.44034308822576 ,50920.0,10:03:51 AM,1572669231527
-1.358 ,0.342 ,-2.241,23.572979999999998,87.302575 ,38.87964706420899,85.44034308822576 ,50920.0,10:03:51 AM,1572669231532
-2.356 ,1.431 ,-7.103,23.572979999999998,87.302575 ,38.87964706420899,85.44034308822576 ,50920.0,10:03:51 AM,1572669231533
0.26 ,5.309 ,2.204,23.572979999999998,87.302575 ,38.87964706420899,85.44034308822576 ,50920.0,10:03:51 AM,1572669231537
0.389 ,11.063 ,8.496,23.572979999999998,87.302575 ,38.87964706420899,85.44034308822576 ,50920.0,10:03:51 AM,1572669231537
-0.835 ,14.728 ,8.764,23.572979999999998,87.302575 ,38.87964706420899,85.44034308822576 ,50920.0,10:03:51 AM,1572669231541
1.221 ,12.86 ,7.663,23.572979999999998,87.302575 ,38.87964706420899,85.44034308822576 ,50920.0,10:03:51 AM,1572669231542
2.576 ,8.414 ,3.868,23.572979999999998,87.302575 ,38.87964706420899,85.44034308822576 ,50920.0,10:03:51 AM,1572669231547
0.652 ,6.817 ,-1.353,23.572979999999998,87.302575 ,38.87964706420899,85.44034308822576 ,50920.0,10:03:51 AM,1572669231547
3.439 ,8.002 ,10.814,23.572979999999998,87.302575 ,38.87964706420899,85.44034308822576 ,50920.0,10:03:51 AM,1572669231552
1.034 ,10.406 ,10.963,23.572979999999998,87.302575 ,38.87964706420899,85.44034308822576 ,50920.0,10:03:51 AM,1572669231553
2.467 ,7.601 ,14.03,23.572979999999998,87.302575 ,38.87964706420899,85.44034308822576 ,50920.0,10:03:51 AM,1572669231556
2.825 ,2.366 ,12.524,23.572979999999998,87.302575 ,38.87964706420899,85.44034308822576 ,50920.0,10:03:51 AM,1572669231557
2.08 ,0.731 ,10.454,23.572979999999998,87.302575 ,38.87964706420899,85.44034308822576 ,50920.0,10:03:51 AM,1572669231564
1.578 ,3.222 ,14.162,23.572979999999998,87.302575 ,38.87964706420899,85.44034308822576 ,50920.0,10:03:51 AM,1572669231564
0.449 ,4.941 ,16.642,23.572979999999998,87.302575 ,38.87964706420899,85.44034308822576 ,50920.0,10:03:51 AM,1572669231566
-3.211 ,2.473 ,9.943,23.572979999999998,87.302575 ,38.87964706420899,85.44034308822576 ,50920.0,10:03:51 AM,1572669231567
-3.763 ,-2.16 ,6.415,23.572979999999998,87.302575 ,38.87964706420899,85.44034308822576 ,50920.0,10:03:51 AM,1572669231572
-6.282 ,-3.41 ,2.219,23.572979999999998,87.302575 ,38.87964706420899,85.44034308822576 ,50920.0,10:03:51 AM,1572669231573
-6.313 ,-0.579 ,7.041,23.572979999999998,87.302575 ,38.87964706420899,85.44034308822576 ,50920.0,10:03:51 AM,1572669231576
-6.082 ,3.826 ,13.004,23.572979999999998,87.302575 ,38.87964706420899,85.44034308822576 ,50920.0,10:03:51 AM,1572669231577
-6.311 ,5.7 ,18.332,23.572979999999998,87.302575 ,38.87964706420899,85.44034308822576 ,50920.0,10:03:51 AM,1572669231582
-5.802 ,3.924 ,14.549,23.572979999999998,87.302575 ,38.87964706420899,85.44034308822576 ,50920.0,10:03:51 AM,1572669231583
-2.923 ,-0.715 ,7.954,23.572979999999998,87.302575 ,38.87964706420899,85.44034308822576 ,50920.0,10:03:51 AM,1572669231590
-0.993 ,-3.435 ,2.915,23.572979999999998,87.302575 ,38.87964706420899,85.44034308822576 ,50920.0,10:03:51 AM,1572669231591
2.418 ,-1.161 ,4.754,23.572979999999998,87.302575 ,38.87964706420899,85.44034308822576 ,50920.0,10:03:51 AM,1572669231592
5.116 ,4.32 ,13.877,23.572979999999998,87.302575 ,38.87964706420899,85.44034308822576 ,50920.0,10:03:51 AM,1572669231592
4.737 ,7.783 ,14.914,23.572979999999998,87.302575 ,38.87964706420899,85.44034308822576 ,50920.0,10:03:51 AM,1572669231597
4.037 ,5.509 ,8.136,23.572979999999998,87.302575 ,38.87964706420899,85.44034308822576 ,50920.0,10:03:51 AM,1572669231598
3.137 ,-0.179 ,-0.139,23.572979999999998,87.302575 ,38.87964706420899,85.44034308822576 ,50920.0,10:03:51 AM,1572669231603
0.015 ,-1.069 ,-2.973,23.572979999999998,87.302575 ,38.87964706420899,85.44034308822576 ,50920.0,10:03:51 AM,1572669231604
-2.156 ,4.304 ,2.832,23.572979999999998,87.302575 ,38.87964706420899,85.44034308822576 ,50920.0,10:03:51 AM,1572669231608
-4.295 ,10.34 ,10.685,23.572979999999998,87.302575 ,38.87964706420899,85.44034308822576 ,50920.0,10:03:51 AM,1572669231608
-6.209 ,10.97 ,11.364,23.572979999999998,87.302575 ,38.87964706420899,85.44034308822576 ,50920.0,10:03:51 AM,1572669231613
-6.473 ,6.799 ,5.119,23.572979999999998,87.302575 ,38.87964706420899,85.44034308822576 ,50920.0,10:03:51 AM,1572669231614
-4.198 ,2.533 ,2.799,23.572979999999998,87.302575 ,38.87964706420899,85.44034308822576 ,50920.0,10:03:51 AM,1572669231616
-2.389 ,3.566 ,2.296,23.572979999999998,87.302575 ,38.87964706420899,85.44034308822576 ,50920.0,10:03:51 AM,1572669231617
0.719 ,8.114 ,8.571,23.572979999999998,87.302575 ,38.87964706420899,85.44034308822576 ,50920.0,10:03:51 AM,1572669231622
4.479 ,10.44 ,14.454,23.572979999999998,87.302575 ,38.87964706420899,85.44034308822576 ,50920.0,10:03:51 AM,1572669231623
4.728 ,7.946 ,9.493,23.572979999999998,87.302575 ,38.87964706420899,85.44034308822576 ,50920.0,10:03:51 AM,1572669231626
4.538 ,3.059 ,5.331,23.572979999999998,87.302575 ,38.87964706420899,85.44034308822576 ,50920.0,10:03:51 AM,1572669231627
4.799 ,1.019 ,8.6,23.572979999999998,87.302575 ,38.87964706420899,85.44034308822576 ,50920.0,10:03:51 AM,1572669231632
2.065 ,3.616 ,11.58,23.572979999999998,87.302575 ,38.87964706420899,85.44034308822576 ,50920.0,10:03:51 AM,1572669231633
0.652 ,7.399 ,18.569,23.572979999999998,87.302575 ,38.87964706420899,85.44034308822576 ,50920.0,10:03:51 AM,1572669231637
-0.326 ,8.461 ,23.858,23.572979999999998,87.302575 ,38.87964706420899,85.44034308822576 ,50920.0,10:03:51 AM,1572669231637
-3.994 ,6.234 ,19.504,23.572979999999998,87.302575 ,38.87964706420899,85.44034308822576 ,50920.0,10:03:51 AM,1572669231641
-4.668 ,4.33 ,17.333,23.572979999999998,87.302575 ,38.87964706420899,85.44034308822576 ,50920.0,10:03:51 AM,1572669231642
-4.048 ,3.833 ,15.854,23.572979999999998,87.302575 ,38.87964706420899,85.44034308822576 ,50920.0,10:03:51 AM,1572669231647
-3.476 ,5.604 ,12.525,23.572979999999998,87.302575 ,38.87964706420899,85.44034308822576 ,50920.0,10:03:51 AM,1572669231648
-0.74 ,7.356 ,10.213,23.572979999999998,87.302575 ,38.87964706420899,85.44034308822576 ,50920.0,10:03:51 AM,1572669231652
1.616 ,7.324 ,9.091,23.572979999999998,87.302575 ,38.87964706420899,85.44034308822576 ,50920.0,10:03:51 AM,1572669231653
2.543 ,5.828 ,4.143,23.572979999999998,87.302575 ,38.87964706420899,85.44034308822576 ,50920.0,10:03:51 AM,1572669231657
2.2 ,3.598 ,-0.17,23.572979999999998,87.302575 ,38.87964706420899,85.44034308822576 ,50920.0,10:03:51 AM,1572669231657
3.046 ,1.631 ,-1.788,23.572979999999998,87.302575 ,38.87964706420899,85.44034308822576 ,50920.0,10:03:51 AM,1572669231662
0.823 ,2.12 ,-3.591,23.572979999999998,87.302575 ,38.87964706420899,85.44034308822576 ,50920.0,10:03:51 AM,1572669231662
-0.886 ,4.679 ,3.406,23.572979999999998,87.302575 ,38.87964706420899,85.44034308822576 ,50920.0,10:03:51 AM,1572669231666
-4.522 ,7.436 ,6.902,23.572979999999998,87.302575 ,38.87964706420899,85.44034308822576 ,50920.0,10:03:51 AM,1572669231667
-7.049 ,6.12 ,2.799,23.572979999999998,87.302575 ,38.87964706420899,85.44034308822576 ,50920.0,10:03:51 AM,1572669231671
-7.167 ,0.787 ,-1.777,23.572979999999998,87.302575 ,38.87964706420899,85.44034308822576 ,50920.0,10:03:51 AM,1572669231671
-5.763 ,-1.546 ,-0.385,23.572979999999998,87.302575 ,38.87964706420899,85.44034308822576 ,50920.0,10:03:51 AM,1572669231676
-4.551 ,4.108 ,5.155,23.572979999999998,87.302575 ,38.87964706420899,85.44034308822576 ,50920.0,10:03:51 AM,1572669231677
-0.842 ,10.06 ,16.786,23.572979999999998,87.302575 ,38.87964706420899,85.44034308822576 ,50920.0,10:03:51 AM,1572669231682
0.729 ,9.409 ,17.389,23.572979999999998,87.302575 ,38.87964706420899,85.44034308822576 ,50920.0,10:03:51 AM,1572669231682
1.546 ,2.806 ,7.565,23.572979999999998,87.302575 ,38.87964706420899,85.44034308822576 ,50920.0,10:03:51 AM,1572669231687
5.349 ,-3.22 ,4.129,23.572979999999998,87.302575 ,38.87964706420899,85.44034308822576 ,50920.0,10:03:51 AM,1572669231688
4.981 ,-2.628 ,5.006,23.572979999999998,87.302575 ,38.87964706420899,85.44034308822576 ,50920.0,10:03:51 AM,1572669231692
3.832 ,3.089 ,13.987,23.572979999999998,87.302575 ,38.87964706420899,85.44034308822576 ,50920.0,10:03:51 AM,1572669231692
2.788 ,6.834 ,23.487,23.572979999999998,87.302575 ,38.87964706420899,85.44034308822576 ,50920.0,10:03:51 AM,1572669231697
-1.71 ,3.628 ,17.111,23.572979999999998,87.302575 ,38.87964706420899,85.44034308822576 ,50920.0,10:03:51 AM,1572669231698
-4.559 ,-2.87 ,7.09,23.572979999999998,87.302575 ,38.87964706420899,85.44034308822576 ,50920.0,10:03:51 AM,1572669231702
-4.704 ,-6.504 ,5.89,23.572979999999998,87.302575 ,38.87964706420899,85.44034308822576 ,50920.0,10:03:51 AM,1572669231703
-5.9 ,-1.245 ,9.942,23.572979999999998,87.302575 ,38.87964706420899,85.44034308822576 ,50920.0,10:03:51 AM,1572669231706
-6.253 ,6.927 ,18.62,23.572979999999998,87.302575 ,38.87964706420899,85.44034308822576 ,50920.0,10:03:51 AM,1572669231706
-3.665 ,9.772 ,22.765,23.572979999999998,87.302575 ,38.87964706420899,85.44034308822576 ,50920.0,10:03:51 AM,1572669231713
-2.546 ,5.199 ,12.911,23.572979999999998,87.302575 ,38.87964706420899,85.44034308822576 ,50920.0,10:03:51 AM,1572669231714
-0.392 ,0.969 ,4.527,23.572979999999998,87.302575 ,38.87964706420899,85.44034308822576 ,50920.0,10:03:51 AM,1572669231716
3.177 ,0.824 ,5.424,23.572979999999998,87.302575 ,38.87964706420899,85.44034308822576 ,50920.0,10:03:51 AM,1572669231716
3.913 ,5.001 ,8.369,23.572979999999998,87.302575 ,38.87964706420899,85.44034308822576 ,50920.0,10:03:51 AM,1572669231722
4.671 ,8.882 ,13.375,23.572979999999998,87.302575 ,38.87964706420899,85.44034308822576 ,50920.0,10:03:51 AM,1572669231723
5.505 ,9.016 ,17.152,23.572979999999998,87.302575 ,38.87964706420899,85.44034308822576 ,50920.0,10:03:51 AM,1572669231727
2.629 ,5.994 ,8.743,23.572979999999998,87.302575 ,38.87964706420899,85.44034308822576 ,50920.0,10:03:51 AM,1572669231727
0.853 ,2.808 ,3.942,23.572979999999998,87.302575 ,38.87964706420899,85.44034308822576 ,50920.0,10:03:51 AM,1572669231732
0.894 ,1.994 ,5.176,23.572979999999998,87.302575 ,38.87964706420899,85.44034308822576 ,50920.0,10:03:51 AM,1572669231733
-0.888 ,5.237 ,5.042,23.572979999999998,87.302575 ,38.87964706420899,85.44034308822576 ,50920.0,10:03:51 AM,1572669231737
-1.559 ,8.718 ,9.247,23.572979999999998,87.302575 ,38.87964706420899,85.44034308822576 ,50920.0,10:03:51 AM,1572669231737
-3.865 ,9.232 ,8.059,23.572979999999998,87.302575 ,38.87964706420899,85.44034308822576 ,50920.0,10:03:51 AM,1572669231741
-4.909 ,5.942 ,3.984,23.572979999999998,87.302575 ,38.87964706420899,85.55637575461549 ,50920.0,10:03:51 AM,1572669231741
-5.122 ,2.128 ,0.244,23.572979999999998,87.302575 ,38.87964706420899,85.55637575461549 ,50920.0,10:03:51 AM,1572669231746
-3.807 ,0.841 ,5.151,23.572979999999998,87.302575 ,38.87964706420899,85.55637575461549 ,50920.0,10:03:51 AM,1572669231747
-2.512 ,5.396 ,11.157,23.572979999999998,87.302575 ,38.87964706420899,85.55637575461549 ,50920.0,10:03:51 AM,1572669231751
1.936 ,10.852 ,19.718,23.572979999999998,87.302575 ,38.87964706420899,85.55637575461549 ,50920.0,10:03:51 AM,1572669231751
2.35 ,10.452 ,17.008,23.572979999999998,87.302575 ,38.87964706420899,85.55637575461549 ,50920.0,10:03:51 AM,1572669231756
2.672 ,4.729 ,9.176,23.572979999999998,87.302575 ,38.87964706420899,85.55637575461549 ,50920.0,10:03:51 AM,1572669231756
2.106 ,-1.45 ,-0.433,23.572979999999998,87.302575 ,38.87964706420899,85.55637575461549 ,50920.0,10:03:51 AM,1572669231765
2.683 ,-3.159 ,0.546,23.572979999999998,87.302575 ,38.87964706420899,85.55637575461549 ,50920.0,10:03:51 AM,1572669231766
0.774 ,1.924 ,4.408,23.572979999999998,87.302575 ,38.87964706420899,85.55637575461549 ,50920.0,10:03:51 AM,1572669231766
0.097 ,7.865 ,16.823,23.572979999999998,87.302575 ,38.87964706420899,85.55637575461549 ,50920.0,10:03:51 AM,1572669231767
