x,y,z,latitude,longitude,speed,sound,light,time,timestamp
-8.003 ,8.362 ,-2.176,23.564476666666664,87.29876333333335 ,45.90992889404297,88.83439913269916 ,50920.0,10:01:30 AM,1572669090482
-5.292 ,8.498 ,8.564,23.564476666666664,87.29876333333335 ,45.90992889404297,88.83439913269916 ,50920.0,10:01:30 AM,1572669090483
-4.873 ,7.522 ,3.032,23.564476666666664,87.29876333333335 ,45.90992889404297,88.83439913269916 ,50920.0,10:01:30 AM,1572669090488
-3.296 ,1.551 ,4.802,23.564476666666664,87.29876333333335 ,45.90992889404297,88.83439913269916 ,50920.0,10:01:30 AM,1572669090488
-0.482 ,3.228 ,2.297,23.564476666666664,87.29876333333335 ,45.90992889404297,88.83439913269916 ,50920.0,10:01:30 AM,1572669090497
0.607 ,4.523 ,6.055,23.564476666666664,87.29876333333335 ,45.90992889404297,88.83439913269916 ,50920.0,10:01:30 AM,1572669090498
2.434 ,9.611 ,10.708,23.564476666666664,87.29876333333335 ,45.90992889404297,88.83439913269916 ,50920.0,10:01:30 AM,1572669090498
1.09 ,6.571 ,12.796,23.564476666666664,87.29876333333335 ,45.90992889404297,88.83439913269916 ,50920.0,10:01:30 AM,1572669090499
-0.048 ,4.286 ,17.885,23.564476666666664,87.29876333333335 ,45.90992889404297,88.83439913269916 ,50920.0,10:01:30 AM,1572669090505
-4.11 ,3.743 ,20.889,23.564476666666664,87.29876333333335 ,45.90992889404297,88.83439913269916 ,50920.0,10:01:30 AM,1572669090505
-3.325 ,5.625 ,33.966,23.564476666666664,87.29876333333335 ,45.90992889404297,88.83439913269916 ,50920.0,10:01:30 AM,1572669090507
-6.188 ,4.558 ,25.084,23.564476666666664,87.29876333333335 ,45.90992889404297,88.83439913269916 ,50920.0,10:01:30 AM,1572669090508
-3.077 ,1.443 ,30.473,23.564476666666664,87.29876333333335 ,45.90992889404297,88.83439913269916 ,50920.0,10:01:30 AM,1572669090512
-3.501 ,-0.319 ,19.269,23.564476666666664,87.29876333333335 ,45.90992889404297,88.83439913269916 ,50920.0,10:01:30 AM,1572669090513
2.241 ,2.654 ,19.308,23.564476666666664,87.29876333333335 ,45.90992889404297,88.83439913269916 ,50920.0,10:01:30 AM,1572669090521
2.164 ,5.882 ,5.022,23.564476666666664,87.29876333333335 ,45.90992889404297,88.83439913269916 ,50920.0,10:01:30 AM,1572669090522
5.952 ,2.059 ,12.021,23.564476666666664,87.29876333333335 ,45.90992889404297,88.83439913269916 ,50920.0,10:01:30 AM,1572669090522
1.071 ,0.798 ,-1.599,23.564476666666664,87.29876333333335 ,45.90992889404297,88.83439913269916 ,50920.0,10:01:30 AM,1572669090523
1.937 ,0.341 ,5.137,23.564476666666664,87.29876333333335 ,45.90992889404297,88.83439913269916 ,50920.0,10:01:30 AM,1572669090528
-2.052 ,2.436 ,2.486,23.564476666666664,87.29876333333335 ,45.90992889404297,88.83439913269916 ,50920.0,10:01:30 AM,1572669090529
-3.458 ,-0.788 ,7.713,23.564476666666664,87.29876333333335 ,45.90992889404297,88.83439913269916 ,50920.0,10:01:30 AM,1572669090533
-6.963 ,0.574 ,6.056,23.564476666666664,87.29876333333335 ,45.90992889404297,88.83439913269916 ,50920.0,10:01:30 AM,1572669090533
-6.595 ,1.691 ,12.51,23.564476666666664,87.29876333333335 ,45.90992889404297,88.83439913269916 ,50920.0,10:01:30 AM,1572669090539
-7.339 ,5.29 ,10.551,23.564476666666664,87.29876333333335 ,45.90992889404297,88.83439913269916 ,50920.0,10:01:30 AM,1572669090539
-6.382 ,4.334 ,10.741,23.564476666666664,87.29876333333335 ,45.90992889404297,88.83439913269916 ,50920.0,10:01:30 AM,1572669090544
-4.864 ,4.002 ,7.338,23.564476666666664,87.29876333333335 ,45.90992889404297,88.83439913269916 ,50920.0,10:01:30 AM,1572669090544
-4.012 ,4.753 ,6.716,23.564476666666664,87.29876333333335 ,45.90992889404297,88.83439913269916 ,50920.0,10:01:30 AM,1572669090547
-2.346 ,8.221 ,11.679,23.564476666666664,87.29876333333335 ,45.90992889404297,88.83439913269916 ,50920.0,10:01:30 AM,1572669090547
-0.497 ,9.018 ,12.482,23.564476666666664,87.29876333333335 ,45.90992889404297,88.83439913269916 ,50920.0,10:01:30 AM,1572669090554
2.8 ,8.153 ,17.634,23.564476666666664,87.29876333333335 ,45.90992889404297,88.83439913269916 ,50920.0,10:01:30 AM,1572669090554
1.658 ,7.398 ,12.069,23.564476666666664,87.29876333333335 ,45.90992889404297,88.83439913269916 ,50920.0,10:01:30 AM,1572669090558
6.106 ,7.476 ,18.581,23.564476666666664,87.29876333333335 ,45.90992889404297,88.83439913269916 ,50920.0,10:01:30 AM,1572669090558
5.28 ,6.307 ,9.266,23.564476666666664,87.29876333333335 ,45.90992889404297,88.83439913269916 ,50920.0,10:01:30 AM,1572669090562
7.047 ,3.136 ,9.907,23.564476666666664,87.29876333333335 ,45.90992889404297,88.83439913269916 ,50920.0,10:01:30 AM,1572669090563
4.916 ,3.785 ,5.793,23.564476666666664,87.29876333333335 ,45.90992889404297,88.83439913269916 ,50920.0,10:01:30 AM,1572669090569
6.493 ,4.473 ,10.243,23.564476666666664,87.29876333333335 ,45.90992889404297,88.83439913269916 ,50920.0,10:01:30 AM,1572669090570
0.746 ,6.377 ,0.595,23.564476666666664,87.29876333333335 ,45.90992889404297,88.83439913269916 ,50920.0,10:01:30 AM,1572669090573
2.216 ,4.816 ,7.888,23.564476666666664,87.29876333333335 ,45.90992889404297,88.83439913269916 ,50920.0,10:01:30 AM,1572669090573
-3.682 ,5.274 ,1.057,23.564476666666664,87.29876333333335 ,45.90992889404297,88.83439913269916 ,50920.0,10:01:30 AM,1572669090578
-3.017 ,3.779 ,4.802,23.564476666666664,87.29876333333335 ,45.90992889404297,88.83439913269916 ,50920.0,10:01:30 AM,1572669090578
-5.647 ,5.332 ,6.269,23.564476666666664,87.29876333333335 ,45.90992889404297,88.83439913269916 ,50920.0,10:01:30 AM,1572669090582
-6.55 ,4.355 ,5.051,23.564476666666664,87.29876333333335 ,45.90992889404297,88.83439913269916 ,50920.0,10:01:30 AM,1572669090583
-3.64 ,5.651 ,9.946,23.564476666666664,87.29876333333335 ,45.90992889404297,88.83439913269916 ,50920.0,10:01:30 AM,1572669090587
-3.939 ,4.501 ,3.943,23.564476666666664,87.29876333333335 ,45.90992889404297,88.83439913269916 ,50920.0,10:01:30 AM,1572669090588
-0.767 ,6.409 ,5.853,23.564476666666664,87.29876333333335 ,45.90992889404297,88.83439913269916 ,50920.0,10:01:30 AM,1572669090592
1.552 ,6.098 ,3.248,23.564476666666664,87.29876333333335 ,45.90992889404297,88.83439913269916 ,50920.0,10:01:30 AM,1572669090592
3.296 ,7.151 ,5.613,23.564476666666664,87.29876333333335 ,45.90992889404297,88.83439913269916 ,50920.0,10:01:30 AM,1572669090597
2.345 ,7.401 ,-2.074,23.564476666666664,87.29876333333335 ,45.90992889404297,88.83439913269916 ,50920.0,10:01:30 AM,1572669090598
4.706 ,7.375 ,4.1,23.564476666666664,87.29876333333335 ,45.90992889404297,88.83439913269916 ,50920.0,10:01:30 AM,1572669090603
0.198 ,7.361 ,-2.722,23.564476666666664,87.29876333333335 ,45.90992889404297,88.83439913269916 ,50920.0,10:01:30 AM,1572669090604
-0.22 ,8.189 ,11.064,23.564476666666664,87.29876333333335 ,45.90992889404297,88.83439913269916 ,50920.0,10:01:30 AM,1572669090607
-4.143 ,10.533 ,8.185,23.564476666666664,87.29876333333335 ,45.90992889404297,88.83439913269916 ,50920.0,10:01:30 AM,1572669090608
-4.028 ,9.092 ,13.733,23.564476666666664,87.29876333333335 ,45.90992889404297,88.83439913269916 ,50920.0,10:01:30 AM,1572669090613
-5.558 ,6.962 ,5.96,23.564476666666664,87.29876333333335 ,45.90992889404297,88.83439913269916 ,50920.0,10:01:30 AM,1572669090613
-2.926 ,4.101 ,11.565,23.564476666666664,87.29876333333335 ,45.90992889404297,89.30586661825458 ,50920.0,10:01:30 AM,1572669090621
-1.808 ,6.669 ,3.58,23.564476666666664,87.29876333333335 ,45.90992889404297,89.30586661825458 ,50920.0,10:01:30 AM,1572669090622
2.519 ,5.743 ,8.058,23.564476666666664,87.29876333333335 ,45.90992889404297,89.30586661825458 ,50920.0,10:01:30 AM,1572669090623
2.558 ,6.653 ,2.935,23.564476666666664,87.29876333333335 ,45.90992889404297,89.30586661825458 ,50920.0,10:01:30 AM,1572669090624
4.324 ,5.194 ,12.76,23.564476666666664,87.29876333333335 ,45.90992889404297,89.30586661825458 ,50920.0,10:01:30 AM,1572669090628
1.627 ,7.928 ,9.973,23.564476666666664,87.29876333333335 ,45.90992889404297,89.30586661825458 ,50920.0,10:01:30 AM,1572669090629
-0.367 ,7.382 ,15.833,23.564476666666664,87.29876333333335 ,45.90992889404297,89.30586661825458 ,50920.0,10:01:30 AM,1572669090632
-2.858 ,5.728 ,14.65,23.564476666666664,87.29876333333335 ,45.90992889404297,89.30586661825458 ,50920.0,10:01:30 AM,1572669090632
-5.874 ,1.848 ,12.552,23.564476666666664,87.29876333333335 ,45.90992889404297,89.30586661825458 ,50920.0,10:01:30 AM,1572669090638
-6.748 ,1.441 ,12.566,23.564476666666664,87.29876333333335 ,45.90992889404297,89.30586661825458 ,50920.0,10:01:30 AM,1572669090639
-6.882 ,2.476 ,12.548,23.564476666666664,87.29876333333335 ,45.90992889404297,89.30586661825458 ,50920.0,10:01:30 AM,1572669090643
-4.784 ,3.736 ,16.214,23.564476666666664,87.29876333333335 ,45.90992889404297,89.30586661825458 ,50920.0,10:01:30 AM,1572669090644
-5.142 ,4.527 ,10.679,23.564476666666664,87.29876333333335 ,45.90992889404297,89.30586661825458 ,50920.0,10:01:30 AM,1572669090647
-1.551 ,2.675 ,19.086,23.564476666666664,87.29876333333335 ,45.90992889404297,89.30586661825458 ,50920.0,10:01:30 AM,1572669090647
-3.193 ,3.963 ,10.697,23.564476666666664,87.29876333333335 ,45.90992889404297,89.30586661825458 ,50920.0,10:01:30 AM,1572669090653
0.743 ,3.21 ,17.691,23.564476666666664,87.29876333333335 ,45.90992889404297,89.30586661825458 ,50920.0,10:01:30 AM,1572669090654
-0.925 ,4.005 ,6.31,23.564476666666664,87.29876333333335 ,45.90992889404297,89.30586661825458 ,50920.0,10:01:30 AM,1572669090657
3.201 ,2.642 ,15.338,23.564476666666664,87.29876333333335 ,45.90992889404297,89.30586661825458 ,50920.0,10:01:30 AM,1572669090658
0.184 ,5.485 ,5.866,23.564476666666664,87.29876333333335 ,45.90992889404297,89.30586661825458 ,50920.0,10:01:30 AM,1572669090665
5.138 ,7.307 ,10.876,23.564476666666664,87.29876333333335 ,45.90992889404297,89.30586661825458 ,50920.0,10:01:30 AM,1572669090665
2.692 ,9.528 ,1.992,23.564476666666664,87.29876333333335 ,45.90992889404297,89.30586661825458 ,50920.0,10:01:30 AM,1572669090670
5.877 ,5.493 ,4.359,23.564476666666664,87.29876333333335 ,45.90992889404297,89.30586661825458 ,50920.0,10:01:30 AM,1572669090670
2.813 ,5.261 ,0.352,23.564476666666664,87.29876333333335 ,45.90992889404297,89.30586661825458 ,50920.0,10:01:30 AM,1572669090672
1.487 ,6.038 ,4.039,23.564476666666664,87.29876333333335 ,45.90992889404297,89.30586661825458 ,50920.0,10:01:30 AM,1572669090673
1.004 ,7.222 ,2.958,23.564476666666664,87.29876333333335 ,45.90992889404297,89.30586661825458 ,50920.0,10:01:30 AM,1572669090677
-0.539 ,4.339 ,2.826,23.564476666666664,87.29876333333335 ,45.90992889404297,89.30586661825458 ,50920.0,10:01:30 AM,1572669090677
-2.146 ,3.738 ,4.248,23.564476666666664,87.29876333333335 ,45.90992889404297,89.30586661825458 ,50920.0,10:01:30 AM,1572669090681
-3.909 ,6.407 ,5.485,23.564476666666664,87.29876333333335 ,45.90992889404297,89.30586661825458 ,50920.0,10:01:30 AM,1572669090682
-3.114 ,8.661 ,13.571,23.564476666666664,87.29876333333335 ,45.90992889404297,89.30586661825458 ,50920.0,10:01:30 AM,1572669090687
-5.701 ,7.284 ,2.875,23.564476666666664,87.29876333333335 ,45.90992889404297,89.30586661825458 ,50920.0,10:01:30 AM,1572669090688
-1.795 ,3.519 ,10.573,23.564476666666664,87.29876333333335 ,45.90992889404297,89.30586661825458 ,50920.0,10:01:30 AM,1572669090692
-3.501 ,4.312 ,3.287,23.564476666666664,87.29876333333335 ,45.90992889404297,89.30586661825458 ,50920.0,10:01:30 AM,1572669090692
2.556 ,6.22 ,15.183,23.564476666666664,87.29876333333335 ,45.90992889404297,89.30586661825458 ,50920.0,10:01:30 AM,1572669090697
0.837 ,8.663 ,7.791,23.564476666666664,87.29876333333335 ,45.90992889404297,89.30586661825458 ,50920.0,10:01:30 AM,1572669090697
6.804 ,5.705 ,16.504,23.564476666666664,87.29876333333335 ,45.90992889404297,89.30586661825458 ,50920.0,10:01:30 AM,1572669090705
3.624 ,4.292 ,4.335,23.564476666666664,87.29876333333335 ,45.90992889404297,89.30586661825458 ,50920.0,10:01:30 AM,1572669090705
6.505 ,2.375 ,9.786,23.564476666666664,87.29876333333335 ,45.90992889404297,89.30586661825458 ,50920.0,10:01:30 AM,1572669090707
1.301 ,4.96 ,3.255,23.564476666666664,87.29876333333335 ,45.90992889404297,89.30586661825458 ,50920.0,10:01:30 AM,1572669090707
3.236 ,3.569 ,10.867,23.564476666666664,87.29876333333335 ,45.90992889404297,89.30586661825458 ,50920.0,10:01:30 AM,1572669090712
-3.771 ,5.581 ,4.329,23.564476666666664,87.29876333333335 ,45.90992889404297,89.30586661825458 ,50920.0,10:01:30 AM,1572669090713
-3.871 ,5.558 ,6.565,23.564476666666664,87.29876333333335 ,45.90992889404297,89.30586661825458 ,50920.0,10:01:30 AM,1572669090720
-5.37 ,5.885 ,4.338,23.564476666666664,87.29876333333335 ,45.90992889404297,89.30586661825458 ,50920.0,10:01:30 AM,1572669090721
-5.52 ,3.059 ,0.462,23.564476666666664,87.29876333333335 ,45.90992889404297,89.30586661825458 ,50920.0,10:01:30 AM,1572669090722
-4.089 ,4.003 ,4.221,23.564476666666664,87.29876333333335 ,45.90992889404297,89.30586661825458 ,50920.0,10:01:30 AM,1572669090722
-3.149 ,3.804 ,2.437,23.564476666666664,87.29876333333335 ,45.90992889404297,89.30586661825458 ,50920.0,10:01:30 AM,1572669090727
-0.661 ,5.703 ,7.679,23.564476666666664,87.29876333333335 ,45.90992889404297,89.30586661825458 ,50920.0,10:01:30 AM,1572669090728
