x,y,z,latitude,longitude,speed,sound,light,time,timestamp
1.593 ,6.634 ,9.428,23.555554999999995,87.29862999999999 ,38.92226371765137,84.03904024309695 ,50920.0,09:59:54 AM,1572668994541
-1.736 ,7.132 ,7.205,23.555554999999995,87.29862999999999 ,38.92226371765137,84.03904024309695 ,50920.0,09:59:54 AM,1572668994549
-3.354 ,3.046 ,6.009,23.555554999999995,87.29862999999999 ,38.92226371765137,84.03904024309695 ,50920.0,09:59:54 AM,1572668994550
-4.486 ,2.567 ,4.278,23.555554999999995,87.29862999999999 ,38.92226371765137,84.03904024309695 ,50920.0,09:59:54 AM,1572668994551
-5.732 ,4.174 ,6.733,23.555554999999995,87.29862999999999 ,38.92226371765137,84.03904024309695 ,50920.0,09:59:54 AM,1572668994551
-2.938 ,8.446 ,13.605,23.555554999999995,87.29862999999999 ,38.92226371765137,84.03904024309695 ,50920.0,09:59:54 AM,1572668994555
-3.473 ,7.254 ,7.296,23.555554999999995,87.29862999999999 ,38.92226371765137,84.03904024309695 ,50920.0,09:59:54 AM,1572668994555
-0.174 ,2.403 ,6.78,23.555554999999995,87.29862999999999 ,38.92226371765137,84.03904024309695 ,50920.0,09:59:54 AM,1572668994560
1.681 ,2.515 ,2.903,23.555554999999995,87.29862999999999 ,38.92226371765137,84.03904024309695 ,50920.0,09:59:54 AM,1572668994561
2.576 ,4.899 ,8.732,23.555554999999995,87.29862999999999 ,38.92226371765137,84.03904024309695 ,50920.0,09:59:54 AM,1572668994567
4.06 ,8.746 ,15.423,23.555554999999995,87.29862999999999 ,38.92226371765137,84.03904024309695 ,50920.0,09:59:54 AM,1572668994568
1.907 ,6.353 ,13.731,23.555554999999995,87.29862999999999 ,38.92226371765137,84.03904024309695 ,50920.0,09:59:54 AM,1572668994571
1.647 ,2.042 ,12.059,23.555554999999995,87.29862999999999 ,38.92226371765137,84.03904024309695 ,50920.0,09:59:54 AM,1572668994572
-0.193 ,0.712 ,8.641,23.555554999999995,87.29862999999999 ,38.92226371765137,84.03904024309695 ,50920.0,09:59:54 AM,1572668994577
-2.42 ,1.442 ,11.938,23.555554999999995,87.29862999999999 ,38.92226371765137,84.03904024309695 ,50920.0,09:59:54 AM,1572668994577
-1.795 ,3.922 ,14.541,23.555554999999995,87.29862999999999 ,38.92226371765137,84.03904024309695 ,50920.0,09:59:54 AM,1572668994583
-4.326 ,2.455 ,11.036,23.555554999999995,87.29862999999999 ,38.92226371765137,84.03904024309695 ,50920.0,09:59:54 AM,1572668994583
-2.707 ,2.017 ,13.433,23.555554999999995,87.29862999999999 ,38.92226371765137,84.03904024309695 ,50920.0,09:59:54 AM,1572668994584
-2.714 ,3.805 ,14.154,23.555554999999995,87.29862999999999 ,38.92226371765137,84.03904024309695 ,50920.0,09:59:54 AM,1572668994585
-2.147 ,6.293 ,18.417,23.555554999999995,87.29862999999999 ,38.92226371765137,84.03904024309695 ,50920.0,09:59:54 AM,1572668994590
-0.866 ,7.654 ,15.002,23.555554999999995,87.29862999999999 ,38.92226371765137,84.03904024309695 ,50920.0,09:59:54 AM,1572668994590
-0.944 ,3.231 ,7.21,23.555554999999995,87.29862999999999 ,38.92226371765137,84.03904024309695 ,50920.0,09:59:54 AM,1572668994595
1.18 ,1.598 ,3.246,23.555554999999995,87.29862999999999 ,38.92226371765137,84.03904024309695 ,50920.0,09:59:54 AM,1572668994595
0.868 ,3.414 ,1.472,23.555554999999995,87.29862999999999 ,38.92226371765137,84.03904024309695 ,50920.0,09:59:54 AM,1572668994600
1.144 ,6.958 ,5.999,23.555554999999995,87.29862999999999 ,38.92226371765137,84.03904024309695 ,50920.0,09:59:54 AM,1572668994601
1.131 ,8.259 ,4.289,23.555554999999995,87.29862999999999 ,38.92226371765137,84.03904024309695 ,50920.0,09:59:54 AM,1572668994605
-1.793 ,4.994 ,0.527,23.555554999999995,87.29862999999999 ,38.92226371765137,84.03904024309695 ,50920.0,09:59:54 AM,1572668994606
-0.907 ,5.506 ,3.184,23.555554999999995,87.29862999999999 ,38.92226371765137,84.03904024309695 ,50920.0,09:59:54 AM,1572668994610
-4.077 ,7.874 ,3.597,23.555554999999995,87.29862999999999 ,38.92226371765137,84.03904024309695 ,50920.0,09:59:54 AM,1572668994610
-3.787 ,10.248 ,10.662,23.555554999999995,87.29862999999999 ,38.92226371765137,84.03904024309695 ,50920.0,09:59:54 AM,1572668994616
-5.099 ,9.393 ,6.403,23.555554999999995,87.29862999999999 ,38.92226371765137,84.03904024309695 ,50920.0,09:59:54 AM,1572668994616
-4.401 ,5.09 ,5.593,23.555554999999995,87.29862999999999 ,38.92226371765137,84.03904024309695 ,50920.0,09:59:54 AM,1572668994620
-1.517 ,5.807 ,6.275,23.555554999999995,87.29862999999999 ,38.92226371765137,84.03904024309695 ,50920.0,09:59:54 AM,1572668994621
-1.284 ,7.447 ,7.805,23.555554999999995,87.29862999999999 ,38.92226371765137,84.35413103466679 ,50920.0,09:59:54 AM,1572668994626
2.614 ,9.129 ,14.473,23.555554999999995,87.29862999999999 ,38.92226371765137,84.35413103466679 ,50920.0,09:59:54 AM,1572668994627
2.159 ,7.201 ,8.082,23.555554999999995,87.29862999999999 ,38.92226371765137,84.35413103466679 ,50920.0,09:59:54 AM,1572668994631
1.967 ,2.685 ,6.017,23.555554999999995,87.29862999999999 ,38.92226371765137,84.35413103466679 ,50920.0,09:59:54 AM,1572668994631
2.115 ,2.545 ,5.47,23.555554999999995,87.29862999999999 ,38.92226371765137,84.35413103466679 ,50920.0,09:59:54 AM,1572668994635
-0.971 ,3.386 ,7.688,23.555554999999995,87.29862999999999 ,38.92226371765137,84.35413103466679 ,50920.0,09:59:54 AM,1572668994635
-1.626 ,6.258 ,14.674,23.555554999999995,87.29862999999999 ,38.92226371765137,84.35413103466679 ,50920.0,09:59:54 AM,1572668994639
-4.301 ,6.397 ,14.733,23.555554999999995,87.29862999999999 ,38.92226371765137,84.35413103466679 ,50920.0,09:59:54 AM,1572668994640
-4.772 ,3.812 ,13.295,23.555554999999995,87.29862999999999 ,38.92226371765137,84.35413103466679 ,50920.0,09:59:54 AM,1572668994645
-3.631 ,3.114 ,8.659,23.555554999999995,87.29862999999999 ,38.92226371765137,84.35413103466679 ,50920.0,09:59:54 AM,1572668994646
-3.528 ,1.709 ,6.122,23.555554999999995,87.29862999999999 ,38.92226371765137,84.35413103466679 ,50920.0,09:59:54 AM,1572668994651
0.208 ,3.86 ,10.355,23.555554999999995,87.29862999999999 ,38.92226371765137,84.35413103466679 ,50920.0,09:59:54 AM,1572668994651
0.407 ,4.308 ,7.606,23.555554999999995,87.29862999999999 ,38.92226371765137,84.35413103466679 ,50920.0,09:59:54 AM,1572668994655
2.978 ,4.134 ,9.377,23.555554999999995,87.29862999999999 ,38.92226371765137,84.35413103466679 ,50920.0,09:59:54 AM,1572668994655
3.197 ,3.87 ,6.226,23.555554999999995,87.29862999999999 ,38.92226371765137,84.35413103466679 ,50920.0,09:59:54 AM,1572668994661
1.22 ,2.239 ,6.718,23.555554999999995,87.29862999999999 ,38.92226371765137,84.35413103466679 ,50920.0,09:59:54 AM,1572668994661
0.45 ,3.312 ,9.05,23.555554999999995,87.29862999999999 ,38.92226371765137,84.35413103466679 ,50920.0,09:59:54 AM,1572668994665
-2.511 ,2.614 ,8.1,23.555554999999995,87.29862999999999 ,38.92226371765137,84.35413103466679 ,50920.0,09:59:54 AM,1572668994666
-2.561 ,2.178 ,10.058,23.555554999999995,87.29862999999999 ,38.92226371765137,84.35413103466679 ,50920.0,09:59:54 AM,1572668994673
-4.066 ,3.387 ,8.618,23.555554999999995,87.29862999999999 ,38.92226371765137,84.35413103466679 ,50920.0,09:59:54 AM,1572668994674
-3.786 ,5.086 ,12.048,23.555554999999995,87.29862999999999 ,38.92226371765137,84.35413103466679 ,50920.0,09:59:54 AM,1572668994674
-1.427 ,7.525 ,12.208,23.555554999999995,87.29862999999999 ,38.92226371765137,84.35413103466679 ,50920.0,09:59:54 AM,1572668994675
-2.143 ,5.638 ,5.243,23.555554999999995,87.29862999999999 ,38.92226371765137,84.35413103466679 ,50920.0,09:59:54 AM,1572668994681
1.321 ,4.328 ,4.4,23.555554999999995,87.29862999999999 ,38.92226371765137,84.35413103466679 ,50920.0,09:59:54 AM,1572668994682
1.423 ,4.757 ,1.639,23.555554999999995,87.29862999999999 ,38.92226371765137,84.35413103466679 ,50920.0,09:59:54 AM,1572668994685
2.556 ,6.981 ,7.933,23.555554999999995,87.29862999999999 ,38.92226371765137,84.35413103466679 ,50920.0,09:59:54 AM,1572668994685
3.327 ,9.747 ,12.242,23.555554999999995,87.29862999999999 ,38.92226371765137,84.35413103466679 ,50920.0,09:59:54 AM,1572668994689
1.41 ,6.932 ,9.057,23.555554999999995,87.29862999999999 ,38.92226371765137,84.35413103466679 ,50920.0,09:59:54 AM,1572668994690
2.035 ,4.193 ,7.912,23.555554999999995,87.29862999999999 ,38.92226371765137,84.35413103466679 ,50920.0,09:59:54 AM,1572668994694
-1.493 ,3.003 ,3.912,23.555554999999995,87.29862999999999 ,38.92226371765137,84.35413103466679 ,50920.0,09:59:54 AM,1572668994695
-1.523 ,4.674 ,10.623,23.555554999999995,87.29862999999999 ,38.92226371765137,84.35413103466679 ,50920.0,09:59:54 AM,1572668994700
-3.264 ,6.565 ,8.551,23.555554999999995,87.29862999999999 ,38.92226371765137,84.35413103466679 ,50920.0,09:59:54 AM,1572668994700
-5.847 ,3.707 ,7.752,23.555554999999995,87.29862999999999 ,38.92226371765137,84.35413103466679 ,50920.0,09:59:54 AM,1572668994704
-4.135 ,4.2 ,10.92,23.555554999999995,87.29862999999999 ,38.92226371765137,84.35413103466679 ,50920.0,09:59:54 AM,1572668994705
-5.972 ,5.411 ,10.943,23.555554999999995,87.29862999999999 ,38.92226371765137,84.35413103466679 ,50920.0,09:59:54 AM,1572668994709
-2.401 ,8.293 ,18.687,23.555554999999995,87.29862999999999 ,38.92226371765137,84.35413103466679 ,50920.0,09:59:54 AM,1572668994710
-1.753 ,8.209 ,13.664,23.555554999999995,87.29862999999999 ,38.92226371765137,84.35413103466679 ,50920.0,09:59:54 AM,1572668994715
0.233 ,3.462 ,9.972,23.555554999999995,87.29862999999999 ,38.92226371765137,84.35413103466679 ,50920.0,09:59:54 AM,1572668994716
2.528 ,3.051 ,5.11,23.555554999999995,87.29862999999999 ,38.92226371765137,84.35413103466679 ,50920.0,09:59:54 AM,1572668994720
1.979 ,2.686 ,2.807,23.555554999999995,87.29862999999999 ,38.92226371765137,84.35413103466679 ,50920.0,09:59:54 AM,1572668994720
3.865 ,5.224 ,6.329,23.555554999999995,87.29862999999999 ,38.92226371765137,84.35413103466679 ,50920.0,09:59:54 AM,1572668994727
0.742 ,4.921 ,1.421,23.555554999999995,87.29862999999999 ,38.92226371765137,84.35413103466679 ,50920.0,09:59:54 AM,1572668994728
-0.221 ,4.034 ,5.588,23.555554999999995,87.29862999999999 ,38.92226371765137,84.35413103466679 ,50920.0,09:59:54 AM,1572668994732
-1.341 ,7.836 ,7.966,23.555554999999995,87.29862999999999 ,38.92226371765137,84.35413103466679 ,50920.0,09:59:54 AM,1572668994733
-4.833 ,10.478 ,9.887,23.555554999999995,87.29862999999999 ,38.92226371765137,84.35413103466679 ,50920.0,09:59:54 AM,1572668994735
-3.933 ,11.136 ,11.574,23.555554999999995,87.29862999999999 ,38.92226371765137,84.35413103466679 ,50920.0,09:59:54 AM,1572668994736
-6.023 ,6.829 ,2.505,23.555554999999995,87.29862999999999 ,38.92226371765137,84.35413103466679 ,50920.0,09:59:54 AM,1572668994739
-3.032 ,4.095 ,2.527,23.555554999999995,87.29862999999999 ,38.92226371765137,84.35413103466679 ,50920.0,09:59:54 AM,1572668994739
-1.204 ,7.13 ,0.797,23.555554999999995,87.29862999999999 ,38.92226371765137,84.35413103466679 ,50920.0,09:59:54 AM,1572668994746
0.953 ,8.74 ,6.197,23.555554999999995,87.29862999999999 ,38.92226371765137,84.35413103466679 ,50920.0,09:59:54 AM,1572668994747
4.326 ,9.0 ,5.704,23.555554999999995,87.29862999999999 ,38.92226371765137,84.35413103466679 ,50920.0,09:59:54 AM,1572668994752
2.722 ,4.447 ,-0.792,23.555554999999995,87.29862999999999 ,38.92226371765137,84.35413103466679 ,50920.0,09:59:54 AM,1572668994752
4.494 ,3.448 ,3.756,23.555554999999995,87.29862999999999 ,38.92226371765137,84.35413103466679 ,50920.0,09:59:54 AM,1572668994755
1.539 ,5.977 ,4.612,23.555554999999995,87.29862999999999 ,38.92226371765137,84.35413103466679 ,50920.0,09:59:54 AM,1572668994757
-0.706 ,6.623 ,12.129,23.555554999999995,87.29862999999999 ,38.92226371765137,84.35413103466679 ,50920.0,09:59:54 AM,1572668994760
-2.735 ,6.586 ,12.189,23.555554999999995,87.29862999999999 ,38.92226371765137,84.35413103466679 ,50920.0,09:59:54 AM,1572668994761
-6.004 ,2.269 ,8.659,23.555554999999995,87.29862999999999 ,38.92226371765137,84.35413103466679 ,50920.0,09:59:54 AM,1572668994766
-4.691 ,1.521 ,10.63,23.555554999999995,87.29862999999999 ,38.92226371765137,84.35413103466679 ,50920.0,09:59:54 AM,1572668994766
-4.949 ,2.995 ,10.934,23.555554999999995,87.29862999999999 ,38.92226371765137,84.35413103466679 ,50920.0,09:59:54 AM,1572668994769
-2.972 ,3.975 ,15.632,23.555554999999995,87.29862999999999 ,38.92226371765137,84.35413103466679 ,50920.0,09:59:54 AM,1572668994770
-0.504 ,4.16 ,12.323,23.555554999999995,87.29862999999999 ,38.92226371765137,84.35413103466679 ,50920.0,09:59:54 AM,1572668994775
0.16 ,0.293 ,9.852,23.555554999999995,87.29862999999999 ,38.92226371765137,84.35413103466679 ,50920.0,09:59:54 AM,1572668994775
3.222 ,0.502 ,10.238,23.555554999999995,87.29862999999999 ,38.92226371765137,84.35413103466679 ,50920.0,09:59:54 AM,1572668994782
2.15 ,1.731 ,10.026,23.555554999999995,87.29862999999999 ,38.92226371765137,84.35413103466679 ,50920.0,09:59:54 AM,1572668994783
2.29 ,2.728 ,14.422,23.555554999999995,87.29862999999999 ,38.92226371765137,84.35413103466679 ,50920.0,09:59:54 AM,1572668994784
0.668 ,3.227 ,12.923,23.555554999999995,87.29862999999999 ,38.92226371765137,84.35413103466679 ,50920.0,09:59:54 AM,1572668994784
-1.029 ,0.878 ,11.873,23.555554999999995,87.29862999999999 ,38.92226371765137,84.35413103466679 ,50920.0,09:59:54 AM,1572668994789
