x,y,z,latitude,longitude,speed,sound,light,time,timestamp
-0.231 ,9.547 ,9.822,23.550843333333333,87.29590166666667 ,8.816573810577394,79.27358209985624 ,30433.0,09:58:51 AM,1572668931981
0.773 ,7.801 ,11.777,23.550843333333333,87.29590166666667 ,8.816573810577394,79.27358209985624 ,30433.0,09:58:51 AM,1572668931981
-0.143 ,3.368 ,6.488,23.550843333333333,87.29590166666667 ,8.816573810577394,79.27358209985624 ,30433.0,09:58:51 AM,1572668931986
0.312 ,0.058 ,3.489,23.550843333333333,87.29590166666667 ,8.816573810577394,79.27358209985624 ,30433.0,09:58:51 AM,1572668931987
0.069 ,1.127 ,4.544,23.550843333333333,87.29590166666667 ,8.816573810577394,79.27358209985624 ,30433.0,09:58:51 AM,1572668931991
0.09 ,3.207 ,9.61,23.550843333333333,87.29590166666667 ,8.816573810577394,79.27358209985624 ,30433.0,09:58:51 AM,1572668931991
-0.927 ,4.163 ,12.909,23.550843333333333,87.29590166666667 ,8.816573810577394,79.27358209985624 ,26197.0,09:58:51 AM,1572668931998
-1.807 ,3.471 ,16.93,23.550843333333333,87.29590166666667 ,8.816573810577394,79.27358209985624 ,26197.0,09:58:51 AM,1572668931998
-2.892 ,1.729 ,14.92,23.550843333333333,87.29590166666667 ,8.816573810577394,79.27358209985624 ,26197.0,09:58:52 AM,1572668932001
-2.917 ,0.852 ,11.267,23.550843333333333,87.29590166666667 ,8.816573810577394,79.27358209985624 ,26197.0,09:58:52 AM,1572668932001
-0.841 ,1.902 ,11.606,23.550843333333333,87.29590166666667 ,8.816573810577394,79.27358209985624 ,26197.0,09:58:52 AM,1572668932006
-0.738 ,3.456 ,8.169,23.550843333333333,87.29590166666667 ,8.816573810577394,79.27358209985624 ,26197.0,09:58:52 AM,1572668932007
1.693 ,4.916 ,12.227,23.550843333333333,87.29590166666667 ,8.816573810577394,79.27358209985624 ,26197.0,09:58:52 AM,1572668932013
3.521 ,5.08 ,14.769,23.550843333333333,87.29590166666667 ,8.816573810577394,79.27358209985624 ,26197.0,09:58:52 AM,1572668932013
2.77 ,2.512 ,8.672,23.550843333333333,87.29590166666667 ,8.816573810577394,79.27358209985624 ,26197.0,09:58:52 AM,1572668932015
3.303 ,2.3 ,7.717,23.550843333333333,87.29590166666667 ,8.816573810577394,79.27358209985624 ,26197.0,09:58:52 AM,1572668932015
1.852 ,5.202 ,9.417,23.550843333333333,87.29590166666667 ,8.816573810577394,79.27358209985624 ,26197.0,09:58:52 AM,1572668932020
1.072 ,7.397 ,10.01,23.550843333333333,87.29590166666667 ,8.816573810577394,79.27358209985624 ,26197.0,09:58:52 AM,1572668932021
-0.101 ,7.575 ,9.777,23.550843333333333,87.29590166666667 ,8.816573810577394,79.27358209985624 ,26197.0,09:58:52 AM,1572668932025
-1.402 ,5.706 ,9.163,23.550843333333333,87.29590166666667 ,8.816573810577394,79.27358209985624 ,26197.0,09:58:52 AM,1572668932026
-2.23 ,4.31 ,5.179,23.550843333333333,87.29590166666667 ,8.816573810577394,79.27358209985624 ,26197.0,09:58:52 AM,1572668932031
-1.875 ,6.472 ,5.478,23.550843333333333,87.29590166666667 ,8.816573810577394,79.27358209985624 ,26197.0,09:58:52 AM,1572668932032
-1.766 ,10.51 ,8.836,23.550843333333333,87.29590166666667 ,8.816573810577394,79.27358209985624 ,26197.0,09:58:52 AM,1572668932035
-1.242 ,10.909 ,10.098,23.550843333333333,87.29590166666667 ,8.816573810577394,79.27358209985624 ,26197.0,09:58:52 AM,1572668932036
-0.533 ,8.15 ,7.359,23.550843333333333,87.29590166666667 ,8.816573810577394,79.27358209985624 ,26197.0,09:58:52 AM,1572668932040
-0.421 ,4.081 ,3.471,23.550843333333333,87.29590166666667 ,8.816573810577394,79.27358209985624 ,26197.0,09:58:52 AM,1572668932041
0.467 ,2.8 ,1.681,23.550843333333333,87.29590166666667 ,8.816573810577394,79.27358209985624 ,26197.0,09:58:52 AM,1572668932047
0.038 ,6.189 ,3.494,23.550843333333333,87.29590166666667 ,8.816573810577394,79.27358209985624 ,26197.0,09:58:52 AM,1572668932048
1.05 ,9.613 ,10.05,23.550843333333333,87.29590166666667 ,8.816573810577394,79.27358209985624 ,26197.0,09:58:52 AM,1572668932051
1.082 ,9.711 ,10.444,23.550843333333333,87.29590166666667 ,8.816573810577394,79.27358209985624 ,26197.0,09:58:52 AM,1572668932051
0.817 ,7.12 ,10.608,23.550843333333333,87.29590166666667 ,8.816573810577394,79.27358209985624 ,26197.0,09:58:52 AM,1572668932055
0.464 ,4.547 ,7.715,23.550843333333333,87.29590166666667 ,8.816573810577394,79.27358209985624 ,26197.0,09:58:52 AM,1572668932056
0.832 ,4.327 ,6.444,23.550843333333333,87.29590166666667 ,8.816573810577394,79.27358209985624 ,26197.0,09:58:52 AM,1572668932063
1.451 ,6.701 ,7.706,23.550843333333333,87.29590166666667 ,8.816573810577394,79.27358209985624 ,26197.0,09:58:52 AM,1572668932064
0.631 ,7.279 ,9.002,23.550843333333333,87.29590166666667 ,8.816573810577394,79.27358209985624 ,26197.0,09:58:52 AM,1572668932066
1.426 ,6.349 ,12.133,23.550843333333333,87.29590166666667 ,8.816573810577394,79.27358209985624 ,26197.0,09:58:52 AM,1572668932066
0.154 ,3.936 ,10.925,23.550843333333333,87.29590166666667 ,8.816573810577394,79.27358209985624 ,26197.0,09:58:52 AM,1572668932071
-1.563 ,1.775 ,7.83,23.550843333333333,87.29590166666667 ,8.816573810577394,79.27358209985624 ,26197.0,09:58:52 AM,1572668932072
-1.629 ,3.323 ,8.394,23.550843333333333,87.29590166666667 ,8.816573810577394,79.27358209985624 ,26197.0,09:58:52 AM,1572668932075
-3.06 ,5.469 ,8.698,23.550843333333333,87.29590166666667 ,8.816573810577394,79.27358209985624 ,26197.0,09:58:52 AM,1572668932076
-2.398 ,6.633 ,11.156,23.550843333333333,87.29590166666667 ,8.816573810577394,79.27358209985624 ,26197.0,09:58:52 AM,1572668932081
-1.465 ,7.69 ,11.941,23.550843333333333,87.29590166666667 ,8.816573810577394,79.27358209985624 ,26197.0,09:58:52 AM,1572668932082
-0.832 ,7.075 ,10.255,23.550843333333333,87.29590166666667 ,8.816573810577394,79.27358209985624 ,26197.0,09:58:52 AM,1572668932086
0.24 ,6.505 ,7.453,23.550843333333333,87.29590166666667 ,8.816573810577394,79.27358209985624 ,26197.0,09:58:52 AM,1572668932086
2.899 ,7.359 ,7.353,23.550843333333333,87.29590166666667 ,8.816573810577394,79.27358209985624 ,26197.0,09:58:52 AM,1572668932091
2.675 ,8.095 ,3.114,23.550843333333333,87.29590166666667 ,8.816573810577394,79.27358209985624 ,26197.0,09:58:52 AM,1572668932092
4.337 ,8.528 ,7.914,23.550843333333333,87.29590166666667 ,8.816573810577394,79.27358209985624 ,26197.0,09:58:52 AM,1572668932097
4.047 ,8.168 ,6.829,23.550843333333333,87.29590166666667 ,8.816573810577394,79.27358209985624 ,26197.0,09:58:52 AM,1572668932097
2.927 ,5.424 ,3.566,23.550843333333333,87.29590166666667 ,8.816573810577394,79.27358209985624 ,26197.0,09:58:52 AM,1572668932101
1.368 ,5.506 ,2.521,23.550843333333333,87.29590166666667 ,8.816573810577394,79.27358209985624 ,26197.0,09:58:52 AM,1572668932101
-0.634 ,7.314 ,4.045,23.550843333333333,87.29590166666667 ,8.816573810577394,79.27358209985624 ,26197.0,09:58:52 AM,1572668932106
-2.089 ,7.776 ,4.275,23.550843333333333,87.29590166666667 ,8.816573810577394,79.27358209985624 ,26197.0,09:58:52 AM,1572668932106
-2.807 ,6.671 ,5.266,23.550843333333333,87.29590166666667 ,8.816573810577394,79.27358209985624 ,26197.0,09:58:52 AM,1572668932112
-2.456 ,5.722 ,8.266,23.550843333333333,87.29590166666667 ,8.816573810577394,79.27358209985624 ,26197.0,09:58:52 AM,1572668932113
-2.943 ,4.774 ,6.822,23.550843333333333,87.29590166666667 ,8.816573810577394,79.27358209985624 ,26197.0,09:58:52 AM,1572668932115
-0.915 ,5.815 ,9.887,23.550843333333333,87.29590166666667 ,8.816573810577394,79.27358209985624 ,26197.0,09:58:52 AM,1572668932116
-0.356 ,6.881 ,9.806,23.550843333333333,87.29590166666667 ,8.816573810577394,79.27358209985624 ,26197.0,09:58:52 AM,1572668932121
0.232 ,5.604 ,12.191,23.550843333333333,87.29590166666667 ,8.816573810577394,79.27358209985624 ,26197.0,09:58:52 AM,1572668932122
1.748 ,3.7 ,12.942,23.550843333333333,87.29590166666667 ,8.816573810577394,79.27358209985624 ,26197.0,09:58:52 AM,1572668932126
0.03 ,0.5 ,9.232,23.550843333333333,87.29590166666667 ,8.816573810577394,79.27358209985624 ,26197.0,09:58:52 AM,1572668932126
0.286 ,-0.129 ,8.425,23.550843333333333,87.29590166666667 ,8.816573810577394,79.27358209985624 ,26197.0,09:58:52 AM,1572668932131
-0.949 ,2.185 ,9.533,23.550843333333333,87.29590166666667 ,8.816573810577394,79.27358209985624 ,26197.0,09:58:52 AM,1572668932132
-1.662 ,4.282 ,12.321,23.550843333333333,87.29590166666667 ,8.816573810577394,79.27358209985624 ,26197.0,09:58:52 AM,1572668932136
-1.735 ,4.698 ,14.713,23.550843333333333,87.29590166666667 ,8.816573810577394,79.27358209985624 ,26197.0,09:58:52 AM,1572668932136
-2.27 ,3.806 ,16.267,23.550843333333333,87.29590166666667 ,8.816573810577394,79.27358209985624 ,26197.0,09:58:52 AM,1572668932140
-2.562 ,2.019 ,12.789,23.550843333333333,87.29590166666667 ,8.816573810577394,79.27358209985624 ,26197.0,09:58:52 AM,1572668932141
-2.16 ,0.689 ,8.824,23.550843333333333,87.29590166666667 ,8.816573810577394,79.27358209985624 ,26197.0,09:58:52 AM,1572668932146
-0.849 ,1.806 ,8.975,23.550843333333333,87.29590166666667 ,8.816573810577394,79.27358209985624 ,26197.0,09:58:52 AM,1572668932146
-0.57 ,3.416 ,7.754,23.550843333333333,87.29590166666667 ,8.816573810577394,79.27358209985624 ,26197.0,09:58:52 AM,1572668932151
1.483 ,5.746 ,15.019,23.550843333333333,87.29590166666667 ,8.816573810577394,79.27358209985624 ,26197.0,09:58:52 AM,1572668932152
1.655 ,6.785 ,15.171,23.550843333333333,87.29590166666667 ,8.816573810577394,79.27358209985624 ,26197.0,09:58:52 AM,1572668932155
2.607 ,4.965 ,10.532,23.550843333333333,87.29590166666667 ,8.816573810577394,79.27358209985624 ,26197.0,09:58:52 AM,1572668932156
2.006 ,4.088 ,4.485,23.550843333333333,87.29590166666667 ,8.816573810577394,79.27358209985624 ,26197.0,09:58:52 AM,1572668932162
2.035 ,5.285 ,2.693,23.550843333333333,87.29590166666667 ,8.816573810577394,79.27358209985624 ,26197.0,09:58:52 AM,1572668932163
1.992 ,6.168 ,0.967,23.550843333333333,87.29590166666667 ,8.816573810577394,79.27358209985624 ,26197.0,09:58:52 AM,1572668932166
1.28 ,6.731 ,3.051,23.550843333333333,87.29590166666667 ,8.816573810577394,79.27358209985624 ,26197.0,09:58:52 AM,1572668932167
0.327 ,6.952 ,6.686,23.550843333333333,87.29590166666667 ,8.816573810577394,79.27358209985624 ,26197.0,09:58:52 AM,1572668932170
-1.024 ,5.97 ,7.651,23.550843333333333,87.29590166666667 ,8.816573810577394,79.27358209985624 ,26197.0,09:58:52 AM,1572668932171
-0.88 ,7.11 ,9.188,23.550843333333333,87.29590166666667 ,8.816573810577394,79.27358209985624 ,26197.0,09:58:52 AM,1572668932176
-2.547 ,8.335 ,9.791,23.550843333333333,87.29590166666667 ,8.816573810577394,79.27358209985624 ,26197.0,09:58:52 AM,1572668932176
-0.95 ,8.576 ,13.396,23.550843333333333,87.29590166666667 ,8.816573810577394,79.27358209985624 ,26197.0,09:58:52 AM,1572668932181
-1.11 ,6.5 ,8.97,23.550843333333333,87.29590166666667 ,8.816573810577394,79.27358209985624 ,26197.0,09:58:52 AM,1572668932182
-1.576 ,2.082 ,2.837,23.550843333333333,87.29590166666667 ,8.816573810577394,79.27358209985624 ,26197.0,09:58:52 AM,1572668932185
-0.811 ,2.266 ,0.41,23.550843333333333,87.29590166666667 ,8.816573810577394,79.27358209985624 ,26197.0,09:58:52 AM,1572668932186
-0.028 ,4.483 ,3.796,23.550843333333333,87.29590166666667 ,8.816573810577394,79.27358209985624 ,26197.0,09:58:52 AM,1572668932190
0.937 ,7.151 ,8.222,23.550843333333333,87.29590166666667 ,8.816573810577394,79.27358209985624 ,26197.0,09:58:52 AM,1572668932190
2.455 ,8.261 ,13.463,23.550843333333333,87.29590166666667 ,8.816573810577394,79.27358209985624 ,35460.0,09:58:52 AM,1572668932198
3.158 ,7.407 ,14.41,23.550843333333333,87.29590166666667 ,8.816573810577394,79.27358209985624 ,35460.0,09:58:52 AM,1572668932199
3.148 ,5.32 ,9.843,23.550843333333333,87.29590166666667 ,8.816573810577394,79.27358209985624 ,35460.0,09:58:52 AM,1572668932200
4.688 ,4.259 ,7.478,23.550843333333333,87.29590166666667 ,8.816573810577394,79.27358209985624 ,35460.0,09:58:52 AM,1572668932201
3.482 ,4.716 ,3.598,23.550843333333333,87.29590166666667 ,8.816573810577394,79.27358209985624 ,35460.0,09:58:52 AM,1572668932205
2.754 ,5.622 ,5.844,23.550843333333333,87.29590166666667 ,8.816573810577394,79.27358209985624 ,35460.0,09:58:52 AM,1572668932206
2.459 ,7.017 ,8.144,23.550843333333333,87.29590166666667 ,8.816573810577394,79.27358209985624 ,35460.0,09:58:52 AM,1572668932212
0.106 ,5.779 ,6.806,23.550843333333333,87.29590166666667 ,8.816573810577394,79.27358209985624 ,35460.0,09:58:52 AM,1572668932213
-1.105 ,4.671 ,6.0,23.550843333333333,87.29590166666667 ,8.816573810577394,79.27358209985624 ,35460.0,09:58:52 AM,1572668932215
-1.973 ,6.31 ,6.978,23.550843333333333,87.29590166666667 ,8.816573810577394,79.27358209985624 ,35460.0,09:58:52 AM,1572668932215
-2.498 ,8.205 ,8.899,23.550843333333333,87.29590166666667 ,8.816573810577394,79.27358209985624 ,35460.0,09:58:52 AM,1572668932220
-1.438 ,8.952 ,11.149,23.550843333333333,87.29590166666667 ,8.816573810577394,79.27358209985624 ,35460.0,09:58:52 AM,1572668932220
-0.4 ,7.919 ,11.125,23.550843333333333,87.29590166666667 ,8.816573810577394,86.24418967510275 ,35460.0,09:58:52 AM,1572668932225
-0.637 ,5.261 ,5.561,23.550843333333333,87.29590166666667 ,8.816573810577394,86.24418967510275 ,35460.0,09:58:52 AM,1572668932225
