x,y,z,latitude,longitude,speed,sound,light,time,timestamp
-1.557 ,0.987 ,-3.026,23.558065000000003,87.29867666666665 ,42.19281120300293,86.51635928577171 ,17994.0,10:00:17 AM,1572669017965
-0.315 ,4.683 ,6.298,23.558065000000003,87.29867666666665 ,42.19281120300293,86.51635928577171 ,17994.0,10:00:17 AM,1572669017971
-1.86 ,8.13 ,9.387,23.558065000000003,87.29867666666665 ,42.19281120300293,86.51635928577171 ,17994.0,10:00:17 AM,1572669017971
-2.747 ,6.942 ,13.289,23.558065000000003,87.29867666666665 ,42.19281120300293,86.51635928577171 ,17994.0,10:00:17 AM,1572669017976
-3.633 ,4.436 ,10.671,23.558065000000003,87.29867666666665 ,42.19281120300293,86.51635928577171 ,17994.0,10:00:17 AM,1572669017977
-5.494 ,1.455 ,8.911,23.558065000000003,87.29867666666665 ,42.19281120300293,86.51635928577171 ,17994.0,10:00:17 AM,1572669017980
-4.001 ,0.847 ,13.62,23.558065000000003,87.29867666666665 ,42.19281120300293,86.51635928577171 ,17994.0,10:00:17 AM,1572669017980
-4.929 ,1.618 ,13.099,23.558065000000003,87.29867666666665 ,42.19281120300293,86.51635928577171 ,17994.0,10:00:17 AM,1572669017987
-2.378 ,1.956 ,19.82,23.558065000000003,87.29867666666665 ,42.19281120300293,86.51635928577171 ,17994.0,10:00:17 AM,1572669017988
0.13 ,2.177 ,20.892,23.558065000000003,87.29867666666665 ,42.19281120300293,86.51635928577171 ,17994.0,10:00:17 AM,1572669017990
1.076 ,-0.384 ,15.203,23.558065000000003,87.29867666666665 ,42.19281120300293,86.51635928577171 ,17994.0,10:00:17 AM,1572669017990
2.558 ,-0.537 ,12.25,23.558065000000003,87.29867666666665 ,42.19281120300293,86.51635928577171 ,18435.0,10:00:17 AM,1572669017995
0.95 ,1.432 ,12.182,23.558065000000003,87.29867666666665 ,42.19281120300293,86.51635928577171 ,18435.0,10:00:17 AM,1572669017995
0.34 ,5.379 ,16.796,23.558065000000003,87.29867666666665 ,42.19281120300293,86.51635928577171 ,18435.0,10:00:18 AM,1572669018001
-3.312 ,7.635 ,9.373,23.558065000000003,87.29867666666665 ,42.19281120300293,86.51635928577171 ,18435.0,10:00:18 AM,1572669018002
-3.903 ,5.768 ,7.517,23.558065000000003,87.29867666666665 ,42.19281120300293,86.51635928577171 ,18435.0,10:00:18 AM,1572669018006
-5.813 ,4.871 ,1.926,23.558065000000003,87.29867666666665 ,42.19281120300293,86.51635928577171 ,18435.0,10:00:18 AM,1572669018007
-4.372 ,6.286 ,3.938,23.558065000000003,87.29867666666665 ,42.19281120300293,86.51635928577171 ,18435.0,10:00:18 AM,1572669018010
-1.041 ,11.427 ,5.648,23.558065000000003,87.29867666666665 ,42.19281120300293,86.51635928577171 ,18435.0,10:00:18 AM,1572669018011
0.691 ,11.526 ,2.305,23.558065000000003,87.29867666666665 ,42.19281120300293,86.51635928577171 ,18435.0,10:00:18 AM,1572669018015
4.422 ,9.204 ,-0.763,23.558065000000003,87.29867666666665 ,42.19281120300293,86.51635928577171 ,18435.0,10:00:18 AM,1572669018020
3.975 ,5.889 ,-7.595,23.558065000000003,87.29867666666665 ,42.19281120300293,86.51635928577171 ,18435.0,10:00:18 AM,1572669018021
3.984 ,6.657 ,-3.867,23.558065000000003,87.29867666666665 ,42.19281120300293,86.51635928577171 ,18435.0,10:00:18 AM,1572669018021
-0.451 ,8.575 ,-3.431,23.558065000000003,87.29867666666665 ,42.19281120300293,86.51635928577171 ,18435.0,10:00:18 AM,1572669018027
-3.118 ,8.18 ,4.214,23.558065000000003,87.29867666666665 ,42.19281120300293,86.51635928577171 ,18435.0,10:00:18 AM,1572669018027
-5.526 ,8.6 ,8.045,23.558065000000003,87.29867666666665 ,42.19281120300293,86.51635928577171 ,18435.0,10:00:18 AM,1572669018029
-8.034 ,6.958 ,10.061,23.558065000000003,87.29867666666665 ,42.19281120300293,86.51635928577171 ,18435.0,10:00:18 AM,1572669018030
-5.951 ,6.792 ,14.606,23.558065000000003,87.29867666666665 ,42.19281120300293,86.51635928577171 ,18435.0,10:00:18 AM,1572669018037
-4.925 ,4.613 ,11.722,23.558065000000003,87.29867666666665 ,42.19281120300293,86.51635928577171 ,18435.0,10:00:18 AM,1572669018038
0.09 ,2.688 ,14.282,23.558065000000003,87.29867666666665 ,42.19281120300293,86.51635928577171 ,18435.0,10:00:18 AM,1572669018039
2.472 ,3.077 ,10.693,23.558065000000003,87.29867666666665 ,42.19281120300293,86.51635928577171 ,18435.0,10:00:18 AM,1572669018039
5.69 ,2.767 ,15.045,23.558065000000003,87.29867666666665 ,42.19281120300293,86.51635928577171 ,18435.0,10:00:18 AM,1572669018044
5.561 ,3.899 ,14.271,23.558065000000003,87.29867666666665 ,42.19281120300293,86.51635928577171 ,18435.0,10:00:18 AM,1572669018044
3.798 ,1.744 ,11.686,23.558065000000003,87.29867666666665 ,42.19281120300293,86.51635928577171 ,18435.0,10:00:18 AM,1572669018049
2.886 ,1.051 ,9.869,23.558065000000003,87.29867666666665 ,42.19281120300293,86.51635928577171 ,18435.0,10:00:18 AM,1572669018049
-0.659 ,-0.123 ,6.126,23.558065000000003,87.29867666666665 ,42.19281120300293,86.51635928577171 ,18435.0,10:00:18 AM,1572669018055
-0.836 ,1.575 ,10.911,23.558065000000003,87.29867666666665 ,42.19281120300293,86.51635928577171 ,18435.0,10:00:18 AM,1572669018055
-2.526 ,4.116 ,12.678,23.558065000000003,87.29867666666665 ,42.19281120300293,86.51635928577171 ,18435.0,10:00:18 AM,1572669018060
-1.436 ,5.026 ,16.682,23.558065000000003,87.29867666666665 ,42.19281120300293,86.51635928577171 ,18435.0,10:00:18 AM,1572669018061
-0.439 ,5.336 ,14.514,23.558065000000003,87.29867666666665 ,42.19281120300293,86.51635928577171 ,18435.0,10:00:18 AM,1572669018065
-0.95 ,1.51 ,9.023,23.558065000000003,87.29867666666665 ,42.19281120300293,86.51635928577171 ,18435.0,10:00:18 AM,1572669018068
0.564 ,0.861 ,7.094,23.558065000000003,87.29867666666665 ,42.19281120300293,86.51635928577171 ,18435.0,10:00:18 AM,1572669018072
-1.514 ,0.135 ,3.492,23.558065000000003,87.29867666666665 ,42.19281120300293,86.51635928577171 ,18435.0,10:00:18 AM,1572669018073
-1.488 ,1.279 ,5.175,23.558065000000003,87.29867666666665 ,42.19281120300293,86.51635928577171 ,18435.0,10:00:18 AM,1572669018074
-4.186 ,2.645 ,4.706,23.558065000000003,87.29867666666665 ,42.19281120300293,86.51635928577171 ,18435.0,10:00:18 AM,1572669018075
-3.625 ,3.888 ,12.548,23.558065000000003,87.29867666666665 ,42.19281120300293,86.51635928577171 ,18435.0,10:00:18 AM,1572669018079
-3.752 ,5.194 ,12.493,23.558065000000003,87.29867666666665 ,42.19281120300293,86.51635928577171 ,18435.0,10:00:18 AM,1572669018080
-3.324 ,3.917 ,11.659,23.558065000000003,87.29867666666665 ,42.19281120300293,86.51635928577171 ,18435.0,10:00:18 AM,1572669018089
-0.403 ,4.064 ,12.946,23.558065000000003,87.29867666666665 ,42.19281120300293,86.51635928577171 ,18435.0,10:00:18 AM,1572669018089
-0.65 ,3.027 ,11.419,23.558065000000003,87.29867666666665 ,42.19281120300293,86.51635928577171 ,18435.0,10:00:18 AM,1572669018090
1.475 ,4.054 ,15.547,23.558065000000003,87.29867666666665 ,42.19281120300293,86.51635928577171 ,18435.0,10:00:18 AM,1572669018091
-0.781 ,3.866 ,10.6,23.558065000000003,87.29867666666665 ,42.19281120300293,86.51635928577171 ,18435.0,10:00:18 AM,1572669018095
-0.75 ,1.923 ,11.44,23.558065000000003,87.29867666666665 ,42.19281120300293,86.51635928577171 ,18435.0,10:00:18 AM,1572669018096
-4.139 ,2.519 ,6.731,23.558065000000003,87.29867666666665 ,42.19281120300293,86.51635928577171 ,18435.0,10:00:18 AM,1572669018100
-4.925 ,3.991 ,10.991,23.558065000000003,87.29867666666665 ,42.19281120300293,86.51635928577171 ,18435.0,10:00:18 AM,1572669018100
-4.844 ,8.69 ,12.585,23.558065000000003,87.29867666666665 ,42.19281120300293,86.51635928577171 ,18435.0,10:00:18 AM,1572669018105
-5.799 ,9.441 ,7.642,23.558065000000003,87.29867666666665 ,42.19281120300293,86.51635928577171 ,18435.0,10:00:18 AM,1572669018105
-1.979 ,8.144 ,5.702,23.558065000000003,87.29867666666665 ,42.19281120300293,86.51635928577171 ,18435.0,10:00:18 AM,1572669018110
-0.805 ,6.606 ,0.382,23.558065000000003,87.29867666666665 ,42.19281120300293,86.51635928577171 ,18435.0,10:00:18 AM,1572669018111
2.967 ,7.55 ,3.316,23.558065000000003,87.29867666666665 ,42.19281120300293,86.51635928577171 ,18435.0,10:00:18 AM,1572669018114
3.408 ,9.577 ,3.1,23.558065000000003,87.29867666666665 ,42.19281120300293,86.51635928577171 ,18435.0,10:00:18 AM,1572669018115
4.196 ,8.33 ,3.572,23.558065000000003,87.29867666666665 ,42.19281120300293,86.51635928577171 ,18435.0,10:00:18 AM,1572669018121
2.904 ,7.339 ,0.975,23.558065000000003,87.29867666666665 ,42.19281120300293,86.51635928577171 ,18435.0,10:00:18 AM,1572669018122
-0.257 ,4.911 ,-0.801,23.558065000000003,87.29867666666665 ,42.19281120300293,86.51635928577171 ,18435.0,10:00:18 AM,1572669018125
-1.969 ,6.308 ,1.989,23.558065000000003,87.29867666666665 ,42.19281120300293,86.51635928577171 ,18435.0,10:00:18 AM,1572669018125
-5.536 ,5.202 ,0.989,23.558065000000003,87.29867666666665 ,42.19281120300293,86.51635928577171 ,18435.0,10:00:18 AM,1572669018129
-4.881 ,5.68 ,7.385,23.558065000000003,87.29867666666665 ,42.19281120300293,86.51635928577171 ,18435.0,10:00:18 AM,1572669018130
-5.371 ,7.375 ,8.069,23.558065000000003,87.29867666666665 ,42.19281120300293,86.51635928577171 ,18435.0,10:00:18 AM,1572669018138
-2.925 ,7.891 ,14.175,23.558065000000003,87.29867666666665 ,42.19281120300293,86.51635928577171 ,18435.0,10:00:18 AM,1572669018138
-1.721 ,7.692 ,13.023,23.558065000000003,87.29867666666665 ,42.19281120300293,86.51635928577171 ,18435.0,10:00:18 AM,1572669018139
-0.073 ,4.0 ,10.603,23.558065000000003,87.29867666666665 ,42.19281120300293,86.51635928577171 ,18435.0,10:00:18 AM,1572669018140
2.754 ,1.945 ,8.273,23.558065000000003,87.29867666666665 ,42.19281120300293,86.75541437571246 ,18435.0,10:00:18 AM,1572669018144
1.748 ,1.277 ,2.782,23.558065000000003,87.29867666666665 ,42.19281120300293,86.75541437571246 ,18435.0,10:00:18 AM,1572669018145
4.082 ,3.942 ,10.089,23.558065000000003,87.29867666666665 ,42.19281120300293,86.75541437571246 ,18435.0,10:00:18 AM,1572669018149
1.348 ,5.415 ,6.57,23.558065000000003,87.29867666666665 ,42.19281120300293,86.75541437571246 ,18435.0,10:00:18 AM,1572669018150
1.108 ,4.241 ,7.922,23.558065000000003,87.29867666666665 ,42.19281120300293,86.75541437571246 ,18435.0,10:00:18 AM,1572669018154
0.686 ,3.739 ,5.709,23.558065000000003,87.29867666666665 ,42.19281120300293,86.75541437571246 ,18435.0,10:00:18 AM,1572669018155
0.076 ,1.76 ,6.19,23.558065000000003,87.29867666666665 ,42.19281120300293,86.75541437571246 ,18435.0,10:00:18 AM,1572669018160
1.471 ,4.599 ,11.069,23.558065000000003,87.29867666666665 ,42.19281120300293,86.75541437571246 ,18435.0,10:00:18 AM,1572669018161
0.334 ,5.468 ,13.061,23.558065000000003,87.29867666666665 ,42.19281120300293,86.75541437571246 ,18435.0,10:00:18 AM,1572669018165
2.138 ,5.505 ,16.863,23.558065000000003,87.29867666666665 ,42.19281120300293,86.75541437571246 ,18435.0,10:00:18 AM,1572669018165
0.054 ,2.768 ,11.302,23.558065000000003,87.29867666666665 ,42.19281120300293,86.75541437571246 ,18435.0,10:00:18 AM,1572669018170
-0.448 ,-0.49 ,11.052,23.558065000000003,87.29867666666665 ,42.19281120300293,86.75541437571246 ,18435.0,10:00:18 AM,1572669018171
-0.95 ,0.098 ,11.986,23.558065000000003,87.29867666666665 ,42.19281120300293,86.75541437571246 ,18435.0,10:00:18 AM,1572669018174
-3.515 ,0.19 ,12.771,23.558065000000003,87.29867666666665 ,42.19281120300293,86.75541437571246 ,18435.0,10:00:18 AM,1572669018174
-4.056 ,2.812 ,16.416,23.558065000000003,87.29867666666665 ,42.19281120300293,86.75541437571246 ,18435.0,10:00:18 AM,1572669018179
-5.639 ,3.105 ,15.165,23.558065000000003,87.29867666666665 ,42.19281120300293,86.75541437571246 ,18435.0,10:00:18 AM,1572669018180
-4.081 ,3.119 ,15.332,23.558065000000003,87.29867666666665 ,42.19281120300293,86.75541437571246 ,18435.0,10:00:18 AM,1572669018185
-4.262 ,2.871 ,8.234,23.558065000000003,87.29867666666665 ,42.19281120300293,86.75541437571246 ,18435.0,10:00:18 AM,1572669018186
-1.449 ,2.424 ,9.361,23.558065000000003,87.29867666666665 ,42.19281120300293,86.75541437571246 ,18435.0,10:00:18 AM,1572669018189
-0.421 ,4.271 ,6.487,23.558065000000003,87.29867666666665 ,42.19281120300293,86.75541437571246 ,18435.0,10:00:18 AM,1572669018190
0.572 ,5.622 ,8.21,23.558065000000003,87.29867666666665 ,42.19281120300293,86.75541437571246 ,18520.0,10:00:18 AM,1572669018194
1.737 ,7.37 ,8.107,23.558065000000003,87.29867666666665 ,42.19281120300293,86.75541437571246 ,18520.0,10:00:18 AM,1572669018194
-0.856 ,5.182 ,3.09,23.558065000000003,87.29867666666665 ,42.19281120300293,86.75541437571246 ,18520.0,10:00:18 AM,1572669018199
-0.272 ,4.119 ,4.035,23.558065000000003,87.29867666666665 ,42.19281120300293,86.75541437571246 ,18520.0,10:00:18 AM,1572669018199
-3.058 ,4.101 ,2.751,23.558065000000003,87.29867666666665 ,42.19281120300293,86.75541437571246 ,18520.0,10:00:18 AM,1572669018204
-3.004 ,7.316 ,9.499,23.558065000000003,87.29867666666665 ,42.19281120300293,86.75541437571246 ,18520.0,10:00:18 AM,1572669018204
-3.968 ,10.175 ,9.703,23.558065000000003,87.29867666666665 ,42.19281120300293,86.75541437571246 ,18520.0,10:00:18 AM,1572669018210
-2.993 ,7.998 ,8.875,23.558065000000003,87.29867666666665 ,42.19281120300293,86.75541437571246 ,18520.0,10:00:18 AM,1572669018210
-1.359 ,7.668 ,5.836,23.558065000000003,87.29867666666665 ,42.19281120300293,86.75541437571246 ,18520.0,10:00:18 AM,1572669018215
