x,y,z,latitude,longitude,speed,sound,light,time,timestamp
-1.615 ,6.519 ,4.495,23.564476666666664,87.29876333333335 ,45.90992889404297,89.30586661825458 ,50920.0,10:01:30 AM,1572669090732
0.78 ,5.989 ,15.448,23.564476666666664,87.29876333333335 ,45.90992889404297,89.30586661825458 ,50920.0,10:01:30 AM,1572669090732
-2.41 ,7.374 ,8.371,23.564476666666664,87.29876333333335 ,45.90992889404297,89.30586661825458 ,50920.0,10:01:30 AM,1572669090738
-1.739 ,5.774 ,15.588,23.564476666666664,87.29876333333335 ,45.90992889404297,89.30586661825458 ,50920.0,10:01:30 AM,1572669090739
-3.733 ,6.357 ,9.384,23.564476666666664,87.29876333333335 ,45.90992889404297,89.30586661825458 ,50920.0,10:01:30 AM,1572669090742
-2.295 ,3.386 ,18.146,23.564476666666664,87.29876333333335 ,45.90992889404297,89.30586661825458 ,50920.0,10:01:30 AM,1572669090743
-5.704 ,5.537 ,9.457,23.564476666666664,87.29876333333335 ,45.90992889404297,89.30586661825458 ,50920.0,10:01:30 AM,1572669090748
-2.038 ,6.04 ,20.667,23.564476666666664,87.29876333333335 ,45.90992889404297,89.30586661825458 ,50920.0,10:01:30 AM,1572669090749
-2.207 ,8.711 ,15.029,23.564476666666664,87.29876333333335 ,45.90992889404297,89.30586661825458 ,50920.0,10:01:30 AM,1572669090752
-0.16 ,5.794 ,23.64,23.564476666666664,87.29876333333335 ,45.90992889404297,89.30586661825458 ,50920.0,10:01:30 AM,1572669090753
-0.993 ,6.547 ,21.653,23.564476666666664,87.29876333333335 ,45.90992889404297,89.30586661825458 ,50920.0,10:01:30 AM,1572669090757
-0.231 ,6.523 ,23.767,23.564476666666664,87.29876333333335 ,45.90992889404297,89.30586661825458 ,50920.0,10:01:30 AM,1572669090758
1.123 ,4.46 ,18.305,23.564476666666664,87.29876333333335 ,45.90992889404297,89.30586661825458 ,50920.0,10:01:30 AM,1572669090762
-0.203 ,-0.091 ,7.223,23.564476666666664,87.29876333333335 ,45.90992889404297,89.30586661825458 ,50920.0,10:01:30 AM,1572669090763
3.491 ,-2.783 ,11.273,23.564476666666664,87.29876333333335 ,45.90992889404297,89.30586661825458 ,50920.0,10:01:30 AM,1572669090770
0.28 ,0.102 ,2.792,23.564476666666664,87.29876333333335 ,45.90992889404297,89.30586661825458 ,50920.0,10:01:30 AM,1572669090770
2.181 ,6.298 ,10.144,23.564476666666664,87.29876333333335 ,45.90992889404297,89.30586661825458 ,50920.0,10:01:30 AM,1572669090771
0.443 ,9.094 ,9.475,23.564476666666664,87.29876333333335 ,45.90992889404297,89.30586661825458 ,50920.0,10:01:30 AM,1572669090772
1.094 ,8.729 ,9.163,23.564476666666664,87.29876333333335 ,45.90992889404297,89.30586661825458 ,50920.0,10:01:30 AM,1572669090776
-3.739 ,9.786 ,-6.136,23.564476666666664,87.29876333333335 ,45.90992889404297,89.30586661825458 ,50920.0,10:01:30 AM,1572669090777
-1.133 ,7.462 ,-6.824,23.564476666666664,87.29876333333335 ,45.90992889404297,89.30586661825458 ,50920.0,10:01:30 AM,1572669090782
-2.255 ,3.949 ,-14.127,23.564476666666664,87.29876333333335 ,45.90992889404297,89.30586661825458 ,50920.0,10:01:30 AM,1572669090783
-1.779 ,1.757 ,-9.878,23.564476666666664,87.29876333333335 ,45.90992889404297,89.30586661825458 ,50920.0,10:01:30 AM,1572669090788
-0.898 ,5.529 ,-6.339,23.564476666666664,87.29876333333335 ,45.90992889404297,89.30586661825458 ,50920.0,10:01:30 AM,1572669090789
1.228 ,9.426 ,-1.338,23.564476666666664,87.29876333333335 ,45.90992889404297,89.30586661825458 ,50920.0,10:01:30 AM,1572669090793
3.019 ,10.234 ,4.041,23.564476666666664,87.29876333333335 ,45.90992889404297,89.30586661825458 ,50920.0,10:01:30 AM,1572669090793
1.234 ,6.044 ,1.817,23.564476666666664,87.29876333333335 ,45.90992889404297,89.30586661825458 ,50920.0,10:01:30 AM,1572669090797
1.946 ,6.8 ,3.639,23.564476666666664,87.29876333333335 ,45.90992889404297,89.30586661825458 ,50920.0,10:01:30 AM,1572669090798
0.623 ,7.685 ,4.399,23.564476666666664,87.29876333333335 ,45.90992889404297,89.30586661825458 ,50920.0,10:01:30 AM,1572669090803
0.256 ,6.213 ,10.411,23.564476666666664,87.29876333333335 ,45.90992889404297,89.30586661825458 ,50920.0,10:01:30 AM,1572669090804
-4.427 ,3.9 ,8.344,23.564476666666664,87.29876333333335 ,45.90992889404297,89.30586661825458 ,50920.0,10:01:30 AM,1572669090806
-4.782 ,4.641 ,14.814,23.564476666666664,87.29876333333335 ,45.90992889404297,89.30586661825458 ,50920.0,10:01:30 AM,1572669090807
-4.994 ,7.304 ,18.063,23.564476666666664,87.29876333333335 ,45.90992889404297,89.30586661825458 ,50920.0,10:01:30 AM,1572669090811
-2.359 ,9.512 ,19.123,23.564476666666664,87.29876333333335 ,45.90992889404297,89.30586661825458 ,50920.0,10:01:30 AM,1572669090811
-3.376 ,8.516 ,5.419,23.564476666666664,87.29876333333335 ,45.90992889404297,89.30586661825458 ,50920.0,10:01:30 AM,1572669090819
4.381 ,5.879 ,14.715,23.564476666666664,87.29876333333335 ,45.90992889404297,89.30586661825458 ,50920.0,10:01:30 AM,1572669090820
0.163 ,4.769 ,1.954,23.564476666666664,87.29876333333335 ,45.90992889404297,89.30586661825458 ,50920.0,10:01:30 AM,1572669090822
6.615 ,4.642 ,10.495,23.564476666666664,87.29876333333335 ,45.90992889404297,89.30586661825458 ,50920.0,10:01:30 AM,1572669090822
4.612 ,4.776 ,3.462,23.564476666666664,87.29876333333335 ,45.90992889404297,89.30586661825458 ,50920.0,10:01:30 AM,1572669090826
7.258 ,3.022 ,13.391,23.564476666666664,87.29876333333335 ,45.90992889404297,89.30586661825458 ,50920.0,10:01:30 AM,1572669090827
1.019 ,4.318 ,6.594,23.564476666666664,87.29876333333335 ,45.90992889404297,89.30586661825458 ,50920.0,10:01:30 AM,1572669090832
1.581 ,5.013 ,12.429,23.564476666666664,87.29876333333335 ,45.90992889404297,89.30586661825458 ,50920.0,10:01:30 AM,1572669090833
-4.766 ,6.04 ,4.946,23.564476666666664,87.29876333333335 ,45.90992889404297,89.30586661825458 ,50920.0,10:01:30 AM,1572669090837
-6.882 ,1.053 ,5.346,23.564476666666664,87.29876333333335 ,45.90992889404297,89.30586661825458 ,50920.0,10:01:30 AM,1572669090837
-10.044 ,1.703 ,1.943,23.564476666666664,87.29876333333335 ,45.90992889404297,89.30586661825458 ,50920.0,10:01:30 AM,1572669090841
-11.182 ,2.595 ,6.432,23.564476666666664,87.29876333333335 ,45.90992889404297,89.30586661825458 ,50920.0,10:01:30 AM,1572669090842
-10.133 ,5.826 ,9.906,23.564476666666664,87.29876333333335 ,45.90992889404297,89.30586661825458 ,50920.0,10:01:30 AM,1572669090846
-9.726 ,4.089 ,11.407,23.564476666666664,87.29876333333335 ,45.90992889404297,89.30586661825458 ,50920.0,10:01:30 AM,1572669090846
-5.543 ,2.794 ,16.076,23.564476666666664,87.29876333333335 ,45.90992889404297,89.30586661825458 ,50920.0,10:01:30 AM,1572669090852
-2.914 ,3.213 ,11.652,23.564476666666664,87.29876333333335 ,45.90992889404297,89.30586661825458 ,50920.0,10:01:30 AM,1572669090852
0.252 ,5.725 ,17.108,23.564595,87.29877166666665 ,47.108818817138676,89.30586661825458 ,50920.0,10:01:30 AM,1572669090856
1.544 ,6.022 ,11.258,23.564595,87.29877166666665 ,47.108818817138676,89.30586661825458 ,50920.0,10:01:30 AM,1572669090857
5.426 ,5.314 ,18.63,23.564595,87.29877166666665 ,47.108818817138676,89.30586661825458 ,50920.0,10:01:30 AM,1572669090861
1.779 ,6.478 ,8.16,23.564595,87.29877166666665 ,47.108818817138676,89.30586661825458 ,50920.0,10:01:30 AM,1572669090861
5.431 ,8.703 ,15.499,23.564595,87.29877166666665 ,47.108818817138676,89.30586661825458 ,50920.0,10:01:30 AM,1572669090870
2.933 ,10.525 ,8.375,23.564595,87.29877166666665 ,47.108818817138676,89.30586661825458 ,50920.0,10:01:30 AM,1572669090870
4.817 ,9.092 ,11.911,23.564595,87.29877166666665 ,47.108818817138676,89.30586661825458 ,50920.0,10:01:30 AM,1572669090871
2.633 ,10.261 ,4.763,23.564595,87.29877166666665 ,47.108818817138676,89.30586661825458 ,50920.0,10:01:30 AM,1572669090871
5.407 ,9.519 ,3.395,23.564595,87.29877166666665 ,47.108818817138676,89.30586661825458 ,50920.0,10:01:30 AM,1572669090877
2.923 ,10.065 ,-3.514,23.564595,87.29877166666665 ,47.108818817138676,89.30586661825458 ,50920.0,10:01:30 AM,1572669090878
4.373 ,7.515 ,-0.831,23.564595,87.29877166666665 ,47.108818817138676,89.30586661825458 ,50920.0,10:01:30 AM,1572669090882
0.118 ,8.883 ,-4.461,23.564595,87.29877166666665 ,47.108818817138676,89.30586661825458 ,50920.0,10:01:30 AM,1572669090882
0.184 ,7.767 ,-3.919,23.564595,87.29877166666665 ,47.108818817138676,89.30586661825458 ,50920.0,10:01:30 AM,1572669090886
-2.909 ,6.66 ,-6.252,23.564595,87.29877166666665 ,47.108818817138676,89.30586661825458 ,50920.0,10:01:30 AM,1572669090887
-3.701 ,3.62 ,-4.66,23.564595,87.29877166666665 ,47.108818817138676,89.30586661825458 ,50920.0,10:01:30 AM,1572669090891
-3.931 ,4.654 ,-0.362,23.564595,87.29877166666665 ,47.108818817138676,89.30586661825458 ,50920.0,10:01:30 AM,1572669090892
-3.998 ,4.543 ,1.675,23.564595,87.29877166666665 ,47.108818817138676,89.30586661825458 ,50920.0,10:01:30 AM,1572669090897
-1.782 ,5.0 ,6.796,23.564595,87.29877166666665 ,47.108818817138676,89.30586661825458 ,50920.0,10:01:30 AM,1572669090898
-1.202 ,4.693 ,6.709,23.564595,87.29877166666665 ,47.108818817138676,89.30586661825458 ,50920.0,10:01:30 AM,1572669090902
1.206 ,3.651 ,14.738,23.564595,87.29877166666665 ,47.108818817138676,89.30586661825458 ,50920.0,10:01:30 AM,1572669090903
0.519 ,4.975 ,16.332,23.564595,87.29877166666665 ,47.108818817138676,89.30586661825458 ,50920.0,10:01:30 AM,1572669090909
-0.463 ,3.908 ,18.595,23.564595,87.29877166666665 ,47.108818817138676,89.30586661825458 ,50920.0,10:01:30 AM,1572669090909
-0.786 ,2.784 ,19.156,23.564595,87.29877166666665 ,47.108818817138676,89.30586661825458 ,50920.0,10:01:30 AM,1572669090911
-1.356 ,-1.8 ,16.961,23.564595,87.29877166666665 ,47.108818817138676,89.30586661825458 ,50920.0,10:01:30 AM,1572669090912
-3.405 ,-1.903 ,14.866,23.564595,87.29877166666665 ,47.108818817138676,89.30586661825458 ,50920.0,10:01:30 AM,1572669090921
-1.388 ,-0.265 ,22.239,23.564595,87.29877166666665 ,47.108818817138676,89.30586661825458 ,50920.0,10:01:30 AM,1572669090921
-2.923 ,3.954 ,18.895,23.564595,87.29877166666665 ,47.108818817138676,89.30586661825458 ,50920.0,10:01:30 AM,1572669090922
0.262 ,1.95 ,23.346,23.564595,87.29877166666665 ,47.108818817138676,89.30586661825458 ,50920.0,10:01:30 AM,1572669090922
-2.36 ,1.304 ,16.044,23.564595,87.29877166666665 ,47.108818817138676,89.30586661825458 ,50920.0,10:01:30 AM,1572669090926
-0.567 ,-0.14 ,14.593,23.564595,87.29877166666665 ,47.108818817138676,89.30586661825458 ,50920.0,10:01:30 AM,1572669090927
-1.245 ,2.068 ,13.278,23.564595,87.29877166666665 ,47.108818817138676,89.30586661825458 ,50920.0,10:01:30 AM,1572669090931
-1.122 ,0.823 ,13.841,23.564595,87.29877166666665 ,47.108818817138676,89.30586661825458 ,50920.0,10:01:30 AM,1572669090931
-2.605 ,1.156 ,13.483,23.564595,87.29877166666665 ,47.108818817138676,89.30586661825458 ,50920.0,10:01:30 AM,1572669090938
-2.281 ,1.988 ,10.167,23.564595,87.29877166666665 ,47.108818817138676,89.30586661825458 ,50920.0,10:01:30 AM,1572669090939
-1.134 ,2.376 ,10.283,23.564595,87.29877166666665 ,47.108818817138676,89.30586661825458 ,50920.0,10:01:30 AM,1572669090942
-3.107 ,2.284 ,4.483,23.564595,87.29877166666665 ,47.108818817138676,89.30586661825458 ,50920.0,10:01:30 AM,1572669090943
-2.574 ,1.507 ,7.799,23.564595,87.29877166666665 ,47.108818817138676,89.30586661825458 ,50920.0,10:01:30 AM,1572669090946
-4.335 ,5.026 ,3.753,23.564595,87.29877166666665 ,47.108818817138676,89.30586661825458 ,50920.0,10:01:30 AM,1572669090946
-3.32 ,5.804 ,6.958,23.564595,87.29877166666665 ,47.108818817138676,89.30586661825458 ,50920.0,10:01:30 AM,1572669090953
-4.714 ,5.51 ,2.99,23.564595,87.29877166666665 ,47.108818817138676,89.30586661825458 ,50920.0,10:01:30 AM,1572669090954
-3.628 ,3.842 ,7.05,23.564595,87.29877166666665 ,47.108818817138676,89.30586661825458 ,50920.0,10:01:30 AM,1572669090957
-3.689 ,6.793 ,8.029,23.564595,87.29877166666665 ,47.108818817138676,89.30586661825458 ,50920.0,10:01:30 AM,1572669090957
-1.591 ,7.939 ,11.643,23.564595,87.29877166666665 ,47.108818817138676,89.30586661825458 ,50920.0,10:01:30 AM,1572669090962
-0.716 ,8.018 ,9.197,23.564595,87.29877166666665 ,47.108818817138676,89.30586661825458 ,50920.0,10:01:30 AM,1572669090963
1.673 ,5.024 ,10.581,23.564595,87.29877166666665 ,47.108818817138676,89.30586661825458 ,50920.0,10:01:30 AM,1572669090966
2.629 ,6.688 ,11.292,23.564595,87.29877166666665 ,47.108818817138676,89.30586661825458 ,50920.0,10:01:30 AM,1572669090967
2.985 ,7.041 ,9.883,23.564595,87.29877166666665 ,47.108818817138676,89.30586661825458 ,50920.0,10:01:30 AM,1572669090972
4.223 ,7.676 ,11.142,23.564595,87.29877166666665 ,47.108818817138676,89.30586661825458 ,50920.0,10:01:30 AM,1572669090972
3.638 ,4.398 ,8.332,23.564595,87.29877166666665 ,47.108818817138676,89.30586661825458 ,50920.0,10:01:30 AM,1572669090977
2.073 ,3.945 ,8.16,23.564595,87.29877166666665 ,47.108818817138676,89.30586661825458 ,50920.0,10:01:30 AM,1572669090977
