x,y,z,latitude,longitude,speed,sound,light,time,timestamp
-0.168 ,8.455 ,9.361,23.568624999999997,87.29901166666666 ,29.19030990600586,80.41227988879207 ,11746.0,10:02:15 AM,1572669135838
5.51 ,7.553 ,10.47,23.568624999999997,87.29901166666666 ,29.19030990600586,80.41227988879207 ,11746.0,10:02:15 AM,1572669135838
6.504 ,6.353 ,5.634,23.568564999999996,87.29906666666666 ,30.885802459716796,80.41227988879207 ,11746.0,10:02:15 AM,1572669135840
6.531 ,7.279 ,9.622,23.568564999999996,87.29906666666666 ,30.885802459716796,80.41227988879207 ,11746.0,10:02:15 AM,1572669135841
6.457 ,11.395 ,15.997,23.568564999999996,87.29906666666666 ,30.885802459716796,80.41227988879207 ,11746.0,10:02:15 AM,1572669135845
3.237 ,11.441 ,12.369,23.568564999999996,87.29906666666666 ,30.885802459716796,80.41227988879207 ,11746.0,10:02:15 AM,1572669135846
0.984 ,8.073 ,2.699,23.568564999999996,87.29906666666666 ,30.885802459716796,80.41227988879207 ,11746.0,10:02:15 AM,1572669135851
3.023 ,4.322 ,-0.501,23.568564999999996,87.29906666666666 ,30.885802459716796,80.41227988879207 ,11746.0,10:02:15 AM,1572669135852
-1.462 ,7.142 ,-1.099,23.568564999999996,87.29906666666666 ,30.885802459716796,80.41227988879207 ,11746.0,10:02:15 AM,1572669135855
-3.368 ,14.6 ,11.143,23.568564999999996,87.29906666666666 ,30.885802459716796,80.41227988879207 ,11746.0,10:02:15 AM,1572669135855
-4.093 ,15.085 ,16.241,23.568564999999996,87.29906666666666 ,30.885802459716796,80.41227988879207 ,11746.0,10:02:15 AM,1572669135860
-4.09 ,9.243 ,10.336,23.568564999999996,87.29906666666666 ,30.885802459716796,80.41227988879207 ,11746.0,10:02:15 AM,1572669135860
-4.089 ,3.457 ,7.112,23.568564999999996,87.29906666666666 ,30.885802459716796,80.41227988879207 ,11746.0,10:02:15 AM,1572669135865
0.14 ,4.052 ,11.925,23.568564999999996,87.29906666666666 ,30.885802459716796,80.41227988879207 ,11746.0,10:02:15 AM,1572669135865
0.671 ,7.96 ,16.501,23.568564999999996,87.29906666666666 ,30.885802459716796,80.41227988879207 ,11746.0,10:02:15 AM,1572669135874
0.577 ,7.236 ,15.645,23.568564999999996,87.29906666666666 ,30.885802459716796,80.41227988879207 ,11746.0,10:02:15 AM,1572669135875
2.046 ,1.028 ,17.387,23.568564999999996,87.29906666666666 ,30.885802459716796,80.41227988879207 ,11746.0,10:02:15 AM,1572669135875
0.366 ,0.536 ,13.495,23.568564999999996,87.29906666666666 ,30.885802459716796,80.41227988879207 ,11746.0,10:02:15 AM,1572669135876
-0.099 ,3.688 ,14.96,23.568564999999996,87.29906666666666 ,30.885802459716796,80.41227988879207 ,11746.0,10:02:15 AM,1572669135880
0.446 ,7.883 ,15.688,23.568564999999996,87.29906666666666 ,30.885802459716796,80.41227988879207 ,11746.0,10:02:15 AM,1572669135880
-1.803 ,7.626 ,7.542,23.568564999999996,87.29906666666666 ,30.885802459716796,80.41227988879207 ,11746.0,10:02:15 AM,1572669135886
-1.19 ,3.525 ,7.043,23.568564999999996,87.29906666666666 ,30.885802459716796,80.41227988879207 ,11746.0,10:02:15 AM,1572669135887
-1.919 ,3.812 ,1.139,23.568564999999996,87.29906666666666 ,30.885802459716796,80.41227988879207 ,11746.0,10:02:15 AM,1572669135890
-1.218 ,4.321 ,0.3,23.568564999999996,87.29906666666666 ,30.885802459716796,80.41227988879207 ,11746.0,10:02:15 AM,1572669135890
1.47 ,5.15 ,2.788,23.568564999999996,87.29906666666666 ,30.885802459716796,80.41227988879207 ,11746.0,10:02:15 AM,1572669135895
-0.126 ,5.888 ,1.131,23.568564999999996,87.29906666666666 ,30.885802459716796,80.41227988879207 ,11746.0,10:02:15 AM,1572669135895
1.384 ,6.241 ,4.482,23.568564999999996,87.29906666666666 ,30.885802459716796,80.41227988879207 ,11746.0,10:02:15 AM,1572669135901
0.148 ,5.657 ,0.365,23.568564999999996,87.29906666666666 ,30.885802459716796,80.41227988879207 ,11746.0,10:02:15 AM,1572669135901
-0.265 ,2.826 ,-4.443,23.568564999999996,87.29906666666666 ,30.885802459716796,80.41227988879207 ,11746.0,10:02:15 AM,1572669135905
0.036 ,1.674 ,-5.992,23.568564999999996,87.29906666666666 ,30.885802459716796,80.41227988879207 ,11746.0,10:02:15 AM,1572669135906
0.25 ,3.899 ,-2.629,23.568564999999996,87.29906666666666 ,30.885802459716796,80.41227988879207 ,11746.0,10:02:15 AM,1572669135910
0.054 ,6.859 ,1.618,23.568564999999996,87.29906666666666 ,30.885802459716796,80.41227988879207 ,11746.0,10:02:15 AM,1572669135910
0.189 ,7.919 ,4.763,23.568564999999996,87.29906666666666 ,30.885802459716796,80.41227988879207 ,11746.0,10:02:15 AM,1572669135915
0.131 ,5.476 ,4.232,23.568564999999996,87.29906666666666 ,30.885802459716796,80.41227988879207 ,11746.0,10:02:15 AM,1572669135916
0.529 ,4.258 ,6.478,23.568564999999996,87.29906666666666 ,30.885802459716796,80.41227988879207 ,11746.0,10:02:15 AM,1572669135922
-0.428 ,7.995 ,12.597,23.568564999999996,87.29906666666666 ,30.885802459716796,80.41227988879207 ,11746.0,10:02:15 AM,1572669135923
1.027 ,10.567 ,19.713,23.568564999999996,87.29906666666666 ,30.885802459716796,80.41227988879207 ,11746.0,10:02:15 AM,1572669135925
0.445 ,9.884 ,18.056,23.568564999999996,87.29906666666666 ,30.885802459716796,80.41227988879207 ,11746.0,10:02:15 AM,1572669135926
0.481 ,6.17 ,15.237,23.568564999999996,87.29906666666666 ,30.885802459716796,80.41227988879207 ,11746.0,10:02:15 AM,1572669135930
1.056 ,5.142 ,9.931,23.568564999999996,87.29906666666666 ,30.885802459716796,80.41227988879207 ,11746.0,10:02:15 AM,1572669135930
2.068 ,5.743 ,9.722,23.568564999999996,87.29906666666666 ,30.885802459716796,80.41227988879207 ,11746.0,10:02:15 AM,1572669135937
0.688 ,7.049 ,8.28,23.568564999999996,87.29906666666666 ,30.885802459716796,80.41227988879207 ,11746.0,10:02:15 AM,1572669135937
0.111 ,7.14 ,13.341,23.568564999999996,87.29906666666666 ,30.885802459716796,80.41227988879207 ,11746.0,10:02:15 AM,1572669135940
-1.901 ,8.353 ,12.561,23.568564999999996,87.29906666666666 ,30.885802459716796,80.41227988879207 ,11746.0,10:02:15 AM,1572669135940
-2.566 ,6.477 ,14.525,23.568564999999996,87.29906666666666 ,30.885802459716796,80.41227988879207 ,11746.0,10:02:15 AM,1572669135945
-4.126 ,6.161 ,16.658,23.568564999999996,87.29906666666666 ,30.885802459716796,80.41227988879207 ,11746.0,10:02:15 AM,1572669135945
-4.787 ,7.009 ,19.579,23.568564999999996,87.29906666666666 ,30.885802459716796,80.41227988879207 ,11746.0,10:02:15 AM,1572669135951
-3.337 ,8.233 ,21.878,23.568564999999996,87.29906666666666 ,30.885802459716796,80.41227988879207 ,11746.0,10:02:15 AM,1572669135951
-1.916 ,7.069 ,18.396,23.568564999999996,87.29906666666666 ,30.885802459716796,80.41227988879207 ,11746.0,10:02:15 AM,1572669135955
-0.436 ,3.837 ,12.814,23.568564999999996,87.29906666666666 ,30.885802459716796,80.41227988879207 ,11746.0,10:02:15 AM,1572669135955
1.398 ,3.112 ,10.775,23.568564999999996,87.29906666666666 ,30.885802459716796,80.41227988879207 ,11746.0,10:02:15 AM,1572669135960
2.169 ,4.319 ,12.838,23.568564999999996,87.29906666666666 ,30.885802459716796,80.41227988879207 ,11746.0,10:02:15 AM,1572669135960
2.361 ,4.944 ,12.393,23.568564999999996,87.29906666666666 ,30.885802459716796,80.41227988879207 ,11746.0,10:02:15 AM,1572669135965
2.589 ,3.712 ,9.877,23.568564999999996,87.29906666666666 ,30.885802459716796,80.41227988879207 ,11746.0,10:02:15 AM,1572669135966
1.058 ,1.31 ,4.037,23.568564999999996,87.29906666666666 ,30.885802459716796,80.41227988879207 ,11746.0,10:02:15 AM,1572669135974
0.445 ,1.408 ,5.052,23.568564999999996,87.29906666666666 ,30.885802459716796,80.41227988879207 ,11746.0,10:02:15 AM,1572669135974
-2.862 ,3.65 ,9.675,23.568564999999996,87.29906666666666 ,30.885802459716796,80.41227988879207 ,11746.0,10:02:15 AM,1572669135975
-6.403 ,3.682 ,7.27,23.568564999999996,87.29906666666666 ,30.885802459716796,80.41227988879207 ,11746.0,10:02:15 AM,1572669135975
-8.352 ,2.608 ,-0.606,23.568564999999996,87.29906666666666 ,30.885802459716796,80.41227988879207 ,11746.0,10:02:15 AM,1572669135980
-9.236 ,0.192 ,-4.685,23.568564999999996,87.29906666666666 ,30.885802459716796,80.41227988879207 ,11746.0,10:02:15 AM,1572669135980
-7.062 ,1.162 ,-7.975,23.568564999999996,87.29906666666666 ,30.885802459716796,80.41227988879207 ,11746.0,10:02:15 AM,1572669135988
-4.662 ,6.36 ,-7.617,23.568564999999996,87.29906666666666 ,30.885802459716796,80.41227988879207 ,11746.0,10:02:15 AM,1572669135988
-1.005 ,12.222 ,1.124,23.568564999999996,87.29906666666666 ,30.885802459716796,80.41227988879207 ,11746.0,10:02:15 AM,1572669135990
4.046 ,14.87 ,4.62,23.568564999999996,87.29906666666666 ,30.885802459716796,80.41227988879207 ,11746.0,10:02:15 AM,1572669135990
7.226 ,12.431 ,-3.642,23.568564999999996,87.29906666666666 ,30.885802459716796,80.41227988879207 ,11812.0,10:02:15 AM,1572669135995
9.673 ,7.418 ,-8.224,23.568564999999996,87.29906666666666 ,30.885802459716796,80.41227988879207 ,11812.0,10:02:15 AM,1572669135995
8.377 ,6.185 ,-6.005,23.568564999999996,87.29906666666666 ,30.885802459716796,80.41227988879207 ,11812.0,10:02:16 AM,1572669136002
4.254 ,9.301 ,-0.667,23.568564999999996,87.29906666666666 ,30.885802459716796,80.41227988879207 ,11812.0,10:02:16 AM,1572669136003
1.209 ,10.447 ,6.776,23.568564999999996,87.29906666666666 ,30.885802459716796,80.41227988879207 ,11812.0,10:02:16 AM,1572669136008
-4.709 ,8.555 ,5.672,23.568564999999996,87.29906666666666 ,30.885802459716796,80.41227988879207 ,11812.0,10:02:16 AM,1572669136009
-8.773 ,5.365 ,6.806,23.568564999999996,87.29906666666666 ,30.885802459716796,80.41227988879207 ,11812.0,10:02:16 AM,1572669136009
-10.448 ,6.057 ,11.606,23.568564999999996,87.29906666666666 ,30.885802459716796,80.41227988879207 ,11812.0,10:02:16 AM,1572669136009
-12.388 ,10.178 ,13.191,23.568564999999996,87.29906666666666 ,30.885802459716796,80.41227988879207 ,11812.0,10:02:16 AM,1572669136014
-9.184 ,11.553 ,16.805,23.568564999999996,87.29906666666666 ,30.885802459716796,80.41227988879207 ,11812.0,10:02:16 AM,1572669136015
-5.225 ,10.145 ,11.838,23.568564999999996,87.29906666666666 ,30.885802459716796,80.41227988879207 ,11812.0,10:02:16 AM,1572669136022
-0.085 ,8.553 ,7.494,23.568564999999996,87.29906666666666 ,30.885802459716796,80.41227988879207 ,11812.0,10:02:16 AM,1572669136023
4.797 ,10.437 ,6.364,23.568564999999996,87.29906666666666 ,30.885802459716796,80.41227988879207 ,11812.0,10:02:16 AM,1572669136025
9.122 ,12.602 ,7.792,23.568564999999996,87.29906666666666 ,30.885802459716796,80.41227988879207 ,11812.0,10:02:16 AM,1572669136025
11.649 ,11.069 ,6.364,23.568564999999996,87.29906666666666 ,30.885802459716796,80.41227988879207 ,11812.0,10:02:16 AM,1572669136029
12.563 ,7.258 ,5.442,23.568564999999996,87.29906666666666 ,30.885802459716796,80.41227988879207 ,11812.0,10:02:16 AM,1572669136030
9.949 ,5.033 ,4.153,23.568564999999996,87.29906666666666 ,30.885802459716796,80.41227988879207 ,11812.0,10:02:16 AM,1572669136038
7.802 ,5.766 ,5.249,23.568564999999996,87.29906666666666 ,30.885802459716796,80.41227988879207 ,11812.0,10:02:16 AM,1572669136039
4.274 ,7.719 ,6.369,23.568564999999996,87.29906666666666 ,30.885802459716796,80.41227988879207 ,11812.0,10:02:16 AM,1572669136040
0.531 ,6.887 ,7.446,23.568564999999996,87.29906666666666 ,30.885802459716796,80.41227988879207 ,11812.0,10:02:16 AM,1572669136040
-4.129 ,6.357 ,3.284,23.568564999999996,87.29906666666666 ,30.885802459716796,80.41227988879207 ,11812.0,10:02:16 AM,1572669136045
-7.181 ,5.68 ,0.354,23.568564999999996,87.29906666666666 ,30.885802459716796,80.41227988879207 ,11812.0,10:02:16 AM,1572669136045
-8.081 ,3.318 ,-1.466,23.568564999999996,87.29906666666666 ,30.885802459716796,80.41227988879207 ,11812.0,10:02:16 AM,1572669136051
-8.351 ,1.917 ,0.554,23.568564999999996,87.29906666666666 ,30.885802459716796,80.41227988879207 ,11812.0,10:02:16 AM,1572669136051
-6.997 ,3.032 ,8.019,23.568564999999996,87.29906666666666 ,30.885802459716796,80.41227988879207 ,11812.0,10:02:16 AM,1572669136054
-3.815 ,5.036 ,16.237,23.568564999999996,87.29906666666666 ,30.885802459716796,80.41227988879207 ,11812.0,10:02:16 AM,1572669136055
-0.767 ,4.431 ,17.574,23.568564999999996,87.29906666666666 ,30.885802459716796,80.41227988879207 ,11812.0,10:02:16 AM,1572669136059
2.056 ,0.208 ,14.85,23.568564999999996,87.29906666666666 ,30.885802459716796,80.41227988879207 ,11812.0,10:02:16 AM,1572669136060
4.685 ,-3.541 ,10.83,23.568564999999996,87.29906666666666 ,30.885802459716796,80.41227988879207 ,11812.0,10:02:16 AM,1572669136065
5.326 ,-3.308 ,12.184,23.568564999999996,87.29906666666666 ,30.885802459716796,80.41227988879207 ,11812.0,10:02:16 AM,1572669136065
5.143 ,-0.756 ,17.471,23.568564999999996,87.29906666666666 ,30.885802459716796,80.41227988879207 ,11812.0,10:02:16 AM,1572669136072
3.385 ,2.924 ,23.167,23.568564999999996,87.29906666666666 ,30.885802459716796,80.41227988879207 ,11812.0,10:02:16 AM,1572669136072
0.907 ,3.129 ,22.601,23.568564999999996,87.29906666666666 ,30.885802459716796,80.41227988879207 ,11812.0,10:02:16 AM,1572669136074
-2.744 ,2.336 ,20.431,23.568564999999996,87.29906666666666 ,30.885802459716796,80.41227988879207 ,11812.0,10:02:16 AM,1572669136075
-5.587 ,2.121 ,18.233,23.568564999999996,87.29906666666666 ,30.885802459716796,80.41227988879207 ,11812.0,10:02:16 AM,1572669136079
-6.578 ,3.166 ,15.779,23.568564999999996,87.29906666666666 ,30.885802459716796,80.41227988879207 ,11812.0,10:02:16 AM,1572669136079
