x,y,z,latitude,longitude,speed,sound,light,time,timestamp
-3.276 ,8.424 ,8.993,23.562059999999995,87.29876 ,44.11066360473633,84.80882794174066 ,50920.0,10:01:03 AM,1572669063076
-1.755 ,7.605 ,8.364,23.562059999999995,87.29876 ,44.11066360473633,84.80882794174066 ,50920.0,10:01:03 AM,1572669063076
-2.136 ,4.149 ,0.785,23.562059999999995,87.29876 ,44.11066360473633,84.80882794174066 ,50920.0,10:01:03 AM,1572669063078
0.56 ,1.784 ,5.732,23.562059999999995,87.29876 ,44.11066360473633,84.80882794174066 ,50920.0,10:01:03 AM,1572669063079
-0.167 ,4.527 ,5.347,23.562059999999995,87.29876 ,44.11066360473633,84.80882794174066 ,50920.0,10:01:03 AM,1572669063083
0.519 ,6.444 ,11.545,23.562059999999995,87.29876 ,44.11066360473633,84.80882794174066 ,50920.0,10:01:03 AM,1572669063084
0.869 ,5.444 ,9.387,23.562059999999995,87.29876 ,44.11066360473633,84.80882794174066 ,50920.0,10:01:03 AM,1572669063087
-1.163 ,1.296 ,2.224,23.562059999999995,87.29876 ,44.11066360473633,84.80882794174066 ,50920.0,10:01:03 AM,1572669063088
-0.27 ,0.008 ,8.989,23.562059999999995,87.29876 ,44.11066360473633,84.80882794174066 ,50920.0,10:01:03 AM,1572669063094
-2.267 ,3.67 ,9.304,23.562059999999995,87.29876 ,44.11066360473633,84.80882794174066 ,50920.0,10:01:03 AM,1572669063094
-2.93 ,6.235 ,14.294,23.562059999999995,87.29876 ,44.11066360473633,84.80882794174066 ,50920.0,10:01:03 AM,1572669063099
-1.563 ,5.218 ,11.704,23.562059999999995,87.29876 ,44.11066360473633,84.80882794174066 ,50920.0,10:01:03 AM,1572669063099
-1.745 ,0.211 ,7.781,23.562059999999995,87.29876 ,44.11066360473633,84.80882794174066 ,50920.0,10:01:03 AM,1572669063104
-1.172 ,-0.035 ,7.122,23.562059999999995,87.29876 ,44.11066360473633,84.80882794174066 ,50920.0,10:01:03 AM,1572669063104
-0.726 ,2.698 ,8.185,23.562059999999995,87.29876 ,44.11066360473633,84.80882794174066 ,50920.0,10:01:03 AM,1572669063109
0.469 ,2.718 ,12.597,23.562059999999995,87.29876 ,44.11066360473633,84.80882794174066 ,50920.0,10:01:03 AM,1572669063110
-1.147 ,1.314 ,7.579,23.562059999999995,87.29876 ,44.11066360473633,84.80882794174066 ,50920.0,10:01:03 AM,1572669063114
-0.613 ,-1.094 ,9.729,23.562059999999995,87.29876 ,44.11066360473633,84.80882794174066 ,50920.0,10:01:03 AM,1572669063115
-1.443 ,0.369 ,11.689,23.562059999999995,87.29876 ,44.11066360473633,84.80882794174066 ,50920.0,10:01:03 AM,1572669063118
-3.84 ,2.847 ,10.235,23.562059999999995,87.29876 ,44.11066360473633,84.80882794174066 ,50920.0,10:01:03 AM,1572669063119
-2.54 ,3.209 ,13.55,23.562059999999995,87.29876 ,44.11066360473633,84.80882794174066 ,50920.0,10:01:03 AM,1572669063127
-2.378 ,2.207 ,8.831,23.562059999999995,87.29876 ,44.11066360473633,84.80882794174066 ,50920.0,10:01:03 AM,1572669063127
-0.455 ,1.705 ,10.496,23.562059999999995,87.29876 ,44.11066360473633,84.80882794174066 ,50920.0,10:01:03 AM,1572669063128
-0.326 ,4.552 ,10.049,23.562059999999995,87.29876 ,44.11066360473633,84.80882794174066 ,50920.0,10:01:03 AM,1572669063128
0.784 ,5.474 ,10.632,23.562059999999995,87.29876 ,44.11066360473633,84.80882794174066 ,50920.0,10:01:03 AM,1572669063134
1.168 ,3.648 ,6.636,23.562059999999995,87.29876 ,44.11066360473633,84.80882794174066 ,50920.0,10:01:03 AM,1572669063135
-0.196 ,1.0 ,0.233,23.562059999999995,87.29876 ,44.11066360473633,84.80882794174066 ,50920.0,10:01:03 AM,1572669063138
1.932 ,0.584 ,6.388,23.562059999999995,87.29876 ,44.11066360473633,84.80882794174066 ,50920.0,10:01:03 AM,1572669063139
-1.456 ,4.075 ,7.019,23.562059999999995,87.29876 ,44.11066360473633,84.80882794174066 ,50920.0,10:01:03 AM,1572669063145
-2.117 ,6.387 ,14.855,23.562059999999995,87.29876 ,44.11066360473633,84.80882794174066 ,50920.0,10:01:03 AM,1572669063146
-1.963 ,6.324 ,14.047,23.562059999999995,87.29876 ,44.11066360473633,84.80882794174066 ,50920.0,10:01:03 AM,1572669063149
-3.746 ,2.903 ,6.138,23.562059999999995,87.29876 ,44.11066360473633,84.80882794174066 ,50920.0,10:01:03 AM,1572669063150
-2.221 ,0.244 ,10.695,23.562059999999995,87.29876 ,44.11066360473633,84.80882794174066 ,50920.0,10:01:03 AM,1572669063154
-2.354 ,2.626 ,9.278,23.562059999999995,87.29876 ,44.11066360473633,84.80882794174066 ,50920.0,10:01:03 AM,1572669063154
-0.725 ,4.872 ,16.512,23.562059999999995,87.29876 ,44.11066360473633,84.80882794174066 ,50920.0,10:01:03 AM,1572669063158
0.516 ,6.731 ,13.937,23.562059999999995,87.29876 ,44.11066360473633,84.80882794174066 ,50920.0,10:01:03 AM,1572669063159
0.674 ,3.629 ,10.897,23.562059999999995,87.29876 ,44.11066360473633,84.80882794174066 ,50920.0,10:01:03 AM,1572669063163
2.617 ,2.047 ,13.016,23.562059999999995,87.29876 ,44.11066360473633,84.80882794174066 ,50920.0,10:01:03 AM,1572669063163
-1.004 ,2.942 ,8.541,23.562059999999995,87.29876 ,44.11066360473633,84.80882794174066 ,50920.0,10:01:03 AM,1572669063169
-0.465 ,3.908 ,11.862,23.562059999999995,87.29876 ,44.11066360473633,84.80882794174066 ,50920.0,10:01:03 AM,1572669063169
-1.781 ,3.641 ,5.787,23.562059999999995,87.29876 ,44.11066360473633,84.80882794174066 ,50920.0,10:01:03 AM,1572669063174
-2.59 ,0.948 ,6.224,23.562059999999995,87.29876 ,44.11066360473633,84.80882794174066 ,50920.0,10:01:03 AM,1572669063175
-2.215 ,4.473 ,9.9,23.562059999999995,87.29876 ,44.11066360473633,84.80882794174066 ,50920.0,10:01:03 AM,1572669063178
-3.623 ,7.905 ,9.151,23.562059999999995,87.29876 ,44.11066360473633,84.80882794174066 ,50920.0,10:01:03 AM,1572669063178
-2.1 ,8.269 ,10.313,23.562059999999995,87.29876 ,44.11066360473633,84.80882794174066 ,50920.0,10:01:03 AM,1572669063182
-2.705 ,4.975 ,0.668,23.562059999999995,87.29876 ,44.11066360473633,84.80882794174066 ,50920.0,10:01:03 AM,1572669063183
-0.816 ,1.826 ,1.445,23.562059999999995,87.29876 ,44.11066360473633,84.80882794174066 ,50920.0,10:01:03 AM,1572669063187
-0.185 ,4.963 ,2.515,23.562059999999995,87.29876 ,44.11066360473633,84.80882794174066 ,50920.0,10:01:03 AM,1572669063188
-0.455 ,8.056 ,7.881,23.562059999999995,87.29876 ,44.11066360473633,84.80882794174066 ,50920.0,10:01:03 AM,1572669063194
0.58 ,8.219 ,10.349,23.562059999999995,87.29876 ,44.11066360473633,84.80882794174066 ,50920.0,10:01:03 AM,1572669063195
-1.079 ,5.001 ,4.381,23.562059999999995,87.29876 ,44.11066360473633,84.80882794174066 ,50920.0,10:01:03 AM,1572669063198
-0.146 ,1.113 ,5.862,23.562059999999995,87.29876 ,44.11066360473633,84.80882794174066 ,50920.0,10:01:03 AM,1572669063198
-1.374 ,2.145 ,5.613,23.562059999999995,87.29876 ,44.11066360473633,84.80882794174066 ,50920.0,10:01:03 AM,1572669063202
-2.04 ,2.894 ,10.885,23.562059999999995,87.29876 ,44.11066360473633,84.80882794174066 ,50920.0,10:01:03 AM,1572669063204
-1.758 ,4.552 ,13.384,23.562059999999995,87.29876 ,44.11066360473633,84.80882794174066 ,50920.0,10:01:03 AM,1572669063208
-1.597 ,2.962 ,10.988,23.562059999999995,87.29876 ,44.11066360473633,84.80882794174066 ,50920.0,10:01:03 AM,1572669063209
0.146 ,2.009 ,14.321,23.562059999999995,87.29876 ,44.11066360473633,84.80882794174066 ,50920.0,10:01:03 AM,1572669063213
-1.042 ,3.791 ,12.887,23.562059999999995,87.29876 ,44.11066360473633,84.80882794174066 ,50920.0,10:01:03 AM,1572669063214
-0.063 ,4.659 ,18.164,23.562059999999995,87.29876 ,44.11066360473633,84.80882794174066 ,50920.0,10:01:03 AM,1572669063218
0.267 ,4.441 ,11.72,23.562059999999995,87.29876 ,44.11066360473633,84.80882794174066 ,50920.0,10:01:03 AM,1572669063219
-0.211 ,0.592 ,5.557,23.562059999999995,87.29876 ,44.11066360473633,84.80882794174066 ,50920.0,10:01:03 AM,1572669063226
1.295 ,-1.395 ,6.715,23.562059999999995,87.29876 ,44.11066360473633,84.80882794174066 ,50920.0,10:01:03 AM,1572669063226
-1.141 ,0.221 ,2.214,23.562059999999995,87.29876 ,44.11066360473633,84.80882794174066 ,50920.0,10:01:03 AM,1572669063228
0.06 ,3.058 ,11.342,23.562059999999995,87.29876 ,44.11066360473633,84.80882794174066 ,50920.0,10:01:03 AM,1572669063229
-1.285 ,5.37 ,7.45,23.562059999999995,87.29876 ,44.11066360473633,84.80882794174066 ,50920.0,10:01:03 AM,1572669063233
-1.866 ,2.934 ,8.234,23.562059999999995,87.29876 ,44.11066360473633,84.80882794174066 ,50920.0,10:01:03 AM,1572669063234
-0.993 ,3.099 ,9.91,23.562059999999995,87.29876 ,44.11066360473633,84.80882794174066 ,50920.0,10:01:03 AM,1572669063237
-3.713 ,4.789 ,7.478,23.562059999999995,87.29876 ,44.11066360473633,84.80882794174066 ,50920.0,10:01:03 AM,1572669063237
-0.483 ,5.879 ,10.741,23.562059999999995,87.29876 ,44.11066360473633,84.80882794174066 ,50920.0,10:01:03 AM,1572669063243
-1.368 ,4.954 ,2.9,23.562059999999995,87.29876 ,44.11066360473633,84.80882794174066 ,50920.0,10:01:03 AM,1572669063243
0.755 ,2.609 ,8.395,23.562059999999995,87.29876 ,44.11066360473633,84.80882794174066 ,50920.0,10:01:03 AM,1572669063247
1.363 ,5.171 ,9.905,23.562059999999995,87.29876 ,44.11066360473633,84.80882794174066 ,50920.0,10:01:03 AM,1572669063247
0.503 ,6.548 ,7.26,23.562059999999995,87.29876 ,44.11066360473633,84.80882794174066 ,50920.0,10:01:03 AM,1572669063254
2.378 ,4.491 ,9.925,23.562059999999995,87.29876 ,44.11066360473633,84.80882794174066 ,50920.0,10:01:03 AM,1572669063255
-0.03 ,1.262 ,0.681,23.562059999999995,87.29876 ,44.11066360473633,84.80882794174066 ,50920.0,10:01:03 AM,1572669063259
0.513 ,0.894 ,6.869,23.562059999999995,87.29876 ,44.11066360473633,84.80882794174066 ,50920.0,10:01:03 AM,1572669063259
-0.16 ,5.336 ,14.034,23.562059999999995,87.29876 ,44.11066360473633,85.67584767206328 ,50920.0,10:01:03 AM,1572669063265
-2.712 ,7.62 ,16.298,23.562059999999995,87.29876 ,44.11066360473633,85.67584767206328 ,50920.0,10:01:03 AM,1572669063266
-1.395 ,6.593 ,18.76,23.562059999999995,87.29876 ,44.11066360473633,85.67584767206328 ,50920.0,10:01:03 AM,1572669063267
-3.226 ,3.034 ,9.997,23.562059999999995,87.29876 ,44.11066360473633,85.67584767206328 ,50920.0,10:01:03 AM,1572669063268
-0.503 ,1.279 ,14.234,23.562059999999995,87.29876 ,44.11066360473633,85.67584767206328 ,50920.0,10:01:03 AM,1572669063276
-2.125 ,4.83 ,10.571,23.562059999999995,87.29876 ,44.11066360473633,85.67584767206328 ,50920.0,10:01:03 AM,1572669063276
-0.338 ,5.105 ,14.106,23.562059999999995,87.29876 ,44.11066360473633,85.67584767206328 ,50920.0,10:01:03 AM,1572669063279
-0.528 ,3.858 ,7.84,23.562059999999995,87.29876 ,44.11066360473633,85.67584767206328 ,50920.0,10:01:03 AM,1572669063280
-0.53 ,-0.003 ,1.72,23.562059999999995,87.29876 ,44.11066360473633,85.67584767206328 ,50920.0,10:01:03 AM,1572669063284
-0.412 ,0.532 ,4.647,23.562059999999995,87.29876 ,44.11066360473633,85.67584767206328 ,50920.0,10:01:03 AM,1572669063285
-1.94 ,5.215 ,8.723,23.562059999999995,87.29876 ,44.11066360473633,85.67584767206328 ,50920.0,10:01:03 AM,1572669063291
-3.276 ,7.891 ,12.679,23.562059999999995,87.29876 ,44.11066360473633,85.67584767206328 ,50920.0,10:01:03 AM,1572669063292
-2.965 ,7.96 ,10.357,23.562059999999995,87.29876 ,44.11066360473633,85.67584767206328 ,50920.0,10:01:03 AM,1572669063293
-4.077 ,4.716 ,5.21,23.562059999999995,87.29876 ,44.11066360473633,85.67584767206328 ,50920.0,10:01:03 AM,1572669063293
-1.624 ,4.765 ,8.167,23.562059999999995,87.29876 ,44.11066360473633,85.67584767206328 ,50920.0,10:01:03 AM,1572669063298
-2.037 ,7.109 ,4.426,23.562059999999995,87.29876 ,44.11066360473633,85.67584767206328 ,50920.0,10:01:03 AM,1572669063299
1.519 ,7.655 ,7.936,23.562059999999995,87.29876 ,44.11066360473633,85.67584767206328 ,50920.0,10:01:03 AM,1572669063303
2.297 ,6.569 ,1.488,23.562059999999995,87.29876 ,44.11066360473633,85.67584767206328 ,50920.0,10:01:03 AM,1572669063303
2.635 ,4.028 ,2.341,23.562059999999995,87.29876 ,44.11066360473633,85.67584767206328 ,50920.0,10:01:03 AM,1572669063307
2.916 ,4.919 ,6.009,23.562059999999995,87.29876 ,44.11066360473633,85.67584767206328 ,50920.0,10:01:03 AM,1572669063308
0.11 ,6.278 ,6.324,23.562059999999995,87.29876 ,44.11066360473633,85.67584767206328 ,50920.0,10:01:03 AM,1572669063314
-1.138 ,5.595 ,10.357,23.562059999999995,87.29876 ,44.11066360473633,85.67584767206328 ,50920.0,10:01:03 AM,1572669063315
-3.278 ,3.987 ,8.731,23.562059999999995,87.29876 ,44.11066360473633,85.67584767206328 ,50920.0,10:01:03 AM,1572669063319
-5.073 ,1.879 ,10.639,23.562059999999995,87.29876 ,44.11066360473633,85.67584767206328 ,50920.0,10:01:03 AM,1572669063319
