x,y,z,latitude,longitude,speed,sound,light,time,timestamp
-3.253 ,6.516 ,12.992,23.55278333333333,87.29727666666668 ,37.34165725708008,84.9220706929903 ,50920.0,09:59:22 AM,1572668962392
-3.634 ,1.729 ,6.138,23.55278333333333,87.29727666666668 ,37.34165725708008,84.9220706929903 ,50920.0,09:59:22 AM,1572668962393
-2.682 ,0.92 ,2.332,23.55278333333333,87.29727666666668 ,37.34165725708008,84.9220706929903 ,50920.0,09:59:22 AM,1572668962399
-3.063 ,1.993 ,4.265,23.55278333333333,87.29727666666668 ,37.34165725708008,84.9220706929903 ,50920.0,09:59:22 AM,1572668962400
-0.718 ,5.168 ,9.288,23.55278333333333,87.29727666666668 ,37.34165725708008,84.9220706929903 ,50920.0,09:59:22 AM,1572668962402
-0.501 ,5.663 ,8.261,23.55278333333333,87.29727666666668 ,37.34165725708008,84.9220706929903 ,50920.0,09:59:22 AM,1572668962402
0.521 ,3.037 ,6.656,23.55278333333333,87.29727666666668 ,37.34165725708008,84.9220706929903 ,50920.0,09:59:22 AM,1572668962406
0.889 ,3.744 ,5.954,23.55278333333333,87.29727666666668 ,37.34165725708008,84.9220706929903 ,50920.0,09:59:22 AM,1572668962407
-0.332 ,4.953 ,7.323,23.55278333333333,87.29727666666668 ,37.34165725708008,84.9220706929903 ,50920.0,09:59:22 AM,1572668962411
-0.194 ,5.932 ,8.405,23.55278333333333,87.29727666666668 ,37.34165725708008,84.9220706929903 ,50920.0,09:59:22 AM,1572668962412
-2.246 ,4.103 ,5.246,23.55278333333333,87.29727666666668 ,37.34165725708008,84.9220706929903 ,50920.0,09:59:22 AM,1572668962418
-2.17 ,1.903 ,3.19,23.55278333333333,87.29727666666668 ,37.34165725708008,84.9220706929903 ,50920.0,09:59:22 AM,1572668962419
-1.647 ,4.62 ,4.253,23.55278333333333,87.29727666666668 ,37.34165725708008,84.9220706929903 ,50920.0,09:59:22 AM,1572668962422
-1.632 ,7.064 ,7.501,23.55278333333333,87.29727666666668 ,37.34165725708008,84.9220706929903 ,50920.0,09:59:22 AM,1572668962422
0.166 ,9.105 ,10.781,23.55278333333333,87.29727666666668 ,37.34165725708008,84.9220706929903 ,50920.0,09:59:22 AM,1572668962427
-0.322 ,7.397 ,4.882,23.55278333333333,87.29727666666668 ,37.34165725708008,84.9220706929903 ,50920.0,09:59:22 AM,1572668962428
0.39 ,5.286 ,2.438,23.55278333333333,87.29727666666668 ,37.34165725708008,84.9220706929903 ,50920.0,09:59:22 AM,1572668962433
1.209 ,6.565 ,1.599,23.55278333333333,87.29727666666668 ,37.34165725708008,84.9220706929903 ,50920.0,09:59:22 AM,1572668962433
-0.09 ,7.57 ,4.098,23.55278333333333,87.29727666666668 ,37.34165725708008,84.9220706929903 ,50920.0,09:59:22 AM,1572668962436
0.801 ,8.569 ,8.8,23.55278333333333,87.29727666666668 ,37.34165725708008,84.9220706929903 ,50920.0,09:59:22 AM,1572668962437
-0.464 ,7.251 ,7.561,23.55278333333333,87.29727666666668 ,37.34165725708008,84.9220706929903 ,50920.0,09:59:22 AM,1572668962441
0.527 ,4.71 ,8.154,23.55278333333333,87.29727666666668 ,37.34165725708008,84.9220706929903 ,50920.0,09:59:22 AM,1572668962442
1.813 ,5.018 ,8.727,23.55278333333333,87.29727666666668 ,37.34165725708008,84.9220706929903 ,50920.0,09:59:22 AM,1572668962449
0.744 ,5.285 ,10.278,23.55278333333333,87.29727666666668 ,37.34165725708008,84.9220706929903 ,50920.0,09:59:22 AM,1572668962450
2.519 ,5.924 ,14.415,23.55278333333333,87.29727666666668 ,37.34165725708008,84.9220706929903 ,50920.0,09:59:22 AM,1572668962452
0.831 ,4.406 ,9.762,23.55278333333333,87.29727666666668 ,37.34165725708008,84.9220706929903 ,50920.0,09:59:22 AM,1572668962453
0.129 ,1.689 ,9.935,23.55278333333333,87.29727666666668 ,37.34165725708008,84.9220706929903 ,50920.0,09:59:22 AM,1572668962457
-0.491 ,2.473 ,10.744,23.55278333333333,87.29727666666668 ,37.34165725708008,84.9220706929903 ,50920.0,09:59:22 AM,1572668962458
-2.635 ,2.873 ,17.441,23.55278333333333,87.29727666666668 ,37.34165725708008,84.45745497930739 ,50920.0,09:59:22 AM,1572668962462
-3.556 ,4.505 ,19.961,23.55278333333333,87.29727666666668 ,37.34165725708008,84.45745497930739 ,50920.0,09:59:22 AM,1572668962464
-3.794 ,3.583 ,21.149,23.55278333333333,87.29727666666668 ,37.34165725708008,84.45745497930739 ,50920.0,09:59:22 AM,1572668962467
-3.428 ,0.787 ,17.261,23.55278333333333,87.29727666666668 ,37.34165725708008,84.45745497930739 ,50920.0,09:59:22 AM,1572668962468
-2.868 ,0.506 ,11.996,23.55278333333333,87.29727666666668 ,37.34165725708008,84.45745497930739 ,50920.0,09:59:22 AM,1572668962472
-2.513 ,0.412 ,8.946,23.55278333333333,87.29727666666668 ,37.34165725708008,84.45745497930739 ,50920.0,09:59:22 AM,1572668962472
-0.774 ,2.807 ,8.601,23.55278333333333,87.29727666666668 ,37.34165725708008,84.45745497930739 ,50920.0,09:59:22 AM,1572668962477
-1.515 ,2.99 ,4.202,23.55278333333333,87.29727666666668 ,37.34165725708008,84.45745497930739 ,50920.0,09:59:22 AM,1572668962478
-1.131 ,3.45 ,4.858,23.55278333333333,87.29727666666668 ,37.34165725708008,84.45745497930739 ,50920.0,09:59:22 AM,1572668962485
-1.217 ,5.604 ,7.345,23.55278333333333,87.29727666666668 ,37.34165725708008,84.45745497930739 ,50920.0,09:59:22 AM,1572668962486
-3.054 ,7.108 ,9.557,23.55278333333333,87.29727666666668 ,37.34165725708008,84.45745497930739 ,50920.0,09:59:22 AM,1572668962487
-2.552 ,7.88 ,10.805,23.55278333333333,87.29727666666668 ,37.34165725708008,84.45745497930739 ,50920.0,09:59:22 AM,1572668962488
-3.532 ,5.306 ,7.47,23.55278333333333,87.29727666666668 ,37.34165725708008,84.45745497930739 ,50920.0,09:59:22 AM,1572668962492
-1.973 ,3.164 ,6.77,23.55278333333333,87.29727666666668 ,37.34165725708008,84.45745497930739 ,50920.0,09:59:22 AM,1572668962493
-0.844 ,4.048 ,6.051,23.55278333333333,87.29727666666668 ,37.34165725708008,84.45745497930739 ,50920.0,09:59:22 AM,1572668962500
-0.937 ,5.458 ,8.55,23.55278333333333,87.29727666666668 ,37.34165725708008,84.45745497930739 ,50920.0,09:59:22 AM,1572668962500
1.084 ,7.647 ,12.627,23.55278333333333,87.29727666666668 ,37.34165725708008,84.45745497930739 ,50920.0,09:59:22 AM,1572668962502
-0.49 ,7.201 ,7.533,23.55278333333333,87.29727666666668 ,37.34165725708008,84.45745497930739 ,50920.0,09:59:22 AM,1572668962502
0.437 ,5.171 ,8.192,23.55278333333333,87.29727666666668 ,37.34165725708008,84.45745497930739 ,50920.0,09:59:22 AM,1572668962506
-1.03 ,6.677 ,5.45,23.55278333333333,87.29727666666668 ,37.34165725708008,84.45745497930739 ,50920.0,09:59:22 AM,1572668962507
-1.755 ,7.643 ,9.814,23.55278333333333,87.29727666666668 ,37.34165725708008,84.45745497930739 ,50920.0,09:59:22 AM,1572668962511
-1.33 ,10.122 ,10.96,23.55278333333333,87.29727666666668 ,37.34165725708008,84.45745497930739 ,50920.0,09:59:22 AM,1572668962512
-2.367 ,8.721 ,7.417,23.55278333333333,87.29727666666668 ,37.34165725708008,84.45745497930739 ,50920.0,09:59:22 AM,1572668962517
-1.237 ,5.371 ,1.457,23.55278333333333,87.29727666666668 ,37.34165725708008,84.45745497930739 ,50920.0,09:59:22 AM,1572668962518
0.118 ,5.205 ,-3.06,23.55278333333333,87.29727666666668 ,37.34165725708008,84.45745497930739 ,50920.0,09:59:22 AM,1572668962521
0.268 ,5.822 ,-1.72,23.55278333333333,87.29727666666668 ,37.34165725708008,84.45745497930739 ,50920.0,09:59:22 AM,1572668962522
1.892 ,9.815 ,2.475,23.55278333333333,87.29727666666668 ,37.34165725708008,84.45745497930739 ,50920.0,09:59:22 AM,1572668962527
0.774 ,10.419 ,3.021,23.55278333333333,87.29727666666668 ,37.34165725708008,84.45745497930739 ,50920.0,09:59:22 AM,1572668962528
0.764 ,9.482 ,3.142,23.55278333333333,87.29727666666668 ,37.34165725708008,84.45745497930739 ,50920.0,09:59:22 AM,1572668962533
0.485 ,8.742 ,3.402,23.55278333333333,87.29727666666668 ,37.34165725708008,84.45745497930739 ,50920.0,09:59:22 AM,1572668962534
-0.973 ,7.67 ,4.864,23.55278333333333,87.29727666666668 ,37.34165725708008,84.45745497930739 ,50920.0,09:59:22 AM,1572668962537
-0.476 ,8.221 ,7.553,23.55278333333333,87.29727666666668 ,37.34165725708008,84.45745497930739 ,50920.0,09:59:22 AM,1572668962537
-0.792 ,6.282 ,7.599,23.55278333333333,87.29727666666668 ,37.34165725708008,84.45745497930739 ,50920.0,09:59:22 AM,1572668962546
0.671 ,3.593 ,6.865,23.55278333333333,87.29727666666668 ,37.34165725708008,84.45745497930739 ,50920.0,09:59:22 AM,1572668962547
0.904 ,2.181 ,5.745,23.55278333333333,87.29727666666668 ,37.34165725708008,84.45745497930739 ,50920.0,09:59:22 AM,1572668962547
0.354 ,0.828 ,7.512,23.55278333333333,87.29727666666668 ,37.34165725708008,84.45745497930739 ,50920.0,09:59:22 AM,1572668962548
1.825 ,2.237 ,13.523,23.55278333333333,87.29727666666668 ,37.34165725708008,84.45745497930739 ,50920.0,09:59:22 AM,1572668962552
-1.073 ,1.654 ,12.023,23.55278333333333,87.29727666666668 ,37.34165725708008,84.45745497930739 ,50920.0,09:59:22 AM,1572668962552
-1.293 ,0.166 ,13.585,23.55278333333333,87.29727666666668 ,37.34165725708008,84.45745497930739 ,50920.0,09:59:22 AM,1572668962557
-3.46 ,1.119 ,13.871,23.55278333333333,87.29727666666668 ,37.34165725708008,84.45745497930739 ,50920.0,09:59:22 AM,1572668962558
-4.475 ,1.538 ,17.71,23.55278333333333,87.29727666666668 ,37.34165725708008,84.45745497930739 ,50920.0,09:59:22 AM,1572668962561
-4.698 ,2.619 ,15.894,23.55278333333333,87.29727666666668 ,37.34165725708008,84.45745497930739 ,50920.0,09:59:22 AM,1572668962561
-4.056 ,1.003 ,12.491,23.55278333333333,87.29727666666668 ,37.34165725708008,84.45745497930739 ,50920.0,09:59:22 AM,1572668962567
-1.19 ,-0.703 ,9.731,23.55278333333333,87.29727666666668 ,37.34165725708008,84.45745497930739 ,50920.0,09:59:22 AM,1572668962567
1.193 ,0.693 ,7.308,23.55278333333333,87.29727666666668 ,37.34165725708008,84.45745497930739 ,50920.0,09:59:22 AM,1572668962573
2.681 ,3.016 ,8.458,23.55278333333333,87.29727666666668 ,37.34165725708008,84.45745497930739 ,50920.0,09:59:22 AM,1572668962573
5.552 ,6.62 ,10.265,23.55278333333333,87.29727666666668 ,37.34165725708008,84.45745497930739 ,50920.0,09:59:22 AM,1572668962576
3.205 ,4.458 ,2.546,23.55278333333333,87.29727666666668 ,37.34165725708008,84.45745497930739 ,50920.0,09:59:22 AM,1572668962576
3.003 ,2.692 ,1.174,23.55278333333333,87.29727666666668 ,37.34165725708008,84.45745497930739 ,50920.0,09:59:22 AM,1572668962582
-0.167 ,3.695 ,2.311,23.55278333333333,87.29727666666668 ,37.34165725708008,84.45745497930739 ,50920.0,09:59:22 AM,1572668962583
-3.34 ,7.497 ,10.122,23.55278333333333,87.29727666666668 ,37.34165725708008,84.45745497930739 ,50920.0,09:59:22 AM,1572668962586
-5.121 ,10.282 ,13.1,23.55278333333333,87.29727666666668 ,37.34165725708008,84.45745497930739 ,50920.0,09:59:22 AM,1572668962587
-7.753 ,7.178 ,9.598,23.55278333333333,87.29727666666668 ,37.34165725708008,84.45745497930739 ,50920.0,09:59:22 AM,1572668962591
-6.313 ,4.126 ,8.0,23.55278333333333,87.29727666666668 ,37.34165725708008,84.45745497930739 ,50920.0,09:59:22 AM,1572668962591
-6.472 ,4.622 ,2.722,23.55278333333333,87.29727666666668 ,37.34165725708008,84.45745497930739 ,50920.0,09:59:22 AM,1572668962599
-4.214 ,6.508 ,5.953,23.55278333333333,87.29727666666668 ,37.34165725708008,84.45745497930739 ,50920.0,09:59:22 AM,1572668962600
-0.302 ,8.243 ,7.641,23.55278333333333,87.29727666666668 ,37.34165725708008,84.45745497930739 ,50920.0,09:59:22 AM,1572668962602
-0.54 ,5.652 ,3.173,23.55278333333333,87.29727666666668 ,37.34165725708008,84.45745497930739 ,50920.0,09:59:22 AM,1572668962602
3.925 ,6.448 ,9.087,23.55278333333333,87.29727666666668 ,37.34165725708008,84.45745497930739 ,50920.0,09:59:22 AM,1572668962606
3.183 ,10.017 ,11.908,23.55278333333333,87.29727666666668 ,37.34165725708008,84.45745497930739 ,50920.0,09:59:22 AM,1572668962607
3.426 ,11.329 ,17.337,23.55278333333333,87.29727666666668 ,37.34165725708008,84.45745497930739 ,50920.0,09:59:22 AM,1572668962611
2.249 ,9.687 ,11.753,23.55278333333333,87.29727666666668 ,37.34165725708008,84.45745497930739 ,50920.0,09:59:22 AM,1572668962611
0.275 ,3.184 ,5.126,23.55278333333333,87.29727666666668 ,37.34165725708008,84.45745497930739 ,50920.0,09:59:22 AM,1572668962617
-0.061 ,1.897 ,3.783,23.55278333333333,87.29727666666668 ,37.34165725708008,84.45745497930739 ,50920.0,09:59:22 AM,1572668962618
-2.02 ,4.346 ,7.861,23.55278333333333,87.29727666666668 ,37.34165725708008,84.45745497930739 ,50920.0,09:59:22 AM,1572668962621
-2.965 ,6.821 ,14.662,23.55278333333333,87.29727666666668 ,37.34165725708008,84.45745497930739 ,50920.0,09:59:22 AM,1572668962622
-3.361 ,7.435 ,16.355,23.55278333333333,87.29727666666668 ,37.34165725708008,84.45745497930739 ,50920.0,09:59:22 AM,1572668962626
-4.729 ,2.737 ,12.727,23.55278333333333,87.29727666666668 ,37.34165725708008,84.45745497930739 ,50920.0,09:59:22 AM,1572668962626
-4.582 ,1.357 ,9.003,23.55278333333333,87.29727666666668 ,37.34165725708008,84.45745497930739 ,50920.0,09:59:22 AM,1572668962634
-4.341 ,3.044 ,12.314,23.55278333333333,87.29727666666668 ,37.34165725708008,84.45745497930739 ,50920.0,09:59:22 AM,1572668962634
-4.103 ,5.843 ,14.23,23.55278333333333,87.29727666666668 ,37.34165725708008,84.45745497930739 ,50920.0,09:59:22 AM,1572668962639
-3.109 ,6.416 ,12.522,23.55278333333333,87.29727666666668 ,37.34165725708008,84.45745497930739 ,50920.0,09:59:22 AM,1572668962640
