x,y,z,latitude,longitude,speed,sound,light,time,timestamp
1.348 ,5.694 ,12.31,23.551841666666665,87.29659166666667 ,29.668383407592774,81.89383310122608 ,47266.0,09:59:09 AM,1572668949431
-0.82 ,2.615 ,4.241,23.551841666666665,87.29659166666667 ,29.668383407592774,81.89383310122608 ,47266.0,09:59:09 AM,1572668949431
-2.524 ,0.128 ,0.831,23.551841666666665,87.29659166666667 ,29.668383407592774,81.89383310122608 ,47266.0,09:59:09 AM,1572668949436
-2.686 ,2.382 ,3.426,23.551841666666665,87.29659166666667 ,29.668383407592774,81.89383310122608 ,47266.0,09:59:09 AM,1572668949436
-3.105 ,7.514 ,9.305,23.551841666666665,87.29659166666667 ,29.668383407592774,81.89383310122608 ,47266.0,09:59:09 AM,1572668949441
-3.034 ,10.342 ,12.338,23.551841666666665,87.29659166666667 ,29.668383407592774,81.89383310122608 ,47266.0,09:59:09 AM,1572668949442
-3.259 ,8.446 ,7.554,23.551841666666665,87.29659166666667 ,29.668383407592774,81.89383310122608 ,47266.0,09:59:09 AM,1572668949446
-1.863 ,4.484 ,0.143,23.551841666666665,87.29659166666667 ,29.668383407592774,81.89383310122608 ,47266.0,09:59:09 AM,1572668949446
-1.753 ,2.333 ,-4.462,23.551841666666665,87.29659166666667 ,29.668383407592774,81.89383310122608 ,47266.0,09:59:09 AM,1572668949452
-0.245 ,5.274 ,2.108,23.551841666666665,87.29659166666667 ,29.668383407592774,81.89383310122608 ,47266.0,09:59:09 AM,1572668949452
0.833 ,10.124 ,9.509,23.551841666666665,87.29659166666667 ,29.668383407592774,81.89383310122608 ,47266.0,09:59:09 AM,1572668949456
0.408 ,10.955 ,11.982,23.551841666666665,87.29659166666667 ,29.668383407592774,81.89383310122608 ,47266.0,09:59:09 AM,1572668949457
0.917 ,8.282 ,10.076,23.551841666666665,87.29659166666667 ,29.668383407592774,81.89383310122608 ,47266.0,09:59:09 AM,1572668949460
-0.385 ,3.852 ,4.007,23.551841666666665,87.29659166666667 ,29.668383407592774,81.89383310122608 ,47266.0,09:59:09 AM,1572668949461
0.039 ,3.463 ,5.719,23.551841666666665,87.29659166666667 ,29.668383407592774,81.89383310122608 ,47266.0,09:59:09 AM,1572668949466
-0.944 ,7.567 ,10.806,23.551841666666665,87.29659166666667 ,29.668383407592774,81.89383310122608 ,47266.0,09:59:09 AM,1572668949467
-1.625 ,10.777 ,17.642,23.551841666666665,87.29659166666667 ,29.668383407592774,81.89383310122608 ,47266.0,09:59:09 AM,1572668949471
-1.682 ,10.36 ,14.941,23.551841666666665,87.29659166666667 ,29.668383407592774,81.89383310122608 ,47266.0,09:59:09 AM,1572668949472
-1.108 ,6.59 ,8.199,23.551841666666665,87.29659166666667 ,29.668383407592774,81.89383310122608 ,47266.0,09:59:09 AM,1572668949476
-0.907 ,3.77 ,2.036,23.551841666666665,87.29659166666667 ,29.668383407592774,81.89383310122608 ,47266.0,09:59:09 AM,1572668949476
0.716 ,4.935 ,4.271,23.551841666666665,87.29659166666667 ,29.668383407592774,81.89383310122608 ,47266.0,09:59:09 AM,1572668949485
1.49 ,8.505 ,8.765,23.551841666666665,87.29659166666667 ,29.668383407592774,81.89383310122608 ,47266.0,09:59:09 AM,1572668949485
0.483 ,8.948 ,10.205,23.551841666666665,87.29659166666667 ,29.668383407592774,81.89383310122608 ,47266.0,09:59:09 AM,1572668949486
-0.312 ,5.989 ,7.52,23.551841666666665,87.29659166666667 ,29.668383407592774,81.89383310122608 ,47266.0,09:59:09 AM,1572668949486
-2.628 ,-0.114 ,0.936,23.551841666666665,87.29659166666667 ,29.668383407592774,81.89383310122608 ,47266.0,09:59:09 AM,1572668949490
-2.905 ,-1.512 ,3.454,23.551841666666665,87.29659166666667 ,29.668383407592774,81.89383310122608 ,47266.0,09:59:09 AM,1572668949491
-3.779 ,2.28 ,10.872,23.551841666666665,87.29659166666667 ,29.668383407592774,81.89383310122608 ,47266.0,09:59:09 AM,1572668949496
-4.008 ,6.912 ,21.393,23.551841666666665,87.29659166666667 ,29.668383407592774,81.89383310122608 ,47266.0,09:59:09 AM,1572668949496
-4.248 ,6.215 ,19.722,23.551841666666665,87.29659166666667 ,29.668383407592774,82.36612705198073 ,47266.0,09:59:09 AM,1572668949501
-4.08 ,0.445 ,10.277,23.551841666666665,87.29659166666667 ,29.668383407592774,82.36612705198073 ,47266.0,09:59:09 AM,1572668949501
-3.482 ,-4.961 ,1.858,23.551841666666665,87.29659166666667 ,29.668383407592774,82.36612705198073 ,47266.0,09:59:09 AM,1572668949505
-2.226 ,-4.864 ,4.248,23.551841666666665,87.29659166666667 ,29.668383407592774,82.36612705198073 ,47266.0,09:59:09 AM,1572668949506
-1.369 ,1.078 ,12.116,23.551841666666665,87.29659166666667 ,29.668383407592774,82.36612705198073 ,47266.0,09:59:09 AM,1572668949510
-0.57 ,5.492 ,19.723,23.551841666666665,87.29659166666667 ,29.668383407592774,82.36612705198073 ,47266.0,09:59:09 AM,1572668949510
0.376 ,5.64 ,18.788,23.551841666666665,87.29659166666667 ,29.668383407592774,82.36612705198073 ,47266.0,09:59:09 AM,1572668949517
0.768 ,0.398 ,9.352,23.551841666666665,87.29659166666667 ,29.668383407592774,82.36612705198073 ,47266.0,09:59:09 AM,1572668949517
2.774 ,-3.11 ,3.833,23.551841666666665,87.29659166666667 ,29.668383407592774,82.36612705198073 ,47266.0,09:59:09 AM,1572668949520
4.082 ,-0.39 ,3.906,23.551841666666665,87.29659166666667 ,29.668383407592774,82.36612705198073 ,47266.0,09:59:09 AM,1572668949521
4.159 ,3.464 ,8.741,23.551841666666665,87.29659166666667 ,29.668383407592774,82.36612705198073 ,47266.0,09:59:09 AM,1572668949525
3.578 ,5.962 ,11.471,23.551841666666665,87.29659166666667 ,29.668383407592774,82.36612705198073 ,47266.0,09:59:09 AM,1572668949525
1.564 ,4.834 ,8.873,23.551841666666665,87.29659166666667 ,29.668383407592774,82.36612705198073 ,47266.0,09:59:09 AM,1572668949533
-0.768 ,2.928 ,6.588,23.551841666666665,87.29659166666667 ,29.668383407592774,82.36612705198073 ,47266.0,09:59:09 AM,1572668949534
-4.232 ,3.228 ,5.286,23.551841666666665,87.29659166666667 ,29.668383407592774,82.36612705198073 ,47266.0,09:59:09 AM,1572668949535
-6.175 ,6.601 ,9.464,23.551841666666665,87.29659166666667 ,29.668383407592774,82.36612705198073 ,47266.0,09:59:09 AM,1572668949536
-6.793 ,7.843 ,8.75,23.551841666666665,87.29659166666667 ,29.668383407592774,82.36612705198073 ,47266.0,09:59:09 AM,1572668949540
-5.492 ,7.213 ,8.312,23.551841666666665,87.29659166666667 ,29.668383407592774,82.36612705198073 ,47266.0,09:59:09 AM,1572668949541
-3.37 ,4.938 ,4.977,23.551841666666665,87.29659166666667 ,29.668383407592774,82.36612705198073 ,47266.0,09:59:09 AM,1572668949545
-0.186 ,4.386 ,4.581,23.551841666666665,87.29659166666667 ,29.668383407592774,82.36612705198073 ,47266.0,09:59:09 AM,1572668949545
3.704 ,6.593 ,6.612,23.551841666666665,87.29659166666667 ,29.668383407592774,82.36612705198073 ,47266.0,09:59:09 AM,1572668949551
4.718 ,8.372 ,8.951,23.551841666666665,87.29659166666667 ,29.668383407592774,82.36612705198073 ,47266.0,09:59:09 AM,1572668949552
5.14 ,8.093 ,11.137,23.551841666666665,87.29659166666667 ,29.668383407592774,82.36612705198073 ,47266.0,09:59:09 AM,1572668949555
3.798 ,6.034 ,6.449,23.551841666666665,87.29659166666667 ,29.668383407592774,82.36612705198073 ,47266.0,09:59:09 AM,1572668949555
1.04 ,3.645 ,3.712,23.551841666666665,87.29659166666667 ,29.668383407592774,82.36612705198073 ,47266.0,09:59:09 AM,1572668949561
-1.235 ,4.656 ,7.336,23.551841666666665,87.29659166666667 ,29.668383407592774,82.36612705198073 ,47266.0,09:59:09 AM,1572668949561
-3.358 ,9.004 ,13.416,23.551841666666665,87.29659166666667 ,29.668383407592774,82.36612705198073 ,47266.0,09:59:09 AM,1572668949566
-4.236 ,11.123 ,16.832,23.551841666666665,87.29659166666667 ,29.668383407592774,82.36612705198073 ,47266.0,09:59:09 AM,1572668949567
-4.729 ,10.004 ,12.56,23.551841666666665,87.29659166666667 ,29.668383407592774,82.36612705198073 ,47266.0,09:59:09 AM,1572668949570
-4.257 ,5.333 ,4.8,23.551841666666665,87.29659166666667 ,29.668383407592774,82.36612705198073 ,47266.0,09:59:09 AM,1572668949571
-2.008 ,2.539 ,-0.061,23.551841666666665,87.29659166666667 ,29.668383407592774,82.36612705198073 ,47266.0,09:59:09 AM,1572668949576
0.713 ,4.557 ,2.824,23.551841666666665,87.29659166666667 ,29.668383407592774,82.36612705198073 ,47266.0,09:59:09 AM,1572668949577
1.925 ,9.015 ,11.138,23.551841666666665,87.29659166666667 ,29.668383407592774,82.36612705198073 ,47266.0,09:59:09 AM,1572668949583
2.982 ,11.504 ,18.274,23.551841666666665,87.29659166666667 ,29.668383407592774,82.36612705198073 ,47266.0,09:59:09 AM,1572668949584
2.806 ,10.07 ,14.586,23.551841666666665,87.29659166666667 ,29.668383407592774,82.36612705198073 ,47266.0,09:59:09 AM,1572668949586
1.363 ,4.924 ,7.01,23.551841666666665,87.29659166666667 ,29.668383407592774,82.36612705198073 ,47266.0,09:59:09 AM,1572668949587
0.347 ,1.71 ,2.192,23.551841666666665,87.29659166666667 ,29.668383407592774,82.36612705198073 ,47266.0,09:59:09 AM,1572668949590
-0.688 ,2.926 ,3.582,23.551841666666665,87.29659166666667 ,29.668383407592774,82.36612705198073 ,47266.0,09:59:09 AM,1572668949591
-2.142 ,4.077 ,8.301,23.551841666666665,87.29659166666667 ,29.668383407592774,82.36612705198073 ,49423.0,09:59:09 AM,1572668949595
-2.905 ,5.157 ,12.199,23.551841666666665,87.29659166666667 ,29.668383407592774,82.36612705198073 ,49423.0,09:59:09 AM,1572668949596
-3.685 ,2.644 ,11.302,23.551841666666665,87.29659166666667 ,29.668383407592774,82.36612705198073 ,49423.0,09:59:09 AM,1572668949600
-2.95 ,-0.873 ,10.828,23.551841666666665,87.29659166666667 ,29.668383407592774,82.36612705198073 ,49423.0,09:59:09 AM,1572668949601
-2.255 ,-0.865 ,11.589,23.551841666666665,87.29659166666667 ,29.668383407592774,82.36612705198073 ,49423.0,09:59:09 AM,1572668949606
-1.799 ,1.976 ,19.184,23.551841666666665,87.29659166666667 ,29.668383407592774,82.36612705198073 ,49423.0,09:59:09 AM,1572668949606
-1.778 ,5.901 ,20.527,23.551841666666665,87.29659166666667 ,29.668383407592774,82.36612705198073 ,49423.0,09:59:09 AM,1572668949611
-1.975 ,5.157 ,14.63,23.551841666666665,87.29659166666667 ,29.668383407592774,82.36612705198073 ,49423.0,09:59:09 AM,1572668949611
-1.715 ,1.146 ,3.77,23.551841666666665,87.29659166666667 ,29.668383407592774,82.36612705198073 ,49423.0,09:59:09 AM,1572668949615
-1.811 ,-1.61 ,-4.32,23.551841666666665,87.29659166666667 ,29.668383407592774,82.36612705198073 ,49423.0,09:59:09 AM,1572668949616
-0.299 ,1.455 ,0.176,23.551841666666665,87.29659166666667 ,29.668383407592774,82.36612705198073 ,49423.0,09:59:09 AM,1572668949619
0.907 ,6.623 ,4.216,23.551841666666665,87.29659166666667 ,29.668383407592774,82.36612705198073 ,49423.0,09:59:09 AM,1572668949620
2.532 ,11.663 ,13.97,23.551841666666665,87.29659166666667 ,29.668383407592774,82.36612705198073 ,49423.0,09:59:09 AM,1572668949624
2.571 ,10.861 ,10.215,23.551841666666665,87.29659166666667 ,29.668383407592774,82.36612705198073 ,49423.0,09:59:09 AM,1572668949625
3.266 ,5.382 ,4.128,23.551841666666665,87.29659166666667 ,29.668383407592774,82.36612705198073 ,49423.0,09:59:09 AM,1572668949633
2.082 ,1.43 ,-3.607,23.551841666666665,87.29659166666667 ,29.668383407592774,82.36612705198073 ,49423.0,09:59:09 AM,1572668949633
0.937 ,1.37 ,-0.634,23.551841666666665,87.29659166666667 ,29.668383407592774,82.36612705198073 ,49423.0,09:59:09 AM,1572668949635
-2.282 ,4.507 ,4.52,23.551841666666665,87.29659166666667 ,29.668383407592774,82.36612705198073 ,49423.0,09:59:09 AM,1572668949636
-4.34 ,7.971 ,11.355,23.551841666666665,87.29659166666667 ,29.668383407592774,82.36612705198073 ,49423.0,09:59:09 AM,1572668949640
-6.254 ,8.255 ,12.421,23.551841666666665,87.29659166666667 ,29.668383407592774,82.36612705198073 ,49423.0,09:59:09 AM,1572668949640
-6.41 ,6.419 ,13.548,23.551841666666665,87.29659166666667 ,29.668383407592774,82.36612705198073 ,49423.0,09:59:09 AM,1572668949646
-5.141 ,6.627 ,14.817,23.551841666666665,87.29659166666667 ,29.668383407592774,82.36612705198073 ,49423.0,09:59:09 AM,1572668949647
-3.461 ,6.52 ,12.525,23.551841666666665,87.29659166666667 ,29.668383407592774,82.36612705198073 ,49423.0,09:59:09 AM,1572668949651
0.243 ,6.214 ,10.559,23.551841666666665,87.29659166666667 ,29.668383407592774,82.36612705198073 ,49423.0,09:59:09 AM,1572668949651
2.364 ,4.024 ,5.264,23.551841666666665,87.29659166666667 ,29.668383407592774,82.36612705198073 ,49423.0,09:59:09 AM,1572668949656
4.793 ,2.225 ,4.221,23.551841666666665,87.29659166666667 ,29.668383407592774,82.36612705198073 ,49423.0,09:59:09 AM,1572668949656
5.424 ,4.084 ,4.393,23.551841666666665,87.29659166666667 ,29.668383407592774,82.36612705198073 ,49423.0,09:59:09 AM,1572668949661
3.864 ,7.54 ,9.018,23.551841666666665,87.29659166666667 ,29.668383407592774,82.36612705198073 ,49423.0,09:59:09 AM,1572668949662
2.228 ,9.755 ,11.703,23.551841666666665,87.29659166666667 ,29.668383407592774,82.36612705198073 ,49423.0,09:59:09 AM,1572668949666
-0.2 ,9.215 ,8.576,23.551841666666665,87.29659166666667 ,29.668383407592774,82.36612705198073 ,49423.0,09:59:09 AM,1572668949667
-2.156 ,6.585 ,2.171,23.551841666666665,87.29659166666667 ,29.668383407592774,82.36612705198073 ,49423.0,09:59:09 AM,1572668949671
-2.844 ,4.886 ,-0.015,23.551841666666665,87.29659166666667 ,29.668383407592774,82.36612705198073 ,49423.0,09:59:09 AM,1572668949672
-1.576 ,6.732 ,2.859,23.551841666666665,87.29659166666667 ,29.668383407592774,82.36612705198073 ,49423.0,09:59:09 AM,1572668949676
-0.679 ,7.647 ,5.582,23.551841666666665,87.29659166666667 ,29.668383407592774,82.36612705198073 ,49423.0,09:59:09 AM,1572668949676
