x,y,z,latitude,longitude,speed,sound,light,time,timestamp
-0.13 ,5.899 ,7.845,23.571596666666665,87.30254333333332 ,37.430598449707034,86.69078103871448 ,50920.0,10:03:36 AM,1572669216324
-0.641 ,8.203 ,9.033,23.571596666666665,87.30254333333332 ,37.430598449707034,86.69078103871448 ,50920.0,10:03:36 AM,1572669216325
2.199 ,8.259 ,12.529,23.571596666666665,87.30254333333332 ,37.430598449707034,86.69078103871448 ,50920.0,10:03:36 AM,1572669216328
0.833 ,5.938 ,7.027,23.571596666666665,87.30254333333332 ,37.430598449707034,86.69078103871448 ,50920.0,10:03:36 AM,1572669216329
1.513 ,4.465 ,7.899,23.571596666666665,87.30254333333332 ,37.430598449707034,86.69078103871448 ,50920.0,10:03:36 AM,1572669216336
1.635 ,6.608 ,10.395,23.571596666666665,87.30254333333332 ,37.430598449707034,86.69078103871448 ,50920.0,10:03:36 AM,1572669216336
-0.198 ,8.159 ,7.855,23.571596666666665,87.30254333333332 ,37.430598449707034,86.69078103871448 ,50920.0,10:03:36 AM,1572669216339
1.13 ,7.112 ,9.232,23.571596666666665,87.30254333333332 ,37.430598449707034,86.69078103871448 ,50920.0,10:03:36 AM,1572669216339
-1.089 ,6.004 ,4.021,23.571596666666665,87.30254333333332 ,37.430598449707034,86.69078103871448 ,50920.0,10:03:36 AM,1572669216345
-0.744 ,5.827 ,6.938,23.571596666666665,87.30254333333332 ,37.430598449707034,86.69078103871448 ,50920.0,10:03:36 AM,1572669216345
-2.137 ,7.683 ,8.222,23.571596666666665,87.30254333333332 ,37.430598449707034,86.69078103871448 ,50920.0,10:03:36 AM,1572669216348
-4.366 ,6.932 ,5.363,23.571596666666665,87.30254333333332 ,37.430598449707034,86.69078103871448 ,50920.0,10:03:36 AM,1572669216349
-4.028 ,3.501 ,1.306,23.571596666666665,87.30254333333332 ,37.430598449707034,86.69078103871448 ,50920.0,10:03:36 AM,1572669216354
-3.148 ,1.404 ,-0.179,23.571596666666665,87.30254333333332 ,37.430598449707034,86.69078103871448 ,50920.0,10:03:36 AM,1572669216355
-2.892 ,3.567 ,2.544,23.571596666666665,87.30254333333332 ,37.430598449707034,86.69078103871448 ,50920.0,10:03:36 AM,1572669216359
-0.392 ,8.209 ,15.141,23.571596666666665,87.30254333333332 ,37.430598449707034,86.69078103871448 ,50920.0,10:03:36 AM,1572669216360
-1.558 ,10.515 ,11.375,23.571596666666665,87.30254333333332 ,37.430598449707034,86.69078103871448 ,50920.0,10:03:36 AM,1572669216363
1.708 ,4.285 ,8.51,23.571596666666665,87.30254333333332 ,37.430598449707034,86.69078103871448 ,50920.0,10:03:36 AM,1572669216364
1.384 ,-0.687 ,1.116,23.571596666666665,87.30254333333332 ,37.430598449707034,86.69078103871448 ,50920.0,10:03:36 AM,1572669216370
1.987 ,-0.955 ,4.198,23.571596666666665,87.30254333333332 ,37.430598449707034,86.69078103871448 ,50920.0,10:03:36 AM,1572669216371
1.648 ,5.262 ,18.092,23.571596666666665,87.30254333333332 ,37.430598449707034,86.69078103871448 ,50920.0,10:03:36 AM,1572669216374
-2.104 ,10.146 ,19.389,23.571596666666665,87.30254333333332 ,37.430598449707034,86.69078103871448 ,50920.0,10:03:36 AM,1572669216375
-2.373 ,7.288 ,16.427,23.571596666666665,87.30254333333332 ,37.430598449707034,86.69078103871448 ,50920.0,10:03:36 AM,1572669216378
-2.01 ,1.757 ,6.163,23.571596666666665,87.30254333333332 ,37.430598449707034,86.69078103871448 ,50920.0,10:03:36 AM,1572669216379
-2.566 ,-1.556 ,1.434,23.571596666666665,87.30254333333332 ,37.430598449707034,86.79801861924986 ,50920.0,10:03:36 AM,1572669216387
-0.503 ,3.081 ,10.229,23.571596666666665,87.30254333333332 ,37.430598449707034,86.79801861924986 ,50920.0,10:03:36 AM,1572669216387
-2.44 ,9.574 ,10.556,23.571596666666665,87.30254333333332 ,37.430598449707034,86.79801861924986 ,50920.0,10:03:36 AM,1572669216389
2.054 ,7.814 ,14.102,23.571596666666665,87.30254333333332 ,37.430598449707034,86.79801861924986 ,50920.0,10:03:36 AM,1572669216390
0.432 ,1.552 ,2.771,23.571596666666665,87.30254333333332 ,37.430598449707034,86.79801861924986 ,50920.0,10:03:36 AM,1572669216394
0.662 ,-1.52 ,3.705,23.571596666666665,87.30254333333332 ,37.430598449707034,86.79801861924986 ,50920.0,10:03:36 AM,1572669216394
0.549 ,3.498 ,11.296,23.571596666666665,87.30254333333332 ,37.430598449707034,86.79801861924986 ,50920.0,10:03:36 AM,1572669216400
-2.622 ,9.244 ,13.917,23.571596666666665,87.30254333333332 ,37.430598449707034,86.79801861924986 ,50920.0,10:03:36 AM,1572669216401
-2.043 ,7.563 ,13.708,23.571596666666665,87.30254333333332 ,37.430598449707034,86.79801861924986 ,50920.0,10:03:36 AM,1572669216405
-2.402 ,2.791 ,6.971,23.571596666666665,87.30254333333332 ,37.430598449707034,86.79801861924986 ,50920.0,10:03:36 AM,1572669216406
-1.661 ,1.448 ,6.542,23.571596666666665,87.30254333333332 ,37.430598449707034,86.79801861924986 ,50920.0,10:03:36 AM,1572669216408
0.148 ,5.85 ,11.453,23.571596666666665,87.30254333333332 ,37.430598449707034,86.79801861924986 ,50920.0,10:03:36 AM,1572669216409
0.152 ,9.845 ,12.891,23.571596666666665,87.30254333333332 ,37.430598449707034,86.79801861924986 ,50920.0,10:03:36 AM,1572669216414
2.288 ,7.474 ,12.306,23.571596666666665,87.30254333333332 ,37.430598449707034,86.79801861924986 ,50920.0,10:03:36 AM,1572669216415
2.107 ,3.017 ,8.173,23.571596666666665,87.30254333333332 ,37.430598449707034,86.79801861924986 ,50920.0,10:03:36 AM,1572669216418
0.844 ,2.557 ,4.84,23.571596666666665,87.30254333333332 ,37.430598449707034,86.79801861924986 ,50920.0,10:03:36 AM,1572669216419
1.221 ,4.972 ,11.351,23.571596666666665,87.30254333333332 ,37.430598449707034,86.79801861924986 ,50920.0,10:03:36 AM,1572669216423
-2.143 ,6.924 ,12.555,23.571596666666665,87.30254333333332 ,37.430598449707034,86.79801861924986 ,50920.0,10:03:36 AM,1572669216423
-3.475 ,5.798 ,9.334,23.571596666666665,87.30254333333332 ,37.430598449707034,86.79801861924986 ,50920.0,10:03:36 AM,1572669216428
-2.025 ,4.426 ,9.145,23.571596666666665,87.30254333333332 ,37.430598449707034,86.79801861924986 ,50920.0,10:03:36 AM,1572669216428
-4.09 ,4.796 ,4.045,23.571596666666665,87.30254333333332 ,37.430598449707034,86.79801861924986 ,50920.0,10:03:36 AM,1572669216436
-1.748 ,6.955 ,9.53,23.571596666666665,87.30254333333332 ,37.430598449707034,86.79801861924986 ,50920.0,10:03:36 AM,1572669216437
-1.241 ,9.823 ,8.74,23.571596666666665,87.30254333333332 ,37.430598449707034,86.79801861924986 ,50920.0,10:03:36 AM,1572669216438
-1.249 ,8.668 ,4.495,23.571596666666665,87.30254333333332 ,37.430598449707034,86.79801861924986 ,50920.0,10:03:36 AM,1572669216439
0.878 ,6.438 ,1.289,23.571596666666665,87.30254333333332 ,37.430598449707034,86.79801861924986 ,50920.0,10:03:36 AM,1572669216444
-0.273 ,4.738 ,-4.11,23.571596666666665,87.30254333333332 ,37.430598449707034,86.79801861924986 ,50920.0,10:03:36 AM,1572669216444
1.761 ,5.897 ,2.502,23.571596666666665,87.30254333333332 ,37.430598449707034,86.79801861924986 ,50920.0,10:03:36 AM,1572669216448
-0.228 ,10.13 ,8.259,23.571596666666665,87.30254333333332 ,37.430598449707034,86.79801861924986 ,50920.0,10:03:36 AM,1572669216448
-1.03 ,11.654 ,12.786,23.571596666666665,87.30254333333332 ,37.430598449707034,86.79801861924986 ,50920.0,10:03:36 AM,1572669216454
0.358 ,8.758 ,10.428,23.571596666666665,87.30254333333332 ,37.430598449707034,86.79801861924986 ,50920.0,10:03:36 AM,1572669216455
-1.751 ,3.348 ,2.936,23.571596666666665,87.30254333333332 ,37.430598449707034,86.79801861924986 ,50920.0,10:03:36 AM,1572669216458
-1.492 ,2.258 ,5.276,23.571596666666665,87.30254333333332 ,37.430598449707034,86.79801861924986 ,50920.0,10:03:36 AM,1572669216459
-1.731 ,4.936 ,12.018,23.571596666666665,87.30254333333332 ,37.430598449707034,86.79801861924986 ,50920.0,10:03:36 AM,1572669216464
-3.351 ,6.766 ,12.733,23.571596666666665,87.30254333333332 ,37.430598449707034,86.79801861924986 ,50920.0,10:03:36 AM,1572669216464
-3.325 ,4.119 ,13.141,23.571596666666665,87.30254333333332 ,37.430598449707034,86.79801861924986 ,50920.0,10:03:36 AM,1572669216469
-3.068 ,0.579 ,8.411,23.571596666666665,87.30254333333332 ,37.430598449707034,86.79801861924986 ,50920.0,10:03:36 AM,1572669216470
-2.079 ,1.088 ,4.761,23.571596666666665,87.30254333333332 ,37.430598449707034,86.79801861924986 ,50920.0,10:03:36 AM,1572669216473
-0.072 ,3.86 ,13.737,23.571596666666665,87.30254333333332 ,37.430598449707034,86.79801861924986 ,50920.0,10:03:36 AM,1572669216473
-0.589 ,8.171 ,17.933,23.571596666666665,87.30254333333332 ,37.430598449707034,86.79801861924986 ,50920.0,10:03:36 AM,1572669216479
0.19 ,7.45 ,17.856,23.571596666666665,87.30254333333332 ,37.430598449707034,86.79801861924986 ,50920.0,10:03:36 AM,1572669216480
0.877 ,3.96 ,7.439,23.571596666666665,87.30254333333332 ,37.430598449707034,86.79801861924986 ,50920.0,10:03:36 AM,1572669216487
0.184 ,-0.222 ,1.373,23.571596666666665,87.30254333333332 ,37.430598449707034,86.79801861924986 ,50920.0,10:03:36 AM,1572669216488
1.4 ,0.984 ,1.819,23.571596666666665,87.30254333333332 ,37.430598449707034,86.79801861924986 ,50920.0,10:03:36 AM,1572669216488
-0.823 ,6.683 ,0.05,23.571596666666665,87.30254333333332 ,37.430598449707034,86.79801861924986 ,50920.0,10:03:36 AM,1572669216489
-0.284 ,8.646 ,5.47,23.571596666666665,87.30254333333332 ,37.430598449707034,86.79801861924986 ,50920.0,10:03:36 AM,1572669216494
-1.436 ,6.313 ,1.62,23.571596666666665,87.30254333333332 ,37.430598449707034,86.79801861924986 ,50920.0,10:03:36 AM,1572669216494
-2.051 ,3.184 ,-0.018,23.571596666666665,87.30254333333332 ,37.430598449707034,86.79801861924986 ,50920.0,10:03:36 AM,1572669216499
-1.202 ,3.86 ,5.587,23.571596666666665,87.30254333333332 ,37.430598449707034,86.79801861924986 ,50920.0,10:03:36 AM,1572669216499
-1.845 ,7.166 ,8.035,23.571596666666665,87.30254333333332 ,37.430598449707034,86.79801861924986 ,50920.0,10:03:36 AM,1572669216504
-1.482 ,6.963 ,6.71,23.571596666666665,87.30254333333332 ,37.430598449707034,86.79801861924986 ,50920.0,10:03:36 AM,1572669216505
-0.277 ,2.861 ,3.754,23.571596666666665,87.30254333333332 ,37.430598449707034,86.79801861924986 ,50920.0,10:03:36 AM,1572669216508
-0.951 ,0.803 ,3.352,23.571596666666665,87.30254333333332 ,37.430598449707034,86.79801861924986 ,50920.0,10:03:36 AM,1572669216509
-0.281 ,3.816 ,11.665,23.571596666666665,87.30254333333332 ,37.430598449707034,86.79801861924986 ,50920.0,10:03:36 AM,1572669216512
-0.805 ,7.363 ,18.488,23.571596666666665,87.30254333333332 ,37.430598449707034,86.79801861924986 ,50920.0,10:03:36 AM,1572669216513
-1.632 ,6.238 ,18.482,23.571596666666665,87.30254333333332 ,37.430598449707034,86.79801861924986 ,50920.0,10:03:36 AM,1572669216519
-0.745 ,1.835 ,15.838,23.571596666666665,87.30254333333332 ,37.430598449707034,86.79801861924986 ,50920.0,10:03:36 AM,1572669216520
-0.051 ,0.199 ,12.745,23.571596666666665,87.30254333333332 ,37.430598449707034,86.79801861924986 ,50920.0,10:03:36 AM,1572669216525
1.345 ,2.856 ,14.78,23.571596666666665,87.30254333333332 ,37.430598449707034,86.79801861924986 ,50920.0,10:03:36 AM,1572669216525
2.562 ,5.581 ,19.726,23.571596666666665,87.30254333333332 ,37.430598449707034,86.79801861924986 ,50920.0,10:03:36 AM,1572669216528
0.374 ,6.755 ,18.057,23.571596666666665,87.30254333333332 ,37.430598449707034,86.79801861924986 ,50920.0,10:03:36 AM,1572669216529
-0.726 ,4.862 ,12.233,23.571596666666665,87.30254333333332 ,37.430598449707034,86.79801861924986 ,50920.0,10:03:36 AM,1572669216536
-0.07 ,1.649 ,8.677,23.571596666666665,87.30254333333332 ,37.430598449707034,86.79801861924986 ,50920.0,10:03:36 AM,1572669216537
-2.389 ,1.042 ,1.457,23.571596666666665,87.30254333333332 ,37.430598449707034,86.79801861924986 ,50920.0,10:03:36 AM,1572669216537
-2.188 ,3.531 ,6.341,23.571596666666665,87.30254333333332 ,37.430598449707034,86.79801861924986 ,50920.0,10:03:36 AM,1572669216538
-2.605 ,7.977 ,10.58,23.571596666666665,87.30254333333332 ,37.430598449707034,86.79801861924986 ,50920.0,10:03:36 AM,1572669216543
-4.017 ,9.348 ,8.279,23.571596666666665,87.30254333333332 ,37.430598449707034,86.79801861924986 ,50920.0,10:03:36 AM,1572669216543
-2.678 ,4.982 ,4.764,23.571596666666665,87.30254333333332 ,37.430598449707034,86.79801861924986 ,50920.0,10:03:36 AM,1572669216547
-3.181 ,1.122 ,-1.259,23.571596666666665,87.30254333333332 ,37.430598449707034,86.79801861924986 ,50920.0,10:03:36 AM,1572669216548
-2.93 ,2.935 ,1.549,23.571596666666665,87.30254333333332 ,37.430598449707034,86.79801861924986 ,50920.0,10:03:36 AM,1572669216553
-2.584 ,8.103 ,9.612,23.571596666666665,87.30254333333332 ,37.430598449707034,86.79801861924986 ,50920.0,10:03:36 AM,1572669216554
-2.739 ,10.737 ,10.584,23.571596666666665,87.30254333333332 ,37.430598449707034,86.79801861924986 ,50920.0,10:03:36 AM,1572669216559
-2.283 ,7.468 ,7.478,23.571596666666665,87.30254333333332 ,37.430598449707034,86.79801861924986 ,50920.0,10:03:36 AM,1572669216560
-0.139 ,4.55 ,5.727,23.571596666666665,87.30254333333332 ,37.430598449707034,86.79801861924986 ,50920.0,10:03:36 AM,1572669216562
-0.508 ,4.923 ,2.448,23.571596666666665,87.30254333333332 ,37.430598449707034,86.79801861924986 ,50920.0,10:03:36 AM,1572669216563
3.149 ,8.925 ,11.634,23.571596666666665,87.30254333333332 ,37.430598449707034,86.79801861924986 ,50920.0,10:03:36 AM,1572669216570
3.322 ,10.46 ,11.144,23.571596666666665,87.30254333333332 ,37.430598449707034,86.79801861924986 ,50920.0,10:03:36 AM,1572669216571
