x,y,z,latitude,longitude,speed,sound,light,time,timestamp
-1.5013123 ,8.479218 ,-2.3403473,23.5489029,87.30068194 ,0.8280000150203705,78.9929333813829 ,1.0,21:08:00 PM,1574005080252
-1.0953674 ,9.832214 ,0.041641235,23.5489029,87.30068194 ,0.8280000150203705,78.9929333813829 ,1.0,21:08:00 PM,1574005080259
0.6816559 ,10.305756 ,-0.74334717,23.5489029,87.30068194 ,0.8280000150203705,78.9929333813829 ,1.0,21:08:00 PM,1574005080261
2.3759613 ,10.44429 ,-2.9729767,23.5489029,87.30068194 ,0.8280000150203705,78.9929333813829 ,1.0,21:08:00 PM,1574005080265
1.563736 ,10.159073 ,-1.8144684,23.5489029,87.30068194 ,0.8280000150203705,78.9929333813829 ,1.0,21:08:00 PM,1574005080270
-0.48240662 ,9.392258 ,-0.0037231445,23.5489029,87.30068194 ,0.8280000150203705,78.9929333813829 ,1.0,21:08:00 PM,1574005080276
-1.4875793 ,8.576187 ,-0.9649811,23.5489029,87.30068194 ,0.8280000150203705,78.9929333813829 ,1.0,21:08:00 PM,1574005080280
-2.0992737 ,8.528702 ,-0.7302551,23.5489029,87.30068194 ,0.8280000150203705,78.9929333813829 ,1.0,21:08:00 PM,1574005080285
-2.3141022 ,8.500549 ,-0.30534363,23.5489029,87.30068194 ,0.8280000150203705,78.9929333813829 ,1.0,21:08:00 PM,1574005080291
-0.4600067 ,8.845734 ,-0.6227875,23.5489029,87.30068194 ,0.8280000150203705,78.9929333813829 ,1.0,21:08:00 PM,1574005080295
2.3912506 ,9.339874 ,-2.2669373,23.5489029,87.30068194 ,0.8280000150203705,78.9929333813829 ,1.0,21:08:00 PM,1574005080303
1.3215027 ,9.858307 ,-1.7997894,23.5489029,87.30068194 ,0.8280000150203705,78.9929333813829 ,0.0,21:08:00 PM,1574005080309
-0.479599 ,9.3629 ,-3.5458221,23.5489029,87.30068194 ,0.8280000150203705,78.9929333813829 ,0.0,21:08:00 PM,1574005080314
-0.7335663 ,9.963364 ,-2.6714325,23.5489029,87.30068194 ,0.8280000150203705,78.9929333813829 ,0.0,21:08:00 PM,1574005080314
-0.46348572 ,10.562195 ,0.42971802,23.5489029,87.30068194 ,0.8280000150203705,78.9929333813829 ,0.0,21:08:00 PM,1574005080319
-1.3736267 ,8.853165 ,-2.1798859,23.5489029,87.30068194 ,0.8280000150203705,78.9929333813829 ,0.0,21:08:00 PM,1574005080331
-1.3695068 ,8.411102 ,-3.872467,23.5489029,87.30068194 ,0.8280000150203705,78.9929333813829 ,0.0,21:08:00 PM,1574005080335
0.1947174 ,9.763382 ,-1.8376007,23.5489029,87.30068194 ,0.8280000150203705,78.9929333813829 ,0.0,21:08:00 PM,1574005080337
1.0608826 ,10.595093 ,-0.05204773,23.5489029,87.30068194 ,0.8280000150203705,78.9929333813829 ,0.0,21:08:00 PM,1574005080343
0.16342163 ,10.195099 ,-2.2248383,23.5489029,87.30068194 ,0.8280000150203705,78.9929333813829 ,0.0,21:08:00 PM,1574005080347
-1.2932587 ,9.917084 ,-3.7769775,23.5489029,87.30068194 ,0.8280000150203705,78.9929333813829 ,0.0,21:08:00 PM,1574005080350
-0.9500427 ,9.876205 ,-1.0035095,23.5489029,87.30068194 ,0.8280000150203705,78.9929333813829 ,0.0,21:08:00 PM,1574005080359
0.04751587 ,9.347092 ,0.605484,23.5489029,87.30068194 ,0.8280000150203705,78.9929333813829 ,0.0,21:08:00 PM,1574005080362
0.29264832 ,8.471878 ,0.49700928,23.5489029,87.30068194 ,0.8280000150203705,78.9929333813829 ,0.0,21:08:00 PM,1574005080366
-0.978714 ,8.084808 ,-0.36247253,23.5489029,87.30068194 ,0.8280000150203705,78.9929333813829 ,0.0,21:08:00 PM,1574005080371
-1.8096619 ,8.378403 ,-1.756958,23.5489029,87.30068194 ,0.8280000150203705,78.9929333813829 ,0.0,21:08:00 PM,1574005080378
-1.2364807 ,9.0525055 ,-2.6179352,23.5489029,87.30068194 ,0.8280000150203705,78.9929333813829 ,0.0,21:08:00 PM,1574005080381
-0.6807251 ,9.830826 ,-2.9916687,23.5489029,87.30068194 ,0.8280000150203705,78.9929333813829 ,0.0,21:08:00 PM,1574005080386
-0.055130005 ,11.144485 ,-2.8506622,23.5489029,87.30068194 ,0.8280000150203705,78.9929333813829 ,0.0,21:08:00 PM,1574005080394
0.73410034 ,12.29599 ,-2.8401337,23.5489029,87.30068194 ,0.8280000150203705,78.9929333813829 ,0.0,21:08:00 PM,1574005080395
0.4557953 ,9.796524 ,-8.662048,23.5489029,87.30068194 ,0.8280000150203705,78.9929333813829 ,0.0,21:08:00 PM,1574005080398
-0.171875 ,10.02919 ,-3.1024475,23.5489029,87.30068194 ,0.8280000150203705,78.9929333813829 ,0.0,21:08:00 PM,1574005080405
-0.8487091 ,9.207504 ,0.64208984,23.5489029,87.30068194 ,0.8280000150203705,78.9929333813829 ,0.0,21:08:00 PM,1574005080411
-1.671402 ,7.3891144 ,-2.1729736,23.5489029,87.30068194 ,0.8280000150203705,78.9929333813829 ,0.0,21:08:00 PM,1574005080415
-2.300415 ,8.028046 ,-1.0653229,23.5489029,87.30068194 ,0.8280000150203705,78.9929333813829 ,0.0,21:08:00 PM,1574005080420
-1.7727814 ,9.755798 ,2.5930328,23.5489029,87.30068194 ,0.8280000150203705,78.9929333813829 ,0.0,21:08:00 PM,1574005080430
0.3763275 ,10.346756 ,-0.040649414,23.5489029,87.30068194 ,0.8280000150203705,78.9929333813829 ,0.0,21:08:00 PM,1574005080431
2.8783875 ,10.303696 ,-5.1052246,23.5489029,87.30068194 ,0.8280000150203705,78.9929333813829 ,0.0,21:08:00 PM,1574005080436
1.5835724 ,10.10379 ,-2.2781372,23.5489029,87.30068194 ,0.8280000150203705,78.9929333813829 ,0.0,21:08:00 PM,1574005080444
-0.27809143 ,9.6210785 ,0.17050171,23.5489029,87.30068194 ,0.8280000150203705,78.9929333813829 ,0.0,21:08:00 PM,1574005080448
-1.9152832 ,8.859741 ,-2.6365967,23.5489029,87.30068194 ,0.8280000150203705,78.9929333813829 ,0.0,21:08:00 PM,1574005080453
-3.6319885 ,8.977921 ,-3.031021,23.5489029,87.30068194 ,0.8280000150203705,78.9929333813829 ,0.0,21:08:00 PM,1574005080456
-3.4051971 ,8.97908 ,-2.1645966,23.5489029,87.30068194 ,0.8280000150203705,78.9929333813829 ,0.0,21:08:00 PM,1574005080463
-0.70858765 ,9.495239 ,-1.8891144,23.5489029,87.30068194 ,0.8280000150203705,78.9929333813829 ,0.0,21:08:00 PM,1574005080467
3.0630646 ,10.43718 ,-2.417633,23.5489029,87.30068194 ,0.8280000150203705,78.9929333813829 ,0.0,21:08:00 PM,1574005080475
2.2479706 ,10.170975 ,-3.174179,23.5489029,87.30068194 ,0.8280000150203705,78.9929333813829 ,0.0,21:08:00 PM,1574005080480
-1.182663 ,9.18959 ,-3.5530548,23.5489029,87.30068194 ,0.8280000150203705,78.9929333813829 ,0.0,21:08:00 PM,1574005080482
-1.4715271 ,9.596191 ,-1.6799622,23.5489029,87.30068194 ,0.8280000150203705,78.9929333813829 ,0.0,21:08:00 PM,1574005080487
-0.8835907 ,10.008972 ,0.4047699,23.5489029,87.30068194 ,0.8280000150203705,78.9929333813829 ,0.0,21:08:00 PM,1574005080494
-1.232666 ,8.858643 ,-1.350357,23.5489029,87.30068194 ,0.8280000150203705,78.9929333813829 ,0.0,21:08:00 PM,1574005080496
-1.0876312 ,8.6002655 ,-3.105774,23.5489029,87.30068194 ,0.8280000150203705,78.9929333813829 ,0.0,21:08:00 PM,1574005080503
0.024917603 ,9.572052 ,-3.3998108,23.5489029,87.30068194 ,0.8280000150203705,78.9929333813829 ,0.0,21:08:00 PM,1574005080504
-0.027526855 ,10.796097 ,-2.8126373,23.5489029,87.30068194 ,0.8280000150203705,78.9929333813829 ,0.0,21:08:00 PM,1574005080510
-1.3533173 ,10.221573 ,-3.580429,23.5489029,87.30068194 ,0.8280000150203705,78.9929333813829 ,0.0,21:08:00 PM,1574005080514
-1.8200378 ,9.829773 ,-2.727951,23.5489029,87.30068194 ,0.8280000150203705,78.9929333813829 ,0.0,21:08:00 PM,1574005080519
-0.6247864 ,9.201416 ,-0.7201996,23.5489029,87.30068194 ,0.8280000150203705,78.9929333813829 ,0.0,21:08:00 PM,1574005080527
0.6638794 ,8.165863 ,0.8504181,23.5489029,87.30068194 ,0.8280000150203705,78.9929333813829 ,0.0,21:08:00 PM,1574005080533
-0.26846313 ,7.8965607 ,0.31739807,23.5489029,87.30068194 ,0.8280000150203705,78.9929333813829 ,0.0,21:08:00 PM,1574005080535
-1.7679596 ,8.172882 ,-0.883255,23.5489029,87.30068194 ,0.8280000150203705,78.9929333813829 ,0.0,21:08:00 PM,1574005080538
-1.877182 ,8.932831 ,-2.2338257,23.5489029,87.30068194 ,0.8280000150203705,78.9929333813829 ,0.0,21:08:00 PM,1574005080544
-0.5747833 ,9.5846405 ,-2.8647308,23.5489029,87.30068194 ,0.8280000150203705,78.9929333813829 ,0.0,21:08:00 PM,1574005080548
0.21057129 ,10.176163 ,-2.7993317,23.5489029,87.30068194 ,0.8280000150203705,78.9929333813829 ,0.0,21:08:00 PM,1574005080552
0.23498535 ,11.624252 ,-1.0952606,23.5489029,87.30068194 ,0.8280000150203705,78.9929333813829 ,0.0,21:08:00 PM,1574005080563
-0.10952759 ,10.858398 ,-4.298706,23.5489029,87.30068194 ,0.8280000150203705,78.9929333813829 ,0.0,21:08:00 PM,1574005080567
-0.7671509 ,9.433945 ,-6.575058,23.5489029,87.30068194 ,0.8280000150203705,78.9929333813829 ,0.0,21:08:00 PM,1574005080573
-1.0186462 ,10.118103 ,0.81533813,23.5489029,87.30068194 ,0.8280000150203705,78.9929333813829 ,0.0,21:08:00 PM,1574005080580
-1.036499 ,8.285629 ,-0.40847778,23.5489029,87.30068194 ,0.8280000150203705,78.9929333813829 ,0.0,21:08:00 PM,1574005080582
-1.1627197 ,7.7939606 ,-2.1163635,23.5489029,87.30068194 ,0.8280000150203705,78.9929333813829 ,0.0,21:08:00 PM,1574005080585
-1.5747375 ,9.064728 ,0.5605774,23.5489029,87.30068194 ,0.8280000150203705,78.9929333813829 ,0.0,21:08:00 PM,1574005080591
-1.1542511 ,9.734955 ,1.0675964,23.5489029,87.30068194 ,0.8280000150203705,78.9929333813829 ,0.0,21:08:00 PM,1574005080597
1.102005 ,10.059143 ,-2.7689972,23.5489029,87.30068194 ,0.8280000150203705,78.9929333813829 ,0.0,21:08:00 PM,1574005080599
1.2845764 ,10.170502 ,-2.9795074,23.5489029,87.30068194 ,0.8280000150203705,78.9929333813829 ,0.0,21:08:00 PM,1574005080605
-0.6352539 ,9.703629 ,-1.155899,23.5489029,87.30068194 ,0.8280000150203705,78.9929333813829 ,0.0,21:08:00 PM,1574005080611
-2.09227 ,8.943314 ,-1.9643097,23.5489029,87.30068194 ,0.8280000150203705,78.9929333813829 ,0.0,21:08:00 PM,1574005080615
-2.734314 ,8.82814 ,-2.26297,23.5489029,87.30068194 ,0.8280000150203705,78.9929333813829 ,0.0,21:08:00 PM,1574005080619
-3.0968628 ,8.700531 ,-1.572937,23.5489029,87.30068194 ,0.8280000150203705,78.9929333813829 ,0.0,21:08:00 PM,1574005080624
-1.7015839 ,8.820328 ,-0.9838867,23.5489029,87.30068194 ,0.8280000150203705,78.9929333813829 ,0.0,21:08:00 PM,1574005080629
1.9394226 ,9.253128 ,-1.8140106,23.5489029,87.30068194 ,0.8280000150203705,78.9929333813829 ,0.0,21:08:00 PM,1574005080633
1.9562683 ,9.569031 ,-1.1240692,23.5489029,87.30068194 ,0.8280000150203705,78.9929333813829 ,0.0,21:08:00 PM,1574005080639
0.0907135 ,8.872971 ,-2.8404083,23.5489029,87.30068194 ,0.8280000150203705,71.09996691417149 ,0.0,21:08:00 PM,1574005080647
-1.3608093 ,9.562973 ,-2.4665375,23.5489029,87.30068194 ,0.8280000150203705,71.09996691417149 ,0.0,21:08:00 PM,1574005080649
-1.708786 ,10.358307 ,-1.0984344,23.5489029,87.30068194 ,0.8280000150203705,71.09996691417149 ,0.0,21:08:00 PM,1574005080654
-2.363266 ,9.302216 ,-2.5796509,23.5489029,87.30068194 ,0.8280000150203705,71.09996691417149 ,0.0,21:08:00 PM,1574005080657
-1.5766144 ,8.897919 ,-3.3625488,23.5489029,87.30068194 ,0.8280000150203705,71.09996691417149 ,0.0,21:08:00 PM,1574005080663
1.03656 ,10.390396 ,-1.0741882,23.5489029,87.30068194 ,0.8280000150203705,71.09996691417149 ,0.0,21:08:00 PM,1574005080667
2.221527 ,10.913284 ,-1.116272,23.5489029,87.30068194 ,0.8280000150203705,71.09996691417149 ,0.0,21:08:00 PM,1574005080671
0.24456787 ,9.934525 ,-3.9123077,23.5489029,87.30068194 ,0.8280000150203705,71.09996691417149 ,0.0,21:08:00 PM,1574005080679
-2.3671722 ,9.680893 ,-2.886612,23.5489029,87.30068194 ,0.8280000150203705,71.09996691417149 ,0.0,21:08:00 PM,1574005080686
-2.2675629 ,9.650803 ,0.658432,23.5489029,87.30068194 ,0.8280000150203705,71.09996691417149 ,0.0,21:08:00 PM,1574005080691
-0.3509369 ,8.362488 ,0.60617065,23.5489029,87.30068194 ,0.8280000150203705,71.09996691417149 ,0.0,21:08:00 PM,1574005080696
0.49205017 ,7.5480957 ,-0.08468628,23.5489029,87.30068194 ,0.8280000150203705,71.09996691417149 ,0.0,21:08:00 PM,1574005080700
-0.2205658 ,7.761963 ,-0.59069824,23.5489029,87.30068194 ,0.8280000150203705,71.09996691417149 ,0.0,21:08:00 PM,1574005080705
-0.91734314 ,9.105957 ,-1.3231201,23.5489029,87.30068194 ,0.8280000150203705,71.09996691417149 ,0.0,21:08:00 PM,1574005080709
-1.1344604 ,9.843399 ,-2.6583252,23.5489029,87.30068194 ,0.8280000150203705,71.09996691417149 ,0.0,21:08:00 PM,1574005080717
-1.1148987 ,10.190399 ,-2.5979767,23.5489029,87.30068194 ,0.8280000150203705,71.09996691417149 ,0.0,21:08:00 PM,1574005080720
-0.1308136 ,10.681137 ,-1.8670197,23.5489029,87.30068194 ,0.8280000150203705,71.09996691417149 ,0.0,21:08:00 PM,1574005080725
1.494461 ,9.945206 ,-4.5154724,23.5489029,87.30068194 ,0.8280000150203705,71.09996691417149 ,0.0,21:08:00 PM,1574005080730
1.4880524 ,9.979401 ,-2.081421,23.5489029,87.30068194 ,0.8280000150203705,71.09996691417149 ,0.0,21:08:00 PM,1574005080734
-0.7420654 ,9.324478 ,0.76400757,23.5489029,87.30068194 ,0.8280000150203705,71.09996691417149 ,0.0,21:08:00 PM,1574005080740
-2.58078 ,7.9560547 ,-1.9501648,23.5489029,87.30068194 ,0.8280000150203705,71.09996691417149 ,0.0,21:08:00 PM,1574005080748
