x,y,z,latitude,longitude,speed,sound,light,time,timestamp
4.0789795 ,-2.0616608 ,21.921326,23.54936625,87.29987717 ,29.195998764038087,83.7801478160258 ,0.0,21:07:44 PM,1574005064832
-3.553955 ,-1.0454559 ,11.913162,23.54936625,87.29987717 ,29.195998764038087,83.7801478160258 ,0.0,21:07:44 PM,1574005064836
-5.082306 ,7.3531494 ,7.7005157,23.54936625,87.29987717 ,29.195998764038087,83.7801478160258 ,0.0,21:07:44 PM,1574005064842
-4.106308 ,14.899506 ,5.478058,23.54936625,87.29987717 ,29.195998764038087,83.7801478160258 ,0.0,21:07:44 PM,1574005064847
-3.5762634 ,14.848694 ,-1.9113922,23.54936625,87.29987717 ,29.195998764038087,83.7801478160258 ,0.0,21:07:44 PM,1574005064852
-2.1077423 ,12.747864 ,2.5229797,23.54936625,87.29987717 ,29.195998764038087,83.7801478160258 ,0.0,21:07:44 PM,1574005064858
0.6357422 ,3.9642487 ,-5.3338776,23.54931275,87.29994899 ,31.60799903869629,83.7801478160258 ,0.0,21:07:44 PM,1574005064860
2.2891388 ,-0.32600403 ,-1.7563477,23.54931275,87.29994899 ,31.60799903869629,83.7801478160258 ,0.0,21:07:44 PM,1574005064864
2.4915314 ,-1.0219116 ,0.3294525,23.54931275,87.29994899 ,31.60799903869629,83.7801478160258 ,0.0,21:07:44 PM,1574005064869
1.8545837 ,3.2435455 ,-4.1757507,23.54931275,87.29994899 ,31.60799903869629,83.7801478160258 ,0.0,21:07:44 PM,1574005064876
0.025726318 ,14.418884 ,-2.6846466,23.54931275,87.29994899 ,31.60799903869629,83.7801478160258 ,0.0,21:07:44 PM,1574005064879
-3.439499 ,23.248459 ,-12.48819,23.54931275,87.29994899 ,31.60799903869629,83.7801478160258 ,0.0,21:07:44 PM,1574005064884
-4.7879486 ,27.512924 ,-25.260895,23.54931275,87.29994899 ,31.60799903869629,83.7801478160258 ,0.0,21:07:44 PM,1574005064891
-0.91363525 ,24.119202 ,-26.88028,23.54931275,87.29994899 ,31.60799903869629,83.7801478160258 ,0.0,21:07:44 PM,1574005064894
4.1517487 ,16.884995 ,-6.9775696,23.54931275,87.29994899 ,31.60799903869629,83.7801478160258 ,0.0,21:07:44 PM,1574005064899
4.025757 ,6.1432343 ,10.68428,23.54931275,87.29994899 ,31.60799903869629,83.7801478160258 ,0.0,21:07:44 PM,1574005064904
-1.0706787 ,-4.1735687 ,11.8510895,23.54931275,87.29994899 ,31.60799903869629,83.7801478160258 ,0.0,21:07:44 PM,1574005064910
-5.556488 ,-4.962433 ,14.156174,23.54931275,87.29994899 ,31.60799903869629,83.7801478160258 ,0.0,21:07:44 PM,1574005064914
-5.6391754 ,-3.1418304 ,5.1052704,23.54931275,87.29994899 ,31.60799903869629,83.7801478160258 ,0.0,21:07:44 PM,1574005064919
-3.4643097 ,2.4065094 ,-0.027816772,23.54931275,87.29994899 ,31.60799903869629,83.7801478160258 ,0.0,21:07:44 PM,1574005064925
-2.3090668 ,6.8606415 ,-2.755127,23.54931275,87.29994899 ,31.60799903869629,83.7801478160258 ,0.0,21:07:44 PM,1574005064931
-1.304306 ,9.526871 ,-11.865112,23.54931275,87.29994899 ,31.60799903869629,83.7801478160258 ,0.0,21:07:44 PM,1574005064932
2.8236084 ,15.841095 ,-9.187408,23.54931275,87.29994899 ,31.60799903869629,83.7801478160258 ,0.0,21:07:44 PM,1574005064937
6.272461 ,19.681595 ,-7.163727,23.54931275,87.29994899 ,31.60799903869629,83.7801478160258 ,0.0,21:07:44 PM,1574005064947
4.762085 ,19.972961 ,-4.5337067,23.54931275,87.29994899 ,31.60799903869629,83.7801478160258 ,0.0,21:07:44 PM,1574005064951
-0.7759094 ,18.832336 ,2.8901825,23.54931275,87.29994899 ,31.60799903869629,83.7801478160258 ,0.0,21:07:44 PM,1574005064963
-5.344986 ,12.0021515 ,-4.3889313,23.54931275,87.29994899 ,31.60799903869629,83.7801478160258 ,0.0,21:07:44 PM,1574005064966
-4.614044 ,7.586014 ,-0.53157043,23.54931275,87.29994899 ,31.60799903869629,83.7801478160258 ,0.0,21:07:44 PM,1574005064969
-1.5788116 ,0.977005 ,-3.9139862,23.54931275,87.29994899 ,31.60799903869629,83.7801478160258 ,0.0,21:07:44 PM,1574005064971
0.31518555 ,-1.5379791 ,-3.3969421,23.54931275,87.29994899 ,31.60799903869629,83.7801478160258 ,0.0,21:07:44 PM,1574005064978
-0.069244385 ,-0.73420715 ,-0.3962555,23.54931275,87.29994899 ,31.60799903869629,83.7801478160258 ,0.0,21:07:44 PM,1574005064981
-2.702652 ,0.11277771 ,-3.119339,23.54931275,87.29994899 ,31.60799903869629,83.7801478160258 ,0.0,21:07:44 PM,1574005064988
-3.6757965 ,5.868805 ,4.7677765,23.54931275,87.29994899 ,31.60799903869629,83.7801478160258 ,0.0,21:07:44 PM,1574005064995
-0.98461914 ,12.996735 ,6.5625305,23.54931275,87.29994899 ,31.60799903869629,83.7801478160258 ,0.0,21:07:44 PM,1574005064997
1.9249573 ,19.069473 ,2.1175537,23.54931275,87.29994899 ,31.60799903869629,83.7801478160258 ,0.0,21:07:45 PM,1574005065000
2.4805298 ,19.774948 ,-3.9728851,23.54931275,87.29994899 ,31.60799903869629,83.7801478160258 ,0.0,21:07:45 PM,1574005065005
2.757141 ,14.2827 ,-7.8047333,23.54931275,87.29994899 ,31.60799903869629,83.7801478160258 ,0.0,21:07:45 PM,1574005065010
3.992859 ,6.3459625 ,-8.398651,23.54931275,87.29994899 ,31.60799903869629,83.7801478160258 ,0.0,21:07:45 PM,1574005065015
4.057419 ,1.2015076 ,-3.4554138,23.54931275,87.29994899 ,31.60799903869629,83.7801478160258 ,0.0,21:07:45 PM,1574005065019
0.8344116 ,-0.9721222 ,-1.0582275,23.54931275,87.29994899 ,31.60799903869629,83.7801478160258 ,0.0,21:07:45 PM,1574005065026
-2.8837128 ,4.389084 ,1.7530212,23.54931275,87.29994899 ,31.60799903869629,83.7801478160258 ,0.0,21:07:45 PM,1574005065029
-5.027603 ,14.227798 ,-0.75038147,23.54931275,87.29994899 ,31.60799903869629,83.7801478160258 ,0.0,21:07:45 PM,1574005065034
-5.8737793 ,22.302475 ,-7.6920166,23.54931275,87.29994899 ,31.60799903869629,83.7801478160258 ,0.0,21:07:45 PM,1574005065039
-3.6215668 ,24.168518 ,-10.059601,23.54931275,87.29994899 ,31.60799903869629,83.7801478160258 ,0.0,21:07:45 PM,1574005065045
2.1788788 ,18.599182 ,-5.6792297,23.54931275,87.29994899 ,31.60799903869629,83.7801478160258 ,0.0,21:07:45 PM,1574005065050
6.735031 ,10.242157 ,6.072006,23.54931275,87.29994899 ,31.60799903869629,83.7801478160258 ,0.0,21:07:45 PM,1574005065053
4.893097 ,-2.801422 ,1.688797,23.54931275,87.29994899 ,31.60799903869629,83.7801478160258 ,0.0,21:07:45 PM,1574005065060
0.11495972 ,-10.158295 ,1.2074127,23.54931275,87.29994899 ,31.60799903869629,83.7801478160258 ,0.0,21:07:45 PM,1574005065063
-1.6559143 ,-7.104233 ,5.7131805,23.54931275,87.29994899 ,31.60799903869629,83.7801478160258 ,0.0,21:07:45 PM,1574005065069
-2.3846436 ,-1.1383209 ,-4.0729523,23.54931275,87.29994899 ,31.60799903869629,83.7801478160258 ,0.0,21:07:45 PM,1574005065078
-5.8086243 ,14.275589 ,6.3827057,23.54931275,87.29994899 ,31.60799903869629,83.7801478160258 ,0.0,21:07:45 PM,1574005065082
-8.69194 ,24.173874 ,-0.6490021,23.54931275,87.29994899 ,31.60799903869629,83.7801478160258 ,0.0,21:07:45 PM,1574005065087
-4.304764 ,29.123566 ,-10.80127,23.54931275,87.29994899 ,31.60799903869629,83.7801478160258 ,0.0,21:07:45 PM,1574005065094
6.1820984 ,27.858673 ,-7.0893707,23.54931275,87.29994899 ,31.60799903869629,83.7801478160258 ,0.0,21:07:45 PM,1574005065095
12.263657 ,20.64531 ,5.8213043,23.54931275,87.29994899 ,31.60799903869629,83.7801478160258 ,0.0,21:07:45 PM,1574005065100
8.053436 ,3.2246857 ,3.1913452,23.54931275,87.29994899 ,31.60799903869629,83.7801478160258 ,0.0,21:07:45 PM,1574005065105
0.51013184 ,-11.984589 ,-1.1478271,23.54931275,87.29994899 ,31.60799903869629,83.7801478160258 ,0.0,21:07:45 PM,1574005065111
-2.7296906 ,-15.534363 ,0.08081055,23.54931275,87.29994899 ,31.60799903869629,83.7801478160258 ,0.0,21:07:45 PM,1574005065115
-2.0878296 ,-12.039017 ,-10.640747,23.54931275,87.29994899 ,31.60799903869629,83.7801478160258 ,0.0,21:07:45 PM,1574005065120
-2.870346 ,5.2377167 ,-3.5306244,23.54931275,87.29994899 ,31.60799903869629,83.7801478160258 ,0.0,21:07:45 PM,1574005065128
-7.7733307 ,23.074707 ,3.4924011,23.54931275,87.29994899 ,31.60799903869629,83.7801478160258 ,0.0,21:07:45 PM,1574005065131
-9.378677 ,31.475311 ,-4.26709,23.54931275,87.29994899 ,31.60799903869629,83.7801478160258 ,0.0,21:07:45 PM,1574005065134
-1.0054169 ,30.849426 ,-11.60379,23.54931275,87.29994899 ,31.60799903869629,83.7801478160258 ,0.0,21:07:45 PM,1574005065139
10.487549 ,27.319382 ,-1.6339722,23.54931275,87.29994899 ,31.60799903869629,83.7801478160258 ,0.0,21:07:45 PM,1574005065144
13.246796 ,13.395447 ,2.2004242,23.54931275,87.29994899 ,31.60799903869629,83.7801478160258 ,0.0,21:07:45 PM,1574005065148
6.956314 ,-2.111496 ,11.024048,23.54931275,87.29994899 ,31.60799903869629,83.7801478160258 ,0.0,21:07:45 PM,1574005065154
0.7378998 ,-10.846085 ,21.866821,23.54931275,87.29994899 ,31.60799903869629,83.7801478160258 ,0.0,21:07:45 PM,1574005065162
-0.8827057 ,-15.198013 ,4.1143646,23.54931275,87.29994899 ,31.60799903869629,83.7801478160258 ,0.0,21:07:45 PM,1574005065164
-0.70729065 ,-7.5126495 ,-8.609665,23.54931275,87.29994899 ,31.60799903869629,83.7801478160258 ,0.0,21:07:45 PM,1574005065171
-5.910141 ,1.6746979 ,-22.884644,23.54931275,87.29994899 ,31.60799903869629,83.7801478160258 ,0.0,21:07:45 PM,1574005065173
-12.856659 ,17.3676 ,-12.522858,23.54931275,87.29994899 ,31.60799903869629,83.7801478160258 ,0.0,21:07:45 PM,1574005065181
-12.029312 ,18.810837 ,-22.941193,23.54931275,87.29994899 ,31.60799903869629,83.7801478160258 ,0.0,21:07:45 PM,1574005065183
-1.9163513 ,22.832916 ,-17.537354,23.54931275,87.29994899 ,31.60799903869629,83.7801478160258 ,0.0,21:07:45 PM,1574005065187
8.831528 ,18.753616 ,-9.598862,23.54931275,87.29994899 ,31.60799903869629,83.7801478160258 ,0.0,21:07:45 PM,1574005065197
13.31955 ,13.0095215 ,9.460419,23.54931275,87.29994899 ,31.60799903869629,83.7801478160258 ,0.0,21:07:45 PM,1574005065198
9.486496 ,0.7607269 ,6.179245,23.54931275,87.29994899 ,31.60799903869629,83.7801478160258 ,0.0,21:07:45 PM,1574005065201
4.010559 ,0.3441162 ,16.809036,23.54931275,87.29994899 ,31.60799903869629,83.7801478160258 ,0.0,21:07:45 PM,1574005065211
-0.102630615 ,-1.4334412 ,0.8590088,23.54931275,87.29994899 ,31.60799903869629,83.7801478160258 ,0.0,21:07:45 PM,1574005065216
-2.8290405 ,2.7374725 ,-3.9183502,23.54931275,87.29994899 ,31.60799903869629,83.7801478160258 ,0.0,21:07:45 PM,1574005065221
-4.4114685 ,8.104477 ,-2.7271423,23.54931275,87.29994899 ,31.60799903869629,83.7801478160258 ,0.0,21:07:45 PM,1574005065227
-6.128006 ,7.442108 ,-12.5590515,23.54931275,87.29994899 ,31.60799903869629,83.7801478160258 ,0.0,21:07:45 PM,1574005065231
-5.746277 ,9.482651 ,-9.87056,23.54931275,87.29994899 ,31.60799903869629,83.7801478160258 ,0.0,21:07:45 PM,1574005065236
-1.3863678 ,9.821671 ,-4.892929,23.54931275,87.29994899 ,31.60799903869629,83.7801478160258 ,0.0,21:07:45 PM,1574005065240
3.3814697 ,11.845718 ,4.087021,23.54931275,87.29994899 ,31.60799903869629,83.7801478160258 ,0.0,21:07:45 PM,1574005065246
4.289978 ,14.268219 ,10.702698,23.54931275,87.29994899 ,31.60799903869629,83.7801478160258 ,0.0,21:07:45 PM,1574005065250
0.9031067 ,14.551392 ,6.3760986,23.54931275,87.29994899 ,31.60799903869629,83.7801478160258 ,0.0,21:07:45 PM,1574005065256
-0.62176514 ,16.289078 ,2.216095,23.54931275,87.29994899 ,31.60799903869629,83.7801478160258 ,0.0,21:07:45 PM,1574005065264
3.6012268 ,18.138489 ,-1.6506195,23.54931275,87.29994899 ,31.60799903869629,83.7801478160258 ,0.0,21:07:45 PM,1574005065266
6.3253326 ,14.9543915 ,-7.766617,23.54931275,87.29994899 ,31.60799903869629,83.7801478160258 ,0.0,21:07:45 PM,1574005065269
2.1549683 ,8.482132 ,-7.126587,23.54931275,87.29994899 ,31.60799903869629,83.7801478160258 ,0.0,21:07:45 PM,1574005065274
-4.1088715 ,0.5710602 ,-7.1335144,23.54931275,87.29994899 ,31.60799903869629,83.7801478160258 ,0.0,21:07:45 PM,1574005065280
-6.11467 ,-0.99191284 ,-2.1628876,23.54931275,87.29994899 ,31.60799903869629,86.04184085927656 ,0.0,21:07:45 PM,1574005065283
-4.6365967 ,3.4610748 ,1.6906128,23.54931275,87.29994899 ,31.60799903869629,86.04184085927656 ,0.0,21:07:45 PM,1574005065287
-2.7616272 ,11.536819 ,5.3523254,23.54931275,87.29994899 ,31.60799903869629,86.04184085927656 ,0.0,21:07:45 PM,1574005065294
0.57029724 ,18.468918 ,5.4931335,23.54931275,87.29994899 ,31.60799903869629,86.04184085927656 ,0.0,21:07:45 PM,1574005065297
5.2776794 ,20.525085 ,-1.5024872,23.54931275,87.29994899 ,31.60799903869629,86.04184085927656 ,0.0,21:07:45 PM,1574005065302
8.413284 ,21.23735 ,1.0419159,23.54931275,87.29994899 ,31.60799903869629,86.04184085927656 ,0.0,21:07:45 PM,1574005065307
7.912491 ,18.10675 ,4.508316,23.54931275,87.29994899 ,31.60799903869629,86.04184085927656 ,0.0,21:07:45 PM,1574005065313
2.8925934 ,10.935516 ,1.8629456,23.54931275,87.29994899 ,31.60799903869629,86.04184085927656 ,0.0,21:07:45 PM,1574005065317
-3.083664 ,7.0325165 ,7.415863,23.54931275,87.29994899 ,31.60799903869629,86.04184085927656 ,0.0,21:07:45 PM,1574005065322
