x,y,z,latitude,longitude,speed,sound,light,time,timestamp
3.1384888 ,5.622406 ,0.43301392,23.55121377,87.29677931 ,0.0,73.50184554231858 ,0.0,21:06:46 PM,1574005006628
-4.246475 ,7.3204803 ,3.3296967,23.55121377,87.29677931 ,0.0,73.50184554231858 ,0.0,21:06:46 PM,1574005006635
-7.2366486 ,10.207001 ,-1.8582306,23.55121377,87.29677931 ,0.0,73.50184554231858 ,0.0,21:06:46 PM,1574005006641
-4.2657013 ,13.120407 ,-6.000061,23.55121377,87.29677931 ,0.0,73.50184554231858 ,0.0,21:06:46 PM,1574005006646
1.7416229 ,13.114685 ,-7.3404236,23.55121377,87.29677931 ,0.0,73.50184554231858 ,0.0,21:06:46 PM,1574005006649
7.3172607 ,9.0889435 ,-9.357605,23.55121377,87.29677931 ,0.0,73.50184554231858 ,0.0,21:06:46 PM,1574005006657
8.026794 ,8.375717 ,-4.197235,23.55121377,87.29677931 ,0.0,73.50184554231858 ,0.0,21:06:46 PM,1574005006659
1.58284 ,6.686661 ,1.1721649,23.55121377,87.29677931 ,0.0,73.50184554231858 ,0.0,21:06:46 PM,1574005006664
-5.867462 ,6.4285736 ,0.9531708,23.55121377,87.29677931 ,0.0,73.50184554231858 ,0.0,21:06:46 PM,1574005006668
-6.639023 ,10.79332 ,3.026535,23.55121377,87.29677931 ,0.0,73.50184554231858 ,0.0,21:06:46 PM,1574005006674
-1.5450287 ,11.199188 ,-6.626175,23.55121377,87.29677931 ,0.0,73.50184554231858 ,0.0,21:06:46 PM,1574005006678
4.749359 ,13.633682 ,-4.790863,23.55121377,87.29677931 ,0.0,73.50184554231858 ,0.0,21:06:46 PM,1574005006689
7.0463104 ,9.64592 ,-10.385788,23.55121377,87.29677931 ,0.0,73.50184554231858 ,0.0,21:06:46 PM,1574005006692
3.1072693 ,9.687698 ,-3.8877258,23.55121377,87.29677931 ,0.0,73.50184554231858 ,0.0,21:06:46 PM,1574005006697
-3.7633972 ,7.147888 ,1.4332123,23.55121377,87.29677931 ,0.0,73.50184554231858 ,0.0,21:06:46 PM,1574005006702
-7.033188 ,5.396393 ,-0.5670166,23.55121377,87.29677931 ,0.0,73.50184554231858 ,0.0,21:06:46 PM,1574005006707
-3.7298126 ,8.646271 ,4.1094666,23.55121377,87.29677931 ,0.0,73.50184554231858 ,0.0,21:06:46 PM,1574005006711
2.644333 ,7.8464203 ,-3.8006897,23.55121377,87.29677931 ,0.0,73.50184554231858 ,0.0,21:06:46 PM,1574005006716
7.1749573 ,10.279587 ,-3.971161,23.55121377,87.29677931 ,0.0,73.50184554231858 ,0.0,21:06:46 PM,1574005006723
5.3792725 ,10.442398 ,-6.9259644,23.55121377,87.29677931 ,0.0,73.50184554231858 ,0.0,21:06:46 PM,1574005006725
-1.3499451 ,11.310593 ,-1.7898712,23.55121377,87.29677931 ,0.0,73.50184554231858 ,0.0,21:06:46 PM,1574005006731
-5.9390106 ,9.257507 ,-2.576706,23.55121377,87.29677931 ,0.0,73.66393065824097 ,0.0,21:06:46 PM,1574005006735
-4.275833 ,8.575745 ,-2.9785461,23.55121377,87.29677931 ,0.0,73.66393065824097 ,0.0,21:06:46 PM,1574005006741
0.96810913 ,8.384033 ,-1.828476,23.55121377,87.29677931 ,0.0,73.66393065824097 ,0.0,21:06:46 PM,1574005006745
5.704361 ,6.8283997 ,-3.9493408,23.55121377,87.29677931 ,0.0,73.66393065824097 ,0.0,21:06:46 PM,1574005006749
7.491516 ,9.122665 ,-0.7053528,23.55121377,87.29677931 ,0.0,73.66393065824097 ,0.0,21:06:46 PM,1574005006758
4.3760223 ,12.076492 ,1.6166382,23.55121377,87.29677931 ,0.0,73.66393065824097 ,0.0,21:06:46 PM,1574005006760
-1.3449402 ,13.560471 ,-0.8672333,23.55121377,87.29677931 ,0.0,73.66393065824097 ,0.0,21:06:46 PM,1574005006765
-3.8587341 ,12.942963 ,-6.457947,23.55121377,87.29677931 ,0.0,73.66393065824097 ,0.0,21:06:46 PM,1574005006769
-0.90756226 ,10.989639 ,-5.706375,23.55121377,87.29677931 ,0.0,73.66393065824097 ,0.0,21:06:46 PM,1574005006775
3.4257202 ,7.1101227 ,-4.5518036,23.55121377,87.29677931 ,0.0,73.66393065824097 ,0.0,21:06:46 PM,1574005006778
4.380005 ,1.7984161 ,-6.477997,23.55121377,87.29677931 ,0.0,73.66393065824097 ,0.0,21:06:46 PM,1574005006783
0.41964722 ,4.7424774 ,0.5185852,23.55121377,87.29677931 ,0.0,73.66393065824097 ,0.0,21:06:46 PM,1574005006789
-5.082062 ,8.567551 ,0.35412598,23.55121377,87.29677931 ,0.0,73.66393065824097 ,0.0,21:06:46 PM,1574005006792
-8.153259 ,12.895279 ,-7.9435883,23.55121377,87.29677931 ,0.0,73.66393065824097 ,0.0,21:06:46 PM,1574005006797
-5.935852 ,17.75418 ,-6.5114594,23.55121377,87.29677931 ,0.0,73.66393065824097 ,0.0,21:06:46 PM,1574005006802
0.8141327 ,13.858688 ,-10.59523,23.55121377,87.29677931 ,0.0,73.66393065824097 ,0.0,21:06:46 PM,1574005006807
8.460129 ,11.050552 ,-4.2241974,23.55121377,87.29677931 ,0.0,73.66393065824097 ,0.0,21:06:46 PM,1574005006816
10.437622 ,5.399536 ,-2.7807312,23.55121377,87.29677931 ,0.0,73.66393065824097 ,0.0,21:06:46 PM,1574005006823
4.5089874 ,4.7510223 ,5.101532,23.55121377,87.29677931 ,0.0,73.66393065824097 ,0.0,21:06:46 PM,1574005006827
-3.061386 ,5.219879 ,5.722702,23.55121377,87.29677931 ,0.0,73.66393065824097 ,0.0,21:06:46 PM,1574005006833
-6.7324677 ,7.2430725 ,0.3603363,23.55121377,87.29677931 ,0.0,73.66393065824097 ,0.0,21:06:46 PM,1574005006836
-5.4647827 ,11.618225 ,0.6250458,23.55121021,87.29678376 ,2.7,73.66393065824097 ,0.0,21:06:46 PM,1574005006843
-0.9344177 ,10.931549 ,-8.22113,23.55121021,87.29678376 ,2.7,73.66393065824097 ,0.0,21:06:46 PM,1574005006844
3.4154358 ,12.581772 ,-4.3515015,23.55121021,87.29678376 ,2.7,73.66393065824097 ,0.0,21:06:46 PM,1574005006849
3.3825073 ,10.26329 ,-6.4956207,23.55121021,87.29678376 ,2.7,73.66393065824097 ,0.0,21:06:46 PM,1574005006856
-0.23190308 ,9.609634 ,-2.3737946,23.55121021,87.29678376 ,2.7,73.66393065824097 ,0.0,21:06:46 PM,1574005006859
-2.9935303 ,9.092209 ,-0.35118103,23.55121021,87.29678376 ,2.7,73.66393065824097 ,0.0,21:06:46 PM,1574005006864
-2.0708313 ,8.565369 ,-2.6148682,23.55121021,87.29678376 ,2.7,73.66393065824097 ,0.0,21:06:46 PM,1574005006868
1.7726593 ,9.571136 ,-1.9138947,23.55121021,87.29678376 ,2.7,73.66393065824097 ,0.0,21:06:46 PM,1574005006874
5.260498 ,9.777283 ,-4.2439575,23.55121021,87.29678376 ,2.7,73.66393065824097 ,0.0,21:06:46 PM,1574005006879
4.8190613 ,11.258026 ,-6.664612,23.55121021,87.29678376 ,2.7,73.66393065824097 ,0.0,21:06:46 PM,1574005006884
-0.3244171 ,12.475006 ,-5.468384,23.55121021,87.29678376 ,2.7,73.66393065824097 ,0.0,21:06:46 PM,1574005006890
-5.6679993 ,11.215454 ,-2.0885925,23.55121021,87.29678376 ,2.7,73.66393065824097 ,0.0,21:06:46 PM,1574005006893
-6.2518616 ,7.4200897 ,-2.136139,23.55121021,87.29678376 ,2.7,73.66393065824097 ,0.0,21:06:46 PM,1574005006898
-2.2032928 ,5.0204773 ,1.8469238,23.55121021,87.29678376 ,2.7,73.66393065824097 ,0.0,21:06:46 PM,1574005006903
2.624466 ,3.2163696 ,1.5286255,23.55121021,87.29678376 ,2.7,73.66393065824097 ,0.0,21:06:46 PM,1574005006908
6.060669 ,3.4437103 ,-3.562729,23.55121021,87.29678376 ,2.7,73.66393065824097 ,0.0,21:06:46 PM,1574005006913
4.9226227 ,10.479782 ,1.0726471,23.55121021,87.29678376 ,2.7,73.66393065824097 ,0.0,21:06:46 PM,1574005006919
-0.83714294 ,13.112244 ,-1.8391571,23.55121021,87.29678376 ,2.7,73.66393065824097 ,0.0,21:06:46 PM,1574005006926
-5.678421 ,12.775452 ,-7.331772,23.55121021,87.29678376 ,2.7,73.66393065824097 ,0.0,21:06:46 PM,1574005006932
-5.12883 ,13.366531 ,-4.0330963,23.55121021,87.29678376 ,2.7,73.66393065824097 ,0.0,21:06:46 PM,1574005006935
-0.35388184 ,8.406357 ,-4.0869904,23.55121021,87.29678376 ,2.7,73.66393065824097 ,0.0,21:06:46 PM,1574005006938
4.7424927 ,3.6439514 ,-6.982956,23.55121021,87.29678376 ,2.7,73.66393065824097 ,0.0,21:06:46 PM,1574005006944
5.932907 ,2.9789429 ,-4.5143127,23.55121021,87.29678376 ,2.7,73.66393065824097 ,0.0,21:06:46 PM,1574005006953
1.4822693 ,7.0917206 ,5.5272675,23.55121021,87.29678376 ,2.7,73.66393065824097 ,0.0,21:06:46 PM,1574005006957
-3.2279358 ,8.053116 ,4.2859955,23.55121021,87.29678376 ,2.7,73.66393065824097 ,0.0,21:06:46 PM,1574005006960
-2.9273376 ,8.987289 ,0.52848816,23.55121021,87.29678376 ,2.7,73.66393065824097 ,0.0,21:06:46 PM,1574005006964
1.2799072 ,10.450989 ,2.8499298,23.55121021,87.29678376 ,2.7,73.66393065824097 ,0.0,21:06:46 PM,1574005006970
4.8829346 ,6.5690002 ,-5.4398193,23.55121021,87.29678376 ,2.7,73.66393065824097 ,0.0,21:06:46 PM,1574005006975
4.1375427 ,4.849304 ,-6.8908386,23.55121021,87.29678376 ,2.7,73.66393065824097 ,0.0,21:06:46 PM,1574005006980
-2.329544 ,5.4579315 ,-3.7624054,23.55121021,87.29678376 ,2.7,73.66393065824097 ,0.0,21:06:46 PM,1574005006985
-9.859619 ,6.60083 ,-1.7474518,23.55121021,87.29678376 ,2.7,73.66393065824097 ,0.0,21:06:46 PM,1574005006991
-12.527176 ,10.108353 ,-4.816818,23.55121021,87.29678376 ,2.7,73.66393065824097 ,0.0,21:06:46 PM,1574005006994
-9.135345 ,13.607315 ,-10.120743,23.55121021,87.29678376 ,2.7,73.66393065824097 ,0.0,21:06:46 PM,1574005006999
-1.7357483 ,14.685074 ,-10.712875,23.55121021,87.29678376 ,2.7,73.66393065824097 ,0.0,21:06:47 PM,1574005007003
6.0917664 ,11.53064 ,-12.545319,23.55121021,87.29678376 ,2.7,73.66393065824097 ,0.0,21:06:47 PM,1574005007009
8.542282 ,9.37886 ,-6.5144653,23.55121021,87.29678376 ,2.7,73.66393065824097 ,0.0,21:06:47 PM,1574005007013
2.3130035 ,7.072891 ,3.0143127,23.55121021,87.29678376 ,2.7,73.66393065824097 ,0.0,21:06:47 PM,1574005007018
-6.9763184 ,4.287567 ,6.1819153,23.55121021,87.29678376 ,2.7,73.66393065824097 ,0.0,21:06:47 PM,1574005007026
-10.756134 ,4.688797 ,5.216202,23.55121021,87.29678376 ,2.7,73.66393065824097 ,0.0,21:06:47 PM,1574005007029
-7.8639984 ,5.974701 ,-0.08695984,23.55121021,87.29678376 ,2.7,73.66393065824097 ,0.0,21:06:47 PM,1574005007031
-1.5735168 ,8.178787 ,-5.188431,23.55121021,87.29678376 ,2.7,73.66393065824097 ,0.0,21:06:47 PM,1574005007037
4.196533 ,9.483795 ,-9.419479,23.55121021,87.29678376 ,2.7,73.66393065824097 ,0.0,21:06:47 PM,1574005007043
4.690094 ,13.05864 ,-6.7880096,23.55121021,87.29678376 ,2.7,73.66393065824097 ,0.0,21:06:47 PM,1574005007047
-1.1139221 ,14.745285 ,-3.1501923,23.55121021,87.29678376 ,2.7,73.66393065824097 ,0.0,21:06:47 PM,1574005007051
-7.6315155 ,13.474609 ,-4.8415375,23.55121021,87.29678376 ,2.7,73.66393065824097 ,0.0,21:06:47 PM,1574005007058
-7.797104 ,12.871017 ,-2.9786377,23.55121021,87.29678376 ,2.7,73.66393065824097 ,0.0,21:06:47 PM,1574005007061
-0.5827179 ,10.556931 ,0.1287384,23.55121021,87.29678376 ,2.7,73.66393065824097 ,0.0,21:06:47 PM,1574005007065
7.3040924 ,8.65358 ,-3.216919,23.55121021,87.29678376 ,2.7,73.66393065824097 ,0.0,21:06:47 PM,1574005007070
8.547226 ,9.303955 ,-7.8910217,23.55121021,87.29678376 ,2.7,73.66393065824097 ,0.0,21:06:47 PM,1574005007081
1.0422211 ,12.73671 ,-2.7247925,23.55121021,87.29678376 ,2.7,73.66393065824097 ,0.0,21:06:47 PM,1574005007086
-7.4964447 ,12.750549 ,-1.6816559,23.55121021,87.29678376 ,2.7,73.66393065824097 ,0.0,21:06:47 PM,1574005007093
-10.232361 ,11.795761 ,-2.7068634,23.55121021,87.29678376 ,2.7,73.66393065824097 ,0.0,21:06:47 PM,1574005007097
-5.9611206 ,12.20549 ,3.1946716,23.55121021,87.29678376 ,2.7,73.66393065824097 ,0.0,21:06:47 PM,1574005007101
2.2072449 ,9.136581 ,-1.4921875,23.55121021,87.29678376 ,2.7,73.66393065824097 ,0.0,21:06:47 PM,1574005007106
8.556686 ,8.717087 ,-1.9209442,23.55121021,87.29678376 ,2.7,73.66393065824097 ,0.0,21:06:47 PM,1574005007114
7.649353 ,9.841202 ,0.3015747,23.55121021,87.29678376 ,2.7,73.66393065824097 ,0.0,21:06:47 PM,1574005007117
0.70028687 ,10.085037 ,-0.085739136,23.55121021,87.29678376 ,2.7,73.66393065824097 ,0.0,21:06:47 PM,1574005007120
-5.8253937 ,11.273376 ,-2.8010406,23.55121021,87.29678376 ,2.7,73.66393065824097 ,0.0,21:06:47 PM,1574005007129
