x,y,z,latitude,longitude,speed,sound,light,time,timestamp
10.423218 ,23.602753 ,-8.902573,23.54961337,87.29947279 ,29.951998901367187,83.1178156194617 ,0.0,21:07:36 PM,1574005056871
21.377182 ,11.128357 ,-5.7732086,23.54961337,87.29947279 ,29.951998901367187,83.1178156194617 ,0.0,21:07:36 PM,1574005056875
21.157043 ,-0.7954254 ,0.24868774,23.54961337,87.29947279 ,29.951998901367187,83.1178156194617 ,0.0,21:07:36 PM,1574005056880
11.373718 ,-3.1664886 ,16.944565,23.54961337,87.29947279 ,29.951998901367187,83.1178156194617 ,0.0,21:07:36 PM,1574005056884
-1.0158997 ,-0.66096497 ,17.668121,23.54961337,87.29947279 ,29.951998901367187,83.1178156194617 ,0.0,21:07:36 PM,1574005056889
-9.296051 ,8.10939 ,6.7360077,23.54961337,87.29947279 ,29.951998901367187,83.1178156194617 ,0.0,21:07:36 PM,1574005056894
-14.596588 ,17.383759 ,-7.745407,23.54961337,87.29947279 ,29.951998901367187,83.1178156194617 ,0.0,21:07:36 PM,1574005056899
-17.167557 ,19.178802 ,-24.448898,23.54961337,87.29947279 ,29.951998901367187,83.1178156194617 ,0.0,21:07:36 PM,1574005056905
-9.12796 ,17.88942 ,-15.913391,23.54961337,87.29947279 ,29.951998901367187,83.1178156194617 ,0.0,21:07:36 PM,1574005056909
5.622635 ,9.820129 ,-9.4617,23.54961337,87.29947279 ,29.951998901367187,83.1178156194617 ,0.0,21:07:36 PM,1574005056917
11.91568 ,0.11817932 ,-2.1601715,23.54961337,87.29947279 ,29.951998901367187,83.1178156194617 ,0.0,21:07:36 PM,1574005056924
7.6072693 ,-0.97680664 ,16.06491,23.54961337,87.29947279 ,29.951998901367187,83.1178156194617 ,0.0,21:07:36 PM,1574005056929
-0.57450867 ,-2.7339783 ,-0.6506653,23.54961337,87.29947279 ,29.951998901367187,83.1178156194617 ,0.0,21:07:36 PM,1574005056935
-2.8317108 ,12.019348 ,8.871155,23.54961337,87.29947279 ,29.951998901367187,83.1178156194617 ,0.0,21:07:36 PM,1574005056938
-1.9914246 ,17.162704 ,-2.3494263,23.54961337,87.29947279 ,29.951998901367187,83.1178156194617 ,0.0,21:07:36 PM,1574005056943
-2.616928 ,18.906876 ,-9.720963,23.54961337,87.29947279 ,29.951998901367187,83.1178156194617 ,0.0,21:07:36 PM,1574005056949
-0.06285095 ,16.440521 ,-7.1693726,23.54961337,87.29947279 ,29.951998901367187,83.1178156194617 ,0.0,21:07:36 PM,1574005056953
5.5622253 ,11.344147 ,-2.9966736,23.54961337,87.29947279 ,29.951998901367187,83.1178156194617 ,0.0,21:07:36 PM,1574005056957
7.0903473 ,5.177307 ,2.9523163,23.54961337,87.29947279 ,29.951998901367187,83.1178156194617 ,0.0,21:07:36 PM,1574005056962
1.3549652 ,2.8939056 ,13.639313,23.54961337,87.29947279 ,29.951998901367187,83.1178156194617 ,0.0,21:07:36 PM,1574005056971
-6.394287 ,-0.19010925 ,8.877213,23.54961337,87.29947279 ,29.951998901367187,83.1178156194617 ,0.0,21:07:36 PM,1574005056975
-7.8031006 ,2.1427917 ,3.039566,23.54961337,87.29947279 ,29.951998901367187,83.1178156194617 ,0.0,21:07:36 PM,1574005056977
-3.1960907 ,5.7864227 ,-9.088425,23.54961337,87.29947279 ,29.951998901367187,83.1178156194617 ,0.0,21:07:36 PM,1574005056986
1.351471 ,8.99733 ,-21.957825,23.54961337,87.29947279 ,29.951998901367187,83.1178156194617 ,0.0,21:07:36 PM,1574005056987
3.4524994 ,11.924164 ,-25.456757,23.54961337,87.29947279 ,29.951998901367187,83.1178156194617 ,0.0,21:07:36 PM,1574005056990
3.409195 ,13.275238 ,-25.138336,23.54961337,87.29947279 ,29.951998901367187,83.1178156194617 ,0.0,21:07:36 PM,1574005056995
0.8692322 ,15.251663 ,-16.386337,23.54961337,87.29947279 ,29.951998901367187,83.1178156194617 ,0.0,21:07:37 PM,1574005057000
-3.9656525 ,15.464111 ,-8.227875,23.54961337,87.29947279 ,29.951998901367187,83.1178156194617 ,0.0,21:07:37 PM,1574005057006
-6.0668945 ,16.886612 ,4.4148865,23.54961337,87.29947279 ,29.951998901367187,83.1178156194617 ,0.0,21:07:37 PM,1574005057009
-1.8743134 ,15.28389 ,8.467682,23.54961337,87.29947279 ,29.951998901367187,83.1178156194617 ,0.0,21:07:37 PM,1574005057015
3.565628 ,10.4844055 ,6.5288086,23.54961337,87.29947279 ,29.951998901367187,83.1178156194617 ,0.0,21:07:37 PM,1574005057019
6.283249 ,5.14888 ,7.4617615,23.54961337,87.29947279 ,29.951998901367187,83.1178156194617 ,0.0,21:07:37 PM,1574005057024
7.3248596 ,-6.1123657 ,-8.221451,23.54961337,87.29947279 ,29.951998901367187,83.1178156194617 ,0.0,21:07:37 PM,1574005057029
6.822815 ,-4.852371 ,12.377945,23.54961337,87.29947279 ,29.951998901367187,83.1178156194617 ,0.0,21:07:37 PM,1574005057035
2.920395 ,-11.2044525 ,13.401596,23.54961337,87.29947279 ,29.951998901367187,83.1178156194617 ,0.0,21:07:37 PM,1574005057039
-4.695465 ,-9.252853 ,6.766983,23.54961337,87.29947279 ,29.951998901367187,83.1178156194617 ,0.0,21:07:37 PM,1574005057044
-10.648819 ,3.703064 ,18.06369,23.54961337,87.29947279 ,29.951998901367187,83.1178156194617 ,0.0,21:07:37 PM,1574005057054
-12.515274 ,16.030258 ,2.2254791,23.54961337,87.29947279 ,29.951998901367187,83.1178156194617 ,0.0,21:07:37 PM,1574005057058
-9.738388 ,26.708069 ,-12.395874,23.54961337,87.29947279 ,29.951998901367187,83.1178156194617 ,0.0,21:07:37 PM,1574005057063
-2.765686 ,30.244019 ,-14.840073,23.54961337,87.29947279 ,29.951998901367187,83.1178156194617 ,0.0,21:07:37 PM,1574005057069
5.8451843 ,26.041763 ,-8.507172,23.54961337,87.29947279 ,29.951998901367187,83.1178156194617 ,0.0,21:07:37 PM,1574005057072
11.425735 ,15.861893 ,-3.6903229,23.54961337,87.29947279 ,29.951998901367187,83.1178156194617 ,0.0,21:07:37 PM,1574005057077
11.176636 ,5.41687 ,-2.817276,23.54961337,87.29947279 ,29.951998901367187,83.1178156194617 ,0.0,21:07:37 PM,1574005057085
6.2050476 ,2.577591 ,1.0602112,23.54961337,87.29947279 ,29.951998901367187,83.1178156194617 ,0.0,21:07:37 PM,1574005057087
-0.93263245 ,5.8904877 ,1.7425842,23.54961337,87.29947279 ,29.951998901367187,83.1178156194617 ,0.0,21:07:37 PM,1574005057094
-9.230362 ,6.3088684 ,-12.871399,23.54961337,87.29947279 ,29.951998901367187,83.1178156194617 ,0.0,21:07:37 PM,1574005057096
-13.700165 ,8.28334 ,-17.529465,23.54961337,87.29947279 ,29.951998901367187,83.1178156194617 ,0.0,21:07:37 PM,1574005057102
-9.039581 ,12.433121 ,-12.718826,23.54961337,87.29947279 ,29.951998901367187,83.1178156194617 ,0.0,21:07:37 PM,1574005057106
1.3356476 ,15.542786 ,-9.696259,23.54961337,87.29947279 ,29.951998901367187,83.1178156194617 ,0.0,21:07:37 PM,1574005057111
8.663269 ,18.009476 ,0.026824951,23.54961337,87.29947279 ,29.951998901367187,83.1178156194617 ,0.0,21:07:37 PM,1574005057119
6.6253204 ,14.654327 ,7.2682495,23.54961337,87.29947279 ,29.951998901367187,83.1178156194617 ,0.0,21:07:37 PM,1574005057121
-0.6459503 ,9.180603 ,10.412842,23.54961337,87.29947279 ,29.951998901367187,83.1178156194617 ,0.0,21:07:37 PM,1574005057126
-3.0988617 ,5.3514557 ,12.002335,23.54961337,87.29947279 ,29.951998901367187,83.1178156194617 ,0.0,21:07:37 PM,1574005057130
0.5526428 ,3.1592255 ,12.23967,23.54961337,87.29947279 ,29.951998901367187,86.7702396374558 ,0.0,21:07:37 PM,1574005057139
4.5773315 ,5.302719 ,19.30014,23.54961337,87.29947279 ,29.951998901367187,86.7702396374558 ,0.0,21:07:37 PM,1574005057141
4.0955353 ,6.6874084 ,7.836685,23.54961337,87.29947279 ,29.951998901367187,86.7702396374558 ,0.0,21:07:37 PM,1574005057144
-1.8311768 ,8.1826935 ,-11.9435425,23.54961337,87.29947279 ,29.951998901367187,86.7702396374558 ,0.0,21:07:37 PM,1574005057151
-6.68721 ,7.6603394 ,-22.546951,23.54961337,87.29947279 ,29.951998901367187,86.7702396374558 ,0.0,21:07:37 PM,1574005057154
-5.318634 ,7.639496 ,-12.49704,23.54961337,87.29947279 ,29.951998901367187,86.7702396374558 ,0.0,21:07:37 PM,1574005057158
0.35427856 ,5.472229 ,-1.2896576,23.54961337,87.29947279 ,29.951998901367187,86.7702396374558 ,0.0,21:07:37 PM,1574005057163
2.7888336 ,5.870392 ,3.096161,23.54961337,87.29947279 ,29.951998901367187,86.7702396374558 ,0.0,21:07:37 PM,1574005057168
-1.066742 ,6.5200195 ,-9.433289,23.54961337,87.29947279 ,29.951998901367187,86.7702396374558 ,0.0,21:07:37 PM,1574005057173
-2.173233 ,13.732727 ,-8.69075,23.54961337,87.29947279 ,29.951998901367187,86.7702396374558 ,0.0,21:07:37 PM,1574005057177
2.2020874 ,18.443253 ,-10.4522705,23.54961337,87.29947279 ,29.951998901367187,86.7702396374558 ,0.0,21:07:37 PM,1574005057187
3.9811249 ,20.729889 ,-0.9498596,23.54961337,87.29947279 ,29.951998901367187,86.7702396374558 ,0.0,21:07:37 PM,1574005057191
-0.41081238 ,16.001205 ,9.273407,23.54961337,87.29947279 ,29.951998901367187,86.7702396374558 ,0.0,21:07:37 PM,1574005057196
-5.0257416 ,8.228043 ,8.630341,23.54961337,87.29947279 ,29.951998901367187,86.7702396374558 ,0.0,21:07:37 PM,1574005057202
-5.0329742 ,3.9213867 ,9.879181,23.54961337,87.29947279 ,29.951998901367187,86.7702396374558 ,0.0,21:07:37 PM,1574005057206
-2.2611542 ,-6.1462708 ,-6.139282,23.54961337,87.29947279 ,29.951998901367187,86.7702396374558 ,0.0,21:07:37 PM,1574005057210
1.9531403 ,-7.0982513 ,1.90802,23.54961337,87.29947279 ,29.951998901367187,86.7702396374558 ,0.0,21:07:37 PM,1574005057219
4.704788 ,-7.3183136 ,4.7054596,23.54961337,87.29947279 ,29.951998901367187,86.7702396374558 ,0.0,21:07:37 PM,1574005057220
2.6761475 ,-3.4788666 ,-7.09346,23.54961337,87.29947279 ,29.951998901367187,86.7702396374558 ,0.0,21:07:37 PM,1574005057225
-3.812271 ,12.311447 ,-0.8197479,23.54961337,87.29947279 ,29.951998901367187,86.7702396374558 ,0.0,21:07:37 PM,1574005057230
-10.954102 ,22.340149 ,-16.495895,23.54961337,87.29947279 ,29.951998901367187,86.7702396374558 ,0.0,21:07:37 PM,1574005057236
-10.673904 ,31.744476 ,-20.812119,23.54961337,87.29947279 ,29.951998901367187,86.7702396374558 ,0.0,21:07:37 PM,1574005057240
-1.3936005 ,33.02806 ,-9.941208,23.54961337,87.29947279 ,29.951998901367187,86.7702396374558 ,0.0,21:07:37 PM,1574005057244
8.236618 ,21.83368 ,-8.694519,23.54961337,87.29947279 ,29.951998901367187,86.7702396374558 ,0.0,21:07:37 PM,1574005057252
11.965363 ,10.263702 ,-2.6064606,23.54961337,87.29947279 ,29.951998901367187,86.7702396374558 ,0.0,21:07:37 PM,1574005057255
10.108185 ,-2.3035583 ,-6.2057037,23.54961337,87.29947279 ,29.951998901367187,86.7702396374558 ,0.0,21:07:37 PM,1574005057259
5.6198883 ,-3.2652435 ,6.9327087,23.54961337,87.29947279 ,29.951998901367187,86.7702396374558 ,0.0,21:07:37 PM,1574005057264
-0.31661987 ,2.5353851 ,20.63028,23.54961337,87.29947279 ,29.951998901367187,86.7702396374558 ,0.0,21:07:37 PM,1574005057269
-7.9866333 ,9.242401 ,17.171799,23.54961337,87.29947279 ,29.951998901367187,86.7702396374558 ,0.0,21:07:37 PM,1574005057273
-14.8280945 ,16.878555 ,6.007843,23.54961337,87.29947279 ,29.951998901367187,86.7702396374558 ,0.0,21:07:37 PM,1574005057278
-13.807785 ,21.713501 ,0.11187744,23.54961337,87.29947279 ,29.951998901367187,86.7702396374558 ,0.0,21:07:37 PM,1574005057286
-1.9472656 ,17.575409 ,-9.434158,23.54961337,87.29947279 ,29.951998901367187,86.7702396374558 ,0.0,21:07:37 PM,1574005057290
12.413254 ,9.953506 ,-5.018402,23.54961337,87.29947279 ,29.951998901367187,86.7702396374558 ,0.0,21:07:37 PM,1574005057292
16.564194 ,-1.554657 ,-1.7928009,23.54961337,87.29947279 ,29.951998901367187,86.7702396374558 ,0.0,21:07:37 PM,1574005057297
11.90831 ,-10.388901 ,4.0083923,23.54961337,87.29947279 ,29.951998901367187,86.7702396374558 ,0.0,21:07:37 PM,1574005057302
5.128006 ,-10.324692 ,7.212921,23.54961337,87.29947279 ,29.951998901367187,86.7702396374558 ,0.0,21:07:37 PM,1574005057306
-1.8108826 ,-6.9637756 ,-8.304321,23.54961337,87.29947279 ,29.951998901367187,86.7702396374558 ,0.0,21:07:37 PM,1574005057321
-9.101196 ,11.663101 ,-0.36875916,23.54961337,87.29947279 ,29.951998901367187,86.7702396374558 ,0.0,21:07:37 PM,1574005057324
-14.973618 ,20.28209 ,-21.772476,23.54961337,87.29947279 ,29.951998901367187,86.7702396374558 ,0.0,21:07:37 PM,1574005057328
-12.387466 ,27.591858 ,-32.434555,23.54961337,87.29947279 ,29.951998901367187,86.7702396374558 ,0.0,21:07:37 PM,1574005057332
0.37350464 ,26.465515 ,-23.679642,23.54961337,87.29947279 ,29.951998901367187,86.7702396374558 ,0.0,21:07:37 PM,1574005057337
12.253006 ,16.741074 ,-11.747864,23.54961337,87.29947279 ,29.951998901367187,86.7702396374558 ,0.0,21:07:37 PM,1574005057341
12.981857 ,8.643539 ,12.270004,23.54961337,87.29947279 ,29.951998901367187,86.7702396374558 ,0.0,21:07:37 PM,1574005057346
3.541504 ,-2.5813599 ,13.266144,23.54961337,87.29947279 ,29.951998901367187,86.7702396374558 ,0.0,21:07:37 PM,1574005057354
-5.371475 ,-6.493973 ,15.850403,23.54961337,87.29947279 ,29.951998901367187,86.7702396374558 ,0.0,21:07:37 PM,1574005057356
-6.6913605 ,-3.2908325 ,16.005081,23.54961337,87.29947279 ,29.951998901367187,86.7702396374558 ,0.0,21:07:37 PM,1574005057360
-3.6467438 ,3.2502136 ,4.7261047,23.54961337,87.29947279 ,29.951998901367187,86.7702396374558 ,0.0,21:07:37 PM,1574005057365
