x,y,z,latitude,longitude,speed,sound,light,time,timestamp
-3.7652435 ,7.689316 ,-6.112503,23.55055356,87.29779127 ,34.883998489379884,87.64480057796195 ,0.0,21:04:06 PM,1574004846409
-5.9025574 ,11.663559 ,-3.1363983,23.55055356,87.29779127 ,34.883998489379884,87.64480057796195 ,0.0,21:04:06 PM,1574004846413
-0.5115509 ,4.559204 ,-0.35243225,23.55055356,87.29779127 ,34.883998489379884,87.64480057796195 ,0.0,21:04:06 PM,1574004846418
5.370743 ,1.4751892 ,11.612793,23.55055356,87.29779127 ,34.883998489379884,87.64480057796195 ,0.0,21:04:06 PM,1574004846425
3.9128723 ,-0.7884674 ,20.920181,23.55055356,87.29779127 ,34.883998489379884,87.64480057796195 ,0.0,21:04:06 PM,1574004846426
-3.7037659 ,2.3983917 ,20.861557,23.55055356,87.29779127 ,34.883998489379884,87.64480057796195 ,0.0,21:04:06 PM,1574004846432
-8.2391815 ,4.366379 ,10.964325,23.55055356,87.29779127 ,34.883998489379884,87.64480057796195 ,0.0,21:04:06 PM,1574004846437
-4.3271027 ,7.2007446 ,0.8430481,23.55055356,87.29779127 ,34.883998489379884,87.64480057796195 ,0.0,21:04:06 PM,1574004846442
5.495407 ,9.07901 ,-0.25480652,23.55055356,87.29779127 ,34.883998489379884,87.64480057796195 ,0.0,21:04:06 PM,1574004846446
10.738647 ,9.362183 ,3.300583,23.55055356,87.29779127 ,34.883998489379884,87.64480057796195 ,0.0,21:04:06 PM,1574004846451
4.5227966 ,9.872787 ,10.863037,23.55055356,87.29779127 ,34.883998489379884,87.64480057796195 ,0.0,21:04:06 PM,1574004846459
-6.85376 ,5.373352 ,6.2013245,23.55055356,87.29779127 ,34.883998489379884,87.64480057796195 ,0.0,21:04:06 PM,1574004846461
-12.866241 ,6.761307 ,8.161041,23.55055356,87.29779127 ,34.883998489379884,87.64480057796195 ,0.0,21:04:06 PM,1574004846466
-7.031494 ,5.0793915 ,2.5791168,23.55055356,87.29779127 ,34.883998489379884,87.64480057796195 ,0.0,21:04:06 PM,1574004846471
5.1574097 ,8.827545 ,4.4427795,23.55055356,87.29779127 ,34.883998489379884,87.64480057796195 ,0.0,21:04:06 PM,1574004846477
11.564346 ,9.098465 ,12.447876,23.55055356,87.29779127 ,34.883998489379884,87.64480057796195 ,0.0,21:04:06 PM,1574004846479
8.031433 ,2.7339172 ,3.9602814,23.55055356,87.29779127 ,34.883998489379884,87.64480057796195 ,0.0,21:04:06 PM,1574004846484
-2.4971466 ,3.5187836 ,11.708435,23.55055356,87.29779127 ,34.883998489379884,87.64480057796195 ,0.0,21:04:06 PM,1574004846490
-10.629395 ,-1.6570892 ,5.8086853,23.55055356,87.29779127 ,34.883998489379884,87.64480057796195 ,0.0,21:04:06 PM,1574004846494
-6.8929596 ,1.8070526 ,15.020691,23.55055356,87.29779127 ,34.883998489379884,87.64480057796195 ,0.0,21:04:06 PM,1574004846505
1.290741 ,1.9747009 ,21.216629,23.55055356,87.29779127 ,34.883998489379884,87.64480057796195 ,0.0,21:04:06 PM,1574004846507
10.386932 ,3.1198425 ,10.008743,23.55055356,87.29779127 ,34.883998489379884,88.37145913662985 ,0.0,21:04:06 PM,1574004846514
7.24292 ,9.414703 ,8.722137,23.55055356,87.29779127 ,34.883998489379884,88.37145913662985 ,0.0,21:04:06 PM,1574004846521
-1.2421112 ,7.6088104 ,-4.5967255,23.55055356,87.29779127 ,34.883998489379884,88.37145913662985 ,0.0,21:04:06 PM,1574004846523
-4.5569763 ,8.9088745 ,4.527527,23.55055356,87.29779127 ,34.883998489379884,88.37145913662985 ,0.0,21:04:06 PM,1574004846528
-1.105835 ,4.276428 ,12.676117,23.55055356,87.29779127 ,34.883998489379884,88.37145913662985 ,0.0,21:04:06 PM,1574004846532
0.41244507 ,4.105942 ,11.998123,23.55055356,87.29779127 ,34.883998489379884,88.37145913662985 ,0.0,21:04:06 PM,1574004846538
0.13697815 ,5.476898 ,8.760727,23.55055356,87.29779127 ,34.883998489379884,88.37145913662985 ,0.0,21:04:06 PM,1574004846544
0.72132874 ,8.115097 ,3.6229553,23.55055356,87.29779127 ,34.883998489379884,88.37145913662985 ,0.0,21:04:06 PM,1574004846546
1.7284546 ,8.839691 ,7.880707,23.55055356,87.29779127 ,34.883998489379884,88.37145913662985 ,0.0,21:04:06 PM,1574004846552
-0.5979767 ,5.5905 ,10.913422,23.55055356,87.29779127 ,34.883998489379884,88.37145913662985 ,0.0,21:04:06 PM,1574004846555
-3.4809418 ,3.1278534 ,11.148514,23.55055356,87.29779127 ,34.883998489379884,88.37145913662985 ,0.0,21:04:06 PM,1574004846562
-3.7963867 ,2.5054169 ,10.279129,23.55055356,87.29779127 ,34.883998489379884,88.37145913662985 ,0.0,21:04:06 PM,1574004846566
0.0816803 ,4.3656006 ,14.345795,23.55055356,87.29779127 ,34.883998489379884,88.37145913662985 ,0.0,21:04:06 PM,1574004846571
5.23468 ,3.5019684 ,12.022232,23.55055356,87.29779127 ,34.883998489379884,88.37145913662985 ,0.0,21:04:06 PM,1574004846579
3.5622253 ,7.513962 ,7.4625244,23.55055356,87.29779127 ,34.883998489379884,88.37145913662985 ,0.0,21:04:06 PM,1574004846581
-3.3138733 ,6.6455994 ,0.15652466,23.55055356,87.29779127 ,34.883998489379884,88.37145913662985 ,0.0,21:04:06 PM,1574004846585
-6.0356445 ,6.0760956 ,0.81147766,23.55055356,87.29779127 ,34.883998489379884,88.37145913662985 ,0.0,21:04:06 PM,1574004846594
-0.46366882 ,7.2625427 ,15.357819,23.55055356,87.29779127 ,34.883998489379884,88.37145913662985 ,0.0,21:04:06 PM,1574004846596
3.2499695 ,5.528427 ,10.640472,23.55055356,87.29779127 ,34.883998489379884,88.37145913662985 ,0.0,21:04:06 PM,1574004846598
-3.9155273 ,8.267899 ,-2.4533234,23.55055356,87.29779127 ,34.883998489379884,88.37145913662985 ,0.0,21:04:06 PM,1574004846609
-5.7313843 ,7.7196503 ,-7.1337433,23.55055356,87.29779127 ,34.883998489379884,88.37145913662985 ,0.0,21:04:06 PM,1574004846610
1.8124237 ,8.637711 ,6.3234863,23.55055356,87.29779127 ,34.883998489379884,88.37145913662985 ,0.0,21:04:06 PM,1574004846613
8.867935 ,3.6037903 ,19.339645,23.55055356,87.29779127 ,34.883998489379884,88.37145913662985 ,0.0,21:04:06 PM,1574004846617
4.639328 ,-0.9863739 ,14.557022,23.55055356,87.29779127 ,34.883998489379884,88.37145913662985 ,0.0,21:04:06 PM,1574004846628
-5.14534 ,1.4180603 ,18.38948,23.55055356,87.29779127 ,34.883998489379884,88.37145913662985 ,0.0,21:04:06 PM,1574004846632
-6.403351 ,-1.0258484 ,11.855896,23.55055356,87.29779127 ,34.883998489379884,88.37145913662985 ,0.0,21:04:06 PM,1574004846635
1.8831635 ,2.804306 ,17.7305,23.55055356,87.29779127 ,34.883998489379884,88.37145913662985 ,0.0,21:04:06 PM,1574004846643
5.89447 ,2.2147827 ,15.602722,23.55055356,87.29779127 ,34.883998489379884,88.37145913662985 ,0.0,21:04:06 PM,1574004846647
2.767105 ,5.370804 ,9.849747,23.55055356,87.29779127 ,34.883998489379884,88.37145913662985 ,0.0,21:04:06 PM,1574004846652
-3.8249054 ,5.1804504 ,4.0127563,23.55055356,87.29779127 ,34.883998489379884,88.37145913662985 ,0.0,21:04:06 PM,1574004846660
-5.992508 ,7.3984528 ,7.5512238,23.55055356,87.29779127 ,34.883998489379884,88.37145913662985 ,0.0,21:04:06 PM,1574004846662
-2.350647 ,5.860504 ,11.33989,23.55055356,87.29779127 ,34.883998489379884,88.37145913662985 ,0.0,21:04:06 PM,1574004846666
1.8931885 ,4.4326477 ,8.859543,23.55055356,87.29779127 ,34.883998489379884,88.37145913662985 ,0.0,21:04:06 PM,1574004846671
4.815933 ,8.51059 ,7.451172,23.55055356,87.29779127 ,34.883998489379884,88.37145913662985 ,0.0,21:04:06 PM,1574004846677
3.5751648 ,10.847153 ,-1.1905518,23.55055356,87.29779127 ,34.883998489379884,88.37145913662985 ,0.0,21:04:06 PM,1574004846681
-2.3085327 ,13.447952 ,-1.8540344,23.55055356,87.29779127 ,34.883998489379884,88.37145913662985 ,0.0,21:04:06 PM,1574004846684
-4.672867 ,9.201416 ,-1.3406677,23.55055356,87.29779127 ,34.883998489379884,88.37145913662985 ,0.0,21:04:06 PM,1574004846693
-3.148758 ,7.684067 ,4.7210083,23.55055356,87.29779127 ,34.883998489379884,88.37145913662985 ,0.0,21:04:06 PM,1574004846696
0.39894104 ,4.6247406 ,7.317383,23.55055356,87.29779127 ,34.883998489379884,88.37145913662985 ,0.0,21:04:06 PM,1574004846700
1.3951111 ,4.720688 ,10.544968,23.55055356,87.29779127 ,34.883998489379884,88.37145913662985 ,0.0,21:04:06 PM,1574004846705
0.72395325 ,4.5107117 ,12.249863,23.55055356,87.29779127 ,34.883998489379884,88.37145913662985 ,0.0,21:04:06 PM,1574004846710
2.1353455 ,2.5200043 ,6.6319733,23.55055356,87.29779127 ,34.883998489379884,88.37145913662985 ,0.0,21:04:06 PM,1574004846715
2.0378723 ,4.3907623 ,11.078903,23.55055356,87.29779127 ,34.883998489379884,88.37145913662985 ,0.0,21:04:06 PM,1574004846718
-1.5644836 ,0.06983948 ,7.134781,23.55055356,87.29779127 ,34.883998489379884,88.37145913662985 ,0.0,21:04:06 PM,1574004846724
-4.3130493 ,2.2193909 ,12.558853,23.55055356,87.29779127 ,34.883998489379884,88.37145913662985 ,0.0,21:04:06 PM,1574004846729
0.19387817 ,0.6535034 ,17.105484,23.55055356,87.29779127 ,34.883998489379884,88.37145913662985 ,0.0,21:04:06 PM,1574004846740
4.1566925 ,-0.7980652 ,10.173309,23.55055356,87.29779127 ,34.883998489379884,88.37145913662985 ,0.0,21:04:06 PM,1574004846743
4.038574 ,2.6847382 ,17.456467,23.55055356,87.29779127 ,34.883998489379884,88.37145913662985 ,0.0,21:04:06 PM,1574004846749
0.5654907 ,0.9196167 ,10.57814,23.55055356,87.29779127 ,34.883998489379884,88.37145913662985 ,0.0,21:04:06 PM,1574004846755
-0.56796265 ,8.184738 ,15.17482,23.55055356,87.29779127 ,34.883998489379884,88.37145913662985 ,0.0,21:04:06 PM,1574004846758
0.9108734 ,4.466461 ,3.773178,23.55055356,87.29779127 ,34.883998489379884,88.37145913662985 ,0.0,21:04:06 PM,1574004846766
0.8140259 ,8.461319 ,-0.36260986,23.55055356,87.29779127 ,34.883998489379884,88.37145913662985 ,0.0,21:04:06 PM,1574004846771
-0.726593 ,10.824524 ,-1.9698639,23.55055356,87.29779127 ,34.883998489379884,88.37145913662985 ,0.0,21:04:06 PM,1574004846773
-2.1300201 ,13.341431 ,-0.8691101,23.55055356,87.29779127 ,34.883998489379884,88.37145913662985 ,0.0,21:04:06 PM,1574004846778
-3.117157 ,13.008377 ,1.4095917,23.55055356,87.29779127 ,34.883998489379884,88.37145913662985 ,0.0,21:04:06 PM,1574004846781
-1.5258942 ,9.825989 ,-1.9024658,23.55055356,87.29779127 ,34.883998489379884,88.37145913662985 ,0.0,21:04:06 PM,1574004846785
2.0150757 ,10.502518 ,3.737152,23.55055356,87.29779127 ,34.883998489379884,88.37145913662985 ,0.0,21:04:06 PM,1574004846789
3.4138184 ,6.892746 ,4.9802856,23.55055356,87.29779127 ,34.883998489379884,88.37145913662985 ,0.0,21:04:06 PM,1574004846795
0.7102661 ,5.4847717 ,11.095703,23.55055356,87.29779127 ,34.883998489379884,88.37145913662985 ,0.0,21:04:06 PM,1574004846800
-2.9766388 ,1.5378876 ,12.315826,23.55055356,87.29779127 ,34.883998489379884,88.37145913662985 ,0.0,21:04:06 PM,1574004846804
-5.018799 ,1.1162415 ,10.176544,23.55055356,87.29779127 ,34.883998489379884,88.37145913662985 ,0.0,21:04:06 PM,1574004846811
-4.4982605 ,-1.2178955 ,4.393112,23.55055356,87.29779127 ,34.883998489379884,88.37145913662985 ,0.0,21:04:06 PM,1574004846812
-2.0848694 ,2.4490356 ,10.7443695,23.55055356,87.29779127 ,34.883998489379884,88.37145913662985 ,0.0,21:04:06 PM,1574004846819
1.7639618 ,1.4962921 ,15.641083,23.55055356,87.29779127 ,34.883998489379884,88.37145913662985 ,0.0,21:04:06 PM,1574004846823
4.817505 ,-0.80870056 ,13.330795,23.55055356,87.29779127 ,34.883998489379884,88.37145913662985 ,0.0,21:04:06 PM,1574004846829
2.5082703 ,2.2566376 ,17.838104,23.55055356,87.29779127 ,34.883998489379884,88.37145913662985 ,0.0,21:04:06 PM,1574004846833
-5.0582886 ,0.1933899 ,9.215012,23.55055356,87.29779127 ,34.883998489379884,88.37145913662985 ,0.0,21:04:06 PM,1574004846847
-6.616516 ,6.692566 ,9.018127,23.55055356,87.29779127 ,34.883998489379884,88.37145913662985 ,0.0,21:04:06 PM,1574004846849
-1.8611908 ,4.7895966 ,2.1422272,23.55055356,87.29779127 ,34.883998489379884,88.37145913662985 ,0.0,21:04:06 PM,1574004846850
5.332123 ,8.711746 ,9.097733,23.55055356,87.29779127 ,34.883998489379884,88.37145913662985 ,0.0,21:04:06 PM,1574004846853
8.407227 ,5.884445 ,9.37294,23.55055356,87.29779127 ,34.883998489379884,88.37145913662985 ,0.0,21:04:06 PM,1574004846856
4.827759 ,2.3199768 ,7.293869,23.55060104,87.29770956 ,37.512000274658206,88.37145913662985 ,0.0,21:04:06 PM,1574004846866
-1.6111145 ,3.4898834 ,23.391739,23.55060104,87.29770956 ,37.512000274658206,88.37145913662985 ,0.0,21:04:06 PM,1574004846870
-2.3579712 ,-2.9837952 ,22.390244,23.55060104,87.29770956 ,37.512000274658206,88.37145913662985 ,0.0,21:04:06 PM,1574004846877
0.384552 ,3.3493958 ,25.771317,23.55060104,87.29770956 ,37.512000274658206,88.37145913662985 ,0.0,21:04:06 PM,1574004846880
2.296463 ,4.225174 ,-1.4927521,23.55060104,87.29770956 ,37.512000274658206,88.37145913662985 ,0.0,21:04:06 PM,1574004846885
-0.4081421 ,14.244446 ,-19.46112,23.55060104,87.29770956 ,37.512000274658206,88.37145913662985 ,0.0,21:04:06 PM,1574004846890
-3.3779602 ,20.371735 ,-15.137558,23.55060104,87.29770956 ,37.512000274658206,88.37145913662985 ,0.0,21:04:06 PM,1574004846895
0.45199585 ,14.822998 ,-15.503418,23.55060104,87.29770956 ,37.512000274658206,88.37145913662985 ,0.0,21:04:06 PM,1574004846899
