x,y,z,latitude,longitude,speed,sound,light,time,timestamp
-3.6853485 ,7.6691437 ,-1.3750916,23.54306357,87.29733222 ,0.0,76.92990620487393 ,1.0,21:35:30 PM,1574006730956
-7.105591 ,7.359497 ,0.17016602,23.54306357,87.29733222 ,0.0,76.92990620487393 ,1.0,21:35:30 PM,1574006730962
-4.879059 ,8.031784 ,-0.3551178,23.54306357,87.29733222 ,0.0,76.92990620487393 ,1.0,21:35:30 PM,1574006730966
1.5065918 ,9.0724945 ,-4.2829437,23.54306357,87.29733222 ,0.0,76.92990620487393 ,1.0,21:35:30 PM,1574006730971
6.509384 ,11.518051 ,-2.5009308,23.54306357,87.29733222 ,0.0,76.92990620487393 ,1.0,21:35:30 PM,1574006730979
5.944702 ,11.730255 ,-3.0661316,23.54306357,87.29733222 ,0.0,76.92990620487393 ,1.0,21:35:30 PM,1574006730980
1.2935181 ,10.766022 ,-5.6435547,23.54306357,87.29733222 ,0.0,76.92990620487393 ,1.0,21:35:30 PM,1574006730984
-4.2504425 ,10.696411 ,-2.2849274,23.54306357,87.29733222 ,0.0,76.92990620487393 ,1.0,21:35:30 PM,1574006730993
-3.8406372 ,8.88559 ,-1.9290771,23.54306357,87.29733222 ,0.0,76.92990620487393 ,1.0,21:35:30 PM,1574006731000
-1.306366 ,9.35907 ,2.5915985,23.54306357,87.29733222 ,0.0,76.92990620487393 ,1.0,21:35:31 PM,1574006731003
2.0625458 ,7.8017883 ,-0.3798523,23.54306357,87.29733222 ,0.0,76.92990620487393 ,1.0,21:35:31 PM,1574006731005
3.5088196 ,8.347443 ,0.46897888,23.54306357,87.29733222 ,0.0,76.92990620487393 ,1.0,21:35:31 PM,1574006731012
1.7200775 ,8.813538 ,1.3711243,23.54306357,87.29733222 ,0.0,76.92990620487393 ,1.0,21:35:31 PM,1574006731014
-2.0790558 ,7.5091553 ,-4.622406,23.54306357,87.29733222 ,0.0,76.92990620487393 ,1.0,21:35:31 PM,1574006731022
-2.9375 ,9.394287 ,-0.6705322,23.54306357,87.29733222 ,0.0,76.92990620487393 ,1.0,21:35:31 PM,1574006731023
-2.3211212 ,9.695404 ,-1.649353,23.54306357,87.29733222 ,0.0,76.92990620487393 ,1.0,21:35:31 PM,1574006731028
-0.40138245 ,9.510422 ,-4.837021,23.54306357,87.29733222 ,0.0,76.92990620487393 ,1.0,21:35:31 PM,1574006731037
2.9179535 ,11.6393585 ,-2.5406647,23.54306357,87.29733222 ,0.0,76.92990620487393 ,1.0,21:35:31 PM,1574006731049
4.365097 ,12.469238 ,-3.1708832,23.54306357,87.29733222 ,0.0,76.92990620487393 ,1.0,21:35:31 PM,1574006731050
2.2499695 ,11.150925 ,-5.303009,23.54306357,87.29733222 ,0.0,76.92990620487393 ,1.0,21:35:31 PM,1574006731052
-1.0739441 ,10.073242 ,-2.7240448,23.54306357,87.29733222 ,0.0,76.92990620487393 ,1.0,21:35:31 PM,1574006731055
-2.8637085 ,7.7651825 ,-2.6734924,23.54306357,87.29733222 ,0.0,76.92990620487393 ,1.0,21:35:31 PM,1574006731062
-2.0277557 ,7.668213 ,1.5245361,23.54306357,87.29733222 ,0.0,76.92990620487393 ,1.0,21:35:31 PM,1574006731065
-0.2800598 ,6.847946 ,0.30717468,23.54306357,87.29733222 ,0.0,76.92990620487393 ,1.0,21:35:31 PM,1574006731069
1.361084 ,8.485275 ,2.8101654,23.54306357,87.29733222 ,0.0,76.92990620487393 ,1.0,21:35:31 PM,1574006731073
1.7513123 ,9.12027 ,0.36721802,23.54306357,87.29733222 ,0.0,76.92990620487393 ,1.0,21:35:31 PM,1574006731081
1.2938995 ,9.331726 ,-3.6395721,23.54306357,87.29733222 ,0.0,76.92990620487393 ,1.0,21:35:31 PM,1574006731084
0.7038574 ,10.953552 ,-3.1738586,23.54306357,87.29733222 ,0.0,76.92990620487393 ,1.0,21:35:31 PM,1574006731089
0.36631775 ,11.137039 ,-3.4499207,23.54306357,87.29733222 ,0.0,76.92990620487393 ,1.0,21:35:31 PM,1574006731095
0.26348877 ,10.92514 ,-1.289444,23.54306357,87.29733222 ,0.0,76.92990620487393 ,1.0,21:35:31 PM,1574006731097
-0.40153503 ,9.802277 ,-1.5171051,23.54306357,87.29733222 ,0.0,76.92990620487393 ,1.0,21:35:31 PM,1574006731103
-1.1728516 ,7.947403 ,-3.9221497,23.54306357,87.29733222 ,0.0,76.92990620487393 ,1.0,21:35:31 PM,1574006731108
-0.106933594 ,9.164459 ,-0.95558167,23.54306357,87.29733222 ,0.0,76.92990620487393 ,1.0,21:35:31 PM,1574006731113
1.7214813 ,9.269836 ,-3.3728485,23.54306357,87.29733222 ,0.0,76.92990620487393 ,1.0,21:35:31 PM,1574006731118
1.4712677 ,10.038712 ,-2.7801056,23.54306357,87.29733222 ,0.0,76.92990620487393 ,1.0,21:35:31 PM,1574006731132
0.14741516 ,10.612518 ,1.6284027,23.54306357,87.29733222 ,0.0,76.92990620487393 ,1.0,21:35:31 PM,1574006731136
-0.980072 ,8.076538 ,-2.573761,23.54306357,87.29733222 ,0.0,76.92990620487393 ,1.0,21:35:31 PM,1574006731138
0.50172424 ,8.813934 ,-1.9509888,23.54306357,87.29733222 ,0.0,76.92990620487393 ,0.0,21:35:31 PM,1574006731142
1.510376 ,10.856628 ,2.1797485,23.54306357,87.29733222 ,0.0,76.92990620487393 ,0.0,21:35:31 PM,1574006731144
0.67459106 ,9.372131 ,-2.884842,23.54306357,87.29733222 ,0.0,76.92990620487393 ,0.0,21:35:31 PM,1574006731152
0.05580139 ,10.428726 ,-1.0045471,23.54306357,87.29733222 ,0.0,76.92990620487393 ,0.0,21:35:31 PM,1574006731154
-0.0847168 ,9.385071 ,-3.0281525,23.54306357,87.29733222 ,0.0,66.53367278087359 ,0.0,21:35:31 PM,1574006731165
-0.36543274 ,8.329971 ,-5.4123383,23.54306357,87.29733222 ,0.0,66.53367278087359 ,0.0,21:35:31 PM,1574006731170
-0.21188354 ,9.793152 ,-1.1983643,23.54306357,87.29733222 ,0.0,66.53367278087359 ,0.0,21:35:31 PM,1574006731171
0.031555176 ,8.934326 ,-3.194107,23.54306357,87.29733222 ,0.0,66.53367278087359 ,0.0,21:35:31 PM,1574006731176
0.626709 ,9.85257 ,-0.57489014,23.54306357,87.29733222 ,0.0,66.53367278087359 ,0.0,21:35:31 PM,1574006731183
0.90641785 ,10.275482 ,0.8076019,23.54306357,87.29733222 ,0.0,66.53367278087359 ,0.0,21:35:31 PM,1574006731186
0.6664734 ,8.769012 ,-3.8677216,23.54306357,87.29733222 ,0.0,66.53367278087359 ,0.0,21:35:31 PM,1574006731190
0.7574768 ,9.260834 ,-3.5368652,23.54306357,87.29733222 ,0.0,66.53367278087359 ,0.0,21:35:31 PM,1574006731196
0.7208557 ,10.382019 ,-0.51745605,23.54306357,87.29733222 ,0.0,66.53367278087359 ,0.0,21:35:31 PM,1574006731198
-0.65745544 ,9.034409 ,-2.677826,23.54306357,87.29733222 ,0.0,66.53367278087359 ,0.0,21:35:31 PM,1574006731201
-0.89289856 ,9.340988 ,1.100235,23.54306357,87.29733222 ,0.0,66.53367278087359 ,0.0,21:35:31 PM,1574006731207
-0.5583801 ,8.299438 ,0.20394897,23.54306357,87.29733222 ,0.0,66.53367278087359 ,0.0,21:35:31 PM,1574006731213
0.35739136 ,8.101395 ,-2.035141,23.54306357,87.29733222 ,0.0,66.53367278087359 ,0.0,21:35:31 PM,1574006731218
1.2277069 ,9.780426 ,-0.9989624,23.54306357,87.29733222 ,0.0,66.53367278087359 ,0.0,21:35:31 PM,1574006731222
1.0207367 ,9.444977 ,-4.579239,23.54306357,87.29733222 ,0.0,66.53367278087359 ,0.0,21:35:31 PM,1574006731227
0.6256714 ,10.531235 ,-2.8937836,23.54306357,87.29733222 ,0.0,66.53367278087359 ,0.0,21:35:31 PM,1574006731232
0.046875 ,11.435013 ,-0.45176697,23.54306357,87.29733222 ,0.0,66.53367278087359 ,0.0,21:35:31 PM,1574006731236
-1.1078949 ,9.677277 ,-4.305359,23.54306357,87.29733222 ,0.0,66.53367278087359 ,0.0,21:35:31 PM,1574006731241
-0.82077026 ,8.621658 ,-4.9688873,23.54306357,87.29733222 ,0.0,66.53367278087359 ,0.0,21:35:31 PM,1574006731247
1.5664368 ,10.423218 ,1.6491699,23.54306357,87.29733222 ,0.0,66.53367278087359 ,0.0,21:35:31 PM,1574006731257
1.9936981 ,9.492233 ,-1.7983704,23.54306357,87.29733222 ,0.0,66.53367278087359 ,0.0,21:35:31 PM,1574006731259
0.502594 ,8.933014 ,-2.96138,23.54306357,87.29733222 ,0.0,66.53367278087359 ,0.0,21:35:31 PM,1574006731261
-1.0294342 ,9.301178 ,1.7054596,23.54306357,87.29733222 ,0.0,66.53367278087359 ,0.0,21:35:31 PM,1574006731269
-0.6998291 ,7.9203186 ,-2.1928253,23.54306357,87.29733222 ,0.0,66.53367278087359 ,0.0,21:35:31 PM,1574006731274
0.3370819 ,8.940186 ,-1.5581055,23.54306357,87.29733222 ,0.0,66.53367278087359 ,0.0,21:35:31 PM,1574006731281
1.0086975 ,9.642441 ,-1.3030701,23.54306357,87.29733222 ,0.0,66.53367278087359 ,0.0,21:35:31 PM,1574006731284
1.1400146 ,9.79924 ,-2.9645844,23.54306357,87.29733222 ,0.0,66.53367278087359 ,0.0,21:35:31 PM,1574006731289
1.065918 ,10.771576 ,-1.8078766,23.54306357,87.29733222 ,0.0,66.53367278087359 ,0.0,21:35:31 PM,1574006731295
0.067855835 ,11.386368 ,-1.0640717,23.54306357,87.29733222 ,0.0,66.53367278087359 ,0.0,21:35:31 PM,1574006731302
-1.0018768 ,9.492813 ,-4.6658936,23.54306357,87.29733222 ,0.0,66.53367278087359 ,0.0,21:35:31 PM,1574006731304
0.34875488 ,9.142242 ,-2.6418,23.54306357,87.29733222 ,0.0,66.53367278087359 ,0.0,21:35:31 PM,1574006731308
1.8040161 ,9.71904 ,0.088012695,23.54306357,87.29733222 ,0.0,66.53367278087359 ,0.0,21:35:31 PM,1574006731316
1.0892029 ,8.992828 ,-1.1403961,23.54306357,87.29733222 ,0.0,66.53367278087359 ,0.0,21:35:31 PM,1574006731322
-1.0291748 ,8.349472 ,-0.8716278,23.54306357,87.29733222 ,0.0,66.53367278087359 ,0.0,21:35:31 PM,1574006731324
-1.42659 ,8.846069 ,1.9642334,23.54306357,87.29733222 ,0.0,66.53367278087359 ,0.0,21:35:31 PM,1574006731326
0.60754395 ,7.8823547 ,-4.280472,23.54306357,87.29733222 ,0.0,66.53367278087359 ,0.0,21:35:31 PM,1574006731333
1.856247 ,9.719254 ,-2.4815369,23.54306357,87.29733222 ,0.0,66.53367278087359 ,0.0,21:35:31 PM,1574006731344
1.3843689 ,10.097092 ,-2.0079193,23.54306357,87.29733222 ,0.0,66.53367278087359 ,0.0,21:35:31 PM,1574006731346
0.479187 ,9.768524 ,-3.9380188,23.54306357,87.29733222 ,0.0,66.53367278087359 ,0.0,21:35:31 PM,1574006731351
-0.4772644 ,10.962982 ,-2.326706,23.54306357,87.29733222 ,0.0,66.53367278087359 ,0.0,21:35:31 PM,1574006731353
-1.5364685 ,11.359085 ,-1.036789,23.54306357,87.29733222 ,0.0,66.53367278087359 ,0.0,21:35:31 PM,1574006731357
-1.1619568 ,9.332001 ,-3.5403748,23.54306357,87.29733222 ,0.0,66.53367278087359 ,0.0,21:35:31 PM,1574006731365
1.5673065 ,8.825348 ,-3.3891296,23.54306357,87.29733222 ,0.0,66.53367278087359 ,0.0,21:35:31 PM,1574006731367
3.4902496 ,9.98259 ,0.04145813,23.54306357,87.29733222 ,0.0,66.53367278087359 ,0.0,21:35:31 PM,1574006731371
1.1557617 ,8.833954 ,-2.0280151,23.54306357,87.29733222 ,0.0,66.53367278087359 ,0.0,21:35:31 PM,1574006731376
-2.701355 ,7.826828 ,-2.312271,23.54306357,87.29733222 ,0.0,66.53367278087359 ,0.0,21:35:31 PM,1574006731383
-2.83284 ,9.724472 ,3.7901,23.54306357,87.29733222 ,0.0,66.53367278087359 ,0.0,21:35:31 PM,1574006731391
-0.17053223 ,9.06778 ,0.092819214,23.54306357,87.29733222 ,0.0,66.53367278087359 ,0.0,21:35:31 PM,1574006731401
1.431427 ,7.486206 ,-7.166046,23.54306357,87.29733222 ,0.0,66.53367278087359 ,0.0,21:35:31 PM,1574006731404
1.6824951 ,10.530685 ,0.6457977,23.54306357,87.29733222 ,0.0,66.53367278087359 ,0.0,21:35:31 PM,1574006731406
1.4001007 ,10.267944 ,-2.0815582,23.54306357,87.29733222 ,0.0,66.53367278087359 ,0.0,21:35:31 PM,1574006731411
0.111068726 ,10.160507 ,-5.521866,23.54306357,87.29733222 ,0.0,66.53367278087359 ,0.0,21:35:31 PM,1574006731419
-2.0722046 ,10.951965 ,-2.3401947,23.54306357,87.29733222 ,0.0,66.53367278087359 ,0.0,21:35:31 PM,1574006731422
-2.2644653 ,10.479828 ,0.641449,23.54306357,87.29733222 ,0.0,66.53367278087359 ,0.0,21:35:31 PM,1574006731424
0.9701233 ,8.5095825 ,-2.141037,23.54306357,87.29733222 ,0.0,66.53367278087359 ,0.0,21:35:31 PM,1574006731430
4.095291 ,8.497299 ,-2.4305878,23.54306357,87.29733222 ,0.0,66.53367278087359 ,0.0,21:35:31 PM,1574006731436
2.5010986 ,9.516373 ,0.6166382,23.54306357,87.29733222 ,0.0,66.53367278087359 ,0.0,21:35:31 PM,1574006731438
-1.6456757 ,8.48819 ,-0.96658325,23.54306357,87.29733222 ,0.0,66.53367278087359 ,0.0,21:35:31 PM,1574006731443
-3.7421112 ,8.163086 ,-2.1964264,23.54306357,87.29733222 ,0.0,66.53367278087359 ,0.0,21:35:31 PM,1574006731450
