x,y,z,latitude,longitude,speed,sound,light,time,timestamp
0.27548218 ,9.508347 ,-1.5253906,23.54230239,87.29679842 ,0.0,64.18871088490741 ,0.0,21:36:07 PM,1574006767269
0.22523499 ,9.534607 ,-1.5446167,23.54230239,87.29679842 ,0.0,64.18871088490741 ,0.0,21:36:07 PM,1574006767274
0.17504883 ,9.527908 ,-1.5727844,23.54230239,87.29679842 ,0.0,64.18871088490741 ,0.0,21:36:07 PM,1574006767277
0.14001465 ,9.519257 ,-1.5801849,23.54230239,87.29679842 ,0.0,64.18871088490741 ,0.0,21:36:07 PM,1574006767282
0.15673828 ,9.505844 ,-1.565918,23.54230239,87.29679842 ,0.0,64.18871088490741 ,0.0,21:36:07 PM,1574006767288
0.18299866 ,9.500153 ,-1.5375061,23.54230239,87.29679842 ,0.0,64.18871088490741 ,0.0,21:36:07 PM,1574006767292
0.1907196 ,9.502197 ,-1.5327148,23.54230239,87.29679842 ,0.0,64.18871088490741 ,0.0,21:36:07 PM,1574006767296
0.16653442 ,9.487976 ,-1.5232849,23.54230239,87.29679842 ,0.0,64.18871088490741 ,0.0,21:36:07 PM,1574006767303
0.14868164 ,9.480057 ,-1.5312805,23.54230239,87.29679842 ,0.0,64.18871088490741 ,0.0,21:36:07 PM,1574006767306
0.16014099 ,9.50679 ,-1.5475922,23.54230239,87.29679842 ,0.0,64.18871088490741 ,0.0,21:36:07 PM,1574006767311
0.20040894 ,9.5327 ,-1.5587006,23.54230239,87.29679842 ,0.0,64.18871088490741 ,0.0,21:36:07 PM,1574006767316
0.19682312 ,9.533554 ,-1.5588531,23.54230239,87.29679842 ,0.0,64.18871088490741 ,0.0,21:36:07 PM,1574006767322
0.18351746 ,9.518387 ,-1.5706787,23.54230239,87.29679842 ,0.0,64.18871088490741 ,0.0,21:36:07 PM,1574006767326
0.16682434 ,9.518082 ,-1.5813141,23.54230239,87.29679842 ,0.0,64.18871088490741 ,0.0,21:36:07 PM,1574006767331
0.12940979 ,9.55394 ,-1.5667725,23.54230239,87.29679842 ,0.0,64.18871088490741 ,0.0,21:36:07 PM,1574006767337
0.13832092 ,9.549652 ,-1.5493774,23.54230239,87.29679842 ,0.0,64.18871088490741 ,0.0,21:36:07 PM,1574006767339
0.16043091 ,9.520874 ,-1.5679626,23.54230239,87.29679842 ,0.0,64.18871088490741 ,0.0,21:36:07 PM,1574006767350
0.19415283 ,9.546188 ,-1.5617676,23.54230239,87.29679842 ,0.0,64.18871088490741 ,0.0,21:36:07 PM,1574006767357
0.20033264 ,9.524536 ,-1.5815582,23.54230239,87.29679842 ,0.0,64.18871088490741 ,0.0,21:36:07 PM,1574006767358
0.16075134 ,9.488953 ,-1.5666962,23.54230239,87.29679842 ,0.0,64.18871088490741 ,0.0,21:36:07 PM,1574006767364
0.1177063 ,9.500427 ,-1.5263367,23.54230239,87.29679842 ,0.0,64.18871088490741 ,0.0,21:36:07 PM,1574006767370
0.1539154 ,9.500534 ,-1.5478668,23.54230239,87.29679842 ,0.0,64.18871088490741 ,0.0,21:36:07 PM,1574006767374
0.18373108 ,9.521561 ,-1.5547638,23.54230239,87.29679842 ,0.0,64.18871088490741 ,0.0,21:36:07 PM,1574006767378
0.17196655 ,9.515305 ,-1.553833,23.54230239,87.29679842 ,0.0,64.18871088490741 ,0.0,21:36:07 PM,1574006767383
0.16799927 ,9.531189 ,-1.5506439,23.54230239,87.29679842 ,0.0,64.18871088490741 ,0.0,21:36:07 PM,1574006767388
0.17123413 ,9.53125 ,-1.5578156,23.54230239,87.29679842 ,0.0,64.18871088490741 ,0.0,21:36:07 PM,1574006767392
0.17338562 ,9.544907 ,-1.5512238,23.54230239,87.29679842 ,0.0,64.18871088490741 ,0.0,21:36:07 PM,1574006767397
0.1824646 ,9.573975 ,-1.6112671,23.54230239,87.29679842 ,0.0,64.18871088490741 ,0.0,21:36:07 PM,1574006767404
0.16696167 ,9.6106415 ,-1.714386,23.54230239,87.29679842 ,0.0,64.18871088490741 ,0.0,21:36:07 PM,1574006767409
0.14581299 ,9.652496 ,-1.7809601,23.54230239,87.29679842 ,0.0,64.18871088490741 ,0.0,21:36:07 PM,1574006767411
0.14277649 ,9.635895 ,-1.7498627,23.54230239,87.29679842 ,0.0,64.18871088490741 ,0.0,21:36:07 PM,1574006767416
0.1565857 ,9.516464 ,-1.5820618,23.54230239,87.29679842 ,0.0,64.18871088490741 ,0.0,21:36:07 PM,1574006767421
0.16853333 ,9.357071 ,-1.3301392,23.54230239,87.29679842 ,0.0,64.18871088490741 ,0.0,21:36:07 PM,1574006767426
0.14411926 ,9.250565 ,-1.1129913,23.54230239,87.29679842 ,0.0,64.18871088490741 ,0.0,21:36:07 PM,1574006767431
0.122543335 ,9.219818 ,-1.0562439,23.54230239,87.29679842 ,0.0,64.18871088490741 ,0.0,21:36:07 PM,1574006767438
0.13519287 ,9.301971 ,-1.1892853,23.54230239,87.29679842 ,0.0,64.18871088490741 ,0.0,21:36:07 PM,1574006767440
0.17948914 ,9.438324 ,-1.3895874,23.54230239,87.29679842 ,0.0,64.18871088490741 ,0.0,21:36:07 PM,1574006767444
0.18748474 ,9.570328 ,-1.6092224,23.54230239,87.29679842 ,0.0,64.18871088490741 ,0.0,21:36:07 PM,1574006767449
0.2066803 ,9.647202 ,-1.7523346,23.54230239,87.29679842 ,0.0,64.18871088490741 ,0.0,21:36:07 PM,1574006767455
0.19364929 ,9.665527 ,-1.7566528,23.54230239,87.29679842 ,0.0,64.18871088490741 ,0.0,21:36:07 PM,1574006767460
0.18475342 ,9.58548 ,-1.7261047,23.54230239,87.29679842 ,0.0,64.18871088490741 ,0.0,21:36:07 PM,1574006767463
0.21388245 ,9.557571 ,-1.6229401,23.54230239,87.29679842 ,0.0,64.18871088490741 ,0.0,21:36:07 PM,1574006767470
0.19148254 ,9.506668 ,-1.6039734,23.54230239,87.29679842 ,0.0,64.18871088490741 ,0.0,21:36:07 PM,1574006767475
0.17485046 ,9.542557 ,-1.6440735,23.54230239,87.29679842 ,0.0,64.18871088490741 ,0.0,21:36:07 PM,1574006767484
0.10697937 ,9.558487 ,-1.7054901,23.54230239,87.29679842 ,0.0,64.18871088490741 ,0.0,21:36:07 PM,1574006767489
0.068862915 ,9.647293 ,-1.756134,23.54230239,87.29679842 ,0.0,64.18871088490741 ,0.0,21:36:07 PM,1574006767493
0.0867157 ,9.643478 ,-1.7871704,23.54230239,87.29679842 ,0.0,64.18871088490741 ,0.0,21:36:07 PM,1574006767498
0.09767151 ,9.620804 ,-1.746109,23.54230239,87.29679842 ,0.0,64.18871088490741 ,0.0,21:36:07 PM,1574006767509
0.14881897 ,9.544098 ,-1.6222076,23.54230239,87.29679842 ,0.0,64.18871088490741 ,0.0,21:36:07 PM,1574006767513
0.23529053 ,9.463715 ,-1.4946289,23.54230239,87.29679842 ,0.0,64.18871088490741 ,0.0,21:36:07 PM,1574006767516
0.27355957 ,9.420853 ,-1.4262848,23.54230239,87.29679842 ,0.0,64.18871088490741 ,0.0,21:36:07 PM,1574006767519
0.22584534 ,9.379562 ,-1.4084625,23.54230239,87.29679842 ,0.0,64.18871088490741 ,0.0,21:36:07 PM,1574006767523
0.14343262 ,9.405701 ,-1.4392395,23.54230239,87.29679842 ,0.0,64.18871088490741 ,0.0,21:36:07 PM,1574006767528
0.13720703 ,9.474106 ,-1.5387726,23.54230239,87.29679842 ,0.0,64.18871088490741 ,0.0,21:36:07 PM,1574006767531
0.19328308 ,9.529861 ,-1.6462708,23.54230239,87.29679842 ,0.0,64.18871088490741 ,0.0,21:36:07 PM,1574006767539
0.23866272 ,9.591827 ,-1.6888733,23.54230239,87.29679842 ,0.0,64.18871088490741 ,0.0,21:36:07 PM,1574006767541
0.24719238 ,9.607788 ,-1.6763916,23.54230239,87.29679842 ,0.0,64.18871088490741 ,0.0,21:36:07 PM,1574006767545
0.18554688 ,9.587326 ,-1.6687927,23.54230239,87.29679842 ,0.0,64.18871088490741 ,0.0,21:36:07 PM,1574006767551
0.13209534 ,9.564362 ,-1.6566467,23.54230239,87.29679842 ,0.0,64.18871088490741 ,0.0,21:36:07 PM,1574006767557
0.13339233 ,9.533981 ,-1.607727,23.54230239,87.29679842 ,0.0,64.18871088490741 ,0.0,21:36:07 PM,1574006767561
0.18029785 ,9.517517 ,-1.5767365,23.54230239,87.29679842 ,0.0,64.18871088490741 ,0.0,21:36:07 PM,1574006767567
0.22290039 ,9.482101 ,-1.5220337,23.54230239,87.29679842 ,0.0,64.18871088490741 ,0.0,21:36:07 PM,1574006767573
0.173172 ,9.455597 ,-1.465332,23.54230239,87.29679842 ,0.0,64.18871088490741 ,0.0,21:36:07 PM,1574006767574
0.108062744 ,9.4232025 ,-1.4437561,23.54230239,87.29679842 ,0.0,64.18871088490741 ,0.0,21:36:07 PM,1574006767579
0.10545349 ,9.399704 ,-1.4136505,23.54230239,87.29679842 ,0.0,64.18871088490741 ,0.0,21:36:07 PM,1574006767583
0.15284729 ,9.42099 ,-1.4405975,23.54230239,87.29679842 ,0.0,64.18871088490741 ,0.0,21:36:07 PM,1574006767589
0.22039795 ,9.495926 ,-1.4739075,23.54230239,87.29679842 ,0.0,64.18871088490741 ,0.0,21:36:07 PM,1574006767593
0.26756287 ,9.566711 ,-1.5622101,23.54230239,87.29679842 ,0.0,64.18871088490741 ,0.0,21:36:07 PM,1574006767598
0.2516327 ,9.608292 ,-1.6332855,23.54230239,87.29679842 ,0.0,64.18871088490741 ,0.0,21:36:07 PM,1574006767607
0.17388916 ,9.637573 ,-1.6902618,23.54230239,87.29679842 ,0.0,64.18871088490741 ,0.0,21:36:07 PM,1574006767612
0.117370605 ,9.604553 ,-1.7039337,23.54230239,87.29679842 ,0.0,64.18871088490741 ,0.0,21:36:07 PM,1574006767617
0.080963135 ,9.55777 ,-1.6007385,23.54230239,87.29679842 ,0.0,64.18871088490741 ,0.0,21:36:07 PM,1574006767622
0.13404846 ,9.513092 ,-1.5333862,23.54230239,87.29679842 ,0.0,64.18871088490741 ,0.0,21:36:07 PM,1574006767626
0.18139648 ,9.462479 ,-1.4555664,23.54230239,87.29679842 ,0.0,64.18871088490741 ,0.0,21:36:07 PM,1574006767631
0.15570068 ,9.469971 ,-1.4418488,23.54230239,87.29679842 ,0.0,64.18871088490741 ,0.0,21:36:07 PM,1574006767639
0.11228943 ,9.48024 ,-1.4905396,23.54230239,87.29679842 ,0.0,64.18871088490741 ,0.0,21:36:07 PM,1574006767642
0.1302948 ,9.524368 ,-1.5257874,23.54230239,87.29679842 ,0.0,64.18871088490741 ,0.0,21:36:07 PM,1574006767646
0.1525116 ,9.540619 ,-1.5357819,23.54230239,87.29679842 ,0.0,64.18871088490741 ,0.0,21:36:07 PM,1574006767652
0.1632843 ,9.543121 ,-1.51297,23.54230239,87.29679842 ,0.0,65.28556067928093 ,0.0,21:36:07 PM,1574006767657
0.20423889 ,9.524811 ,-1.519577,23.54230239,87.29679842 ,0.0,65.28556067928093 ,0.0,21:36:07 PM,1574006767660
0.17253113 ,9.482986 ,-1.5224457,23.54230239,87.29679842 ,0.0,65.28556067928093 ,0.0,21:36:07 PM,1574006767665
0.09416199 ,9.4861145 ,-1.5310059,23.54230239,87.29679842 ,0.0,65.28556067928093 ,0.0,21:36:07 PM,1574006767672
0.06826782 ,9.508774 ,-1.5548706,23.54230239,87.29679842 ,0.0,65.28556067928093 ,0.0,21:36:07 PM,1574006767674
0.12013245 ,9.516327 ,-1.5791473,23.54230239,87.29679842 ,0.0,65.28556067928093 ,0.0,21:36:07 PM,1574006767678
0.18356323 ,9.530426 ,-1.5814514,23.54230239,87.29679842 ,0.0,65.28556067928093 ,0.0,21:36:07 PM,1574006767683
0.19091797 ,9.509384 ,-1.5319519,23.54230239,87.29679842 ,0.0,65.28556067928093 ,0.0,21:36:07 PM,1574006767689
0.17077637 ,9.498291 ,-1.519165,23.54230239,87.29679842 ,0.0,65.28556067928093 ,0.0,21:36:07 PM,1574006767695
0.14508057 ,9.521515 ,-1.4750824,23.54230239,87.29679842 ,0.0,65.28556067928093 ,0.0,21:36:07 PM,1574006767700
0.1257782 ,9.500504 ,-1.5109711,23.54230239,87.29679842 ,0.0,65.28556067928093 ,0.0,21:36:07 PM,1574006767707
0.15698242 ,9.522797 ,-1.5431671,23.54230239,87.29679842 ,0.0,65.28556067928093 ,0.0,21:36:07 PM,1574006767709
0.20805359 ,9.559784 ,-1.5948486,23.54230239,87.29679842 ,0.0,65.28556067928093 ,0.0,21:36:07 PM,1574006767714
0.21562195 ,9.560089 ,-1.6022186,23.54230239,87.29679842 ,0.0,65.28556067928093 ,0.0,21:36:07 PM,1574006767719
0.19407654 ,9.542053 ,-1.5718384,23.54230239,87.29679842 ,0.0,65.28556067928093 ,0.0,21:36:07 PM,1574006767726
0.13609314 ,9.491241 ,-1.5569305,23.54230239,87.29679842 ,0.0,65.28556067928093 ,0.0,21:36:07 PM,1574006767729
0.07167053 ,9.494125 ,-1.5076904,23.54230239,87.29679842 ,0.0,65.28556067928093 ,0.0,21:36:07 PM,1574006767734
0.0884552 ,9.463303 ,-1.517746,23.54230239,87.29679842 ,0.0,65.28556067928093 ,0.0,21:36:07 PM,1574006767740
0.13793945 ,9.474319 ,-1.5377808,23.54230239,87.29679842 ,0.0,65.28556067928093 ,0.0,21:36:07 PM,1574006767747
0.18119812 ,9.516083 ,-1.6277771,23.54230239,87.29679842 ,0.0,65.28556067928093 ,0.0,21:36:07 PM,1574006767754
0.19589233 ,9.5798645 ,-1.7103882,23.54230239,87.29679842 ,0.0,65.28556067928093 ,0.0,21:36:07 PM,1574006767761
0.13027954 ,9.606522 ,-1.6832123,23.54230239,87.29679842 ,0.0,65.28556067928093 ,0.0,21:36:07 PM,1574006767764
