x,y,z,latitude,longitude,speed,sound,light,time,timestamp
1.2479095 ,-0.057174683 ,3.6217957,23.5488888,87.30058398 ,0.0,63.37725133203666 ,0.0,21:26:29 PM,1574006189333
2.3192444 ,-0.29629517 ,12.687225,23.5488888,87.30058398 ,0.0,63.37725133203666 ,0.0,21:26:29 PM,1574006189339
4.6643524 ,0.7258911 ,15.8298645,23.5488888,87.30058398 ,0.0,63.37725133203666 ,0.0,21:26:29 PM,1574006189343
2.5796661 ,0.8647156 ,17.207962,23.5488888,87.30058398 ,0.0,63.37725133203666 ,0.0,21:26:29 PM,1574006189347
-2.3520813 ,-0.17323303 ,7.4053497,23.5488888,87.30058398 ,0.0,63.37725133203666 ,0.0,21:26:29 PM,1574006189352
-3.3558807 ,3.223297 ,7.0365753,23.5488888,87.30058398 ,0.0,63.37725133203666 ,0.0,21:26:29 PM,1574006189360
-0.025222778 ,4.3568115 ,5.037735,23.5488888,87.30058398 ,0.0,63.37725133203666 ,0.0,21:26:29 PM,1574006189363
2.3019714 ,1.6066742 ,5.5598907,23.5488888,87.30058398 ,0.0,63.37725133203666 ,0.0,21:26:29 PM,1574006189366
1.8605652 ,-0.090911865 ,12.319977,23.5488888,87.30058398 ,0.0,63.37725133203666 ,0.0,21:26:29 PM,1574006189374
1.398819 ,-1.618866 ,12.044403,23.5488888,87.30058398 ,0.0,63.37725133203666 ,0.0,21:26:29 PM,1574006189376
1.2860107 ,0.8568115 ,15.99353,23.5488888,87.30058398 ,0.0,63.37725133203666 ,0.0,21:26:29 PM,1574006189380
-0.3066101 ,0.15447998 ,10.903244,23.5488888,87.30058398 ,0.0,63.37725133203666 ,0.0,21:26:29 PM,1574006189385
-2.087738 ,2.4997253 ,8.8541565,23.5488888,87.30058398 ,0.0,63.37725133203666 ,0.0,21:26:29 PM,1574006189391
-1.4082642 ,3.12677 ,5.561432,23.5488888,87.30058398 ,0.0,63.37725133203666 ,0.0,21:26:29 PM,1574006189394
1.1598969 ,2.8234863 ,2.779541,23.5488888,87.30058398 ,0.0,63.37725133203666 ,0.0,21:26:29 PM,1574006189399
2.4057312 ,0.81689453 ,8.359879,23.5488888,87.30058398 ,0.0,63.37725133203666 ,0.0,21:26:29 PM,1574006189406
1.5063477 ,-0.43611145 ,13.568207,23.5488888,87.30058398 ,0.0,63.37725133203666 ,0.0,21:26:29 PM,1574006189409
0.22662354 ,-0.6737213 ,15.659042,23.5488888,87.30058398 ,0.0,63.37725133203666 ,0.0,21:26:29 PM,1574006189415
-1.1119537 ,0.27723694 ,12.559692,23.5488888,87.30058398 ,0.0,63.37725133203666 ,0.0,21:26:29 PM,1574006189420
-2.3190308 ,2.85289 ,6.779312,23.5488888,87.30058398 ,0.0,63.37725133203666 ,0.0,21:26:29 PM,1574006189425
-1.7839966 ,4.6329346 ,8.776535,23.5488888,87.30058398 ,0.0,63.37725133203666 ,0.0,21:26:29 PM,1574006189429
1.2381439 ,2.4289856 ,4.3841705,23.5488888,87.30058398 ,0.0,63.37725133203666 ,0.0,21:26:29 PM,1574006189434
2.969101 ,1.5189514 ,9.5234375,23.5488888,87.30058398 ,0.0,63.37725133203666 ,0.0,21:26:29 PM,1574006189440
1.4643707 ,-2.0231018 ,10.06488,23.5488888,87.30058398 ,0.0,63.37725133203666 ,0.0,21:26:29 PM,1574006189443
-0.12867737 ,1.392334 ,16.394012,23.5488888,87.30058398 ,0.0,63.37725133203666 ,0.0,21:26:29 PM,1574006189448
-0.77485657 ,0.37693787 ,9.299423,23.5488888,87.30058398 ,0.0,63.37725133203666 ,0.0,21:26:29 PM,1574006189453
-2.1569061 ,3.102066 ,2.9212036,23.5488888,87.30058398 ,0.0,63.37725133203666 ,0.0,21:26:29 PM,1574006189459
-1.8964539 ,6.4415436 ,8.467255,23.5488888,87.30058398 ,0.0,63.37725133203666 ,0.0,21:26:29 PM,1574006189468
2.088501 ,1.7867737 ,4.069412,23.5488888,87.30058398 ,0.0,63.37725133203666 ,0.0,21:26:29 PM,1574006189474
3.975113 ,1.8318939 ,12.374329,23.5488888,87.30058398 ,0.0,63.37725133203666 ,0.0,21:26:29 PM,1574006189478
0.7296295 ,-3.8754272 ,13.126099,23.5488888,87.30058398 ,0.0,63.37725133203666 ,0.0,21:26:29 PM,1574006189481
-2.1493835 ,-0.14828491 ,17.858734,23.5488888,87.30058398 ,0.0,63.37725133203666 ,0.0,21:26:29 PM,1574006189486
-1.4898529 ,-0.3327179 ,8.160156,23.5488888,87.30058398 ,0.0,63.37725133203666 ,0.0,21:26:29 PM,1574006189494
-1.0230713 ,3.6725006 ,3.3079681,23.5488888,87.30058398 ,0.0,63.37725133203666 ,0.0,21:26:29 PM,1574006189496
-1.2025604 ,4.90448 ,5.278717,23.5488888,87.30058398 ,0.0,63.37725133203666 ,0.0,21:26:29 PM,1574006189501
1.0710754 ,2.7581787 ,9.012802,23.5488888,87.30058398 ,0.0,63.37725133203666 ,0.0,21:26:29 PM,1574006189507
2.9009705 ,0.56036377 ,13.112869,23.5488888,87.30058398 ,0.0,63.37725133203666 ,0.0,21:26:29 PM,1574006189511
0.5309143 ,-3.0468445 ,15.988846,23.5488888,87.30058398 ,0.0,63.37725133203666 ,0.0,21:26:29 PM,1574006189517
-1.9060974 ,-2.6469116 ,16.889236,23.5488888,87.30058398 ,0.0,63.37725133203666 ,0.0,21:26:29 PM,1574006189520
-0.8471527 ,-1.264801 ,9.609436,23.5488888,87.30058398 ,0.0,63.37725133203666 ,0.0,21:26:29 PM,1574006189525
0.19320679 ,2.502655 ,2.0362701,23.5488888,87.30058398 ,0.0,63.37725133203666 ,0.0,21:26:29 PM,1574006189530
-0.56451416 ,4.8475494 ,3.56398,23.5488888,87.30058398 ,0.0,63.37725133203666 ,0.0,21:26:29 PM,1574006189535
0.25572205 ,3.5575256 ,6.533554,23.5488888,87.30058398 ,0.0,63.37725133203666 ,0.0,21:26:29 PM,1574006189541
1.3802643 ,0.8826904 ,13.000275,23.5488888,87.30058398 ,0.0,63.37725133203666 ,0.0,21:26:29 PM,1574006189545
-0.08900452 ,-3.2431335 ,15.793884,23.5488888,87.30058398 ,0.0,63.37725133203666 ,0.0,21:26:29 PM,1574006189549
-1.422821 ,-2.42836 ,19.275467,23.5488888,87.30058398 ,0.0,63.37725133203666 ,0.0,21:26:29 PM,1574006189554
0.30389404 ,-0.9694214 ,12.457214,23.5488888,87.30058398 ,0.0,63.37725133203666 ,0.0,21:26:29 PM,1574006189563
0.9933777 ,2.5520935 ,3.075058,23.5488888,87.30058398 ,0.0,69.23317320928581 ,0.0,21:26:29 PM,1574006189565
-1.030838 ,6.7547455 ,5.718857,23.5488888,87.30058398 ,0.0,69.23317320928581 ,0.0,21:26:29 PM,1574006189569
-0.74742126 ,3.2699738 ,1.8348999,23.5488888,87.30058398 ,0.0,69.23317320928581 ,0.0,21:26:29 PM,1574006189575
1.6098175 ,3.5920258 ,12.008972,23.5488888,87.30058398 ,0.0,69.23317320928581 ,0.0,21:26:29 PM,1574006189577
1.7115784 ,-3.5079956 ,12.388351,23.5488888,87.30058398 ,0.0,69.23317320928581 ,0.0,21:26:29 PM,1574006189582
0.038604736 ,-1.1865234 ,21.475021,23.5488888,87.30058398 ,0.0,69.23317320928581 ,0.0,21:26:29 PM,1574006189586
0.22016907 ,-2.1643066 ,13.744583,23.5488888,87.30058398 ,0.0,69.23317320928581 ,0.0,21:26:29 PM,1574006189596
-0.2970581 ,2.8038788 ,5.125839,23.5488888,87.30058398 ,0.0,69.23317320928581 ,0.0,21:26:29 PM,1574006189601
-3.1881866 ,6.6176605 ,1.9545441,23.5488888,87.30058398 ,0.0,69.23317320928581 ,0.0,21:26:29 PM,1574006189607
-2.4911804 ,4.708206 ,0.79229736,23.5488888,87.30058398 ,0.0,69.23317320928581 ,0.0,21:26:29 PM,1574006189611
1.8977051 ,4.0290985 ,7.7938843,23.5488888,87.30058398 ,0.0,69.23317320928581 ,0.0,21:26:29 PM,1574006189616
3.4610596 ,-2.1177979 ,12.128937,23.5488888,87.30058398 ,0.0,69.23317320928581 ,0.0,21:26:29 PM,1574006189621
1.7051544 ,-1.5799408 ,17.793701,23.5488888,87.30058398 ,0.0,69.23317320928581 ,0.0,21:26:29 PM,1574006189627
0.42588806 ,-1.4130402 ,14.706879,23.5488888,87.30058398 ,0.0,69.23317320928581 ,0.0,21:26:29 PM,1574006189631
-0.9471283 ,2.625351 ,7.499939,23.5488888,87.30058398 ,0.0,69.23317320928581 ,0.0,21:26:29 PM,1574006189637
-3.807785 ,4.913162 ,2.9324493,23.5488888,87.30058398 ,0.0,69.23317320928581 ,0.0,21:26:29 PM,1574006189643
-3.4049835 ,5.002823 ,3.123413,23.5488888,87.30058398 ,0.0,69.23317320928581 ,0.0,21:26:29 PM,1574006189645
0.95910645 ,3.1615143 ,6.4153748,23.5488888,87.30058398 ,0.0,69.23317320928581 ,0.0,21:26:29 PM,1574006189650
3.1226654 ,-0.30134583 ,13.564346,23.5488888,87.30058398 ,0.0,69.23317320928581 ,0.0,21:26:29 PM,1574006189661
1.6587524 ,-2.269104 ,17.529022,23.5488888,87.30058398 ,0.0,69.23317320928581 ,0.0,21:26:29 PM,1574006189663
0.072784424 ,-2.0927582 ,15.709106,23.5488888,87.30058398 ,0.0,69.23317320928581 ,0.0,21:26:29 PM,1574006189665
-1.19104 ,0.40093994 ,7.5417633,23.5488888,87.30058398 ,0.0,69.23317320928581 ,0.0,21:26:29 PM,1574006189669
-3.6101685 ,4.249695 ,5.0748444,23.5488888,87.30058398 ,0.0,69.23317320928581 ,0.0,21:26:29 PM,1574006189676
-3.2370453 ,3.7426147 ,1.6100769,23.5488888,87.30058398 ,0.0,69.23317320928581 ,0.0,21:26:29 PM,1574006189681
0.7886658 ,3.457611 ,8.515015,23.5488888,87.30058398 ,0.0,69.23317320928581 ,0.0,21:26:29 PM,1574006189683
3.2459564 ,-1.4776306 ,11.749725,23.5488888,87.30058398 ,0.0,69.23317320928581 ,0.0,21:26:29 PM,1574006189691
1.8972473 ,-1.1613617 ,19.70633,23.5488888,87.30058398 ,0.0,69.23317320928581 ,0.0,21:26:29 PM,1574006189693
0.19496155 ,-3.275589 ,15.931534,23.5488888,87.30058398 ,0.0,69.23317320928581 ,0.0,21:26:29 PM,1574006189697
-0.93759155 ,-0.07424927 ,8.704712,23.5488888,87.30058398 ,0.0,69.23317320928581 ,0.0,21:26:29 PM,1574006189701
-3.997757 ,3.8037567 ,5.3334656,23.5488888,87.30058398 ,0.0,69.23317320928581 ,0.0,21:26:29 PM,1574006189708
-4.990738 ,2.6666565 ,-1.240387,23.5488888,87.30058398 ,0.0,69.23317320928581 ,0.0,21:26:29 PM,1574006189710
-0.99827576 ,5.3691406 ,5.694687,23.5488888,87.30058398 ,0.0,69.23317320928581 ,0.0,21:26:29 PM,1574006189719
2.7516632 ,-2.3668213 ,10.886642,23.5488888,87.30058398 ,0.0,69.23317320928581 ,0.0,21:26:29 PM,1574006189720
2.438034 ,-0.15713501 ,19.987976,23.5488888,87.30058398 ,0.0,69.23317320928581 ,0.0,21:26:29 PM,1574006189730
0.065093994 ,-4.466629 ,16.985687,23.5488888,87.30058398 ,0.0,69.23317320928581 ,0.0,21:26:29 PM,1574006189734
-1.9679871 ,-0.59417725 ,13.655029,23.5488888,87.30058398 ,0.0,69.23317320928581 ,0.0,21:26:29 PM,1574006189742
-5.180023 ,1.9931793 ,6.86969,23.5488888,87.30058398 ,0.0,69.23317320928581 ,0.0,21:26:29 PM,1574006189744
-6.089905 ,2.7932587 ,5.8693085,23.5488888,87.30058398 ,0.0,69.23317320928581 ,0.0,21:26:29 PM,1574006189748
-2.3121033 ,3.0873566 ,3.1665192,23.5488888,87.30058398 ,0.0,69.23317320928581 ,0.0,21:26:29 PM,1574006189754
0.8998413 ,1.1465454 ,6.9272614,23.5488888,87.30058398 ,0.0,69.23317320928581 ,0.0,21:26:29 PM,1574006189759
0.6831665 ,-0.12667847 ,12.863785,23.5488888,87.30058398 ,0.0,69.23317320928581 ,0.0,21:26:29 PM,1574006189763
0.25213623 ,-0.7587433 ,14.075653,23.5488888,87.30058398 ,0.0,69.23317320928581 ,0.0,21:26:29 PM,1574006189768
0.17927551 ,0.08076477 ,10.027893,23.5488888,87.30058398 ,0.0,69.23317320928581 ,0.0,21:26:29 PM,1574006189775
-2.1761017 ,3.1373901 ,6.986389,23.5488888,87.30058398 ,0.0,69.23317320928581 ,0.0,21:26:29 PM,1574006189778
-4.3741913 ,4.302109 ,5.9124146,23.5488888,87.30058398 ,0.0,69.23317320928581 ,0.0,21:26:29 PM,1574006189782
-2.1146545 ,2.7384186 ,6.250534,23.5488888,87.30058398 ,0.0,69.23317320928581 ,0.0,21:26:29 PM,1574006189788
1.57901 ,0.58029175 ,10.687195,23.5488888,87.30058398 ,0.0,69.23317320928581 ,0.0,21:26:29 PM,1574006189794
1.4337921 ,-1.0023499 ,14.134598,23.5488888,87.30058398 ,0.0,69.23317320928581 ,0.0,21:26:29 PM,1574006189797
-1.3798676 ,-0.6358795 ,14.5239105,23.5488888,87.30058398 ,0.0,69.23317320928581 ,0.0,21:26:29 PM,1574006189802
-3.4709473 ,0.54660034 ,8.529999,23.5488888,87.30058398 ,0.0,69.23317320928581 ,0.0,21:26:29 PM,1574006189809
-4.988098 ,3.776886 ,5.521469,23.5488888,87.30058398 ,0.0,69.23317320928581 ,0.0,21:26:29 PM,1574006189812
-4.115753 ,2.6528015 ,4.270767,23.5488888,87.30058398 ,0.0,69.23317320928581 ,0.0,21:26:29 PM,1574006189816
0.33358765 ,3.48732 ,10.04068,23.5488888,87.30058398 ,0.0,69.23317320928581 ,0.0,21:26:29 PM,1574006189821
