x,y,z,latitude,longitude,speed,sound,light,time,timestamp
1.7453156 ,-1.8951874 ,14.981735,23.54916558,87.30014888 ,24.33600082397461,89.61708818375803 ,1.0,21:26:41 PM,1574006201769
-3.0503235 ,-2.7763062 ,9.808914,23.54916558,87.30014888 ,24.33600082397461,89.61708818375803 ,1.0,21:26:41 PM,1574006201771
-6.0130157 ,-2.0690155 ,3.2557678,23.54916558,87.30014888 ,24.33600082397461,89.61708818375803 ,1.0,21:26:41 PM,1574006201776
-1.0510864 ,-0.057907104 ,4.1948853,23.54916558,87.30014888 ,24.33600082397461,89.61708818375803 ,1.0,21:26:41 PM,1574006201783
3.8612518 ,-0.06401062 ,9.797424,23.54916558,87.30014888 ,24.33600082397461,89.61708818375803 ,1.0,21:26:41 PM,1574006201785
1.174118 ,-3.6181183 ,11.381424,23.54916558,87.30014888 ,24.33600082397461,89.61708818375803 ,1.0,21:26:41 PM,1574006201789
-2.4050293 ,-3.530014 ,15.985977,23.54916558,87.30014888 ,24.33600082397461,89.61708818375803 ,1.0,21:26:41 PM,1574006201794
-0.2506714 ,-3.739746 ,18.497421,23.54916558,87.30014888 ,24.33600082397461,89.61708818375803 ,1.0,21:26:41 PM,1574006201802
2.2488403 ,-4.7879333 ,20.011002,23.54916558,87.30014888 ,24.33600082397461,89.61708818375803 ,1.0,21:26:41 PM,1574006201805
-0.83143616 ,-4.5945435 ,20.427338,23.54916558,87.30014888 ,24.33600082397461,89.61708818375803 ,1.0,21:26:41 PM,1574006201809
-2.1781006 ,-4.621155 ,12.71579,23.54916558,87.30014888 ,24.33600082397461,89.61708818375803 ,1.0,21:26:41 PM,1574006201814
1.3614349 ,1.097992 ,16.7706,23.54916558,87.30014888 ,24.33600082397461,89.61708818375803 ,1.0,21:26:41 PM,1574006201819
0.738327 ,0.4269104 ,7.5242157,23.54916558,87.30014888 ,24.33600082397461,89.61708818375803 ,1.0,21:26:41 PM,1574006201828
-2.3237457 ,0.7770386 ,10.085846,23.54916558,87.30014888 ,24.33600082397461,89.61708818375803 ,1.0,21:26:41 PM,1574006201835
-0.8822937 ,1.4349365 ,10.196136,23.54916558,87.30014888 ,24.33600082397461,89.61708818375803 ,1.0,21:26:41 PM,1574006201838
1.3729553 ,-0.41766357 ,1.8697205,23.54916558,87.30014888 ,24.33600082397461,89.61708818375803 ,1.0,21:26:41 PM,1574006201843
0.5465393 ,0.53067017 ,5.869293,23.54916558,87.30014888 ,24.33600082397461,89.61708818375803 ,1.0,21:26:41 PM,1574006201850
2.3313904 ,0.36026 ,7.2333984,23.54916558,87.30014888 ,24.33600082397461,89.61708818375803 ,1.0,21:26:41 PM,1574006201852
4.9482727 ,0.8200226 ,12.348831,23.54916558,87.30014888 ,24.33600082397461,89.61708818375803 ,1.0,21:26:41 PM,1574006201857
3.0131073 ,0.8413086 ,13.453949,23.54916558,87.30014888 ,24.33600082397461,89.61708818375803 ,1.0,21:26:41 PM,1574006201861
-0.042800903 ,0.32795715 ,12.384048,23.54916558,87.30014888 ,24.33600082397461,89.61708818375803 ,1.0,21:26:41 PM,1574006201868
1.6105804 ,0.32537842 ,12.544601,23.54916558,87.30014888 ,24.33600082397461,89.61708818375803 ,1.0,21:26:41 PM,1574006201871
3.1980896 ,-0.16732788 ,11.557236,23.54916558,87.30014888 ,24.33600082397461,89.61708818375803 ,1.0,21:26:41 PM,1574006201878
0.06581116 ,0.18029785 ,15.92453,23.54916558,87.30014888 ,24.33600082397461,89.61708818375803 ,0.0,21:26:41 PM,1574006201881
-2.3288422 ,0.64523315 ,12.242706,23.54916558,87.30014888 ,24.33600082397461,89.61708818375803 ,0.0,21:26:41 PM,1574006201890
-2.805664 ,1.1840057 ,4.316223,23.54916558,87.30014888 ,24.33600082397461,89.61708818375803 ,0.0,21:26:41 PM,1574006201891
-4.5910034 ,2.0986176 ,1.635849,23.54916558,87.30014888 ,24.33600082397461,89.61708818375803 ,0.0,21:26:41 PM,1574006201895
-4.3280487 ,1.6270905 ,3.0296326,23.54916558,87.30014888 ,24.33600082397461,89.61708818375803 ,0.0,21:26:41 PM,1574006201901
0.5967102 ,2.6533203 ,8.101105,23.54916558,87.30014888 ,24.33600082397461,89.61708818375803 ,0.0,21:26:41 PM,1574006201906
5.2283173 ,0.6958313 ,6.198471,23.54916558,87.30014888 ,24.33600082397461,89.61708818375803 ,0.0,21:26:41 PM,1574006201910
5.991287 ,2.530777 ,8.315094,23.54916558,87.30014888 ,24.33600082397461,89.61708818375803 ,0.0,21:26:41 PM,1574006201917
3.3921814 ,2.8157196 ,4.1911163,23.54916558,87.30014888 ,24.33600082397461,89.61708818375803 ,0.0,21:26:41 PM,1574006201926
-1.1721191 ,3.004242 ,3.2256317,23.54916558,87.30014888 ,24.33600082397461,89.61708818375803 ,0.0,21:26:41 PM,1574006201930
-2.6264343 ,3.140686 ,9.986511,23.54916558,87.30014888 ,24.33600082397461,89.61708818375803 ,0.0,21:26:41 PM,1574006201933
2.0667267 ,1.4964294 ,13.098618,23.54916558,87.30014888 ,24.33600082397461,89.61708818375803 ,0.0,21:26:41 PM,1574006201934
5.891342 ,2.1930847 ,15.499069,23.54919405,87.30009528 ,23.687999725341797,89.61708818375803 ,0.0,21:26:41 PM,1574006201938
2.7500916 ,0.66111755 ,15.051895,23.54919405,87.30009528 ,23.687999725341797,89.61708818375803 ,0.0,21:26:41 PM,1574006201942
-3.0880432 ,-0.59303284 ,17.872726,23.54919405,87.30009528 ,23.687999725341797,89.61708818375803 ,0.0,21:26:41 PM,1574006201947
-4.999939 ,0.28237915 ,12.132065,23.54919405,87.30009528 ,23.687999725341797,89.61708818375803 ,0.0,21:26:41 PM,1574006201957
-3.58992 ,1.2383881 ,8.516312,23.54919405,87.30009528 ,23.687999725341797,89.61708818375803 ,0.0,21:26:41 PM,1574006201961
-0.5655823 ,3.01445 ,2.1798859,23.54919405,87.30009528 ,23.687999725341797,89.61708818375803 ,0.0,21:26:41 PM,1574006201967
3.0929565 ,3.5149994 ,-5.3202972,23.54919405,87.30009528 ,23.687999725341797,89.61708818375803 ,0.0,21:26:41 PM,1574006201971
1.6084137 ,4.2666473 ,0.18673706,23.54919405,87.30009528 ,23.687999725341797,89.61708818375803 ,0.0,21:26:41 PM,1574006201976
-1.3094788 ,1.0035706 ,-1.4851227,23.54919405,87.30009528 ,23.687999725341797,89.61708818375803 ,0.0,21:26:41 PM,1574006201981
0.08407593 ,2.5542603 ,5.6299286,23.54919405,87.30009528 ,23.687999725341797,89.61708818375803 ,0.0,21:26:41 PM,1574006201987
0.9155731 ,2.9502563 ,2.2684326,23.54919405,87.30009528 ,23.687999725341797,89.61708818375803 ,0.0,21:26:41 PM,1574006201991
-0.51968384 ,1.4368286 ,4.4971924,23.54919405,87.30009528 ,23.687999725341797,89.61708818375803 ,0.0,21:26:41 PM,1574006201998
2.3144226 ,2.453537 ,16.409943,23.54919405,87.30009528 ,23.687999725341797,89.61708818375803 ,0.0,21:26:42 PM,1574006202006
6.0316925 ,0.19558716 ,14.867676,23.54919405,87.30009528 ,23.687999725341797,89.61708818375803 ,0.0,21:26:42 PM,1574006202009
2.028778 ,-2.196518 ,10.765518,23.54919405,87.30009528 ,23.687999725341797,89.61708818375803 ,0.0,21:26:42 PM,1574006202012
-4.3834076 ,-0.60276794 ,12.723343,23.54919405,87.30009528 ,23.687999725341797,89.61708818375803 ,0.0,21:26:42 PM,1574006202020
-5.707489 ,-1.2918701 ,10.872101,23.54919405,87.30009528 ,23.687999725341797,89.61708818375803 ,0.0,21:26:42 PM,1574006202023
-3.479416 ,-3.0787354 ,8.592712,23.54919405,87.30009528 ,23.687999725341797,89.61708818375803 ,0.0,21:26:42 PM,1574006202028
0.03163147 ,-3.1970367 ,10.3940735,23.54919405,87.30009528 ,23.687999725341797,89.61708818375803 ,0.0,21:26:42 PM,1574006202031
4.2317657 ,-2.630844 ,10.9198,23.54919405,87.30009528 ,23.687999725341797,90.40164396194461 ,0.0,21:26:42 PM,1574006202039
4.360733 ,-2.9975128 ,12.487701,23.54919405,87.30009528 ,23.687999725341797,90.40164396194461 ,0.0,21:26:42 PM,1574006202043
-1.1800842 ,-2.898529 ,18.423767,23.54919405,87.30009528 ,23.687999725341797,90.40164396194461 ,0.0,21:26:42 PM,1574006202045
-4.4230804 ,-5.349106 ,15.484009,23.54919405,87.30009528 ,23.687999725341797,90.40164396194461 ,0.0,21:26:42 PM,1574006202050
-3.0215607 ,-0.8098602 ,20.487976,23.54919405,87.30009528 ,23.687999725341797,90.40164396194461 ,0.0,21:26:42 PM,1574006202056
-1.0585022 ,-2.6594086 ,10.747147,23.54919405,87.30009528 ,23.687999725341797,90.40164396194461 ,0.0,21:26:42 PM,1574006202058
1.706604 ,-2.1310577 ,9.347855,23.54919405,87.30009528 ,23.687999725341797,90.40164396194461 ,0.0,21:26:42 PM,1574006202064
5.9350433 ,2.8462982 ,12.461105,23.54919405,87.30009528 ,23.687999725341797,90.40164396194461 ,0.0,21:26:42 PM,1574006202073
6.676544 ,-0.60227966 ,-5.223755,23.54919405,87.30009528 ,23.687999725341797,90.40164396194461 ,0.0,21:26:42 PM,1574006202075
4.5404663 ,4.545517 ,1.5045776,23.54919405,87.30009528 ,23.687999725341797,90.40164396194461 ,0.0,21:26:42 PM,1574006202077
4.2641754 ,3.2073517 ,3.1431427,23.54919405,87.30009528 ,23.687999725341797,90.40164396194461 ,0.0,21:26:42 PM,1574006202088
5.9336395 ,0.31819153 ,3.1815643,23.54919405,87.30009528 ,23.687999725341797,90.40164396194461 ,0.0,21:26:42 PM,1574006202091
0.7111664 ,3.7252502 ,16.163742,23.54919405,87.30009528 ,23.687999725341797,90.40164396194461 ,0.0,21:26:42 PM,1574006202100
-5.7822876 ,-1.3916473 ,11.518692,23.54919405,87.30009528 ,23.687999725341797,90.40164396194461 ,0.0,21:26:42 PM,1574006202105
-3.977066 ,1.3559113 ,9.526352,23.54919405,87.30009528 ,23.687999725341797,90.40164396194461 ,0.0,21:26:42 PM,1574006202106
0.9926605 ,1.5222473 ,10.0672,23.54919405,87.30009528 ,23.687999725341797,90.40164396194461 ,0.0,21:26:42 PM,1574006202111
1.555191 ,0.04850769 ,15.073624,23.54919405,87.30009528 ,23.687999725341797,90.40164396194461 ,0.0,21:26:42 PM,1574006202117
-0.02279663 ,-1.748703 ,15.13884,23.54919405,87.30009528 ,23.687999725341797,90.40164396194461 ,0.0,21:26:42 PM,1574006202121
-1.9816132 ,0.6392822 ,15.461594,23.54919405,87.30009528 ,23.687999725341797,90.40164396194461 ,0.0,21:26:42 PM,1574006202126
-4.8368835 ,0.06085205 ,5.897354,23.54919405,87.30009528 ,23.687999725341797,90.40164396194461 ,0.0,21:26:42 PM,1574006202130
-5.164612 ,0.41175842 ,1.9128876,23.54919405,87.30009528 ,23.687999725341797,90.40164396194461 ,0.0,21:26:42 PM,1574006202138
-2.1764526 ,3.0451813 ,6.210434,23.54919405,87.30009528 ,23.687999725341797,90.40164396194461 ,0.0,21:26:42 PM,1574006202140
0.35656738 ,-0.291687 ,6.2719574,23.54919405,87.30009528 ,23.687999725341797,90.40164396194461 ,0.0,21:26:42 PM,1574006202145
2.624054 ,-2.8209229 ,15.508667,23.54919405,87.30009528 ,23.687999725341797,90.40164396194461 ,0.0,21:26:42 PM,1574006202154
5.6688538 ,-3.0515442 ,23.829361,23.54919405,87.30009528 ,23.687999725341797,90.40164396194461 ,0.0,21:26:42 PM,1574006202156
4.752121 ,-3.710205 ,25.793243,23.54919405,87.30009528 ,23.687999725341797,90.40164396194461 ,0.0,21:26:42 PM,1574006202158
-0.21792603 ,-6.7134247 ,17.211182,23.54919405,87.30009528 ,23.687999725341797,90.40164396194461 ,0.0,21:26:42 PM,1574006202164
-2.8095245 ,-3.997284 ,12.344772,23.54919405,87.30009528 ,23.687999725341797,90.40164396194461 ,0.0,21:26:42 PM,1574006202169
-1.4987488 ,-0.7618866 ,5.4904175,23.54919405,87.30009528 ,23.687999725341797,90.40164396194461 ,0.0,21:26:42 PM,1574006202174
1.3842926 ,1.0086365 ,-4.685318,23.54919405,87.30009528 ,23.687999725341797,90.40164396194461 ,0.0,21:26:42 PM,1574006202178
4.1557007 ,0.09637451 ,1.2877502,23.54919405,87.30009528 ,23.687999725341797,90.40164396194461 ,0.0,21:26:42 PM,1574006202183
5.2714996 ,-1.5364838 ,13.037537,23.54919405,87.30009528 ,23.687999725341797,90.40164396194461 ,0.0,21:26:42 PM,1574006202188
1.6260223 ,-1.1790009 ,18.806152,23.54919405,87.30009528 ,23.687999725341797,90.40164396194461 ,0.0,21:26:42 PM,1574006202193
-4.235077 ,-5.072754 ,20.118073,23.54919405,87.30009528 ,23.687999725341797,90.40164396194461 ,0.0,21:26:42 PM,1574006202201
-1.0261688 ,-3.6352844 ,23.902527,23.54919405,87.30009528 ,23.687999725341797,90.40164396194461 ,0.0,21:26:42 PM,1574006202206
7.1826935 ,-0.76249695 ,23.630371,23.54919405,87.30009528 ,23.687999725341797,90.40164396194461 ,0.0,21:26:42 PM,1574006202207
5.799362 ,-0.3253479 ,13.894379,23.54919405,87.30009528 ,23.687999725341797,90.40164396194461 ,0.0,21:26:42 PM,1574006202212
-1.1454163 ,0.9670563 ,12.007034,23.54919405,87.30009528 ,23.687999725341797,90.40164396194461 ,0.0,21:26:42 PM,1574006202222
-0.73217773 ,4.8822174 ,2.4622192,23.54919405,87.30009528 ,23.687999725341797,90.40164396194461 ,0.0,21:26:42 PM,1574006202226
-0.79299927 ,6.020874 ,-4.483963,23.54919405,87.30009528 ,23.687999725341797,90.40164396194461 ,0.0,21:26:42 PM,1574006202231
-3.8816986 ,4.296997 ,-3.480606,23.54919405,87.30009528 ,23.687999725341797,90.40164396194461 ,0.0,21:26:42 PM,1574006202238
-1.3043823 ,2.4855042 ,-2.0253754,23.54919405,87.30009528 ,23.687999725341797,90.40164396194461 ,0.0,21:26:42 PM,1574006202242
3.3484802 ,6.3318634 ,10.641037,23.54919405,87.30009528 ,23.687999725341797,90.40164396194461 ,0.0,21:26:42 PM,1574006202246
1.7580261 ,4.738678 ,-2.618454,23.54919405,87.30009528 ,23.687999725341797,90.40164396194461 ,0.0,21:26:42 PM,1574006202250
-0.6457977 ,6.108032 ,-8.48674,23.54919405,87.30009528 ,23.687999725341797,90.40164396194461 ,0.0,21:26:42 PM,1574006202256
3.172882 ,9.915527 ,-3.4889526,23.54919405,87.30009528 ,23.687999725341797,90.40164396194461 ,0.0,21:26:42 PM,1574006202260
