x,y,z,latitude,longitude,speed,sound,light,time,timestamp
-0.16851807 ,0.8640442 ,8.635376,23.5503071,87.29822081 ,22.68000068664551,87.4955139638417 ,0.0,21:27:16 PM,1574006236091
1.0375061 ,-0.3921814 ,8.744034,23.5503071,87.29822081 ,22.68000068664551,87.4955139638417 ,0.0,21:27:16 PM,1574006236094
1.4605865 ,-0.98864746 ,13.1779175,23.5503071,87.29822081 ,22.68000068664551,87.4955139638417 ,0.0,21:27:16 PM,1574006236099
1.8079224 ,-0.43203735 ,16.203888,23.5503071,87.29822081 ,22.68000068664551,87.4955139638417 ,0.0,21:27:16 PM,1574006236104
-0.9076996 ,-1.9762878 ,11.519791,23.5503071,87.29822081 ,22.68000068664551,87.4955139638417 ,0.0,21:27:16 PM,1574006236110
-3.9012299 ,0.302536 ,14.649506,23.5503071,87.29822081 ,22.68000068664551,87.4955139638417 ,0.0,21:27:16 PM,1574006236113
-1.793335 ,-0.9516754 ,9.258591,23.5503071,87.29822081 ,22.68000068664551,87.4955139638417 ,0.0,21:27:16 PM,1574006236118
2.2506714 ,0.6623535 ,11.60054,23.5503071,87.29822081 ,22.68000068664551,85.6492133349862 ,0.0,21:27:16 PM,1574006236129
3.089386 ,-0.089035034 ,8.574356,23.5503071,87.29822081 ,22.68000068664551,85.6492133349862 ,0.0,21:27:16 PM,1574006236132
0.84236145 ,-0.23417664 ,7.0858154,23.5503071,87.29822081 ,22.68000068664551,85.6492133349862 ,0.0,21:27:16 PM,1574006236134
-1.1695862 ,1.037857 ,15.167694,23.5503071,87.29822081 ,22.68000068664551,85.6492133349862 ,0.0,21:27:16 PM,1574006236143
-0.20637512 ,-0.72491455 ,5.6318817,23.5503071,87.29822081 ,22.68000068664551,85.6492133349862 ,0.0,21:27:16 PM,1574006236147
1.4563751 ,0.7593689 ,8.458237,23.5503071,87.29822081 ,22.68000068664551,85.6492133349862 ,0.0,21:27:16 PM,1574006236151
0.90226746 ,3.1868896 ,12.193832,23.5503071,87.29822081 ,22.68000068664551,85.6492133349862 ,0.0,21:27:16 PM,1574006236158
0.49790955 ,1.2929688 ,4.375107,23.5503071,87.29822081 ,22.68000068664551,85.6492133349862 ,0.0,21:27:16 PM,1574006236163
1.0205536 ,3.2613525 ,6.7373505,23.5503071,87.29822081 ,22.68000068664551,85.6492133349862 ,0.0,21:27:16 PM,1574006236165
0.83854675 ,3.54245 ,6.8538055,23.5503071,87.29822081 ,22.68000068664551,85.6492133349862 ,0.0,21:27:16 PM,1574006236171
0.08766174 ,1.4143219 ,7.021454,23.5503071,87.29822081 ,22.68000068664551,85.6492133349862 ,0.0,21:27:16 PM,1574006236175
0.5582123 ,1.8664093 ,11.315781,23.5503071,87.29822081 ,22.68000068664551,85.6492133349862 ,0.0,21:27:16 PM,1574006236179
0.6782532 ,-0.6496582 ,9.083893,23.5503071,87.29822081 ,22.68000068664551,85.6492133349862 ,0.0,21:27:16 PM,1574006236184
-0.58206177 ,0.5356293 ,12.249954,23.5503071,87.29822081 ,22.68000068664551,85.6492133349862 ,0.0,21:27:16 PM,1574006236193
-0.6318817 ,0.19425964 ,10.352417,23.5503071,87.29822081 ,22.68000068664551,85.6492133349862 ,0.0,21:27:16 PM,1574006236194
0.7444763 ,0.8310547 ,12.061768,23.5503071,87.29822081 ,22.68000068664551,85.6492133349862 ,0.0,21:27:16 PM,1574006236198
0.79138184 ,0.69818115 ,11.356262,23.5503071,87.29822081 ,22.68000068664551,85.6492133349862 ,0.0,21:27:16 PM,1574006236203
-0.49957275 ,0.20574951 ,8.279449,23.5503071,87.29822081 ,22.68000068664551,85.6492133349862 ,0.0,21:27:16 PM,1574006236208
-1.225708 ,1.0433655 ,9.371216,23.5503071,87.29822081 ,22.68000068664551,85.6492133349862 ,0.0,21:27:16 PM,1574006236212
-0.053970337 ,-0.17088318 ,6.647339,23.5503071,87.29822081 ,22.68000068664551,85.6492133349862 ,0.0,21:27:16 PM,1574006236217
2.3414001 ,0.15245056 ,8.264465,23.5503071,87.29822081 ,22.68000068664551,85.6492133349862 ,0.0,21:27:16 PM,1574006236222
2.5752106 ,1.1759796 ,12.730728,23.5503071,87.29822081 ,22.68000068664551,85.6492133349862 ,0.0,21:27:16 PM,1574006236227
0.5312805 ,-0.42791748 ,10.8172,23.5503071,87.29822081 ,22.68000068664551,85.6492133349862 ,0.0,21:27:16 PM,1574006236231
0.028640747 ,0.6253357 ,9.02446,23.5503071,87.29822081 ,22.68000068664551,85.6492133349862 ,0.0,21:27:16 PM,1574006236237
0.49227905 ,0.11477661 ,7.0635376,23.5503071,87.29822081 ,22.68000068664551,85.6492133349862 ,0.0,21:27:16 PM,1574006236243
-0.17718506 ,1.9306488 ,16.009277,23.5503071,87.29822081 ,22.68000068664551,85.6492133349862 ,0.0,21:27:16 PM,1574006236247
1.0329285 ,-0.010559082 ,11.230515,23.5503071,87.29822081 ,22.68000068664551,85.6492133349862 ,0.0,21:27:16 PM,1574006236251
2.911728 ,0.45309448 ,3.6667938,23.5503071,87.29822081 ,22.68000068664551,85.6492133349862 ,0.0,21:27:16 PM,1574006236257
-1.0398407 ,6.5113525 ,12.768478,23.5503071,87.29822081 ,22.68000068664551,85.6492133349862 ,0.0,21:27:16 PM,1574006236262
-4.6516113 ,0.4530182 ,0.78248596,23.5503071,87.29822081 ,22.68000068664551,85.6492133349862 ,0.0,21:27:16 PM,1574006236274
1.4601593 ,1.715332 ,6.8211823,23.5503071,87.29822081 ,22.68000068664551,85.6492133349862 ,0.0,21:27:16 PM,1574006236275
7.7682953 ,2.6500702 ,10.684586,23.5503071,87.29822081 ,22.68000068664551,85.6492133349862 ,0.0,21:27:16 PM,1574006236281
3.707077 ,0.033309937 ,6.3504333,23.5503071,87.29822081 ,22.68000068664551,85.6492133349862 ,0.0,21:27:16 PM,1574006236286
-3.2377625 ,0.83691406 ,11.712936,23.5503071,87.29822081 ,22.68000068664551,85.6492133349862 ,0.0,21:27:16 PM,1574006236294
-2.7776947 ,0.042175293 ,10.204742,23.5503071,87.29822081 ,22.68000068664551,85.6492133349862 ,0.0,21:27:16 PM,1574006236296
1.3153229 ,-0.51651 ,11.32106,23.5503071,87.29822081 ,22.68000068664551,85.6492133349862 ,0.0,21:27:16 PM,1574006236300
2.6276093 ,0.57832336 ,17.131989,23.5503071,87.29822081 ,22.68000068664551,85.6492133349862 ,0.0,21:27:16 PM,1574006236305
1.5531769 ,-2.0675507 ,12.576263,23.5503071,87.29822081 ,22.68000068664551,85.6492133349862 ,0.0,21:27:16 PM,1574006236310
-0.4245453 ,-0.021118164 ,14.016022,23.5503071,87.29822081 ,22.68000068664551,85.6492133349862 ,0.0,21:27:16 PM,1574006236316
-2.6129913 ,-0.5714569 ,8.968262,23.5503071,87.29822081 ,22.68000068664551,85.6492133349862 ,0.0,21:27:16 PM,1574006236320
-2.0677032 ,0.9174042 ,9.953049,23.5503071,87.29822081 ,22.68000068664551,85.6492133349862 ,0.0,21:27:16 PM,1574006236327
1.9025574 ,1.9375153 ,11.388168,23.5503071,87.29822081 ,22.68000068664551,85.6492133349862 ,0.0,21:27:16 PM,1574006236329
4.2233124 ,0.76168823 ,8.891525,23.5503071,87.29822081 ,22.68000068664551,85.6492133349862 ,0.0,21:27:16 PM,1574006236333
1.9006805 ,-0.013900757 ,12.821457,23.5503071,87.29822081 ,22.68000068664551,85.6492133349862 ,0.0,21:27:16 PM,1574006236338
-0.16421509 ,-1.4088745 ,12.047974,23.5503071,87.29822081 ,22.68000068664551,85.6492133349862 ,0.0,21:27:16 PM,1574006236343
0.70736694 ,-0.2659607 ,10.224609,23.5503071,87.29822081 ,22.68000068664551,85.6492133349862 ,0.0,21:27:16 PM,1574006236348
0.70202637 ,2.2573547 ,9.196793,23.5503071,87.29822081 ,22.68000068664551,85.6492133349862 ,0.0,21:27:16 PM,1574006236353
0.09303284 ,2.8304443 ,6.552765,23.5503071,87.29822081 ,22.68000068664551,85.6492133349862 ,0.0,21:27:16 PM,1574006236360
2.23172 ,4.9264984 ,5.658615,23.5503071,87.29822081 ,22.68000068664551,85.6492133349862 ,0.0,21:27:16 PM,1574006236363
3.8909454 ,3.8346863 ,2.1282043,23.5503071,87.29822081 ,22.68000068664551,85.6492133349862 ,0.0,21:27:16 PM,1574006236368
1.0696411 ,4.046829 ,8.136642,23.5503071,87.29822081 ,22.68000068664551,85.6492133349862 ,0.0,21:27:16 PM,1574006236373
-1.5568848 ,2.608551 ,10.04834,23.5503071,87.29822081 ,22.68000068664551,85.6492133349862 ,0.0,21:27:16 PM,1574006236379
-0.15859985 ,0.73342896 ,10.871826,23.5503071,87.29822081 ,22.68000068664551,85.6492133349862 ,0.0,21:27:16 PM,1574006236382
1.1188354 ,2.4665985 ,15.260056,23.5503071,87.29822081 ,22.68000068664551,85.6492133349862 ,0.0,21:27:16 PM,1574006236387
0.11505127 ,0.55807495 ,7.5140686,23.5503071,87.29822081 ,22.68000068664551,85.6492133349862 ,0.0,21:27:16 PM,1574006236393
-0.236969 ,0.851532 ,7.704193,23.5503071,87.29822081 ,22.68000068664551,85.6492133349862 ,0.0,21:27:16 PM,1574006236397
-0.22825623 ,1.41745 ,10.204086,23.5503071,87.29822081 ,22.68000068664551,85.6492133349862 ,0.0,21:27:16 PM,1574006236407
-0.70970154 ,-1.5310059 ,9.262833,23.5503071,87.29822081 ,22.68000068664551,85.6492133349862 ,0.0,21:27:16 PM,1574006236414
-0.2682953 ,-0.60350037 ,12.565063,23.5503071,87.29822081 ,22.68000068664551,85.6492133349862 ,0.0,21:27:16 PM,1574006236416
0.71562195 ,1.0192413 ,14.132462,23.5503071,87.29822081 ,22.68000068664551,85.6492133349862 ,0.0,21:27:16 PM,1574006236420
1.3862305 ,-0.9742279 ,9.082779,23.5503071,87.29822081 ,22.68000068664551,85.6492133349862 ,0.0,21:27:16 PM,1574006236427
2.5747528 ,1.4062653 ,10.748428,23.5503071,87.29822081 ,22.68000068664551,85.6492133349862 ,0.0,21:27:16 PM,1574006236429
2.995041 ,0.8542023 ,10.600433,23.5503071,87.29822081 ,22.68000068664551,85.6492133349862 ,0.0,21:27:16 PM,1574006236434
0.7773285 ,1.4795227 ,11.530975,23.5503071,87.29822081 ,22.68000068664551,85.6492133349862 ,0.0,21:27:16 PM,1574006236439
-0.8881531 ,-0.61468506 ,6.1952972,23.5503071,87.29822081 ,22.68000068664551,85.6492133349862 ,0.0,21:27:16 PM,1574006236444
-0.19506836 ,-0.42219543 ,10.160004,23.5503071,87.29822081 ,22.68000068664551,85.6492133349862 ,0.0,21:27:16 PM,1574006236449
1.6878815 ,0.13650513 ,14.648331,23.5503071,87.29822081 ,22.68000068664551,85.6492133349862 ,0.0,21:27:16 PM,1574006236453
3.0649414 ,-0.6562195 ,10.416992,23.5503071,87.29822081 ,22.68000068664551,85.6492133349862 ,0.0,21:27:16 PM,1574006236460
1.7675476 ,1.2180939 ,9.8789215,23.5503071,87.29822081 ,22.68000068664551,85.6492133349862 ,0.0,21:27:16 PM,1574006236464
-0.21697998 ,1.7541351 ,7.544739,23.5503071,87.29822081 ,22.68000068664551,85.6492133349862 ,0.0,21:27:16 PM,1574006236468
1.1389008 ,1.861969 ,6.726944,23.5503071,87.29822081 ,22.68000068664551,85.6492133349862 ,0.0,21:27:16 PM,1574006236474
3.2296753 ,2.7770386 ,12.369247,23.5503071,87.29822081 ,22.68000068664551,85.6492133349862 ,0.0,21:27:16 PM,1574006236481
1.6767273 ,0.18765259 ,11.605301,23.5503071,87.29822081 ,22.68000068664551,85.6492133349862 ,0.0,21:27:16 PM,1574006236484
-0.673172 ,1.1921997 ,13.247116,23.5503071,87.29822081 ,22.68000068664551,85.6492133349862 ,0.0,21:27:16 PM,1574006236489
-0.07984924 ,1.2560577 ,11.272217,23.5503071,87.29822081 ,22.68000068664551,85.6492133349862 ,0.0,21:27:16 PM,1574006236496
1.073349 ,1.6046143 ,8.735123,23.5503071,87.29822081 ,22.68000068664551,85.6492133349862 ,0.0,21:27:16 PM,1574006236497
0.5753937 ,2.7511597 ,8.660309,23.5503071,87.29822081 ,22.68000068664551,85.6492133349862 ,0.0,21:27:16 PM,1574006236501
0.6977844 ,3.181656 ,4.5164948,23.5503071,87.29822081 ,22.68000068664551,85.6492133349862 ,0.0,21:27:16 PM,1574006236506
0.94148254 ,5.3059387 ,4.453705,23.5503071,87.29822081 ,22.68000068664551,85.6492133349862 ,0.0,21:27:16 PM,1574006236511
-0.3403473 ,4.4935455 ,0.37625122,23.5503071,87.29822081 ,22.68000068664551,85.6492133349862 ,0.0,21:27:16 PM,1574006236516
0.13938904 ,3.1737518 ,4.5518646,23.5503071,87.29822081 ,22.68000068664551,85.6492133349862 ,0.0,21:27:16 PM,1574006236520
2.836258 ,4.793045 ,12.362335,23.5503071,87.29822081 ,22.68000068664551,85.6492133349862 ,0.0,21:27:16 PM,1574006236528
2.4509125 ,1.145935 ,9.077728,23.5503071,87.29822081 ,22.68000068664551,85.6492133349862 ,0.0,21:27:16 PM,1574006236535
-0.86421204 ,0.91659546 ,11.989838,23.5503071,87.29822081 ,22.68000068664551,85.6492133349862 ,0.0,21:27:16 PM,1574006236539
-1.3959198 ,3.0345612 ,13.514648,23.5503071,87.29822081 ,22.68000068664551,85.6492133349862 ,0.0,21:27:16 PM,1574006236545
0.24777222 ,-0.48634338 ,5.683014,23.5503071,87.29822081 ,22.68000068664551,85.6492133349862 ,0.0,21:27:16 PM,1574006236549
1.6081238 ,2.131012 ,10.20224,23.5503071,87.29822081 ,22.68000068664551,85.6492133349862 ,0.0,21:27:16 PM,1574006236554
1.9378052 ,0.527298 ,7.135895,23.5503071,87.29822081 ,22.68000068664551,85.6492133349862 ,0.0,21:27:16 PM,1574006236561
1.0813751 ,1.0685883 ,6.327408,23.5503071,87.29822081 ,22.68000068664551,85.6492133349862 ,0.0,21:27:16 PM,1574006236564
-0.68989563 ,1.5803833 ,7.7245026,23.5503071,87.29822081 ,22.68000068664551,85.6492133349862 ,0.0,21:27:16 PM,1574006236568
-2.0123138 ,0.4784088 ,9.675415,23.5503071,87.29822081 ,22.68000068664551,85.6492133349862 ,0.0,21:27:16 PM,1574006236574
-0.95285034 ,0.40623474 ,11.773087,23.5503071,87.29822081 ,22.68000068664551,85.6492133349862 ,0.0,21:27:16 PM,1574006236580
1.5432587 ,-0.05645752 ,11.307922,23.5503071,87.29822081 ,22.68000068664551,85.6492133349862 ,0.0,21:27:16 PM,1574006236583
