x,y,z,latitude,longitude,speed,sound,light,time,timestamp
-7.68 ,7.711 ,25.267,23.55702666666667,87.29884166666668 ,40.14895248413086,81.96016503831197 ,4078.0,10:12:15 AM,1572669735702
-6.327 ,3.796 ,16.42,23.55702666666667,87.29884166666668 ,40.14895248413086,81.96016503831197 ,4078.0,10:12:15 AM,1572669735706
-6.039 ,-1.009 ,4.98,23.55702666666667,87.29884166666668 ,40.14895248413086,81.96016503831197 ,4078.0,10:12:15 AM,1572669735706
-0.392 ,-1.817 ,7.751,23.55702666666667,87.29884166666668 ,40.14895248413086,81.96016503831197 ,4078.0,10:12:15 AM,1572669735711
-1.89 ,4.793 ,-3.143,23.55702666666667,87.29884166666668 ,40.14895248413086,81.96016503831197 ,4078.0,10:12:15 AM,1572669735712
-0.364 ,6.51 ,-2.062,23.55702666666667,87.29884166666668 ,40.14895248413086,81.96016503831197 ,4078.0,10:12:15 AM,1572669735716
8.546 ,2.49 ,-4.669,23.55702666666667,87.29884166666668 ,40.14895248413086,81.96016503831197 ,4078.0,10:12:15 AM,1572669735717
3.206 ,-2.964 ,-21.063,23.55702666666667,87.29884166666668 ,40.14895248413086,81.96016503831197 ,4078.0,10:12:15 AM,1572669735720
3.359 ,-1.565 ,-5.538,23.55702666666667,87.29884166666668 ,40.14895248413086,81.96016503831197 ,4078.0,10:12:15 AM,1572669735721
1.895 ,4.033 ,12.57,23.55702666666667,87.29884166666668 ,40.14895248413086,81.96016503831197 ,4078.0,10:12:15 AM,1572669735725
1.945 ,4.528 ,12.652,23.55702666666667,87.29884166666668 ,40.14895248413086,81.96016503831197 ,4078.0,10:12:15 AM,1572669735726
0.299 ,3.005 ,10.998,23.55702666666667,87.29884166666668 ,40.14895248413086,81.96016503831197 ,4078.0,10:12:15 AM,1572669735730
3.318 ,4.0 ,18.414,23.55702666666667,87.29884166666668 ,40.14895248413086,81.96016503831197 ,4078.0,10:12:15 AM,1572669735731
2.373 ,9.089 ,19.853,23.55702666666667,87.29884166666668 ,40.14895248413086,81.96016503831197 ,4078.0,10:12:15 AM,1572669735735
0.697 ,8.118 ,9.511,23.55702666666667,87.29884166666668 ,40.14895248413086,81.96016503831197 ,4078.0,10:12:15 AM,1572669735735
1.168 ,2.309 ,15.036,23.55702666666667,87.29884166666668 ,40.14895248413086,81.96016503831197 ,4078.0,10:12:15 AM,1572669735740
-8.444 ,5.833 ,10.766,23.55702666666667,87.29884166666668 ,40.14895248413086,81.96016503831197 ,4078.0,10:12:15 AM,1572669735740
-3.701 ,8.719 ,15.45,23.55702666666667,87.29884166666668 ,40.14895248413086,81.96016503831197 ,4078.0,10:12:15 AM,1572669735745
0.773 ,5.666 ,7.434,23.55702666666667,87.29884166666668 ,40.14895248413086,81.96016503831197 ,4078.0,10:12:15 AM,1572669735745
1.471 ,2.443 ,-0.573,23.55702666666667,87.29884166666668 ,40.14895248413086,81.96016503831197 ,4078.0,10:12:15 AM,1572669735749
2.821 ,1.206 ,9.976,23.55702666666667,87.29884166666668 ,40.14895248413086,81.96016503831197 ,4078.0,10:12:15 AM,1572669735750
-2.907 ,-0.945 ,3.923,23.55702666666667,87.29884166666668 ,40.14895248413086,81.96016503831197 ,4078.0,10:12:15 AM,1572669735755
-3.361 ,1.25 ,-2.731,23.55702666666667,87.29884166666668 ,40.14895248413086,81.96016503831197 ,4078.0,10:12:15 AM,1572669735756
7.866 ,-11.168 ,-10.638,23.55702666666667,87.29884166666668 ,40.14895248413086,81.96016503831197 ,4078.0,10:12:15 AM,1572669735760
-1.046 ,-8.71 ,-18.737,23.55702666666667,87.29884166666668 ,40.14895248413086,81.96016503831197 ,4078.0,10:12:15 AM,1572669735760
-1.225 ,-0.33 ,6.051,23.55702666666667,87.29884166666668 ,40.14895248413086,81.96016503831197 ,4078.0,10:12:15 AM,1572669735766
-0.868 ,2.941 ,18.455,23.55702666666667,87.29884166666668 ,40.14895248413086,81.96016503831197 ,4078.0,10:12:15 AM,1572669735766
-4.307 ,-0.444 ,8.811,23.55702666666667,87.29884166666668 ,40.14895248413086,81.96016503831197 ,4078.0,10:12:15 AM,1572669735770
-6.612 ,-1.874 ,13.116,23.55702666666667,87.29884166666668 ,40.14895248413086,81.96016503831197 ,4078.0,10:12:15 AM,1572669735771
-4.744 ,2.535 ,27.407,23.55702666666667,87.29884166666668 ,40.14895248413086,81.96016503831197 ,4078.0,10:12:15 AM,1572669735775
-5.221 ,1.231 ,29.924,23.55702666666667,87.29884166666668 ,40.14895248413086,81.96016503831197 ,4078.0,10:12:15 AM,1572669735775
-6.497 ,0.302 ,20.527,23.55702666666667,87.29884166666668 ,40.14895248413086,81.96016503831197 ,4078.0,10:12:15 AM,1572669735780
-1.948 ,-0.762 ,17.747,23.55702666666667,87.29884166666668 ,40.14895248413086,81.96016503831197 ,4078.0,10:12:15 AM,1572669735780
2.284 ,-0.32 ,19.589,23.55702666666667,87.29884166666668 ,40.14895248413086,81.96016503831197 ,4078.0,10:12:15 AM,1572669735788
-1.482 ,3.936 ,15.2,23.55702666666667,87.29884166666668 ,40.14895248413086,81.96016503831197 ,4078.0,10:12:15 AM,1572669735790
3.131 ,5.211 ,14.447,23.55702666666667,87.29884166666668 ,40.14895248413086,81.96016503831197 ,4078.0,10:12:15 AM,1572669735791
1.701 ,3.013 ,2.738,23.55702666666667,87.29884166666668 ,40.14895248413086,81.96016503831197 ,4078.0,10:12:15 AM,1572669735792
2.697 ,3.29 ,11.413,23.55702666666667,87.29884166666668 ,40.14895248413086,81.96016503831197 ,3391.0,10:12:15 AM,1572669735796
-3.182 ,6.065 ,3.442,23.55702666666667,87.29884166666668 ,40.14895248413086,81.96016503831197 ,3391.0,10:12:15 AM,1572669735797
-7.381 ,10.014 ,-4.834,23.55702666666667,87.29884166666668 ,40.14895248413086,81.96016503831197 ,3391.0,10:12:15 AM,1572669735800
2.234 ,8.11 ,-3.452,23.55702666666667,87.29884166666668 ,40.14895248413086,81.96016503831197 ,3391.0,10:12:15 AM,1572669735801
-1.212 ,-2.754 ,-28.482,23.55702666666667,87.29884166666668 ,40.14895248413086,81.96016503831197 ,3391.0,10:12:15 AM,1572669735805
-1.432 ,0.56 ,-14.505,23.55702666666667,87.29884166666668 ,40.14895248413086,81.96016503831197 ,3391.0,10:12:15 AM,1572669735805
-0.039 ,5.364 ,5.128,23.55702666666667,87.29884166666668 ,40.14895248413086,81.96016503831197 ,3391.0,10:12:15 AM,1572669735810
-0.348 ,8.436 ,9.76,23.55702666666667,87.29884166666668 ,40.14895248413086,81.96016503831197 ,3391.0,10:12:15 AM,1572669735810
-1.344 ,5.692 ,5.395,23.55702666666667,87.29884166666668 ,40.14895248413086,81.96016503831197 ,3391.0,10:12:15 AM,1572669735815
1.077 ,4.248 ,5.315,23.55702666666667,87.29884166666668 ,40.14895248413086,81.96016503831197 ,3391.0,10:12:15 AM,1572669735816
5.588 ,6.468 ,11.266,23.55702666666667,87.29884166666668 ,40.14895248413086,81.96016503831197 ,3391.0,10:12:15 AM,1572669735820
0.979 ,7.1 ,8.244,23.55702666666667,87.29884166666668 ,40.14895248413086,81.96016503831197 ,3391.0,10:12:15 AM,1572669735821
-0.773 ,6.946 ,11.564,23.55702666666667,87.29884166666668 ,40.14895248413086,81.96016503831197 ,3391.0,10:12:15 AM,1572669735825
-2.006 ,7.593 ,15.496,23.55702666666667,87.29884166666668 ,40.14895248413086,81.96016503831197 ,3391.0,10:12:15 AM,1572669735826
0.123 ,6.574 ,16.702,23.55702666666667,87.29884166666668 ,40.14895248413086,81.96016503831197 ,3391.0,10:12:15 AM,1572669735830
-1.328 ,4.411 ,5.921,23.55702666666667,87.29884166666668 ,40.14895248413086,81.96016503831197 ,3391.0,10:12:15 AM,1572669735831
3.798 ,3.116 ,10.737,23.556946666666665,87.29884833333332 ,32.70174293518067,81.96016503831197 ,3391.0,10:12:15 AM,1572669735838
5.14 ,2.953 ,17.287,23.556946666666665,87.29884833333332 ,32.70174293518067,81.96016503831197 ,3391.0,10:12:15 AM,1572669735839
3.603 ,0.922 ,12.883,23.556946666666665,87.29884833333332 ,32.70174293518067,81.96016503831197 ,3391.0,10:12:15 AM,1572669735840
1.91 ,0.533 ,5.232,23.556946666666665,87.29884833333332 ,32.70174293518067,81.96016503831197 ,3391.0,10:12:15 AM,1572669735840
2.73 ,2.377 ,1.715,23.556946666666665,87.29884833333332 ,32.70174293518067,81.96016503831197 ,3391.0,10:12:15 AM,1572669735846
4.172 ,-0.821 ,-6.302,23.556946666666665,87.29884833333332 ,32.70174293518067,81.96016503831197 ,3391.0,10:12:15 AM,1572669735847
-5.493 ,-2.669 ,-15.201,23.556946666666665,87.29884833333332 ,32.70174293518067,81.96016503831197 ,3391.0,10:12:15 AM,1572669735850
-7.369 ,0.052 ,-0.806,23.556946666666665,87.29884833333332 ,32.70174293518067,81.96016503831197 ,3391.0,10:12:15 AM,1572669735850
-6.068 ,3.618 ,16.963,23.556946666666665,87.29884833333332 ,32.70174293518067,81.96016503831197 ,3391.0,10:12:15 AM,1572669735854
-11.068 ,2.662 ,10.695,23.556946666666665,87.29884833333332 ,32.70174293518067,81.96016503831197 ,3391.0,10:12:15 AM,1572669735855
-8.72 ,1.448 ,19.638,23.556946666666665,87.29884833333332 ,32.70174293518067,81.96016503831197 ,3391.0,10:12:15 AM,1572669735859
-3.686 ,1.031 ,24.416,23.556946666666665,87.29884833333332 ,32.70174293518067,81.96016503831197 ,3391.0,10:12:15 AM,1572669735859
-3.531 ,1.266 ,16.857,23.556946666666665,87.29884833333332 ,32.70174293518067,81.96016503831197 ,3391.0,10:12:15 AM,1572669735864
0.797 ,0.031 ,14.349,23.556946666666665,87.29884833333332 ,32.70174293518067,81.96016503831197 ,3391.0,10:12:15 AM,1572669735865
2.187 ,0.835 ,16.347,23.556946666666665,87.29884833333332 ,32.70174293518067,81.96016503831197 ,3391.0,10:12:15 AM,1572669735869
4.412 ,0.879 ,15.596,23.556946666666665,87.29884833333332 ,32.70174293518067,81.96016503831197 ,3391.0,10:12:15 AM,1572669735870
4.942 ,0.063 ,13.298,23.556946666666665,87.29884833333332 ,32.70174293518067,81.96016503831197 ,3391.0,10:12:15 AM,1572669735874
3.685 ,1.061 ,15.262,23.556946666666665,87.29884833333332 ,32.70174293518067,81.96016503831197 ,3391.0,10:12:15 AM,1572669735874
1.21 ,3.573 ,15.254,23.556946666666665,87.29884833333332 ,32.70174293518067,81.96016503831197 ,3391.0,10:12:15 AM,1572669735879
0.479 ,4.61 ,11.855,23.556946666666665,87.29884833333332 ,32.70174293518067,81.96016503831197 ,3391.0,10:12:15 AM,1572669735880
-0.512 ,0.541 ,4.345,23.556946666666665,87.29884833333332 ,32.70174293518067,81.96016503831197 ,3391.0,10:12:15 AM,1572669735884
-3.076 ,-1.752 ,0.1,23.556946666666665,87.29884833333332 ,32.70174293518067,81.96016503831197 ,3391.0,10:12:15 AM,1572669735885
-2.316 ,-0.476 ,7.749,23.556946666666665,87.29884833333332 ,32.70174293518067,81.96016503831197 ,3391.0,10:12:15 AM,1572669735890
-1.275 ,2.885 ,14.699,23.556946666666665,87.29884833333332 ,32.70174293518067,81.96016503831197 ,3391.0,10:12:15 AM,1572669735890
-1.275 ,3.882 ,15.381,23.556946666666665,87.29884833333332 ,32.70174293518067,81.96016503831197 ,3391.0,10:12:15 AM,1572669735894
-0.689 ,1.715 ,14.349,23.556946666666665,87.29884833333332 ,32.70174293518067,81.96016503831197 ,3391.0,10:12:15 AM,1572669735895
0.622 ,-0.715 ,9.221,23.556946666666665,87.29884833333332 ,32.70174293518067,81.96016503831197 ,3391.0,10:12:15 AM,1572669735899
0.163 ,-0.469 ,5.317,23.556946666666665,87.29884833333332 ,32.70174293518067,81.96016503831197 ,3391.0,10:12:15 AM,1572669735900
0.242 ,1.428 ,8.654,23.556946666666665,87.29884833333332 ,32.70174293518067,81.96016503831197 ,3391.0,10:12:15 AM,1572669735904
-0.37 ,3.147 ,10.171,23.556946666666665,87.29884833333332 ,32.70174293518067,81.96016503831197 ,3391.0,10:12:15 AM,1572669735905
-0.422 ,3.016 ,12.329,23.556946666666665,87.29884833333332 ,32.70174293518067,81.96016503831197 ,3391.0,10:12:15 AM,1572669735909
-1.527 ,1.197 ,11.51,23.556946666666665,87.29884833333332 ,32.70174293518067,81.96016503831197 ,3391.0,10:12:15 AM,1572669735910
-2.301 ,-1.027 ,11.933,23.556946666666665,87.29884833333332 ,32.70174293518067,81.96016503831197 ,3391.0,10:12:15 AM,1572669735914
-1.657 ,-1.485 ,11.187,23.556946666666665,87.29884833333332 ,32.70174293518067,81.96016503831197 ,3391.0,10:12:15 AM,1572669735915
-1.029 ,-0.39 ,15.694,23.556946666666665,87.29884833333332 ,32.70174293518067,81.96016503831197 ,3391.0,10:12:15 AM,1572669735919
-0.66 ,2.009 ,20.707,23.556946666666665,87.29884833333332 ,32.70174293518067,81.96016503831197 ,3391.0,10:12:15 AM,1572669735920
0.313 ,3.445 ,21.522,23.556946666666665,87.29884833333332 ,32.70174293518067,81.96016503831197 ,3391.0,10:12:15 AM,1572669735924
0.254 ,3.99 ,14.909,23.556946666666665,87.29884833333332 ,32.70174293518067,81.96016503831197 ,3391.0,10:12:15 AM,1572669735925
1.755 ,4.136 ,13.192,23.556946666666665,87.29884833333332 ,32.70174293518067,81.96016503831197 ,3391.0,10:12:15 AM,1572669735930
0.349 ,4.133 ,10.863,23.556946666666665,87.29884833333332 ,32.70174293518067,81.96016503831197 ,3391.0,10:12:15 AM,1572669735931
-0.261 ,4.395 ,7.433,23.556946666666665,87.29884833333332 ,32.70174293518067,81.96016503831197 ,3391.0,10:12:15 AM,1572669735934
1.489 ,4.789 ,7.723,23.556946666666665,87.29884833333332 ,32.70174293518067,81.96016503831197 ,3391.0,10:12:15 AM,1572669735935
0.293 ,3.645 ,8.259,23.556946666666665,87.29884833333332 ,32.70174293518067,81.96016503831197 ,3391.0,10:12:15 AM,1572669735939
-0.982 ,4.113 ,13.247,23.556946666666665,87.29884833333332 ,32.70174293518067,81.96016503831197 ,3391.0,10:12:15 AM,1572669735940
-1.117 ,5.95 ,17.198,23.556946666666665,87.29884833333332 ,32.70174293518067,81.96016503831197 ,3391.0,10:12:15 AM,1572669735945
-2.25 ,7.717 ,15.512,23.556946666666665,87.29884833333332 ,32.70174293518067,81.96016503831197 ,3391.0,10:12:15 AM,1572669735945
-3.509 ,6.822 ,13.663,23.556946666666665,87.29884833333332 ,32.70174293518067,81.96016503831197 ,3391.0,10:12:15 AM,1572669735950
