x,y,z,latitude,longitude,speed,sound,light,time,timestamp
-2.086 ,6.944 ,21.609,23.571108333333335,87.30260166666667 ,41.60911445617676,85.36687649858237 ,14781.0,10:09:00 AM,1572669540355
-2.716 ,4.331 ,19.948,23.571108333333335,87.30260166666667 ,41.60911445617676,85.36687649858237 ,14781.0,10:09:00 AM,1572669540360
-4.152 ,0.044 ,11.721,23.571108333333335,87.30260166666667 ,41.60911445617676,85.36687649858237 ,14781.0,10:09:00 AM,1572669540360
-2.749 ,-0.325 ,13.454,23.571108333333335,87.30260166666667 ,41.60911445617676,85.36687649858237 ,14781.0,10:09:00 AM,1572669540365
-2.309 ,3.129 ,16.21,23.571108333333335,87.30260166666667 ,41.60911445617676,85.36687649858237 ,14781.0,10:09:00 AM,1572669540366
-2.063 ,4.405 ,15.549,23.571108333333335,87.30260166666667 ,41.60911445617676,85.36687649858237 ,14781.0,10:09:00 AM,1572669540371
0.464 ,1.602 ,13.097,23.571108333333335,87.30260166666667 ,41.60911445617676,85.36687649858237 ,14781.0,10:09:00 AM,1572669540371
-0.735 ,-0.844 ,5.983,23.571108333333335,87.30260166666667 ,41.60911445617676,85.36687649858237 ,14781.0,10:09:00 AM,1572669540375
0.318 ,-0.663 ,5.416,23.571108333333335,87.30260166666667 ,41.60911445617676,85.36687649858237 ,14781.0,10:09:00 AM,1572669540375
0.069 ,0.951 ,8.341,23.571108333333335,87.30260166666667 ,41.60911445617676,85.36687649858237 ,14781.0,10:09:00 AM,1572669540382
-3.026 ,2.087 ,6.995,23.571108333333335,87.30260166666667 ,41.60911445617676,85.36687649858237 ,14781.0,10:09:00 AM,1572669540383
-3.487 ,2.468 ,8.709,23.571108333333335,87.30260166666667 ,41.60911445617676,85.36687649858237 ,14781.0,10:09:00 AM,1572669540385
-3.87 ,3.403 ,6.424,23.571108333333335,87.30260166666667 ,41.60911445617676,85.36687649858237 ,14781.0,10:09:00 AM,1572669540385
-4.032 ,4.861 ,2.326,23.571108333333335,87.30260166666667 ,41.60911445617676,85.36687649858237 ,14781.0,10:09:00 AM,1572669540390
-2.276 ,6.596 ,6.341,23.571108333333335,87.30260166666667 ,41.60911445617676,85.36687649858237 ,14781.0,10:09:00 AM,1572669540390
-2.878 ,9.523 ,7.317,23.571108333333335,87.30260166666667 ,41.60911445617676,85.36687649858237 ,15275.0,10:09:00 AM,1572669540395
-1.336 ,10.273 ,5.924,23.571108333333335,87.30260166666667 ,41.60911445617676,85.36687649858237 ,15275.0,10:09:00 AM,1572669540396
1.088 ,8.312 ,1.434,23.571108333333335,87.30260166666667 ,41.60911445617676,85.36687649858237 ,15275.0,10:09:00 AM,1572669540402
2.455 ,5.529 ,-1.796,23.571108333333335,87.30260166666667 ,41.60911445617676,85.36687649858237 ,15275.0,10:09:00 AM,1572669540402
4.615 ,5.862 ,2.956,23.571108333333335,87.30260166666667 ,41.60911445617676,85.36687649858237 ,15275.0,10:09:00 AM,1572669540405
3.797 ,9.039 ,8.515,23.571108333333335,87.30260166666667 ,41.60911445617676,85.36687649858237 ,15275.0,10:09:00 AM,1572669540405
2.733 ,10.971 ,11.914,23.571108333333335,87.30260166666667 ,41.60911445617676,85.36687649858237 ,15275.0,10:09:00 AM,1572669540411
1.509 ,7.605 ,9.077,23.571108333333335,87.30260166666667 ,41.60911445617676,85.36687649858237 ,15275.0,10:09:00 AM,1572669540412
-0.746 ,3.148 ,3.987,23.571108333333335,87.30260166666667 ,41.60911445617676,85.36687649858237 ,15275.0,10:09:00 AM,1572669540416
-2.07 ,3.19 ,5.276,23.571108333333335,87.30260166666667 ,41.60911445617676,85.36687649858237 ,15275.0,10:09:00 AM,1572669540416
-3.181 ,7.389 ,15.803,23.571108333333335,87.30260166666667 ,41.60911445617676,85.36687649858237 ,15275.0,10:09:00 AM,1572669540420
-6.234 ,10.988 ,16.204,23.571108333333335,87.30260166666667 ,41.60911445617676,85.36687649858237 ,15275.0,10:09:00 AM,1572669540420
-5.617 ,7.389 ,12.302,23.571108333333335,87.30260166666667 ,41.60911445617676,85.36687649858237 ,15275.0,10:09:00 AM,1572669540424
-4.558 ,1.285 ,5.283,23.571108333333335,87.30260166666667 ,41.60911445617676,85.36687649858237 ,15275.0,10:09:00 AM,1572669540425
-2.833 ,-0.336 ,2.659,23.571108333333335,87.30260166666667 ,41.60911445617676,85.36687649858237 ,15275.0,10:09:00 AM,1572669540432
0.346 ,4.471 ,12.79,23.571108333333335,87.30260166666667 ,41.60911445617676,85.36687649858237 ,15275.0,10:09:00 AM,1572669540433
0.568 ,9.225 ,18.765,23.571108333333335,87.30260166666667 ,41.60911445617676,85.36687649858237 ,15275.0,10:09:00 AM,1572669540436
0.292 ,6.73 ,14.85,23.571108333333335,87.30260166666667 ,41.60911445617676,85.36687649858237 ,15275.0,10:09:00 AM,1572669540437
-0.391 ,-0.508 ,5.352,23.571108333333335,87.30260166666667 ,41.60911445617676,85.36687649858237 ,15275.0,10:09:00 AM,1572669540441
-1.705 ,-3.264 ,0.304,23.571108333333335,87.30260166666667 ,41.60911445617676,85.36687649858237 ,15275.0,10:09:00 AM,1572669540442
-2.038 ,0.365 ,6.661,23.571108333333335,87.30260166666667 ,41.60911445617676,85.36687649858237 ,15275.0,10:09:00 AM,1572669540446
-4.766 ,7.243 ,13.899,23.571108333333335,87.30260166666667 ,41.60911445617676,85.36687649858237 ,15275.0,10:09:00 AM,1572669540446
-5.696 ,8.701 ,15.522,23.571108333333335,87.30260166666667 ,41.60911445617676,85.36687649858237 ,15275.0,10:09:00 AM,1572669540452
-4.993 ,3.464 ,9.405,23.571108333333335,87.30260166666667 ,41.60911445617676,85.36687649858237 ,15275.0,10:09:00 AM,1572669540453
-5.165 ,-1.276 ,0.853,23.571108333333335,87.30260166666667 ,41.60911445617676,85.36687649858237 ,15275.0,10:09:00 AM,1572669540454
-2.361 ,-0.433 ,3.498,23.571108333333335,87.30260166666667 ,41.60911445617676,85.36687649858237 ,15275.0,10:09:00 AM,1572669540455
0.568 ,3.735 ,12.092,23.571108333333335,87.30260166666667 ,41.60911445617676,85.36687649858237 ,15275.0,10:09:00 AM,1572669540459
0.056 ,6.929 ,13.001,23.571108333333335,87.30260166666667 ,41.60911445617676,85.36687649858237 ,15275.0,10:09:00 AM,1572669540460
1.961 ,5.048 ,12.955,23.571108333333335,87.30260166666667 ,41.60911445617676,85.36687649858237 ,15275.0,10:09:00 AM,1572669540465
2.091 ,0.627 ,6.765,23.571108333333335,87.30260166666667 ,41.60911445617676,85.36687649858237 ,15275.0,10:09:00 AM,1572669540465
1.159 ,-1.641 ,2.635,23.571108333333335,87.30260166666667 ,41.60911445617676,85.36687649858237 ,15275.0,10:09:00 AM,1572669540469
1.445 ,0.265 ,10.143,23.571108333333335,87.30260166666667 ,41.60911445617676,85.36687649858237 ,15275.0,10:09:00 AM,1572669540470
-0.782 ,5.023 ,14.539,23.571108333333335,87.30260166666667 ,41.60911445617676,85.36687649858237 ,15275.0,10:09:00 AM,1572669540474
0.286 ,6.073 ,17.974,23.571108333333335,87.30260166666667 ,41.60911445617676,85.36687649858237 ,15275.0,10:09:00 AM,1572669540475
-0.606 ,3.361 ,12.764,23.571108333333335,87.30260166666667 ,41.60911445617676,85.36687649858237 ,15275.0,10:09:00 AM,1572669540482
-0.925 ,-0.251 ,9.266,23.571108333333335,87.30260166666667 ,41.60911445617676,85.36687649858237 ,15275.0,10:09:00 AM,1572669540483
-0.133 ,0.463 ,11.551,23.571108333333335,87.30260166666667 ,41.60911445617676,85.36687649858237 ,15275.0,10:09:00 AM,1572669540484
-0.433 ,4.151 ,13.895,23.571108333333335,87.30260166666667 ,41.60911445617676,85.36687649858237 ,15275.0,10:09:00 AM,1572669540485
1.123 ,6.781 ,17.136,23.571108333333335,87.30260166666667 ,41.60911445617676,85.36687649858237 ,15275.0,10:09:00 AM,1572669540490
0.419 ,6.559 ,12.048,23.571108333333335,87.30260166666667 ,41.60911445617676,85.36687649858237 ,15275.0,10:09:00 AM,1572669540491
0.072 ,6.001 ,3.964,23.571108333333335,87.30260166666667 ,41.60911445617676,85.36687649858237 ,15275.0,10:09:00 AM,1572669540496
0.583 ,4.769 ,-0.809,23.571108333333335,87.30260166666667 ,41.60911445617676,85.36687649858237 ,15275.0,10:09:00 AM,1572669540497
-1.09 ,4.455 ,-1.649,23.571108333333335,87.30260166666667 ,41.60911445617676,85.36687649858237 ,15275.0,10:09:00 AM,1572669540501
-3.574 ,5.405 ,-3.313,23.571108333333335,87.30260166666667 ,41.60911445617676,85.36687649858237 ,15275.0,10:09:00 AM,1572669540502
-0.959 ,5.042 ,1.672,23.571108333333335,87.30260166666667 ,41.60911445617676,85.36687649858237 ,15275.0,10:09:00 AM,1572669540504
-2.913 ,5.466 ,0.266,23.571108333333335,87.30260166666667 ,41.60911445617676,85.36687649858237 ,15275.0,10:09:00 AM,1572669540505
-3.561 ,6.936 ,3.758,23.571108333333335,87.30260166666667 ,41.60911445617676,85.36687649858237 ,15275.0,10:09:00 AM,1572669540509
-2.093 ,9.586 ,10.632,23.571108333333335,87.30260166666667 ,41.60911445617676,85.36687649858237 ,15275.0,10:09:00 AM,1572669540510
-2.953 ,9.58 ,9.111,23.571108333333335,87.30260166666667 ,41.60911445617676,85.36687649858237 ,15275.0,10:09:00 AM,1572669540516
-2.593 ,7.343 ,6.229,23.571108333333335,87.30260166666667 ,41.60911445617676,85.36687649858237 ,15275.0,10:09:00 AM,1572669540517
-0.695 ,3.97 ,4.845,23.571108333333335,87.30260166666667 ,41.60911445617676,85.36687649858237 ,15275.0,10:09:00 AM,1572669540520
1.509 ,2.831 ,5.235,23.571108333333335,87.30260166666667 ,41.60911445617676,85.36687649858237 ,15275.0,10:09:00 AM,1572669540521
3.564 ,4.51 ,10.579,23.571108333333335,87.30260166666667 ,41.60911445617676,85.36687649858237 ,15275.0,10:09:00 AM,1572669540524
4.306 ,6.814 ,16.84,23.571108333333335,87.30260166666667 ,41.60911445617676,85.36687649858237 ,15275.0,10:09:00 AM,1572669540525
4.779 ,6.603 ,16.198,23.571108333333335,87.30260166666667 ,41.60911445617676,85.36687649858237 ,15275.0,10:09:00 AM,1572669540533
4.462 ,1.699 ,14.064,23.571108333333335,87.30260166666667 ,41.60911445617676,85.36687649858237 ,15275.0,10:09:00 AM,1572669540534
-0.477 ,0.738 ,13.22,23.571108333333335,87.30260166666667 ,41.60911445617676,85.36687649858237 ,15275.0,10:09:00 AM,1572669540535
-2.544 ,2.665 ,17.071,23.571108333333335,87.30260166666667 ,41.60911445617676,85.36687649858237 ,15275.0,10:09:00 AM,1572669540536
-3.451 ,4.604 ,19.032,23.571108333333335,87.30260166666667 ,41.60911445617676,85.36687649858237 ,15275.0,10:09:00 AM,1572669540540
-8.122 ,3.782 ,8.885,23.571108333333335,87.30260166666667 ,41.60911445617676,85.36687649858237 ,15275.0,10:09:00 AM,1572669540541
-8.515 ,2.294 ,12.259,23.571108333333335,87.30260166666667 ,41.60911445617676,85.36687649858237 ,15275.0,10:09:00 AM,1572669540545
-8.101 ,2.317 ,12.499,23.571108333333335,87.30260166666667 ,41.60911445617676,85.36687649858237 ,15275.0,10:09:00 AM,1572669540545
-8.553 ,3.214 ,8.811,23.571108333333335,87.30260166666667 ,41.60911445617676,85.36687649858237 ,15275.0,10:09:00 AM,1572669540550
-5.898 ,2.977 ,9.621,23.571108333333335,87.30260166666667 ,41.60911445617676,85.36687649858237 ,15275.0,10:09:00 AM,1572669540551
-3.703 ,1.003 ,7.969,23.571108333333335,87.30260166666667 ,41.60911445617676,85.36687649858237 ,15275.0,10:09:00 AM,1572669540555
-1.812 ,-1.562 ,2.866,23.571108333333335,87.30260166666667 ,41.60911445617676,85.36687649858237 ,15275.0,10:09:00 AM,1572669540556
-0.364 ,-0.695 ,3.918,23.571108333333335,87.30260166666667 ,41.60911445617676,85.36687649858237 ,15275.0,10:09:00 AM,1572669540559
0.119 ,3.302 ,8.71,23.571108333333335,87.30260166666667 ,41.60911445617676,85.36687649858237 ,15275.0,10:09:00 AM,1572669540560
1.657 ,6.353 ,13.45,23.571108333333335,87.30260166666667 ,41.60911445617676,85.36687649858237 ,15275.0,10:09:00 AM,1572669540565
1.023 ,5.742 ,12.48,23.571108333333335,87.30260166666667 ,41.60911445617676,85.36687649858237 ,15275.0,10:09:00 AM,1572669540565
-1.518 ,3.144 ,7.576,23.571108333333335,87.30260166666667 ,41.60911445617676,85.36687649858237 ,15275.0,10:09:00 AM,1572669540569
0.488 ,0.632 ,11.326,23.571108333333335,87.30260166666667 ,41.60911445617676,85.36687649858237 ,15275.0,10:09:00 AM,1572669540570
-2.099 ,3.239 ,5.895,23.571108333333335,87.30260166666667 ,41.60911445617676,85.36687649858237 ,15275.0,10:09:00 AM,1572669540574
1.339 ,4.723 ,9.67,23.571108333333335,87.30260166666667 ,41.60911445617676,85.36687649858237 ,15275.0,10:09:00 AM,1572669540575
4.002 ,5.754 ,14.333,23.571108333333335,87.30260166666667 ,41.60911445617676,85.36687649858237 ,15275.0,10:09:00 AM,1572669540581
1.95 ,5.262 ,8.089,23.571108333333335,87.30260166666667 ,41.60911445617676,85.36687649858237 ,15275.0,10:09:00 AM,1572669540581
2.501 ,3.851 ,5.92,23.571108333333335,87.30260166666667 ,41.60911445617676,85.36687649858237 ,15275.0,10:09:00 AM,1572669540584
1.422 ,2.93 ,2.06,23.571108333333335,87.30260166666667 ,41.60911445617676,85.36687649858237 ,15275.0,10:09:00 AM,1572669540584
-0.853 ,1.71 ,-2.077,23.571108333333335,87.30260166666667 ,41.60911445617676,85.36687649858237 ,15275.0,10:09:00 AM,1572669540589
0.468 ,2.795 ,2.558,23.571108333333335,87.30260166666667 ,41.60911445617676,85.36687649858237 ,15275.0,10:09:00 AM,1572669540589
-2.474 ,7.978 ,7.323,23.571108333333335,87.30260166666667 ,41.60911445617676,85.36687649858237 ,15827.0,10:09:00 AM,1572669540594
-2.289 ,12.511 ,10.958,23.571108333333335,87.30260166666667 ,41.60911445617676,85.36687649858237 ,15827.0,10:09:00 AM,1572669540594
-1.151 ,12.14 ,6.462,23.571108333333335,87.30260166666667 ,41.60911445617676,85.36687649858237 ,15827.0,10:09:00 AM,1572669540600
0.164 ,7.659 ,-0.059,23.571108333333335,87.30260166666667 ,41.60911445617676,85.36687649858237 ,15827.0,10:09:00 AM,1572669540600
2.796 ,5.108 ,0.27,23.571108333333335,87.30260166666667 ,41.60911445617676,85.36687649858237 ,15827.0,10:09:00 AM,1572669540604
