x,y,z,latitude,longitude,speed,sound,light,time,timestamp
3.336 ,10.97 ,-3.574,23.566645,87.29888000000001 ,54.16319160461426,87.32436258810631 ,7129.0,10:10:34 AM,1572669634021
0.455 ,14.763 ,-2.174,23.566645,87.29888000000001 ,54.16319160461426,87.32436258810631 ,7129.0,10:10:34 AM,1572669634022
-2.666 ,15.32 ,-3.515,23.566645,87.29888000000001 ,54.16319160461426,87.32436258810631 ,7129.0,10:10:34 AM,1572669634023
-4.411 ,12.518 ,-4.486,23.566645,87.29888000000001 ,54.16319160461426,87.32436258810631 ,7129.0,10:10:34 AM,1572669634027
-6.078 ,9.51 ,-5.055,23.566645,87.29888000000001 ,54.16319160461426,87.32436258810631 ,7129.0,10:10:34 AM,1572669634028
-4.229 ,10.613 ,-4.541,23.566645,87.29888000000001 ,54.16319160461426,87.32436258810631 ,7129.0,10:10:34 AM,1572669634032
-1.614 ,10.549 ,-5.919,23.566645,87.29888000000001 ,54.16319160461426,87.32436258810631 ,7129.0,10:10:34 AM,1572669634032
2.116 ,10.621 ,1.752,23.566645,87.29888000000001 ,54.16319160461426,87.32436258810631 ,7129.0,10:10:34 AM,1572669634038
1.43 ,11.074 ,1.421,23.566645,87.29888000000001 ,54.16319160461426,87.32436258810631 ,7129.0,10:10:34 AM,1572669634039
3.256 ,10.452 ,5.442,23.566645,87.29888000000001 ,54.16319160461426,87.32436258810631 ,7129.0,10:10:34 AM,1572669634044
1.616 ,6.378 ,5.704,23.566645,87.29888000000001 ,54.16319160461426,87.32436258810631 ,7129.0,10:10:34 AM,1572669634044
-1.242 ,3.519 ,7.275,23.566645,87.29888000000001 ,54.16319160461426,87.32436258810631 ,7129.0,10:10:34 AM,1572669634048
-1.117 ,3.478 ,7.59,23.566645,87.29888000000001 ,54.16319160461426,87.32436258810631 ,7129.0,10:10:34 AM,1572669634049
-2.379 ,5.195 ,5.262,23.566645,87.29888000000001 ,54.16319160461426,87.32436258810631 ,7129.0,10:10:34 AM,1572669634053
-0.51 ,5.344 ,13.98,23.566645,87.29888000000001 ,54.16319160461426,87.32436258810631 ,7129.0,10:10:34 AM,1572669634054
-3.114 ,7.058 ,13.973,23.566645,87.29888000000001 ,54.16319160461426,87.32436258810631 ,7129.0,10:10:34 AM,1572669634057
-2.695 ,7.169 ,14.221,23.566645,87.29888000000001 ,54.16319160461426,87.32436258810631 ,7129.0,10:10:34 AM,1572669634058
-3.105 ,5.384 ,16.912,23.566645,87.29888000000001 ,54.16319160461426,87.32436258810631 ,7129.0,10:10:34 AM,1572669634062
-6.173 ,3.169 ,17.537,23.566645,87.29888000000001 ,54.16319160461426,87.32436258810631 ,7129.0,10:10:34 AM,1572669634063
-4.982 ,3.913 ,19.237,23.566645,87.29888000000001 ,54.16319160461426,87.32436258810631 ,7129.0,10:10:34 AM,1572669634072
-4.183 ,5.675 ,16.985,23.566645,87.29888000000001 ,54.16319160461426,87.32436258810631 ,7129.0,10:10:34 AM,1572669634073
-4.049 ,4.605 ,13.398,23.566645,87.29888000000001 ,54.16319160461426,87.32436258810631 ,7129.0,10:10:34 AM,1572669634073
-2.347 ,3.724 ,8.939,23.566645,87.29888000000001 ,54.16319160461426,87.32436258810631 ,7129.0,10:10:34 AM,1572669634074
-2.378 ,2.719 ,7.43,23.566645,87.29888000000001 ,54.16319160461426,87.32436258810631 ,7129.0,10:10:34 AM,1572669634081
-2.898 ,3.834 ,8.273,23.566645,87.29888000000001 ,54.16319160461426,87.32436258810631 ,7129.0,10:10:34 AM,1572669634081
-3.557 ,3.265 ,12.494,23.566645,87.29888000000001 ,54.16319160461426,87.32436258810631 ,7129.0,10:10:34 AM,1572669634082
-4.867 ,2.117 ,12.396,23.566645,87.29888000000001 ,54.16319160461426,87.32436258810631 ,7129.0,10:10:34 AM,1572669634082
-5.322 ,1.696 ,9.83,23.566645,87.29888000000001 ,54.16319160461426,87.32436258810631 ,7129.0,10:10:34 AM,1572669634088
-5.328 ,0.482 ,8.816,23.566645,87.29888000000001 ,54.16319160461426,87.32436258810631 ,7129.0,10:10:34 AM,1572669634089
-5.451 ,0.684 ,9.451,23.566645,87.29888000000001 ,54.16319160461426,87.32436258810631 ,7129.0,10:10:34 AM,1572669634093
-6.606 ,3.652 ,11.002,23.566645,87.29888000000001 ,54.16319160461426,87.32436258810631 ,7129.0,10:10:34 AM,1572669634093
-6.579 ,5.516 ,12.66,23.566645,87.29888000000001 ,54.16319160461426,87.32436258810631 ,7129.0,10:10:34 AM,1572669634098
-6.629 ,3.313 ,14.102,23.566645,87.29888000000001 ,54.16319160461426,87.32436258810631 ,7129.0,10:10:34 AM,1572669634098
-7.521 ,1.476 ,9.783,23.566645,87.29888000000001 ,54.16319160461426,87.32436258810631 ,7129.0,10:10:34 AM,1572669634103
-4.787 ,2.586 ,11.996,23.566645,87.29888000000001 ,54.16319160461426,87.32436258810631 ,7129.0,10:10:34 AM,1572669634103
-3.091 ,3.938 ,11.749,23.566645,87.29888000000001 ,54.16319160461426,87.32436258810631 ,7129.0,10:10:34 AM,1572669634108
0.239 ,3.987 ,17.029,23.566645,87.29888000000001 ,54.16319160461426,87.32436258810631 ,7129.0,10:10:34 AM,1572669634109
0.867 ,4.45 ,16.505,23.566645,87.29888000000001 ,54.16319160461426,87.32436258810631 ,7129.0,10:10:34 AM,1572669634113
2.344 ,3.633 ,16.174,23.566645,87.29888000000001 ,54.16319160461426,87.32436258810631 ,7129.0,10:10:34 AM,1572669634113
2.571 ,0.484 ,13.903,23.566645,87.29888000000001 ,54.16319160461426,87.32436258810631 ,7129.0,10:10:34 AM,1572669634121
1.141 ,-1.717 ,8.205,23.566645,87.29888000000001 ,54.16319160461426,87.32436258810631 ,7129.0,10:10:34 AM,1572669634122
2.147 ,-0.507 ,11.168,23.566645,87.29888000000001 ,54.16319160461426,87.32436258810631 ,7129.0,10:10:34 AM,1572669634123
2.255 ,1.965 ,12.312,23.566645,87.29888000000001 ,54.16319160461426,87.32436258810631 ,7129.0,10:10:34 AM,1572669634124
2.073 ,4.199 ,14.371,23.566645,87.29888000000001 ,54.16319160461426,87.32436258810631 ,7129.0,10:10:34 AM,1572669634128
1.368 ,6.888 ,14.915,23.566645,87.29888000000001 ,54.16319160461426,87.32436258810631 ,7129.0,10:10:34 AM,1572669634128
1.265 ,6.955 ,14.944,23.566645,87.29888000000001 ,54.16319160461426,87.32436258810631 ,7129.0,10:10:34 AM,1572669634132
-0.38 ,3.318 ,9.481,23.566645,87.29888000000001 ,54.16319160461426,87.32436258810631 ,7129.0,10:10:34 AM,1572669634132
-2.191 ,1.826 ,5.485,23.566645,87.29888000000001 ,54.16319160461426,87.32436258810631 ,7129.0,10:10:34 AM,1572669634138
-1.943 ,2.541 ,4.313,23.566645,87.29888000000001 ,54.16319160461426,87.32436258810631 ,7129.0,10:10:34 AM,1572669634138
-0.315 ,6.507 ,3.046,23.566645,87.29888000000001 ,54.16319160461426,87.32436258810631 ,7129.0,10:10:34 AM,1572669634142
0.081 ,7.91 ,1.323,23.566645,87.29888000000001 ,54.16319160461426,87.32436258810631 ,7129.0,10:10:34 AM,1572669634142
0.849 ,9.402 ,4.295,23.566645,87.29888000000001 ,54.16319160461426,87.32436258810631 ,7129.0,10:10:34 AM,1572669634148
0.003 ,10.34 ,2.183,23.566645,87.29888000000001 ,54.16319160461426,87.32436258810631 ,7129.0,10:10:34 AM,1572669634148
-1.512 ,9.828 ,-0.216,23.566645,87.29888000000001 ,54.16319160461426,87.32436258810631 ,7129.0,10:10:34 AM,1572669634154
-1.359 ,6.583 ,-1.806,23.566645,87.29888000000001 ,54.16319160461426,87.32436258810631 ,7129.0,10:10:34 AM,1572669634155
-3.132 ,5.305 ,-5.008,23.566645,87.29888000000001 ,54.16319160461426,87.32436258810631 ,7129.0,10:10:34 AM,1572669634158
-3.167 ,8.044 ,-4.035,23.566645,87.29888000000001 ,54.16319160461426,87.32436258810631 ,7129.0,10:10:34 AM,1572669634158
-1.204 ,11.438 ,-0.424,23.566645,87.29888000000001 ,54.16319160461426,87.32436258810631 ,7129.0,10:10:34 AM,1572669634163
-0.719 ,13.629 ,5.805,23.566645,87.29888000000001 ,54.16319160461426,87.32436258810631 ,7129.0,10:10:34 AM,1572669634164
-2.215 ,13.538 ,5.101,23.566645,87.29888000000001 ,54.16319160461426,87.32436258810631 ,7129.0,10:10:34 AM,1572669634170
-1.237 ,10.454 ,3.826,23.566645,87.29888000000001 ,54.16319160461426,87.32436258810631 ,7129.0,10:10:34 AM,1572669634171
-2.422 ,5.014 ,1.579,23.566645,87.29888000000001 ,54.16319160461426,87.32436258810631 ,7129.0,10:10:34 AM,1572669634172
-2.732 ,2.937 ,2.212,23.566645,87.29888000000001 ,54.16319160461426,87.32436258810631 ,7129.0,10:10:34 AM,1572669634172
-1.487 ,3.872 ,4.05,23.566645,87.29888000000001 ,54.16319160461426,87.32436258810631 ,7129.0,10:10:34 AM,1572669634178
-2.001 ,5.924 ,3.907,23.566645,87.29888000000001 ,54.16319160461426,87.32436258810631 ,7129.0,10:10:34 AM,1572669634178
-0.339 ,7.793 ,13.946,23.566645,87.29888000000001 ,54.16319160461426,87.32436258810631 ,7129.0,10:10:34 AM,1572669634182
-2.009 ,9.832 ,12.014,23.566645,87.29888000000001 ,54.16319160461426,87.32436258810631 ,7129.0,10:10:34 AM,1572669634183
-1.135 ,8.906 ,11.618,23.566645,87.29888000000001 ,54.16319160461426,87.32436258810631 ,7129.0,10:10:34 AM,1572669634189
-2.294 ,4.213 ,11.331,23.566645,87.29888000000001 ,54.16319160461426,87.32436258810631 ,7129.0,10:10:34 AM,1572669634189
-4.402 ,1.622 ,9.451,23.566645,87.29888000000001 ,54.16319160461426,88.61395493363078 ,7129.0,10:10:34 AM,1572669634193
-1.562 ,2.363 ,10.117,23.566645,87.29888000000001 ,54.16319160461426,88.61395493363078 ,7129.0,10:10:34 AM,1572669634194
-0.634 ,3.39 ,8.231,23.566645,87.29888000000001 ,54.16319160461426,88.61395493363078 ,5036.0,10:10:34 AM,1572669634197
2.062 ,4.019 ,14.206,23.566645,87.29888000000001 ,54.16319160461426,88.61395493363078 ,5036.0,10:10:34 AM,1572669634197
2.905 ,6.706 ,14.343,23.566645,87.29888000000001 ,54.16319160461426,88.61395493363078 ,5036.0,10:10:34 AM,1572669634203
3.018 ,8.171 ,14.631,23.566645,87.29888000000001 ,54.16319160461426,88.61395493363078 ,5036.0,10:10:34 AM,1572669634203
0.564 ,6.128 ,8.903,23.566645,87.29888000000001 ,54.16319160461426,88.61395493363078 ,5036.0,10:10:34 AM,1572669634207
-1.186 ,2.324 ,5.454,23.566645,87.29888000000001 ,54.16319160461426,88.61395493363078 ,5036.0,10:10:34 AM,1572669634208
-1.533 ,1.953 ,3.521,23.566645,87.29888000000001 ,54.16319160461426,88.61395493363078 ,5036.0,10:10:34 AM,1572669634212
-1.708 ,5.436 ,5.844,23.566645,87.29888000000001 ,54.16319160461426,88.61395493363078 ,5036.0,10:10:34 AM,1572669634212
-0.054 ,9.244 ,10.477,23.566645,87.29888000000001 ,54.16319160461426,88.61395493363078 ,5036.0,10:10:34 AM,1572669634220
0.687 ,11.491 ,12.266,23.566645,87.29888000000001 ,54.16319160461426,88.61395493363078 ,5036.0,10:10:34 AM,1572669634221
1.248 ,9.733 ,9.024,23.566645,87.29888000000001 ,54.16319160461426,88.61395493363078 ,5036.0,10:10:34 AM,1572669634223
0.583 ,5.753 ,1.215,23.566645,87.29888000000001 ,54.16319160461426,88.61395493363078 ,5036.0,10:10:34 AM,1572669634224
0.78 ,1.766 ,-0.882,23.566645,87.29888000000001 ,54.16319160461426,88.61395493363078 ,5036.0,10:10:34 AM,1572669634228
-0.368 ,2.166 ,-1.345,23.566645,87.29888000000001 ,54.16319160461426,88.61395493363078 ,5036.0,10:10:34 AM,1572669634228
0.26 ,5.054 ,2.741,23.566645,87.29888000000001 ,54.16319160461426,88.61395493363078 ,5036.0,10:10:34 AM,1572669634233
0.161 ,8.071 ,5.286,23.566645,87.29888000000001 ,54.16319160461426,88.61395493363078 ,5036.0,10:10:34 AM,1572669634234
0.266 ,9.541 ,13.284,23.566645,87.29888000000001 ,54.16319160461426,88.61395493363078 ,5036.0,10:10:34 AM,1572669634238
-1.84 ,8.607 ,10.244,23.566645,87.29888000000001 ,54.16319160461426,88.61395493363078 ,5036.0,10:10:34 AM,1572669634239
-1.776 ,5.096 ,6.88,23.566645,87.29888000000001 ,54.16319160461426,88.61395493363078 ,5036.0,10:10:34 AM,1572669634242
-1.907 ,1.183 ,5.771,23.566645,87.29888000000001 ,54.16319160461426,88.61395493363078 ,5036.0,10:10:34 AM,1572669634243
-1.769 ,0.568 ,6.169,23.566645,87.29888000000001 ,54.16319160461426,88.61395493363078 ,5036.0,10:10:34 AM,1572669634248
0.985 ,3.083 ,7.825,23.566645,87.29888000000001 ,54.16319160461426,88.61395493363078 ,5036.0,10:10:34 AM,1572669634248
2.197 ,4.67 ,5.432,23.566645,87.29888000000001 ,54.16319160461426,88.61395493363078 ,5036.0,10:10:34 AM,1572669634255
4.439 ,4.652 ,11.941,23.566645,87.29888000000001 ,54.16319160461426,88.61395493363078 ,5036.0,10:10:34 AM,1572669634255
2.231 ,5.254 ,10.56,23.566645,87.29888000000001 ,54.16319160461426,88.61395493363078 ,5036.0,10:10:34 AM,1572669634257
1.282 ,5.19 ,8.545,23.566645,87.29888000000001 ,54.16319160461426,88.61395493363078 ,5036.0,10:10:34 AM,1572669634258
-0.876 ,1.871 ,10.999,23.566645,87.29888000000001 ,54.16319160461426,88.61395493363078 ,5036.0,10:10:34 AM,1572669634262
-5.13 ,-0.293 ,8.844,23.566645,87.29888000000001 ,54.16319160461426,88.61395493363078 ,5036.0,10:10:34 AM,1572669634262
-6.056 ,0.349 ,10.806,23.566645,87.29888000000001 ,54.16319160461426,88.61395493363078 ,5036.0,10:10:34 AM,1572669634269
