x,y,z,latitude,longitude,speed,sound,light,time,timestamp
-4.568 ,8.827 ,17.955,23.570713333333334,87.30258333333335 ,33.00748901367188,82.80380012003397 ,14474.0,10:09:04 AM,1572669544093
-3.513 ,5.457 ,13.283,23.570713333333334,87.30258333333335 ,33.00748901367188,82.80380012003397 ,14474.0,10:09:04 AM,1572669544097
-2.639 ,0.26 ,7.469,23.570713333333334,87.30258333333335 ,33.00748901367188,82.80380012003397 ,14474.0,10:09:04 AM,1572669544098
-1.072 ,0.052 ,5.52,23.570713333333334,87.30258333333335 ,33.00748901367188,82.80380012003397 ,14474.0,10:09:04 AM,1572669544103
0.596 ,4.155 ,11.231,23.570713333333334,87.30258333333335 ,33.00748901367188,82.80380012003397 ,14474.0,10:09:04 AM,1572669544104
1.544 ,7.954 ,18.419,23.570713333333334,87.30258333333335 ,33.00748901367188,82.80380012003397 ,14474.0,10:09:04 AM,1572669544108
0.877 ,7.954 ,19.179,23.570713333333334,87.30258333333335 ,33.00748901367188,82.80380012003397 ,14474.0,10:09:04 AM,1572669544108
0.269 ,4.236 ,13.265,23.570713333333334,87.30258333333335 ,33.00748901367188,82.80380012003397 ,14474.0,10:09:04 AM,1572669544113
0.264 ,2.127 ,9.419,23.570713333333334,87.30258333333335 ,33.00748901367188,82.80380012003397 ,14474.0,10:09:04 AM,1572669544113
-1.482 ,2.024 ,9.273,23.570713333333334,87.30258333333335 ,33.00748901367188,82.80380012003397 ,14474.0,10:09:04 AM,1572669544118
-1.893 ,4.4 ,10.515,23.570713333333334,87.30258333333335 ,33.00748901367188,82.80380012003397 ,14474.0,10:09:04 AM,1572669544119
0.266 ,4.092 ,13.067,23.570713333333334,87.30258333333335 ,33.00748901367188,82.80380012003397 ,14474.0,10:09:04 AM,1572669544123
-0.472 ,3.398 ,7.872,23.570713333333334,87.30258333333335 ,33.00748901367188,82.80380012003397 ,14474.0,10:09:04 AM,1572669544124
-0.154 ,2.888 ,4.375,23.570713333333334,87.30258333333335 ,33.00748901367188,82.80380012003397 ,14474.0,10:09:04 AM,1572669544128
1.166 ,2.193 ,5.914,23.570713333333334,87.30258333333335 ,33.00748901367188,82.80380012003397 ,14474.0,10:09:04 AM,1572669544128
-2.04 ,2.978 ,2.359,23.570713333333334,87.30258333333335 ,33.00748901367188,82.80380012003397 ,14474.0,10:09:04 AM,1572669544133
-2.139 ,4.061 ,5.939,23.570713333333334,87.30258333333335 ,33.00748901367188,82.80380012003397 ,14474.0,10:09:04 AM,1572669544134
-2.177 ,4.379 ,7.295,23.570713333333334,87.30258333333335 ,33.00748901367188,82.80380012003397 ,14474.0,10:09:04 AM,1572669544140
-3.356 ,3.544 ,6.342,23.570713333333334,87.30258333333335 ,33.00748901367188,82.80380012003397 ,14474.0,10:09:04 AM,1572669544141
-3.51 ,4.21 ,5.736,23.570713333333334,87.30258333333335 ,33.00748901367188,82.80380012003397 ,14474.0,10:09:04 AM,1572669544143
-2.605 ,4.781 ,7.269,23.570713333333334,87.30258333333335 ,33.00748901367188,82.80380012003397 ,14474.0,10:09:04 AM,1572669544144
-2.331 ,3.729 ,7.399,23.570713333333334,87.30258333333335 ,33.00748901367188,82.80380012003397 ,14474.0,10:09:04 AM,1572669544148
-1.593 ,2.704 ,7.72,23.570713333333334,87.30258333333335 ,33.00748901367188,82.80380012003397 ,14474.0,10:09:04 AM,1572669544148
-1.257 ,3.136 ,8.387,23.570713333333334,87.30258333333335 ,33.00748901367188,82.80380012003397 ,14474.0,10:09:04 AM,1572669544155
1.647 ,4.139 ,12.355,23.570713333333334,87.30258333333335 ,33.00748901367188,82.80380012003397 ,14474.0,10:09:04 AM,1572669544156
0.609 ,4.85 ,9.141,23.570713333333334,87.30258333333335 ,33.00748901367188,82.80380012003397 ,14474.0,10:09:04 AM,1572669544157
1.244 ,4.85 ,8.829,23.570713333333334,87.30258333333335 ,33.00748901367188,82.80380012003397 ,14474.0,10:09:04 AM,1572669544158
2.268 ,4.143 ,11.696,23.570713333333334,87.30258333333335 ,33.00748901367188,82.80380012003397 ,14474.0,10:09:04 AM,1572669544162
-0.87 ,4.789 ,11.102,23.570713333333334,87.30258333333335 ,33.00748901367188,82.80380012003397 ,14474.0,10:09:04 AM,1572669544162
-0.679 ,6.463 ,14.059,23.570713333333334,87.30258333333335 ,33.00748901367188,82.80380012003397 ,14474.0,10:09:04 AM,1572669544167
-0.194 ,6.134 ,15.079,23.570713333333334,87.30258333333335 ,33.00748901367188,82.80380012003397 ,14474.0,10:09:04 AM,1572669544168
-0.987 ,4.064 ,13.134,23.570713333333334,87.30258333333335 ,33.00748901367188,82.80380012003397 ,14474.0,10:09:04 AM,1572669544173
-0.709 ,5.033 ,11.403,23.570713333333334,87.30258333333335 ,33.00748901367188,82.80380012003397 ,14474.0,10:09:04 AM,1572669544173
-0.121 ,5.87 ,15.001,23.570713333333334,87.30258333333335 ,33.00748901367188,82.80380012003397 ,14474.0,10:09:04 AM,1572669544177
0.462 ,4.911 ,12.704,23.570713333333334,87.30258333333335 ,33.00748901367188,82.80380012003397 ,14474.0,10:09:04 AM,1572669544178
-0.55 ,3.363 ,6.238,23.570713333333334,87.30258333333335 ,33.00748901367188,82.80380012003397 ,14474.0,10:09:04 AM,1572669544184
1.773 ,3.231 ,7.883,23.570713333333334,87.30258333333335 ,33.00748901367188,82.80380012003397 ,14474.0,10:09:04 AM,1572669544185
1.908 ,5.675 ,8.883,23.570713333333334,87.30258333333335 ,33.00748901367188,82.80380012003397 ,14474.0,10:09:04 AM,1572669544189
-0.073 ,8.152 ,9.157,23.570713333333334,87.30258333333335 ,33.00748901367188,82.80380012003397 ,14474.0,10:09:04 AM,1572669544189
-0.137 ,8.208 ,9.931,23.570713333333334,87.30258333333335 ,33.00748901367188,82.80380012003397 ,14474.0,10:09:04 AM,1572669544193
-2.125 ,4.684 ,5.902,23.570713333333334,87.30258333333335 ,33.00748901367188,82.80380012003397 ,14474.0,10:09:04 AM,1572669544193
-4.699 ,2.456 ,-0.075,23.570713333333334,87.30258333333335 ,33.00748901367188,82.80380012003397 ,14287.0,10:09:04 AM,1572669544197
-3.797 ,2.326 ,2.256,23.570713333333334,87.30258333333335 ,33.00748901367188,82.80380012003397 ,14287.0,10:09:04 AM,1572669544198
-3.358 ,4.503 ,7.062,23.570713333333334,87.30258333333335 ,33.00748901367188,82.80380012003397 ,14287.0,10:09:04 AM,1572669544206
-3.027 ,7.598 ,12.838,23.570713333333334,87.30258333333335 ,33.00748901367188,82.80380012003397 ,14287.0,10:09:04 AM,1572669544206
-1.696 ,8.893 ,14.892,23.570713333333334,87.30258333333335 ,33.00748901367188,82.80380012003397 ,14287.0,10:09:04 AM,1572669544207
-0.539 ,5.546 ,10.047,23.570713333333334,87.30258333333335 ,33.00748901367188,82.80380012003397 ,14287.0,10:09:04 AM,1572669544208
-0.163 ,1.252 ,3.732,23.570713333333334,87.30258333333335 ,33.00748901367188,82.80380012003397 ,14287.0,10:09:04 AM,1572669544212
1.187 ,1.124 ,3.6,23.570713333333334,87.30258333333335 ,33.00748901367188,82.80380012003397 ,14287.0,10:09:04 AM,1572669544212
2.906 ,4.974 ,9.284,23.570713333333334,87.30258333333335 ,33.00748901367188,82.80380012003397 ,14287.0,10:09:04 AM,1572669544217
2.996 ,7.969 ,14.075,23.570713333333334,87.30258333333335 ,33.00748901367188,82.80380012003397 ,14287.0,10:09:04 AM,1572669544217
1.307 ,7.363 ,13.796,23.570713333333334,87.30258333333335 ,33.00748901367188,82.80380012003397 ,14287.0,10:09:04 AM,1572669544222
0.594 ,3.503 ,10.66,23.570713333333334,87.30258333333335 ,33.00748901367188,82.80380012003397 ,14287.0,10:09:04 AM,1572669544223
-1.34 ,-0.076 ,6.73,23.570713333333334,87.30258333333335 ,33.00748901367188,82.80380012003397 ,14287.0,10:09:04 AM,1572669544227
-2.583 ,-0.275 ,7.36,23.570713333333334,87.30258333333335 ,33.00748901367188,82.80380012003397 ,14287.0,10:09:04 AM,1572669544228
-1.885 ,2.542 ,13.051,23.570713333333334,87.30258333333335 ,33.00748901367188,82.80380012003397 ,14287.0,10:09:04 AM,1572669544232
-1.921 ,4.919 ,16.857,23.570713333333334,87.30258333333335 ,33.00748901367188,82.80380012003397 ,14287.0,10:09:04 AM,1572669544233
-2.313 ,5.454 ,14.245,23.570713333333334,87.30258333333335 ,33.00748901367188,82.80380012003397 ,14287.0,10:09:04 AM,1572669544238
-1.45 ,3.821 ,9.162,23.570713333333334,87.30258333333335 ,33.00748901367188,82.80380012003397 ,14287.0,10:09:04 AM,1572669544239
-2.081 ,0.924 ,4.263,23.570713333333334,87.30258333333335 ,33.00748901367188,82.80380012003397 ,14287.0,10:09:04 AM,1572669544242
-3.406 ,0.183 ,4.326,23.570713333333334,87.30258333333335 ,33.00748901367188,82.80380012003397 ,14287.0,10:09:04 AM,1572669544243
-2.977 ,2.964 ,9.796,23.570713333333334,87.30258333333335 ,33.00748901367188,82.80380012003397 ,14287.0,10:09:04 AM,1572669544247
-2.656 ,5.666 ,12.153,23.570713333333334,87.30258333333335 ,33.00748901367188,82.80380012003397 ,14287.0,10:09:04 AM,1572669544247
-2.167 ,5.308 ,11.502,23.570713333333334,87.30258333333335 ,33.00748901367188,82.80380012003397 ,14287.0,10:09:04 AM,1572669544252
-1.917 ,3.345 ,7.871,23.570713333333334,87.30258333333335 ,33.00748901367188,82.80380012003397 ,14287.0,10:09:04 AM,1572669544252
-1.797 ,1.482 ,7.302,23.570713333333334,87.30258333333335 ,33.00748901367188,82.80380012003397 ,14287.0,10:09:04 AM,1572669544257
-1.098 ,1.984 ,11.016,23.570713333333334,87.30258333333335 ,33.00748901367188,82.80380012003397 ,14287.0,10:09:04 AM,1572669544258
-1.567 ,3.968 ,12.561,23.570713333333334,87.30258333333335 ,33.00748901367188,82.80380012003397 ,14287.0,10:09:04 AM,1572669544262
0.348 ,4.449 ,13.432,23.570713333333334,87.30258333333335 ,33.00748901367188,82.80380012003397 ,14287.0,10:09:04 AM,1572669544262
1.157 ,3.685 ,10.187,23.570713333333334,87.30258333333335 ,33.00748901367188,82.80380012003397 ,14287.0,10:09:04 AM,1572669544267
1.192 ,3.594 ,5.89,23.570713333333334,87.30258333333335 ,33.00748901367188,82.80380012003397 ,14287.0,10:09:04 AM,1572669544267
2.1 ,4.604 ,5.954,23.570713333333334,87.30258333333335 ,33.00748901367188,82.80380012003397 ,14287.0,10:09:04 AM,1572669544272
0.552 ,3.703 ,5.728,23.570713333333334,87.30258333333335 ,33.00748901367188,82.80380012003397 ,14287.0,10:09:04 AM,1572669544273
-0.813 ,2.12 ,8.8,23.570713333333334,87.30258333333335 ,33.00748901367188,82.80380012003397 ,14287.0,10:09:04 AM,1572669544277
-2.118 ,1.981 ,10.229,23.570713333333334,87.30258333333335 ,33.00748901367188,82.80380012003397 ,14287.0,10:09:04 AM,1572669544278
-1.524 ,2.443 ,13.094,23.570713333333334,87.30258333333335 ,33.00748901367188,82.80380012003397 ,14287.0,10:09:04 AM,1572669544283
-1.85 ,3.098 ,14.36,23.570713333333334,87.30258333333335 ,33.00748901367188,82.80380012003397 ,14287.0,10:09:04 AM,1572669544283
-1.69 ,3.056 ,14.613,23.570713333333334,87.30258333333335 ,33.00748901367188,82.80380012003397 ,14287.0,10:09:04 AM,1572669544289
-0.275 ,1.81 ,13.9,23.570713333333334,87.30258333333335 ,33.00748901367188,82.80380012003397 ,14287.0,10:09:04 AM,1572669544290
-0.555 ,-0.403 ,9.068,23.570713333333334,87.30258333333335 ,33.00748901367188,82.80380012003397 ,14287.0,10:09:04 AM,1572669544293
0.762 ,-0.591 ,8.253,23.570713333333334,87.30258333333335 ,33.00748901367188,82.80380012003397 ,14287.0,10:09:04 AM,1572669544293
1.513 ,0.041 ,7.312,23.570713333333334,87.30258333333335 ,33.00748901367188,82.80380012003397 ,14287.0,10:09:04 AM,1572669544297
2.344 ,1.544 ,9.554,23.570713333333334,87.30258333333335 ,33.00748901367188,82.80380012003397 ,14287.0,10:09:04 AM,1572669544297
0.943 ,2.624 ,10.981,23.570713333333334,87.30258333333335 ,33.00748901367188,82.80380012003397 ,14287.0,10:09:04 AM,1572669544302
0.663 ,2.543 ,14.485,23.570713333333334,87.30258333333335 ,33.00748901367188,82.80380012003397 ,14287.0,10:09:04 AM,1572669544302
-2.141 ,0.324 ,12.353,23.570713333333334,87.30258333333335 ,33.00748901367188,82.80380012003397 ,14287.0,10:09:04 AM,1572669544307
-3.599 ,-1.698 ,14.058,23.570713333333334,87.30258333333335 ,33.00748901367188,82.80380012003397 ,14287.0,10:09:04 AM,1572669544308
-4.666 ,-0.611 ,13.602,23.570713333333334,87.30258333333335 ,33.00748901367188,82.80380012003397 ,14287.0,10:09:04 AM,1572669544313
-3.634 ,1.617 ,15.279,23.570713333333334,87.30258333333335 ,33.00748901367188,82.80380012003397 ,14287.0,10:09:04 AM,1572669544314
-3.021 ,3.804 ,15.464,23.570713333333334,87.30258333333335 ,33.00748901367188,82.80380012003397 ,14287.0,10:09:04 AM,1572669544317
-3.272 ,3.903 ,12.911,23.570713333333334,87.30258333333335 ,33.00748901367188,82.80380012003397 ,14287.0,10:09:04 AM,1572669544318
-1.312 ,2.61 ,9.548,23.570713333333334,87.30258333333335 ,33.00748901367188,82.80380012003397 ,14287.0,10:09:04 AM,1572669544324
-2.083 ,0.651 ,3.955,23.570713333333334,87.30258333333335 ,33.00748901367188,82.80380012003397 ,14287.0,10:09:04 AM,1572669544325
-0.279 ,1.466 ,7.745,23.570713333333334,87.30258333333335 ,33.00748901367188,82.80380012003397 ,14287.0,10:09:04 AM,1572669544327
0.239 ,4.373 ,10.131,23.570713333333334,87.30258333333335 ,33.00748901367188,82.80380012003397 ,14287.0,10:09:04 AM,1572669544328
0.335 ,6.428 ,13.228,23.570713333333334,87.30258333333335 ,33.00748901367188,82.80380012003397 ,14287.0,10:09:04 AM,1572669544332
0.408 ,6.773 ,12.199,23.570713333333334,87.30258333333335 ,33.00748901367188,82.80380012003397 ,14287.0,10:09:04 AM,1572669544333
-0.538 ,4.731 ,5.171,23.570713333333334,87.30258333333335 ,33.00748901367188,82.80380012003397 ,14287.0,10:09:04 AM,1572669544339
-0.825 ,1.909 ,0.783,23.570713333333334,87.30258333333335 ,33.00748901367188,82.80380012003397 ,14287.0,10:09:04 AM,1572669544339
-2.184 ,1.875 ,3.444,23.570713333333334,87.30258333333335 ,33.00748901367188,82.80380012003397 ,14287.0,10:09:04 AM,1572669544342
