x,y,z,latitude,longitude,speed,sound,light,time,timestamp
6.231 ,10.122 ,-4.459,23.55161666666667,87.29637333333334 ,26.542371368408205,81.32136293215203 ,3305.0,10:13:32 AM,1572669812001
7.711 ,10.513 ,-3.422,23.55161666666667,87.29637333333334 ,26.542371368408205,81.32136293215203 ,3305.0,10:13:32 AM,1572669812006
7.087 ,10.376 ,-0.242,23.55161666666667,87.29637333333334 ,26.542371368408205,81.32136293215203 ,3305.0,10:13:32 AM,1572669812007
4.4 ,10.333 ,-2.271,23.55161666666667,87.29637333333334 ,26.542371368408205,81.32136293215203 ,3305.0,10:13:32 AM,1572669812011
4.178 ,9.352 ,-2.941,23.55161666666667,87.29637333333334 ,26.542371368408205,81.32136293215203 ,3305.0,10:13:32 AM,1572669812012
2.072 ,7.992 ,-4.228,23.55161666666667,87.29637333333334 ,26.542371368408205,81.32136293215203 ,3305.0,10:13:32 AM,1572669812016
0.1 ,8.265 ,-3.18,23.55161666666667,87.29637333333334 ,26.542371368408205,81.32136293215203 ,3305.0,10:13:32 AM,1572669812017
-0.303 ,11.979 ,2.905,23.55161666666667,87.29637333333334 ,26.542371368408205,81.32136293215203 ,3305.0,10:13:32 AM,1572669812021
-1.363 ,13.874 ,7.857,23.55161666666667,87.29637333333334 ,26.542371368408205,81.32136293215203 ,3305.0,10:13:32 AM,1572669812021
-1.594 ,10.801 ,9.694,23.55161666666667,87.29637333333334 ,26.542371368408205,81.32136293215203 ,3305.0,10:13:32 AM,1572669812026
-1.564 ,4.78 ,4.567,23.55161666666667,87.29637333333334 ,26.542371368408205,81.32136293215203 ,3305.0,10:13:32 AM,1572669812027
0.552 ,1.206 ,4.627,23.55161666666667,87.29637333333334 ,26.542371368408205,81.32136293215203 ,3305.0,10:13:32 AM,1572669812031
2.601 ,2.333 ,8.935,23.55161666666667,87.29637333333334 ,26.542371368408205,81.32136293215203 ,3305.0,10:13:32 AM,1572669812032
2.704 ,5.267 ,14.595,23.55161666666667,87.29637333333334 ,26.542371368408205,81.32136293215203 ,3305.0,10:13:32 AM,1572669812035
2.143 ,8.424 ,19.765,23.55161666666667,87.29637333333334 ,26.542371368408205,81.32136293215203 ,3305.0,10:13:32 AM,1572669812036
0.493 ,7.751 ,22.25,23.55161666666667,87.29637333333334 ,26.542371368408205,81.32136293215203 ,3305.0,10:13:32 AM,1572669812041
-0.55 ,4.617 ,20.72,23.55161666666667,87.29637333333334 ,26.542371368408205,81.32136293215203 ,3305.0,10:13:32 AM,1572669812041
-3.721 ,2.457 ,14.089,23.55161666666667,87.29637333333334 ,26.542371368408205,81.32136293215203 ,3305.0,10:13:32 AM,1572669812046
-2.042 ,2.971 ,13.908,23.55161666666667,87.29637333333334 ,26.542371368408205,81.32136293215203 ,3305.0,10:13:32 AM,1572669812047
0.276 ,3.976 ,11.403,23.55161666666667,87.29637333333334 ,26.542371368408205,81.32136293215203 ,3305.0,10:13:32 AM,1572669812051
1.36 ,1.632 ,7.956,23.55161666666667,87.29637333333334 ,26.542371368408205,81.32136293215203 ,3305.0,10:13:32 AM,1572669812052
2.732 ,1.392 ,7.678,23.55161666666667,87.29637333333334 ,26.542371368408205,81.32136293215203 ,3305.0,10:13:32 AM,1572669812055
4.027 ,3.165 ,12.785,23.55161666666667,87.29637333333334 ,26.542371368408205,81.32136293215203 ,3305.0,10:13:32 AM,1572669812056
3.311 ,4.028 ,12.242,23.55161666666667,87.29637333333334 ,26.542371368408205,81.32136293215203 ,3305.0,10:13:32 AM,1572669812060
-0.322 ,4.347 ,5.45,23.55161666666667,87.29637333333334 ,26.542371368408205,81.32136293215203 ,3305.0,10:13:32 AM,1572669812061
1.998 ,0.203 ,4.42,23.55161666666667,87.29637333333334 ,26.542371368408205,81.32136293215203 ,3305.0,10:13:32 AM,1572669812066
-1.278 ,-2.584 ,-2.111,23.55161666666667,87.29637333333334 ,26.542371368408205,81.32136293215203 ,3305.0,10:13:32 AM,1572669812068
-3.58 ,-1.688 ,1.805,23.55161666666667,87.29637333333334 ,26.542371368408205,81.32136293215203 ,3305.0,10:13:32 AM,1572669812071
-2.222 ,2.735 ,10.808,23.55161666666667,87.29637333333334 ,26.542371368408205,81.32136293215203 ,3305.0,10:13:32 AM,1572669812072
-2.963 ,5.169 ,13.598,23.55161666666667,87.29637333333334 ,26.542371368408205,81.32136293215203 ,3305.0,10:13:32 AM,1572669812075
-3.36 ,3.895 ,11.775,23.55161666666667,87.29637333333334 ,26.542371368408205,81.32136293215203 ,3305.0,10:13:32 AM,1572669812076
-2.615 ,1.314 ,12.628,23.55161666666667,87.29637333333334 ,26.542371368408205,81.32136293215203 ,3305.0,10:13:32 AM,1572669812080
-2.511 ,0.63 ,13.608,23.55161666666667,87.29637333333334 ,26.542371368408205,81.32136293215203 ,3305.0,10:13:32 AM,1572669812081
-2.789 ,1.538 ,10.398,23.55161666666667,87.29637333333334 ,26.542371368408205,81.32136293215203 ,3305.0,10:13:32 AM,1572669812086
-1.25 ,3.113 ,10.762,23.55161666666667,87.29637333333334 ,26.542371368408205,81.32136293215203 ,3305.0,10:13:32 AM,1572669812086
-0.981 ,2.643 ,10.652,23.55161666666667,87.29637333333334 ,26.542371368408205,81.32136293215203 ,3305.0,10:13:32 AM,1572669812091
0.274 ,2.106 ,10.553,23.55161666666667,87.29637333333334 ,26.542371368408205,81.32136293215203 ,3305.0,10:13:32 AM,1572669812092
-0.228 ,2.487 ,12.533,23.55161666666667,87.29637333333334 ,26.542371368408205,81.32136293215203 ,3305.0,10:13:32 AM,1572669812096
-0.768 ,3.372 ,12.305,23.55161666666667,87.29637333333334 ,26.542371368408205,81.32136293215203 ,3305.0,10:13:32 AM,1572669812096
-0.926 ,4.212 ,9.938,23.55161666666667,87.29637333333334 ,26.542371368408205,81.32136293215203 ,3305.0,10:13:32 AM,1572669812101
0.633 ,2.895 ,5.225,23.55161666666667,87.29637333333334 ,26.542371368408205,81.32136293215203 ,3305.0,10:13:32 AM,1572669812102
0.249 ,1.843 ,3.511,23.55161666666667,87.29637333333334 ,26.542371368408205,81.32136293215203 ,3305.0,10:13:32 AM,1572669812106
0.363 ,3.472 ,6.393,23.55161666666667,87.29637333333334 ,26.542371368408205,81.32136293215203 ,3305.0,10:13:32 AM,1572669812107
1.482 ,7.916 ,9.709,23.55161666666667,87.29637333333334 ,26.542371368408205,81.32136293215203 ,3305.0,10:13:32 AM,1572669812111
1.942 ,8.467 ,10.796,23.55161666666667,87.29637333333334 ,26.542371368408205,81.32136293215203 ,3305.0,10:13:32 AM,1572669812111
0.616 ,5.669 ,8.877,23.55161666666667,87.29637333333334 ,26.542371368408205,81.32136293215203 ,3305.0,10:13:32 AM,1572669812115
0.765 ,3.44 ,6.993,23.55161666666667,87.29637333333334 ,26.542371368408205,81.32136293215203 ,3305.0,10:13:32 AM,1572669812116
-0.133 ,4.788 ,5.827,23.55161666666667,87.29637333333334 ,26.542371368408205,81.32136293215203 ,3305.0,10:13:32 AM,1572669812120
1.246 ,6.226 ,8.851,23.55161666666667,87.29637333333334 ,26.542371368408205,81.32136293215203 ,3305.0,10:13:32 AM,1572669812121
-1.139 ,5.528 ,6.207,23.55161666666667,87.29637333333334 ,26.542371368408205,81.32136293215203 ,3305.0,10:13:32 AM,1572669812125
-1.212 ,4.847 ,7.815,23.55161666666667,87.29637333333334 ,26.542371368408205,81.32136293215203 ,3305.0,10:13:32 AM,1572669812126
-2.117 ,5.882 ,8.625,23.55161666666667,87.29637333333334 ,26.542371368408205,81.32136293215203 ,3305.0,10:13:32 AM,1572669812131
-3.04 ,5.904 ,9.906,23.55161666666667,87.29637333333334 ,26.542371368408205,81.32136293215203 ,3305.0,10:13:32 AM,1572669812132
-3.068 ,6.366 ,10.335,23.55161666666667,87.29637333333334 ,26.542371368408205,81.32136293215203 ,3305.0,10:13:32 AM,1572669812135
-1.928 ,5.935 ,8.037,23.55161666666667,87.29637333333334 ,26.542371368408205,81.32136293215203 ,3305.0,10:13:32 AM,1572669812136
-0.273 ,6.514 ,6.912,23.55161666666667,87.29637333333334 ,26.542371368408205,81.32136293215203 ,3305.0,10:13:32 AM,1572669812140
0.148 ,6.567 ,4.794,23.55161666666667,87.29637333333334 ,26.542371368408205,81.32136293215203 ,3305.0,10:13:32 AM,1572669812141
1.32 ,6.568 ,4.101,23.55161666666667,87.29637333333334 ,26.542371368408205,81.32136293215203 ,3305.0,10:13:32 AM,1572669812145
0.963 ,6.539 ,2.28,23.55161666666667,87.29637333333334 ,26.542371368408205,81.32136293215203 ,3305.0,10:13:32 AM,1572669812146
1.125 ,5.274 ,5.402,23.55161666666667,87.29637333333334 ,26.542371368408205,81.32136293215203 ,3305.0,10:13:32 AM,1572669812151
-1.15 ,5.139 ,6.096,23.55161666666667,87.29637333333334 ,26.542371368408205,81.32136293215203 ,3305.0,10:13:32 AM,1572669812151
-1.074 ,5.82 ,8.956,23.55161666666667,87.29637333333334 ,26.542371368408205,81.32136293215203 ,3305.0,10:13:32 AM,1572669812155
-1.307 ,6.091 ,9.291,23.55161666666667,87.29637333333334 ,26.542371368408205,81.32136293215203 ,3305.0,10:13:32 AM,1572669812156
-3.37 ,4.78 ,8.423,23.55161666666667,87.29637333333334 ,26.542371368408205,81.32136293215203 ,3305.0,10:13:32 AM,1572669812160
-2.145 ,4.157 ,10.641,23.55161666666667,87.29637333333334 ,26.542371368408205,81.32136293215203 ,3305.0,10:13:32 AM,1572669812161
-2.188 ,3.885 ,7.755,23.55161666666667,87.29637333333334 ,26.542371368408205,81.32136293215203 ,3305.0,10:13:32 AM,1572669812165
-1.599 ,3.153 ,10.095,23.55161666666667,87.29637333333334 ,26.542371368408205,81.32136293215203 ,3305.0,10:13:32 AM,1572669812167
-1.243 ,2.103 ,11.808,23.55161666666667,87.29637333333334 ,26.542371368408205,81.32136293215203 ,3305.0,10:13:32 AM,1572669812170
-0.892 ,1.764 ,11.01,23.55161666666667,87.29637333333334 ,26.542371368408205,81.32136293215203 ,3305.0,10:13:32 AM,1572669812171
1.016 ,1.867 ,11.656,23.55161666666667,87.29637333333334 ,26.542371368408205,81.32136293215203 ,3305.0,10:13:32 AM,1572669812175
0.384 ,0.669 ,11.598,23.55161666666667,87.29637333333334 ,26.542371368408205,81.32136293215203 ,3305.0,10:13:32 AM,1572669812176
0.019 ,-0.317 ,10.841,23.55161666666667,87.29637333333334 ,26.542371368408205,81.32136293215203 ,3305.0,10:13:32 AM,1572669812181
0.281 ,-0.269 ,9.22,23.55161666666667,87.29637333333334 ,26.542371368408205,81.32136293215203 ,3305.0,10:13:32 AM,1572669812182
-0.787 ,-0.003 ,8.185,23.55161666666667,87.29637333333334 ,26.542371368408205,81.32136293215203 ,3305.0,10:13:32 AM,1572669812185
-1.636 ,-0.104 ,10.556,23.55161666666667,87.29637333333334 ,26.542371368408205,81.32136293215203 ,3305.0,10:13:32 AM,1572669812186
-2.643 ,0.135 ,9.911,23.55161666666667,87.29637333333334 ,26.542371368408205,81.32136293215203 ,3305.0,10:13:32 AM,1572669812190
-2.913 ,1.063 ,8.843,23.55161666666667,87.29637333333334 ,26.542371368408205,81.32136293215203 ,3305.0,10:13:32 AM,1572669812191
-2.977 ,1.365 ,9.871,23.55161666666667,87.29637333333334 ,26.542371368408205,81.32136293215203 ,4216.0,10:13:32 AM,1572669812197
-3.09 ,1.408 ,8.812,23.55161666666667,87.29637333333334 ,26.542371368408205,81.32136293215203 ,4216.0,10:13:32 AM,1572669812198
-2.183 ,1.69 ,7.107,23.55161666666667,87.29637333333334 ,26.542371368408205,81.32136293215203 ,4216.0,10:13:32 AM,1572669812201
-0.8 ,2.273 ,7.545,23.55161666666667,87.29637333333334 ,26.542371368408205,81.32136293215203 ,4216.0,10:13:32 AM,1572669812202
-1.432 ,3.445 ,9.424,23.55161666666667,87.29637333333334 ,26.542371368408205,81.32136293215203 ,4216.0,10:13:32 AM,1572669812206
-0.437 ,4.155 ,11.148,23.55161666666667,87.29637333333334 ,26.542371368408205,81.32136293215203 ,4216.0,10:13:32 AM,1572669812207
0.331 ,3.684 ,7.287,23.55161666666667,87.29637333333334 ,26.542371368408205,81.32136293215203 ,4216.0,10:13:32 AM,1572669812211
0.129 ,3.025 ,6.075,23.55161666666667,87.29637333333334 ,26.542371368408205,81.32136293215203 ,4216.0,10:13:32 AM,1572669812212
0.273 ,3.537 ,7.099,23.55161666666667,87.29637333333334 ,26.542371368408205,81.32136293215203 ,4216.0,10:13:32 AM,1572669812216
0.011 ,4.364 ,4.553,23.55161666666667,87.29637333333334 ,26.542371368408205,81.32136293215203 ,4216.0,10:13:32 AM,1572669812217
0.567 ,4.406 ,2.778,23.55161666666667,87.29637333333334 ,26.542371368408205,81.32136293215203 ,4216.0,10:13:32 AM,1572669812223
-0.24 ,3.342 ,5.158,23.55161666666667,87.29637333333334 ,26.542371368408205,81.32136293215203 ,4216.0,10:13:32 AM,1572669812224
-0.758 ,4.61 ,10.223,23.55161666666667,87.29637333333334 ,26.542371368408205,81.32136293215203 ,4216.0,10:13:32 AM,1572669812226
-0.686 ,7.31 ,11.887,23.55161666666667,87.29637333333334 ,26.542371368408205,81.32136293215203 ,4216.0,10:13:32 AM,1572669812227
-0.118 ,7.239 ,12.834,23.55161666666667,87.29637333333334 ,26.542371368408205,81.32136293215203 ,4216.0,10:13:32 AM,1572669812231
0.298 ,5.182 ,11.865,23.55161666666667,87.29637333333334 ,26.542371368408205,81.32136293215203 ,4216.0,10:13:32 AM,1572669812232
0.756 ,4.197 ,10.022,23.55161666666667,87.29637333333334 ,26.542371368408205,81.32136293215203 ,4216.0,10:13:32 AM,1572669812237
1.841 ,5.784 ,10.317,23.55161666666667,87.29637333333334 ,26.542371368408205,81.32136293215203 ,4216.0,10:13:32 AM,1572669812238
1.593 ,6.873 ,11.921,23.55161666666667,87.29637333333334 ,26.542371368408205,81.32136293215203 ,4216.0,10:13:32 AM,1572669812240
2.003 ,6.017 ,13.666,23.55161666666667,87.29637333333334 ,26.542371368408205,81.32136293215203 ,4216.0,10:13:32 AM,1572669812241
0.352 ,5.791 ,10.438,23.55161666666667,87.29637333333334 ,26.542371368408205,81.32136293215203 ,4216.0,10:13:32 AM,1572669812246
0.147 ,5.764 ,12.9,23.55161666666667,87.29637333333334 ,26.542371368408205,81.32136293215203 ,4216.0,10:13:32 AM,1572669812247
-1.602 ,6.217 ,13.261,23.55161666666667,87.29637333333334 ,26.542371368408205,81.32136293215203 ,4216.0,10:13:32 AM,1572669812252
