x,y,z,latitude,longitude,speed,sound,light,time,timestamp
-5.036 ,0.202 ,-0.046,23.561711666666664,87.29886166666665 ,42.591206359863286,85.23386283389704 ,11569.0,10:11:26 AM,1572669686345
-3.679 ,-1.003 ,2.882,23.561711666666664,87.29886166666665 ,42.591206359863286,85.23386283389704 ,11569.0,10:11:26 AM,1572669686351
-0.242 ,2.452 ,16.211,23.561711666666664,87.29886166666665 ,42.591206359863286,85.23386283389704 ,11569.0,10:11:26 AM,1572669686352
-2.109 ,4.728 ,22.015,23.561711666666664,87.29886166666665 ,42.591206359863286,85.23386283389704 ,11569.0,10:11:26 AM,1572669686354
0.791 ,4.308 ,32.871,23.561711666666664,87.29886166666665 ,42.591206359863286,85.23386283389704 ,11569.0,10:11:26 AM,1572669686354
-1.37 ,1.844 ,23.404,23.561711666666664,87.29886166666665 ,42.591206359863286,85.23386283389704 ,11569.0,10:11:26 AM,1572669686358
1.133 ,-0.544 ,22.328,23.561711666666664,87.29886166666665 ,42.591206359863286,85.23386283389704 ,11569.0,10:11:26 AM,1572669686359
1.511 ,2.393 ,17.488,23.561711666666664,87.29886166666665 ,42.591206359863286,85.23386283389704 ,11569.0,10:11:26 AM,1572669686368
0.974 ,4.782 ,17.569,23.561711666666664,87.29886166666665 ,42.591206359863286,85.23386283389704 ,11569.0,10:11:26 AM,1572669686369
2.213 ,5.976 ,17.525,23.561711666666664,87.29886166666665 ,42.591206359863286,85.23386283389704 ,11569.0,10:11:26 AM,1572669686369
-0.111 ,5.768 ,8.626,23.561711666666664,87.29886166666665 ,42.591206359863286,85.23386283389704 ,11569.0,10:11:26 AM,1572669686370
0.799 ,2.474 ,11.901,23.561711666666664,87.29886166666665 ,42.591206359863286,85.23386283389704 ,11569.0,10:11:26 AM,1572669686374
-2.313 ,0.341 ,8.114,23.561711666666664,87.29886166666665 ,42.591206359863286,85.23386283389704 ,11569.0,10:11:26 AM,1572669686375
-1.988 ,-1.071 ,6.778,23.561711666666664,87.29886166666665 ,42.591206359863286,85.23386283389704 ,11569.0,10:11:26 AM,1572669686378
-2.098 ,1.538 ,3.47,23.561711666666664,87.29886166666665 ,42.591206359863286,85.23386283389704 ,11569.0,10:11:26 AM,1572669686379
0.333 ,2.516 ,4.864,23.561711666666664,87.29886166666665 ,42.591206359863286,85.23386283389704 ,11569.0,10:11:26 AM,1572669686384
2.746 ,4.409 ,8.836,23.561711666666664,87.29886166666665 ,42.591206359863286,85.23386283389704 ,11569.0,10:11:26 AM,1572669686385
0.795 ,8.049 ,-0.433,23.561711666666664,87.29886166666665 ,42.591206359863286,85.23386283389704 ,11569.0,10:11:26 AM,1572669686389
5.06 ,10.547 ,6.582,23.561711666666664,87.29886166666665 ,42.591206359863286,85.23386283389704 ,11569.0,10:11:26 AM,1572669686390
1.877 ,11.133 ,-0.322,23.561711666666664,87.29886166666665 ,42.591206359863286,85.23386283389704 ,12369.0,10:11:26 AM,1572669686394
3.55 ,8.615 ,0.452,23.561711666666664,87.29886166666665 ,42.591206359863286,85.23386283389704 ,12369.0,10:11:26 AM,1572669686394
1.991 ,8.062 ,6.458,23.561711666666664,87.29886166666665 ,42.591206359863286,85.23386283389704 ,12369.0,10:11:26 AM,1572669686400
-1.273 ,11.565 ,8.067,23.561711666666664,87.29886166666665 ,42.591206359863286,85.23386283389704 ,12369.0,10:11:26 AM,1572669686401
-0.343 ,15.37 ,10.339,23.561711666666664,87.29886166666665 ,42.591206359863286,85.23386283389704 ,12369.0,10:11:26 AM,1572669686403
1.521 ,12.138 ,7.968,23.561711666666664,87.29886166666665 ,42.591206359863286,85.23386283389704 ,12369.0,10:11:26 AM,1572669686404
2.52 ,8.144 ,2.951,23.561711666666664,87.29886166666665 ,42.591206359863286,85.23386283389704 ,12369.0,10:11:26 AM,1572669686408
0.005 ,7.498 ,-0.762,23.561711666666664,87.29886166666665 ,42.591206359863286,85.23386283389704 ,12369.0,10:11:26 AM,1572669686409
2.454 ,9.941 ,4.967,23.561711666666664,87.29886166666665 ,42.591206359863286,85.23386283389704 ,12369.0,10:11:26 AM,1572669686418
-1.794 ,11.534 ,-2.318,23.561711666666664,87.29886166666665 ,42.591206359863286,85.23386283389704 ,12369.0,10:11:26 AM,1572669686418
-0.921 ,6.524 ,-0.77,23.561711666666664,87.29886166666665 ,42.591206359863286,85.23386283389704 ,12369.0,10:11:26 AM,1572669686419
-4.182 ,6.229 ,0.691,23.561711666666664,87.29886166666665 ,42.591206359863286,85.23386283389704 ,12369.0,10:11:26 AM,1572669686420
-6.941 ,9.83 ,3.23,23.561711666666664,87.29886166666665 ,42.591206359863286,85.23386283389704 ,12369.0,10:11:26 AM,1572669686424
-4.271 ,15.207 ,11.863,23.561711666666664,87.29886166666665 ,42.591206359863286,85.23386283389704 ,12369.0,10:11:26 AM,1572669686424
-5.109 ,12.338 ,1.503,23.561711666666664,87.29886166666665 ,42.591206359863286,85.23386283389704 ,12369.0,10:11:26 AM,1572669686430
-0.2 ,6.94 ,0.422,23.561711666666664,87.29886166666665 ,42.591206359863286,85.23386283389704 ,12369.0,10:11:26 AM,1572669686430
0.613 ,4.582 ,-3.246,23.561711666666664,87.29886166666665 ,42.591206359863286,85.23386283389704 ,12369.0,10:11:26 AM,1572669686435
4.907 ,5.778 ,0.327,23.561711666666664,87.29886166666665 ,42.591206359863286,85.23386283389704 ,12369.0,10:11:26 AM,1572669686436
4.858 ,7.296 ,0.974,23.561711666666664,87.29886166666665 ,42.591206359863286,85.23386283389704 ,12369.0,10:11:26 AM,1572669686439
5.061 ,3.525 ,4.736,23.561711666666664,87.29886166666665 ,42.591206359863286,85.23386283389704 ,12369.0,10:11:26 AM,1572669686440
2.922 ,3.392 ,8.735,23.561711666666664,87.29886166666665 ,42.591206359863286,85.23386283389704 ,12369.0,10:11:26 AM,1572669686444
-0.837 ,4.258 ,13.7,23.561711666666664,87.29886166666665 ,42.591206359863286,85.23386283389704 ,12369.0,10:11:26 AM,1572669686445
-2.407 ,6.747 ,12.188,23.561711666666664,87.29886166666665 ,42.591206359863286,85.23386283389704 ,12369.0,10:11:26 AM,1572669686450
-5.549 ,4.472 ,7.808,23.561711666666664,87.29886166666665 ,42.591206359863286,85.23386283389704 ,12369.0,10:11:26 AM,1572669686450
-4.059 ,0.215 ,10.353,23.561711666666664,87.29886166666665 ,42.591206359863286,85.23386283389704 ,12369.0,10:11:26 AM,1572669686454
-5.55 ,1.419 ,5.533,23.561711666666664,87.29886166666665 ,42.591206359863286,85.23386283389704 ,12369.0,10:11:26 AM,1572669686455
-2.464 ,4.64 ,16.075,23.561711666666664,87.29886166666665 ,42.591206359863286,85.23386283389704 ,12369.0,10:11:26 AM,1572669686458
-0.773 ,9.028 ,16.872,23.561711666666664,87.29886166666665 ,42.591206359863286,85.23386283389704 ,12369.0,10:11:26 AM,1572669686459
-0.208 ,6.996 ,16.745,23.561711666666664,87.29886166666665 ,42.591206359863286,85.23386283389704 ,12369.0,10:11:26 AM,1572669686468
2.775 ,5.674 ,19.665,23.561711666666664,87.29886166666665 ,42.591206359863286,85.23386283389704 ,12369.0,10:11:26 AM,1572669686475
-1.074 ,4.824 ,13.634,23.561711666666664,87.29886166666665 ,42.591206359863286,85.23386283389704 ,12369.0,10:11:26 AM,1572669686476
1.846 ,7.02 ,14.427,23.561711666666664,87.29886166666665 ,42.591206359863286,85.23386283389704 ,12369.0,10:11:26 AM,1572669686476
1.72 ,7.872 ,10.93,23.561711666666664,87.29886166666665 ,42.591206359863286,85.23386283389704 ,12369.0,10:11:26 AM,1572669686477
0.72 ,4.826 ,11.286,23.561711666666664,87.29886166666665 ,42.591206359863286,85.23386283389704 ,12369.0,10:11:26 AM,1572669686478
0.248 ,5.357 ,12.874,23.561711666666664,87.29886166666665 ,42.591206359863286,85.23386283389704 ,12369.0,10:11:26 AM,1572669686479
-1.605 ,6.52 ,11.762,23.561711666666664,87.29886166666665 ,42.591206359863286,85.23386283389704 ,12369.0,10:11:26 AM,1572669686479
-1.731 ,7.21 ,10.683,23.561711666666664,87.29886166666665 ,42.591206359863286,85.23386283389704 ,12369.0,10:11:26 AM,1572669686484
-4.257 ,5.4 ,7.881,23.561711666666664,87.29886166666665 ,42.591206359863286,85.23386283389704 ,12369.0,10:11:26 AM,1572669686484
-4.462 ,2.478 ,10.374,23.561711666666664,87.29886166666665 ,42.591206359863286,85.23386283389704 ,12369.0,10:11:26 AM,1572669686488
-8.218 ,5.575 ,9.237,23.561711666666664,87.29886166666665 ,42.591206359863286,85.23386283389704 ,12369.0,10:11:26 AM,1572669686489
-7.852 ,8.097 ,17.622,23.561711666666664,87.29886166666665 ,42.591206359863286,85.23386283389704 ,12369.0,10:11:26 AM,1572669686493
-6.483 ,9.143 ,14.01,23.561711666666664,87.29886166666665 ,42.591206359863286,85.23386283389704 ,12369.0,10:11:26 AM,1572669686493
-5.128 ,4.652 ,10.149,23.561711666666664,87.29886166666665 ,42.591206359863286,85.23386283389704 ,12369.0,10:11:26 AM,1572669686500
-0.241 ,4.983 ,10.645,23.561711666666664,87.29886166666665 ,42.591206359863286,85.23386283389704 ,12369.0,10:11:26 AM,1572669686501
0.974 ,6.732 ,6.282,23.561711666666664,87.29886166666665 ,42.591206359863286,85.23386283389704 ,12369.0,10:11:26 AM,1572669686504
7.366 ,7.903 ,11.476,23.561711666666664,87.29886166666665 ,42.591206359863286,85.23386283389704 ,12369.0,10:11:26 AM,1572669686504
5.252 ,5.876 ,2.52,23.561711666666664,87.29886166666665 ,42.591206359863286,85.23386283389704 ,12369.0,10:11:26 AM,1572669686508
5.837 ,2.074 ,7.927,23.561711666666664,87.29886166666665 ,42.591206359863286,85.23386283389704 ,12369.0,10:11:26 AM,1572669686508
0.219 ,2.776 ,5.702,23.561711666666664,87.29886166666665 ,42.591206359863286,85.23386283389704 ,12369.0,10:11:26 AM,1572669686513
-5.312 ,1.2 ,6.892,23.561711666666664,87.29886166666665 ,42.591206359863286,85.23386283389704 ,12369.0,10:11:26 AM,1572669686513
-8.886 ,3.01 ,11.142,23.561711666666664,87.29886166666665 ,42.591206359863286,85.23386283389704 ,12369.0,10:11:26 AM,1572669686519
-11.81 ,2.974 ,11.691,23.561711666666664,87.29886166666665 ,42.591206359863286,85.23386283389704 ,12369.0,10:11:26 AM,1572669686519
-9.443 ,4.466 ,18.19,23.561711666666664,87.29886166666665 ,42.591206359863286,85.23386283389704 ,12369.0,10:11:26 AM,1572669686525
-8.507 ,6.47 ,18.554,23.561711666666664,87.29886166666665 ,42.591206359863286,85.23386283389704 ,12369.0,10:11:26 AM,1572669686525
-2.548 ,6.731 ,21.945,23.561711666666664,87.29886166666665 ,42.591206359863286,85.23386283389704 ,12369.0,10:11:26 AM,1572669686528
2.004 ,6.141 ,12.961,23.561711666666664,87.29886166666665 ,42.591206359863286,85.23386283389704 ,12369.0,10:11:26 AM,1572669686529
6.042 ,1.69 ,9.847,23.561711666666664,87.29886166666665 ,42.591206359863286,86.0581191343423 ,12369.0,10:11:26 AM,1572669686534
8.015 ,0.968 ,8.277,23.561711666666664,87.29886166666665 ,42.591206359863286,86.0581191343423 ,12369.0,10:11:26 AM,1572669686534
7.035 ,2.437 ,12.877,23.561711666666664,87.29886166666665 ,42.591206359863286,86.0581191343423 ,12369.0,10:11:26 AM,1572669686538
6.87 ,5.966 ,16.736,23.561711666666664,87.29886166666665 ,42.591206359863286,86.0581191343423 ,12369.0,10:11:26 AM,1572669686539
3.023 ,4.185 ,12.34,23.561711666666664,87.29886166666665 ,42.591206359863286,86.0581191343423 ,12369.0,10:11:26 AM,1572669686543
1.707 ,1.835 ,14.929,23.561711666666664,87.29886166666665 ,42.591206359863286,86.0581191343423 ,12369.0,10:11:26 AM,1572669686543
-0.903 ,4.16 ,13.541,23.561711666666664,87.29886166666665 ,42.591206359863286,86.0581191343423 ,12369.0,10:11:26 AM,1572669686550
-1.59 ,7.564 ,14.289,23.561711666666664,87.29886166666665 ,42.591206359863286,86.0581191343423 ,12369.0,10:11:26 AM,1572669686550
-2.689 ,10.935 ,12.366,23.561711666666664,87.29886166666665 ,42.591206359863286,86.0581191343423 ,12369.0,10:11:26 AM,1572669686553
-1.875 ,8.159 ,11.157,23.561711666666664,87.29886166666665 ,42.591206359863286,86.0581191343423 ,12369.0,10:11:26 AM,1572669686554
-1.304 ,7.909 ,6.571,23.561711666666664,87.29886166666665 ,42.591206359863286,86.0581191343423 ,12369.0,10:11:26 AM,1572669686558
-1.979 ,8.342 ,3.908,23.561711666666664,87.29886166666665 ,42.591206359863286,86.0581191343423 ,12369.0,10:11:26 AM,1572669686558
0.84 ,10.798 ,0.289,23.561711666666664,87.29886166666665 ,42.591206359863286,86.0581191343423 ,12369.0,10:11:26 AM,1572669686562
-1.226 ,11.12 ,-8.561,23.561711666666664,87.29886166666665 ,42.591206359863286,86.0581191343423 ,12369.0,10:11:26 AM,1572669686563
2.073 ,10.118 ,-4.703,23.561711666666664,87.29886166666665 ,42.591206359863286,86.0581191343423 ,12369.0,10:11:26 AM,1572669686569
-1.811 ,10.51 ,-12.679,23.561711666666664,87.29886166666665 ,42.591206359863286,86.0581191343423 ,12369.0,10:11:26 AM,1572669686569
-0.752 ,11.627 ,-7.523,23.561711666666664,87.29886166666665 ,42.591206359863286,86.0581191343423 ,12369.0,10:11:26 AM,1572669686574
-3.877 ,13.971 ,-3.062,23.561711666666664,87.29886166666665 ,42.591206359863286,86.0581191343423 ,12369.0,10:11:26 AM,1572669686574
-7.173 ,12.589 ,1.816,23.561711666666664,87.29886166666665 ,42.591206359863286,86.0581191343423 ,12369.0,10:11:26 AM,1572669686578
-6.844 ,11.788 ,9.164,23.561711666666664,87.29886166666665 ,42.591206359863286,86.0581191343423 ,12369.0,10:11:26 AM,1572669686579
-11.884 ,7.388 ,-2.288,23.561711666666664,87.29886166666665 ,42.591206359863286,86.0581191343423 ,12369.0,10:11:26 AM,1572669686585
-7.911 ,1.91 ,2.534,23.561711666666664,87.29886166666665 ,42.591206359863286,86.0581191343423 ,12369.0,10:11:26 AM,1572669686586
-8.395 ,-0.098 ,-0.538,23.561711666666664,87.29886166666665 ,42.591206359863286,86.0581191343423 ,12369.0,10:11:26 AM,1572669686589
-4.667 ,1.523 ,9.935,23.561711666666664,87.29886166666665 ,42.591206359863286,86.0581191343423 ,12369.0,10:11:26 AM,1572669686589
-1.874 ,6.926 ,13.492,23.561711666666664,87.29886166666665 ,42.591206359863286,86.0581191343423 ,11857.0,10:11:26 AM,1572669686593
