x,y,z,latitude,longitude,speed,sound,light,time,timestamp
2.577 ,6.25 ,5.465,23.560416666666665,87.29882833333335 ,38.903734588623045,84.30080493818826 ,3635.0,10:11:40 AM,1572669700804
1.556 ,4.625 ,6.189,23.560416666666665,87.29882833333335 ,38.903734588623045,84.30080493818826 ,3635.0,10:11:40 AM,1572669700804
2.462 ,4.181 ,10.062,23.560416666666665,87.29882833333335 ,38.903734588623045,84.30080493818826 ,3635.0,10:11:40 AM,1572669700804
-1.402 ,6.742 ,6.351,23.560416666666665,87.29882833333335 ,38.903734588623045,84.30080493818826 ,3877.0,10:11:40 AM,1572669700868
-0.661 ,8.523 ,12.832,23.560416666666665,87.29882833333335 ,38.903734588623045,84.30080493818826 ,3877.0,10:11:40 AM,1572669700868
-2.268 ,8.96 ,7.527,23.560416666666665,87.29882833333335 ,38.903734588623045,84.30080493818826 ,3877.0,10:11:40 AM,1572669700868
-1.712 ,5.782 ,5.199,23.560416666666665,87.29882833333335 ,38.903734588623045,84.30080493818826 ,3877.0,10:11:40 AM,1572669700869
-1.429 ,6.612 ,0.463,23.560416666666665,87.29882833333335 ,38.903734588623045,84.30080493818826 ,3877.0,10:11:40 AM,1572669700869
-0.643 ,6.312 ,-1.518,23.560416666666665,87.29882833333335 ,38.903734588623045,84.30080493818826 ,3877.0,10:11:40 AM,1572669700870
0.432 ,7.504 ,0.661,23.560416666666665,87.29882833333335 ,38.903734588623045,84.30080493818826 ,3877.0,10:11:40 AM,1572669700871
-0.631 ,7.042 ,3.315,23.560416666666665,87.29882833333335 ,38.903734588623045,84.30080493818826 ,3877.0,10:11:40 AM,1572669700871
0.051 ,8.081 ,12.11,23.560416666666665,87.29882833333335 ,38.903734588623045,84.30080493818826 ,3877.0,10:11:40 AM,1572669700871
-1.831 ,9.651 ,14.852,23.560416666666665,87.29882833333335 ,38.903734588623045,84.30080493818826 ,3877.0,10:11:40 AM,1572669700872
-0.854 ,8.189 ,15.858,23.560416666666665,87.29882833333335 ,38.903734588623045,84.30080493818826 ,3877.0,10:11:40 AM,1572669700872
-1.477 ,5.886 ,11.042,23.560416666666665,87.29882833333335 ,38.903734588623045,84.30080493818826 ,3877.0,10:11:40 AM,1572669700872
-0.084 ,3.068 ,10.296,23.560416666666665,87.29882833333335 ,38.903734588623045,84.30080493818826 ,3877.0,10:11:40 AM,1572669700873
0.131 ,4.09 ,7.143,23.560416666666665,87.29882833333335 ,38.903734588623045,84.30080493818826 ,3877.0,10:11:40 AM,1572669700873
0.681 ,5.569 ,10.214,23.560416666666665,87.29882833333335 ,38.903734588623045,84.30080493818826 ,3877.0,10:11:40 AM,1572669700873
0.937 ,7.303 ,12.262,23.560416666666665,87.29882833333335 ,38.903734588623045,84.30080493818826 ,3877.0,10:11:40 AM,1572669700873
-1.166 ,7.222 ,12.245,23.560416666666665,87.29882833333335 ,38.903734588623045,84.30080493818826 ,3877.0,10:11:40 AM,1572669700874
-0.953 ,6.176 ,19.015,23.560416666666665,87.29882833333335 ,38.903734588623045,84.30080493818826 ,3877.0,10:11:40 AM,1572669700874
-4.11 ,5.843 ,15.03,23.560416666666665,87.29882833333335 ,38.903734588623045,84.30080493818826 ,3877.0,10:11:40 AM,1572669700874
-2.683 ,3.769 ,16.29,23.560416666666665,87.29882833333335 ,38.903734588623045,84.30080493818826 ,3877.0,10:11:40 AM,1572669700874
-2.5 ,3.056 ,7.861,23.560416666666665,87.29882833333335 ,38.903734588623045,84.30080493818826 ,3877.0,10:11:40 AM,1572669700874
-0.612 ,0.581 ,6.505,23.560416666666665,87.29882833333335 ,38.903734588623045,84.30080493818826 ,3877.0,10:11:40 AM,1572669700875
0.869 ,3.135 ,6.236,23.560416666666665,87.29882833333335 ,38.903734588623045,84.30080493818826 ,3877.0,10:11:40 AM,1572669700875
0.316 ,6.451 ,5.248,23.560416666666665,87.29882833333335 ,38.903734588623045,84.30080493818826 ,3877.0,10:11:40 AM,1572669700875
0.926 ,10.859 ,7.879,23.560416666666665,87.29882833333335 ,38.903734588623045,84.30080493818826 ,3877.0,10:11:40 AM,1572669700876
-0.643 ,10.448 ,5.65,23.560416666666665,87.29882833333335 ,38.903734588623045,84.30080493818826 ,3877.0,10:11:40 AM,1572669700876
-1.381 ,8.321 ,3.346,23.560416666666665,87.29882833333335 ,38.903734588623045,84.30080493818826 ,3877.0,10:11:40 AM,1572669700877
-3.847 ,7.079 ,2.125,23.560416666666665,87.29882833333335 ,38.903734588623045,84.30080493818826 ,3877.0,10:11:40 AM,1572669700877
-1.839 ,6.598 ,4.873,23.560416666666665,87.29882833333335 ,38.903734588623045,84.30080493818826 ,3877.0,10:11:40 AM,1572669700877
-2.062 ,6.494 ,-0.156,23.560416666666665,87.29882833333335 ,38.903734588623045,84.30080493818826 ,3877.0,10:11:40 AM,1572669700878
1.264 ,3.243 ,5.71,23.560313333333337,87.29881500000002 ,40.89941482543946,84.32450592720207 ,3877.0,10:11:40 AM,1572669700931
3.315 ,3.786 ,6.115,23.560313333333337,87.29881500000002 ,40.89941482543946,84.32450592720207 ,3877.0,10:11:40 AM,1572669700932
2.57 ,4.739 ,5.034,23.560313333333337,87.29881500000002 ,40.89941482543946,84.32450592720207 ,3877.0,10:11:40 AM,1572669700932
3.749 ,6.353 ,5.441,23.560313333333337,87.29881500000002 ,40.89941482543946,84.32450592720207 ,3877.0,10:11:40 AM,1572669700933
1.525 ,5.249 ,6.269,23.560313333333337,87.29881500000002 ,40.89941482543946,84.32450592720207 ,3877.0,10:11:40 AM,1572669700933
-0.065 ,3.936 ,10.372,23.560313333333337,87.29881500000002 ,40.89941482543946,84.32450592720207 ,3877.0,10:11:40 AM,1572669700934
-2.687 ,7.203 ,13.635,23.560313333333337,87.29881500000002 ,40.89941482543946,84.32450592720207 ,3877.0,10:11:40 AM,1572669700934
-2.792 ,8.462 ,21.68,23.560313333333337,87.29881500000002 ,40.89941482543946,84.32450592720207 ,3877.0,10:11:40 AM,1572669700935
-1.703 ,7.75 ,20.273,23.560313333333337,87.29881500000002 ,40.89941482543946,84.32450592720207 ,3877.0,10:11:40 AM,1572669700935
-0.85 ,1.061 ,14.085,23.560313333333337,87.29881500000002 ,40.89941482543946,84.32450592720207 ,3877.0,10:11:40 AM,1572669700936
1.982 ,-1.297 ,13.492,23.560313333333337,87.29881500000002 ,40.89941482543946,84.32450592720207 ,3877.0,10:11:40 AM,1572669700936
2.721 ,0.325 ,9.693,23.560313333333337,87.29881500000002 ,40.89941482543946,84.32450592720207 ,3877.0,10:11:40 AM,1572669700936
6.531 ,5.297 ,10.555,23.560313333333337,87.29881500000002 ,40.89941482543946,84.32450592720207 ,3877.0,10:11:40 AM,1572669700937
5.053 ,6.35 ,8.137,23.560313333333337,87.29881500000002 ,40.89941482543946,84.32450592720207 ,3877.0,10:11:40 AM,1572669700937
3.881 ,5.633 ,13.097,23.560313333333337,87.29881500000002 ,40.89941482543946,84.32450592720207 ,3877.0,10:11:40 AM,1572669700937
-2.087 ,5.809 ,6.771,23.560313333333337,87.29881500000002 ,40.89941482543946,84.32450592720207 ,3877.0,10:11:40 AM,1572669700938
-1.818 ,6.355 ,9.566,23.560313333333337,87.29881500000002 ,40.89941482543946,84.32450592720207 ,3877.0,10:11:40 AM,1572669700938
-5.35 ,6.86 ,3.505,23.560313333333337,87.29881500000002 ,40.89941482543946,84.32450592720207 ,3877.0,10:11:40 AM,1572669700939
-4.59 ,3.418 ,3.078,23.560313333333337,87.29881500000002 ,40.89941482543946,84.32450592720207 ,3877.0,10:11:40 AM,1572669700939
-3.745 ,4.065 ,-2.153,23.560313333333337,87.29881500000002 ,40.89941482543946,84.32450592720207 ,3877.0,10:11:40 AM,1572669700940
-3.625 ,4.819 ,-5.356,23.560313333333337,87.29881500000002 ,40.89941482543946,84.32450592720207 ,3877.0,10:11:40 AM,1572669700940
-0.694 ,7.039 ,-0.265,23.560313333333337,87.29881500000002 ,40.89941482543946,84.32450592720207 ,3877.0,10:11:40 AM,1572669700940
-2.82 ,7.442 ,-0.587,23.560313333333337,87.29881500000002 ,40.89941482543946,84.32450592720207 ,3877.0,10:11:40 AM,1572669700941
-1.295 ,9.109 ,7.505,23.560313333333337,87.29881500000002 ,40.89941482543946,84.32450592720207 ,3877.0,10:11:40 AM,1572669700941
-2.208 ,11.949 ,10.851,23.560313333333337,87.29881500000002 ,40.89941482543946,84.32450592720207 ,3877.0,10:11:40 AM,1572669700948
-1.339 ,11.159 ,11.925,23.560313333333337,87.29881500000002 ,40.89941482543946,84.32450592720207 ,3877.0,10:11:40 AM,1572669700949
-0.382 ,8.802 ,7.931,23.560313333333337,87.29881500000002 ,40.89941482543946,84.32450592720207 ,3877.0,10:11:40 AM,1572669700949
1.45 ,3.845 ,4.802,23.560313333333337,87.29881500000002 ,40.89941482543946,84.32450592720207 ,3877.0,10:11:40 AM,1572669700950
2.212 ,3.938 ,2.009,23.560313333333337,87.29881500000002 ,40.89941482543946,84.32450592720207 ,3877.0,10:11:40 AM,1572669700971
3.843 ,3.968 ,3.837,23.560313333333337,87.29881500000002 ,40.89941482543946,84.32450592720207 ,3877.0,10:11:40 AM,1572669700972
3.643 ,5.909 ,6.565,23.560313333333337,87.29881500000002 ,40.89941482543946,84.32450592720207 ,3877.0,10:11:40 AM,1572669700972
1.218 ,6.507 ,12.042,23.560313333333337,87.29881500000002 ,40.89941482543946,84.32450592720207 ,3877.0,10:11:40 AM,1572669700972
-0.411 ,7.553 ,18.335,23.560313333333337,87.29881500000002 ,40.89941482543946,84.32450592720207 ,3877.0,10:11:40 AM,1572669700973
-5.019 ,8.133 ,14.977,23.560313333333337,87.29881500000002 ,40.89941482543946,84.32450592720207 ,3877.0,10:11:40 AM,1572669700973
-5.553 ,6.415 ,15.612,23.560313333333337,87.29881500000002 ,40.89941482543946,84.32450592720207 ,3877.0,10:11:40 AM,1572669700973
-6.439 ,5.994 ,7.873,23.560313333333337,87.29881500000002 ,40.89941482543946,84.32450592720207 ,3877.0,10:11:40 AM,1572669700973
-4.681 ,5.601 ,7.755,23.560313333333337,87.29881500000002 ,40.89941482543946,84.32450592720207 ,3877.0,10:11:40 AM,1572669700973
-0.631 ,9.398 ,6.2,23.560313333333337,87.29881500000002 ,40.89941482543946,84.32450592720207 ,3877.0,10:11:40 AM,1572669700974
2.116 ,9.427 ,2.771,23.560313333333337,87.29881500000002 ,40.89941482543946,84.32450592720207 ,3877.0,10:11:40 AM,1572669700978
6.256 ,8.048 ,3.27,23.560313333333337,87.29881500000002 ,40.89941482543946,84.32450592720207 ,3877.0,10:11:40 AM,1572669700978
5.887 ,5.922 ,-0.607,23.560313333333337,87.29881500000002 ,40.89941482543946,84.32450592720207 ,3877.0,10:11:40 AM,1572669700983
6.324 ,5.524 ,5.114,23.560313333333337,87.29881500000002 ,40.89941482543946,84.32450592720207 ,3877.0,10:11:40 AM,1572669700984
3.979 ,6.391 ,7.739,23.560313333333337,87.29881500000002 ,40.89941482543946,84.32450592720207 ,3877.0,10:11:40 AM,1572669700987
1.725 ,4.589 ,6.261,23.560313333333337,87.29881500000002 ,40.89941482543946,84.32450592720207 ,3877.0,10:11:40 AM,1572669700988
-1.196 ,4.741 ,4.539,23.560313333333337,87.29881500000002 ,40.89941482543946,84.32450592720207 ,3924.0,10:11:40 AM,1572669700993
-3.224 ,2.546 ,6.923,23.560313333333337,87.29881500000002 ,40.89941482543946,84.32450592720207 ,3924.0,10:11:40 AM,1572669700994
-3.817 ,4.571 ,5.358,23.560313333333337,87.29881500000002 ,40.89941482543946,84.32450592720207 ,3924.0,10:11:40 AM,1572669700998
-5.006 ,4.92 ,6.184,23.560313333333337,87.29881500000002 ,40.89941482543946,84.32450592720207 ,3924.0,10:11:40 AM,1572669700998
-1.885 ,5.735 ,11.856,23.560313333333337,87.29881500000002 ,40.89941482543946,84.32450592720207 ,3924.0,10:11:41 AM,1572669701002
-2.622 ,5.824 ,11.922,23.560313333333337,87.29881500000002 ,40.89941482543946,84.32450592720207 ,3924.0,10:11:41 AM,1572669701002
0.051 ,5.09 ,19.451,23.560313333333337,87.29881500000002 ,40.89941482543946,84.32450592720207 ,3924.0,10:11:41 AM,1572669701007
0.219 ,5.042 ,18.83,23.560313333333337,87.29881500000002 ,40.89941482543946,84.32450592720207 ,3924.0,10:11:41 AM,1572669701008
1.367 ,2.394 ,19.965,23.560313333333337,87.29881500000002 ,40.89941482543946,84.32450592720207 ,3924.0,10:11:41 AM,1572669701013
3.169 ,1.586 ,15.023,23.560313333333337,87.29881500000002 ,40.89941482543946,84.32450592720207 ,3924.0,10:11:41 AM,1572669701014
3.828 ,-1.303 ,11.853,23.560313333333337,87.29881500000002 ,40.89941482543946,84.32450592720207 ,3924.0,10:11:41 AM,1572669701017
3.858 ,0.894 ,13.252,23.560313333333337,87.29881500000002 ,40.89941482543946,84.32450592720207 ,3924.0,10:11:41 AM,1572669701018
2.344 ,3.556 ,12.353,23.560313333333337,87.29881500000002 ,40.89941482543946,84.32450592720207 ,3924.0,10:11:41 AM,1572669701022
2.194 ,6.769 ,10.515,23.560313333333337,87.29881500000002 ,40.89941482543946,84.32450592720207 ,3924.0,10:11:41 AM,1572669701022
0.991 ,8.202 ,8.025,23.560313333333337,87.29881500000002 ,40.89941482543946,84.32450592720207 ,3924.0,10:11:41 AM,1572669701028
-2.414 ,7.166 ,8.85,23.560313333333337,87.29881500000002 ,40.89941482543946,84.32450592720207 ,3924.0,10:11:41 AM,1572669701028
-5.559 ,6.711 ,9.261,23.560313333333337,87.29881500000002 ,40.89941482543946,84.32450592720207 ,3924.0,10:11:41 AM,1572669701033
-4.162 ,6.153 ,10.474,23.560313333333337,87.29881500000002 ,40.89941482543946,84.32450592720207 ,3924.0,10:11:41 AM,1572669701033
-4.997 ,5.918 ,3.948,23.560313333333337,87.29881500000002 ,40.89941482543946,84.32450592720207 ,3924.0,10:11:41 AM,1572669701037
-2.447 ,2.3 ,2.964,23.560313333333337,87.29881500000002 ,40.89941482543946,84.32450592720207 ,3924.0,10:11:41 AM,1572669701038
-0.269 ,2.081 ,-4.375,23.560313333333337,87.29881500000002 ,40.89941482543946,84.32450592720207 ,3924.0,10:11:41 AM,1572669701043
0.859 ,3.53 ,-6.765,23.560313333333337,87.29881500000002 ,40.89941482543946,84.32450592720207 ,3924.0,10:11:41 AM,1572669701043
3.212 ,7.094 ,-0.771,23.560313333333337,87.29881500000002 ,40.89941482543946,84.32450592720207 ,3924.0,10:11:41 AM,1572669701048
