x,y,z,latitude,longitude,speed,sound,light,time,timestamp
-0.039 ,-2.451 ,17.738,23.562955000000002,87.29884666666666 ,27.985858154296874,82.79232899108506 ,5991.0,10:11:07 AM,1572669667903
1.133 ,-1.483 ,17.734,23.562955000000002,87.29884666666666 ,27.985858154296874,82.79232899108506 ,5991.0,10:11:07 AM,1572669667909
3.358 ,-0.962 ,19.392,23.562955000000002,87.29884666666666 ,27.985858154296874,82.79232899108506 ,5991.0,10:11:07 AM,1572669667909
3.05 ,-1.488 ,18.854,23.562955000000002,87.29884666666666 ,27.985858154296874,82.79232899108506 ,5991.0,10:11:07 AM,1572669667915
2.653 ,-2.396 ,19.229,23.562955000000002,87.29884666666666 ,27.985858154296874,82.79232899108506 ,5991.0,10:11:07 AM,1572669667915
1.743 ,-2.739 ,16.664,23.562955000000002,87.29884666666666 ,27.985858154296874,82.79232899108506 ,5991.0,10:11:07 AM,1572669667918
-0.283 ,-2.587 ,14.812,23.562955000000002,87.29884666666666 ,27.985858154296874,82.79232899108506 ,5991.0,10:11:07 AM,1572669667918
-3.279 ,-1.591 ,18.363,23.562955000000002,87.29884666666666 ,27.985858154296874,82.79232899108506 ,5991.0,10:11:07 AM,1572669667923
-6.19 ,-0.769 ,21.667,23.562955000000002,87.29884666666666 ,27.985858154296874,82.79232899108506 ,5991.0,10:11:07 AM,1572669667923
-7.764 ,-0.371 ,17.958,23.562955000000002,87.29884666666666 ,27.985858154296874,82.79232899108506 ,5991.0,10:11:07 AM,1572669667927
-6.52 ,-0.166 ,15.298,23.562955000000002,87.29884666666666 ,27.985858154296874,82.79232899108506 ,5991.0,10:11:07 AM,1572669667928
-6.063 ,0.396 ,10.468,23.562955000000002,87.29884666666666 ,27.985858154296874,82.79232899108506 ,5991.0,10:11:07 AM,1572669667933
-1.795 ,1.131 ,8.814,23.562955000000002,87.29884666666666 ,27.985858154296874,82.79232899108506 ,5991.0,10:11:07 AM,1572669667934
1.611 ,0.719 ,4.74,23.562955000000002,87.29884666666666 ,27.985858154296874,82.79232899108506 ,5991.0,10:11:07 AM,1572669667937
5.266 ,-0.215 ,6.287,23.562955000000002,87.29884666666666 ,27.985858154296874,82.79232899108506 ,5991.0,10:11:07 AM,1572669667938
7.508 ,0.679 ,8.778,23.562955000000002,87.29884666666666 ,27.985858154296874,82.79232899108506 ,5991.0,10:11:07 AM,1572669667941
8.264 ,2.923 ,7.138,23.562955000000002,87.29884666666666 ,27.985858154296874,82.79232899108506 ,5991.0,10:11:07 AM,1572669667942
7.721 ,1.782 ,3.12,23.562955000000002,87.29884666666666 ,27.985858154296874,82.79232899108506 ,5991.0,10:11:07 AM,1572669667947
5.26 ,-1.211 ,-0.39,23.562955000000002,87.29884666666666 ,27.985858154296874,82.79232899108506 ,5991.0,10:11:07 AM,1572669667948
1.117 ,-1.92 ,-0.899,23.562955000000002,87.29884666666666 ,27.985858154296874,82.79232899108506 ,5991.0,10:11:07 AM,1572669667952
-1.321 ,1.274 ,7.023,23.562955000000002,87.29884666666666 ,27.985858154296874,82.79232899108506 ,5991.0,10:11:07 AM,1572669667953
-3.837 ,3.66 ,12.892,23.562955000000002,87.29884666666666 ,27.985858154296874,82.79232899108506 ,5991.0,10:11:07 AM,1572669667957
-5.652 ,3.32 ,18.681,23.562955000000002,87.29884666666666 ,27.985858154296874,82.79232899108506 ,5991.0,10:11:07 AM,1572669667958
-5.13 ,2.262 ,22.124,23.562955000000002,87.29884666666666 ,27.985858154296874,82.79232899108506 ,5991.0,10:11:07 AM,1572669667964
-2.663 ,1.742 ,21.685,23.562955000000002,87.29884666666666 ,27.985858154296874,82.79232899108506 ,5991.0,10:11:07 AM,1572669667965
0.036 ,2.226 ,16.292,23.562955000000002,87.29884666666666 ,27.985858154296874,82.79232899108506 ,5991.0,10:11:07 AM,1572669667967
2.328 ,2.109 ,12.778,23.562955000000002,87.29884666666666 ,27.985858154296874,82.79232899108506 ,5991.0,10:11:07 AM,1572669667967
3.871 ,0.95 ,9.509,23.562955000000002,87.29884666666666 ,27.985858154296874,82.79232899108506 ,5991.0,10:11:07 AM,1572669667972
2.169 ,2.018 ,6.199,23.562955000000002,87.29884666666666 ,27.985858154296874,82.79232899108506 ,5991.0,10:11:07 AM,1572669667973
0.856 ,2.093 ,6.193,23.562955000000002,87.29884666666666 ,27.985858154296874,82.79232899108506 ,5991.0,10:11:07 AM,1572669667977
-1.976 ,2.112 ,6.211,23.562955000000002,87.29884666666666 ,27.985858154296874,82.79232899108506 ,5991.0,10:11:07 AM,1572669667978
-5.274 ,3.293 ,8.4,23.562955000000002,87.29884666666666 ,27.985858154296874,82.79232899108506 ,5991.0,10:11:07 AM,1572669667983
-7.297 ,2.294 ,9.607,23.562955000000002,87.29884666666666 ,27.985858154296874,82.79232899108506 ,5991.0,10:11:07 AM,1572669667984
-7.429 ,-0.17 ,6.885,23.562955000000002,87.29884666666666 ,27.985858154296874,82.79232899108506 ,5991.0,10:11:07 AM,1572669667988
-6.985 ,-1.516 ,5.334,23.562955000000002,87.29884666666666 ,27.985858154296874,82.79232899108506 ,5991.0,10:11:07 AM,1572669667988
-4.415 ,-0.681 ,5.875,23.562955000000002,87.29884666666666 ,27.985858154296874,82.79232899108506 ,5991.0,10:11:07 AM,1572669667992
-0.597 ,-0.773 ,3.706,23.562955000000002,87.29884666666666 ,27.985858154296874,82.79232899108506 ,5991.0,10:11:07 AM,1572669667992
3.662 ,-1.914 ,1.876,23.562955000000002,87.29884666666666 ,27.985858154296874,82.79232899108506 ,5189.0,10:11:07 AM,1572669667998
5.968 ,-1.62 ,6.444,23.562955000000002,87.29884666666666 ,27.985858154296874,82.79232899108506 ,5189.0,10:11:07 AM,1572669667999
8.357 ,1.035 ,14.824,23.562955000000002,87.29884666666666 ,27.985858154296874,82.79232899108506 ,5189.0,10:11:08 AM,1572669668003
8.61 ,2.492 ,13.635,23.562955000000002,87.29884666666666 ,27.985858154296874,82.79232899108506 ,5189.0,10:11:08 AM,1572669668003
7.737 ,-0.22 ,11.394,23.562955000000002,87.29884666666666 ,27.985858154296874,82.79232899108506 ,5189.0,10:11:08 AM,1572669668006
4.475 ,-3.393 ,8.914,23.562955000000002,87.29884666666666 ,27.985858154296874,82.79232899108506 ,5189.0,10:11:08 AM,1572669668006
0.001 ,-3.482 ,12.51,23.562955000000002,87.29884666666666 ,27.985858154296874,82.79232899108506 ,5189.0,10:11:08 AM,1572669668014
-4.126 ,-0.935 ,19.852,23.562955000000002,87.29884666666666 ,27.985858154296874,82.79232899108506 ,5189.0,10:11:08 AM,1572669668015
-8.166 ,0.574 ,22.92,23.562955000000002,87.29884666666666 ,27.985858154296874,82.79232899108506 ,5189.0,10:11:08 AM,1572669668016
-10.009 ,-0.62 ,23.349,23.562955000000002,87.29884666666666 ,27.985858154296874,82.79232899108506 ,5189.0,10:11:08 AM,1572669668017
-11.378 ,-1.787 ,20.818,23.562955000000002,87.29884666666666 ,27.985858154296874,82.79232899108506 ,5189.0,10:11:08 AM,1572669668021
-9.81 ,-1.974 ,18.708,23.562955000000002,87.29884666666666 ,27.985858154296874,82.79232899108506 ,5189.0,10:11:08 AM,1572669668022
-6.169 ,-0.693 ,12.935,23.562955000000002,87.29884666666666 ,27.985858154296874,82.79232899108506 ,5189.0,10:11:08 AM,1572669668027
-3.07 ,0.751 ,9.964,23.562955000000002,87.29884666666666 ,27.985858154296874,82.79232899108506 ,5189.0,10:11:08 AM,1572669668027
-0.229 ,0.266 ,8.887,23.562955000000002,87.29884666666666 ,27.985858154296874,82.79232899108506 ,5189.0,10:11:08 AM,1572669668034
1.815 ,-1.254 ,1.969,23.562955000000002,87.29884666666666 ,27.985858154296874,82.79232899108506 ,5189.0,10:11:08 AM,1572669668035
4.241 ,-0.598 ,-1.582,23.562955000000002,87.29884666666666 ,27.985858154296874,82.79232899108506 ,5189.0,10:11:08 AM,1572669668037
3.527 ,-1.635 ,0.926,23.562955000000002,87.29884666666666 ,27.985858154296874,82.79232899108506 ,5189.0,10:11:08 AM,1572669668037
2.161 ,-0.395 ,7.851,23.562955000000002,87.29884666666666 ,27.985858154296874,82.79232899108506 ,5189.0,10:11:08 AM,1572669668043
1.16 ,2.331 ,9.203,23.562955000000002,87.29884666666666 ,27.985858154296874,82.79232899108506 ,5189.0,10:11:08 AM,1572669668044
0.583 ,3.506 ,7.943,23.562955000000002,87.29884666666666 ,27.985858154296874,82.79232899108506 ,5189.0,10:11:08 AM,1572669668047
-0.965 ,1.222 ,5.566,23.562955000000002,87.29884666666666 ,27.985858154296874,82.79232899108506 ,5189.0,10:11:08 AM,1572669668048
-2.04 ,0.435 ,2.194,23.562955000000002,87.29884666666666 ,27.985858154296874,82.79232899108506 ,5189.0,10:11:08 AM,1572669668052
-1.271 ,3.009 ,6.462,23.562955000000002,87.29884666666666 ,27.985858154296874,82.79232899108506 ,5189.0,10:11:08 AM,1572669668052
-0.642 ,6.073 ,11.224,23.562955000000002,87.29884666666666 ,27.985858154296874,82.79232899108506 ,5189.0,10:11:08 AM,1572669668059
0.691 ,5.141 ,13.442,23.562955000000002,87.29884666666666 ,27.985858154296874,82.79232899108506 ,5189.0,10:11:08 AM,1572669668059
2.452 ,2.498 ,14.297,23.562955000000002,87.29884666666666 ,27.985858154296874,82.79232899108506 ,5189.0,10:11:08 AM,1572669668064
3.647 ,1.408 ,15.455,23.562955000000002,87.29884666666666 ,27.985858154296874,82.79232899108506 ,5189.0,10:11:08 AM,1572669668064
4.561 ,1.279 ,12.954,23.562955000000002,87.29884666666666 ,27.985858154296874,82.79232899108506 ,5189.0,10:11:08 AM,1572669668066
4.161 ,0.873 ,10.92,23.562955000000002,87.29884666666666 ,27.985858154296874,82.79232899108506 ,5189.0,10:11:08 AM,1572669668067
1.461 ,-0.668 ,9.64,23.562955000000002,87.29884666666666 ,27.985858154296874,82.79232899108506 ,5189.0,10:11:08 AM,1572669668071
-2.559 ,-2.114 ,9.051,23.562955000000002,87.29884666666666 ,27.985858154296874,82.79232899108506 ,5189.0,10:11:08 AM,1572669668072
-5.377 ,-2.037 ,8.131,23.562955000000002,87.29884666666666 ,27.985858154296874,82.79232899108506 ,5189.0,10:11:08 AM,1572669668078
-7.467 ,-0.033 ,11.302,23.562955000000002,87.29884666666666 ,27.985858154296874,82.79232899108506 ,5189.0,10:11:08 AM,1572669668078
-9.985 ,0.329 ,14.97,23.562955000000002,87.29884666666666 ,27.985858154296874,82.79232899108506 ,5189.0,10:11:08 AM,1572669668083
-8.06 ,0.233 ,16.259,23.562955000000002,87.29884666666666 ,27.985858154296874,82.79232899108506 ,5189.0,10:11:08 AM,1572669668084
-4.782 ,-0.402 ,11.308,23.562955000000002,87.29884666666666 ,27.985858154296874,82.79232899108506 ,5189.0,10:11:08 AM,1572669668086
-0.295 ,-0.96 ,8.517,23.562955000000002,87.29884666666666 ,27.985858154296874,82.79232899108506 ,5189.0,10:11:08 AM,1572669668087
2.752 ,-1.695 ,6.855,23.562955000000002,87.29884666666666 ,27.985858154296874,82.79232899108506 ,5189.0,10:11:08 AM,1572669668091
5.57 ,-1.222 ,6.047,23.562955000000002,87.29884666666666 ,27.985858154296874,82.79232899108506 ,5189.0,10:11:08 AM,1572669668092
6.93 ,-0.408 ,7.763,23.562955000000002,87.29884666666666 ,27.985858154296874,82.79232899108506 ,5189.0,10:11:08 AM,1572669668098
5.584 ,-1.115 ,9.035,23.562955000000002,87.29884666666666 ,27.985858154296874,82.79232899108506 ,5189.0,10:11:08 AM,1572669668099
2.656 ,-2.101 ,11.807,23.562955000000002,87.29884666666666 ,27.985858154296874,82.79232899108506 ,5189.0,10:11:08 AM,1572669668101
-0.381 ,-1.925 ,13.931,23.562955000000002,87.29884666666666 ,27.985858154296874,82.79232899108506 ,5189.0,10:11:08 AM,1572669668102
-2.762 ,-1.6 ,13.383,23.562955000000002,87.29884666666666 ,27.985858154296874,82.79232899108506 ,5189.0,10:11:08 AM,1572669668107
-4.532 ,-2.831 ,11.104,23.562955000000002,87.29884666666666 ,27.985858154296874,82.79232899108506 ,5189.0,10:11:08 AM,1572669668107
-5.289 ,-4.521 ,10.848,23.562955000000002,87.29884666666666 ,27.985858154296874,82.79232899108506 ,5189.0,10:11:08 AM,1572669668114
-5.361 ,-4.868 ,11.874,23.562955000000002,87.29884666666666 ,27.985858154296874,82.79232899108506 ,5189.0,10:11:08 AM,1572669668114
-3.977 ,-3.828 ,11.607,23.562955000000002,87.29884666666666 ,27.985858154296874,82.79232899108506 ,5189.0,10:11:08 AM,1572669668118
-1.097 ,-3.7 ,11.588,23.562955000000002,87.29884666666666 ,27.985858154296874,82.79232899108506 ,5189.0,10:11:08 AM,1572669668118
1.123 ,-4.659 ,13.799,23.562955000000002,87.29884666666666 ,27.985858154296874,82.79232899108506 ,5189.0,10:11:08 AM,1572669668122
2.402 ,-3.911 ,17.044,23.562955000000002,87.29884666666666 ,27.985858154296874,82.79232899108506 ,5189.0,10:11:08 AM,1572669668122
3.527 ,-2.213 ,19.739,23.562955000000002,87.29884666666666 ,27.985858154296874,82.79232899108506 ,5189.0,10:11:08 AM,1572669668126
4.264 ,-0.562 ,18.169,23.562955000000002,87.29884666666666 ,27.985858154296874,82.79232899108506 ,5189.0,10:11:08 AM,1572669668127
4.266 ,-0.674 ,15.827,23.562955000000002,87.29884666666666 ,27.985858154296874,82.79232899108506 ,5189.0,10:11:08 AM,1572669668131
2.03 ,-1.267 ,12.724,23.562955000000002,87.29884666666666 ,27.985858154296874,82.79232899108506 ,5189.0,10:11:08 AM,1572669668132
-0.769 ,0.235 ,14.522,23.562955000000002,87.29884666666666 ,27.985858154296874,82.79232899108506 ,5189.0,10:11:08 AM,1572669668137
-2.823 ,3.341 ,18.937,23.562955000000002,87.29884666666666 ,27.985858154296874,82.79232899108506 ,5189.0,10:11:08 AM,1572669668138
-5.232 ,4.562 ,17.605,23.562955000000002,87.29884666666666 ,27.985858154296874,82.79232899108506 ,5189.0,10:11:08 AM,1572669668142
-7.044 ,4.98 ,16.656,23.562955000000002,87.29884666666666 ,27.985858154296874,82.79232899108506 ,5189.0,10:11:08 AM,1572669668142
-8.119 ,4.547 ,12.17,23.562955000000002,87.29884666666666 ,27.985858154296874,82.79232899108506 ,5189.0,10:11:08 AM,1572669668148
-6.703 ,5.154 ,7.718,23.562955000000002,87.29884666666666 ,27.985858154296874,82.79232899108506 ,5189.0,10:11:08 AM,1572669668148
-3.39 ,5.938 ,3.505,23.562955000000002,87.29884666666666 ,27.985858154296874,82.79232899108506 ,5189.0,10:11:08 AM,1572669668151
