x,y,z,latitude,longitude,speed,sound,light,time,timestamp
-1.749 ,4.291 ,6.619,23.552246666666665,87.29701833333333 ,43.07483825683594,85.66585228537184 ,8930.0,10:13:09 AM,1572669789809
1.615 ,2.519 ,10.076,23.552246666666665,87.29701833333333 ,43.07483825683594,85.66585228537184 ,8930.0,10:13:09 AM,1572669789813
0.489 ,5.257 ,8.371,23.552246666666665,87.29701833333333 ,43.07483825683594,85.66585228537184 ,8930.0,10:13:09 AM,1572669789813
0.868 ,6.93 ,9.563,23.552246666666665,87.29701833333333 ,43.07483825683594,85.66585228537184 ,8930.0,10:13:09 AM,1572669789818
0.061 ,7.106 ,7.423,23.552246666666665,87.29701833333333 ,43.07483825683594,85.66585228537184 ,8930.0,10:13:09 AM,1572669789820
-1.675 ,5.336 ,2.663,23.552246666666665,87.29701833333333 ,43.07483825683594,85.66585228537184 ,8930.0,10:13:09 AM,1572669789823
-1.341 ,7.207 ,6.596,23.552246666666665,87.29701833333333 ,43.07483825683594,85.66585228537184 ,8930.0,10:13:09 AM,1572669789824
-3.864 ,10.764 ,4.135,23.552246666666665,87.29701833333333 ,43.07483825683594,85.66585228537184 ,8930.0,10:13:09 AM,1572669789829
-3.258 ,11.162 ,5.838,23.552246666666665,87.29701833333333 ,43.07483825683594,85.66585228537184 ,8930.0,10:13:09 AM,1572669789830
-3.78 ,8.948 ,0.431,23.552246666666665,87.29701833333333 ,43.07483825683594,85.66585228537184 ,8930.0,10:13:09 AM,1572669789833
-3.883 ,6.409 ,-6.453,23.552246666666665,87.29701833333333 ,43.07483825683594,85.66585228537184 ,8930.0,10:13:09 AM,1572669789834
-0.755 ,6.954 ,-1.485,23.552246666666665,87.29701833333333 ,43.07483825683594,85.66585228537184 ,8930.0,10:13:09 AM,1572669789839
-2.22 ,8.725 ,-1.964,23.552246666666665,87.29701833333333 ,43.07483825683594,85.66585228537184 ,8930.0,10:13:09 AM,1572669789840
-0.02 ,9.603 ,5.766,23.552246666666665,87.29701833333333 ,43.07483825683594,85.66585228537184 ,8930.0,10:13:09 AM,1572669789843
-0.868 ,9.872 ,5.537,23.552246666666665,87.29701833333333 ,43.07483825683594,85.66585228537184 ,8930.0,10:13:09 AM,1572669789844
0.042 ,7.391 ,6.525,23.552246666666665,87.29701833333333 ,43.07483825683594,85.66585228537184 ,8930.0,10:13:09 AM,1572669789849
-0.223 ,5.899 ,8.647,23.552246666666665,87.29701833333333 ,43.07483825683594,85.66585228537184 ,8930.0,10:13:09 AM,1572669789849
-2.892 ,5.297 ,8.428,23.552141666666664,87.29694333333333 ,43.80306701660157,85.66585228537184 ,8930.0,10:13:09 AM,1572669789857
-0.701 ,5.64 ,14.878,23.552141666666664,87.29694333333333 ,43.80306701660157,85.66585228537184 ,8930.0,10:13:09 AM,1572669789858
-3.392 ,6.116 ,5.987,23.552141666666664,87.29694333333333 ,43.80306701660157,85.66585228537184 ,8930.0,10:13:09 AM,1572669789859
0.676 ,3.725 ,11.796,23.552141666666664,87.29694333333333 ,43.80306701660157,85.66585228537184 ,8930.0,10:13:09 AM,1572669789860
-0.439 ,3.286 ,11.527,23.552141666666664,87.29694333333333 ,43.80306701660157,85.66585228537184 ,8930.0,10:13:09 AM,1572669789863
-1.46 ,3.447 ,14.89,23.552141666666664,87.29694333333333 ,43.80306701660157,85.66585228537184 ,8930.0,10:13:09 AM,1572669789864
0.032 ,5.044 ,18.035,23.552141666666664,87.29694333333333 ,43.80306701660157,85.66585228537184 ,8930.0,10:13:09 AM,1572669789868
-2.131 ,2.692 ,9.916,23.552141666666664,87.29694333333333 ,43.80306701660157,85.66585228537184 ,8930.0,10:13:09 AM,1572669789869
-0.768 ,-1.859 ,12.146,23.552141666666664,87.29694333333333 ,43.80306701660157,85.66585228537184 ,8930.0,10:13:09 AM,1572669789872
-2.973 ,-1.027 ,11.85,23.552141666666664,87.29694333333333 ,43.80306701660157,85.66585228537184 ,8930.0,10:13:09 AM,1572669789873
-4.074 ,2.399 ,15.752,23.552141666666664,87.29694333333333 ,43.80306701660157,85.66585228537184 ,8930.0,10:13:09 AM,1572669789877
-2.609 ,4.605 ,18.875,23.552141666666664,87.29694333333333 ,43.80306701660157,85.66585228537184 ,8930.0,10:13:09 AM,1572669789878
-4.618 ,1.58 ,7.964,23.552141666666664,87.29694333333333 ,43.80306701660157,85.66585228537184 ,8930.0,10:13:09 AM,1572669789882
-1.047 ,-1.33 ,13.853,23.552141666666664,87.29694333333333 ,43.80306701660157,85.66585228537184 ,8930.0,10:13:09 AM,1572669789883
-2.311 ,1.951 ,12.712,23.552141666666664,87.29694333333333 ,43.80306701660157,85.66585228537184 ,8930.0,10:13:09 AM,1572669789888
-0.527 ,5.699 ,16.469,23.552141666666664,87.29694333333333 ,43.80306701660157,85.66585228537184 ,8930.0,10:13:09 AM,1572669789888
0.821 ,4.786 ,13.86,23.552141666666664,87.29694333333333 ,43.80306701660157,85.66585228537184 ,8930.0,10:13:09 AM,1572669789893
1.021 ,0.526 ,6.457,23.552141666666664,87.29694333333333 ,43.80306701660157,85.66585228537184 ,8930.0,10:13:09 AM,1572669789893
1.414 ,0.385 ,9.317,23.552141666666664,87.29694333333333 ,43.80306701660157,85.66585228537184 ,8930.0,10:13:09 AM,1572669789897
-0.034 ,5.394 ,9.524,23.552141666666664,87.29694333333333 ,43.80306701660157,85.66585228537184 ,8930.0,10:13:09 AM,1572669789898
-0.605 ,7.855 ,10.247,23.552141666666664,87.29694333333333 ,43.80306701660157,85.66585228537184 ,8930.0,10:13:09 AM,1572669789902
-1.785 ,6.277 ,8.422,23.552141666666664,87.29694333333333 ,43.80306701660157,85.66585228537184 ,8930.0,10:13:09 AM,1572669789903
-4.028 ,4.03 ,3.586,23.552141666666664,87.29694333333333 ,43.80306701660157,85.66585228537184 ,8930.0,10:13:09 AM,1572669789908
-2.608 ,5.674 ,7.84,23.552141666666664,87.29694333333333 ,43.80306701660157,85.66585228537184 ,8930.0,10:13:09 AM,1572669789910
-4.636 ,8.67 ,5.022,23.552141666666664,87.29694333333333 ,43.80306701660157,85.66585228537184 ,8930.0,10:13:09 AM,1572669789912
-1.789 ,9.284 ,10.594,23.552141666666664,87.29694333333333 ,43.80306701660157,85.66585228537184 ,8930.0,10:13:09 AM,1572669789913
-2.349 ,8.274 ,5.255,23.552141666666664,87.29694333333333 ,43.80306701660157,85.66585228537184 ,8930.0,10:13:09 AM,1572669789917
0.43 ,5.903 ,5.076,23.552141666666664,87.29694333333333 ,43.80306701660157,85.66585228537184 ,8930.0,10:13:09 AM,1572669789918
1.519 ,6.498 ,4.828,23.552141666666664,87.29694333333333 ,43.80306701660157,85.66585228537184 ,8930.0,10:13:09 AM,1572669789922
1.778 ,7.266 ,5.956,23.552141666666664,87.29694333333333 ,43.80306701660157,85.66585228537184 ,8930.0,10:13:09 AM,1572669789923
3.134 ,7.927 ,8.069,23.552141666666664,87.29694333333333 ,43.80306701660157,85.66585228537184 ,8930.0,10:13:09 AM,1572669789928
0.565 ,7.563 ,2.849,23.552141666666664,87.29694333333333 ,43.80306701660157,85.66585228537184 ,8930.0,10:13:09 AM,1572669789929
1.502 ,6.645 ,6.667,23.552141666666664,87.29694333333333 ,43.80306701660157,85.66585228537184 ,8930.0,10:13:09 AM,1572669789932
-0.598 ,8.311 ,6.679,23.552141666666664,87.29694333333333 ,43.80306701660157,85.66585228537184 ,8930.0,10:13:09 AM,1572669789933
-2.902 ,8.67 ,8.436,23.552141666666664,87.29694333333333 ,43.80306701660157,85.66585228537184 ,8930.0,10:13:09 AM,1572669789937
-2.637 ,10.107 ,9.19,23.552141666666664,87.29694333333333 ,43.80306701660157,85.66585228537184 ,8930.0,10:13:09 AM,1572669789938
-4.662 ,7.526 ,4.734,23.552141666666664,87.29694333333333 ,43.80306701660157,85.66585228537184 ,8930.0,10:13:09 AM,1572669789942
-3.309 ,4.836 ,8.573,23.552141666666664,87.29694333333333 ,43.80306701660157,85.66585228537184 ,8930.0,10:13:09 AM,1572669789943
-5.124 ,5.048 ,5.73,23.552141666666664,87.29694333333333 ,43.80306701660157,85.66585228537184 ,8930.0,10:13:09 AM,1572669789948
-3.323 ,4.929 ,8.483,23.552141666666664,87.29694333333333 ,43.80306701660157,85.66585228537184 ,8930.0,10:13:09 AM,1572669789949
-1.424 ,4.459 ,7.664,23.552141666666664,87.29694333333333 ,43.80306701660157,85.66585228537184 ,8930.0,10:13:09 AM,1572669789952
-2.147 ,2.735 ,4.688,23.552141666666664,87.29694333333333 ,43.80306701660157,85.66585228537184 ,8930.0,10:13:09 AM,1572669789953
1.101 ,3.701 ,15.245,23.552141666666664,87.29694333333333 ,43.80306701660157,85.66585228537184 ,8930.0,10:13:09 AM,1572669789957
-1.063 ,7.304 ,14.68,23.552141666666664,87.29694333333333 ,43.80306701660157,85.66585228537184 ,8930.0,10:13:09 AM,1572669789958
-0.978 ,6.421 ,14.167,23.552141666666664,87.29694333333333 ,43.80306701660157,85.66585228537184 ,8930.0,10:13:09 AM,1572669789962
-1.664 ,2.835 ,8.859,23.552141666666664,87.29694333333333 ,43.80306701660157,85.66585228537184 ,8930.0,10:13:09 AM,1572669789963
-2.554 ,-1.709 ,7.774,23.552141666666664,87.29694333333333 ,43.80306701660157,85.66585228537184 ,8930.0,10:13:09 AM,1572669789968
-1.715 ,0.201 ,15.171,23.552141666666664,87.29694333333333 ,43.80306701660157,85.66585228537184 ,8930.0,10:13:09 AM,1572669789970
-3.564 ,5.297 ,20.606,23.552141666666664,87.29694333333333 ,43.80306701660157,85.66585228537184 ,8930.0,10:13:09 AM,1572669789972
-1.344 ,4.634 ,24.627,23.552141666666664,87.29694333333333 ,43.80306701660157,85.66585228537184 ,8930.0,10:13:09 AM,1572669789973
-2.397 ,-0.039 ,12.681,23.552141666666664,87.29694333333333 ,43.80306701660157,85.66585228537184 ,8930.0,10:13:09 AM,1572669789977
-0.862 ,-3.826 ,10.94,23.552141666666664,87.29694333333333 ,43.80306701660157,85.66585228537184 ,8930.0,10:13:09 AM,1572669789978
0.677 ,-1.494 ,11.835,23.552141666666664,87.29694333333333 ,43.80306701660157,85.66585228537184 ,8930.0,10:13:09 AM,1572669789982
-0.082 ,2.741 ,14.817,23.552141666666664,87.29694333333333 ,43.80306701660157,85.66585228537184 ,8930.0,10:13:09 AM,1572669789983
1.719 ,5.326 ,17.68,23.552141666666664,87.29694333333333 ,43.80306701660157,85.66585228537184 ,8930.0,10:13:09 AM,1572669789988
-0.72 ,3.919 ,12.12,23.552141666666664,87.29694333333333 ,43.80306701660157,85.66585228537184 ,8930.0,10:13:09 AM,1572669789989
-0.613 ,1.132 ,9.262,23.552141666666664,87.29694333333333 ,43.80306701660157,85.66585228537184 ,8930.0,10:13:09 AM,1572669789993
-2.08 ,1.425 ,6.09,23.552141666666664,87.29694333333333 ,43.80306701660157,85.66585228537184 ,8930.0,10:13:09 AM,1572669789993
-3.136 ,2.177 ,4.424,23.552141666666664,87.29694333333333 ,43.80306701660157,85.66585228537184 ,9728.0,10:13:09 AM,1572669789999
-1.444 ,4.757 ,8.953,23.552141666666664,87.29694333333333 ,43.80306701660157,85.66585228537184 ,9728.0,10:13:09 AM,1572669790000
-1.704 ,6.102 ,5.625,23.552141666666664,87.29694333333333 ,43.80306701660157,85.66585228537184 ,9728.0,10:13:10 AM,1572669790002
1.13 ,7.121 ,7.095,23.552141666666664,87.29694333333333 ,43.80306701660157,85.66585228537184 ,9728.0,10:13:10 AM,1572669790003
1.149 ,8.384 ,6.282,23.552141666666664,87.29694333333333 ,43.80306701660157,85.66585228537184 ,9728.0,10:13:10 AM,1572669790008
1.374 ,7.617 ,3.426,23.552141666666664,87.29694333333333 ,43.80306701660157,85.66585228537184 ,9728.0,10:13:10 AM,1572669790008
3.025 ,8.438 ,-0.099,23.552141666666664,87.29694333333333 ,43.80306701660157,85.66585228537184 ,9728.0,10:13:10 AM,1572669790013
2.358 ,7.761 ,-7.249,23.552141666666664,87.29694333333333 ,43.80306701660157,85.66585228537184 ,9728.0,10:13:10 AM,1572669790013
3.924 ,7.342 ,-3.57,23.552141666666664,87.29694333333333 ,43.80306701660157,85.66585228537184 ,9728.0,10:13:10 AM,1572669790017
0.187 ,8.7 ,-4.199,23.552141666666664,87.29694333333333 ,43.80306701660157,85.66585228537184 ,9728.0,10:13:10 AM,1572669790018
0.335 ,10.969 ,4.633,23.552141666666664,87.29694333333333 ,43.80306701660157,85.66585228537184 ,9728.0,10:13:10 AM,1572669790022
-1.529 ,13.469 ,5.447,23.552141666666664,87.29694333333333 ,43.80306701660157,85.66585228537184 ,9728.0,10:13:10 AM,1572669790023
-1.788 ,11.368 ,4.593,23.552141666666664,87.29694333333333 ,43.80306701660157,85.66585228537184 ,9728.0,10:13:10 AM,1572669790028
-0.011 ,10.072 ,7.691,23.552141666666664,87.29694333333333 ,43.80306701660157,85.66585228537184 ,9728.0,10:13:10 AM,1572669790029
-2.28 ,10.552 ,5.285,23.552141666666664,87.29694333333333 ,43.80306701660157,85.66585228537184 ,9728.0,10:13:10 AM,1572669790032
-0.994 ,11.364 ,7.342,23.552141666666664,87.29694333333333 ,43.80306701660157,85.66585228537184 ,9728.0,10:13:10 AM,1572669790033
-1.991 ,8.57 ,-1.06,23.552141666666664,87.29694333333333 ,43.80306701660157,85.66585228537184 ,9728.0,10:13:10 AM,1572669790037
-0.914 ,2.391 ,-1.693,23.552141666666664,87.29694333333333 ,43.80306701660157,85.66585228537184 ,9728.0,10:13:10 AM,1572669790039
-1.589 ,2.078 ,4.262,23.552141666666664,87.29694333333333 ,43.80306701660157,85.66585228537184 ,9728.0,10:13:10 AM,1572669790043
-5.455 ,7.72 ,10.167,23.552141666666664,87.29694333333333 ,43.80306701660157,85.66585228537184 ,9728.0,10:13:10 AM,1572669790045
-4.733 ,10.852 ,21.57,23.552141666666664,87.29694333333333 ,43.80306701660157,85.66585228537184 ,9728.0,10:13:10 AM,1572669790048
-7.908 ,7.775 ,11.654,23.552141666666664,87.29694333333333 ,43.80306701660157,85.66585228537184 ,9728.0,10:13:10 AM,1572669790048
-7.157 ,0.49 ,8.739,23.552141666666664,87.29694333333333 ,43.80306701660157,85.66585228537184 ,9728.0,10:13:10 AM,1572669790053
-6.819 ,0.984 ,11.502,23.552141666666664,87.29694333333333 ,43.80306701660157,85.66585228537184 ,9728.0,10:13:10 AM,1572669790054
-7.046 ,4.84 ,14.306,23.552141666666664,87.29694333333333 ,43.80306701660157,85.66585228537184 ,9728.0,10:13:10 AM,1572669790058
