x,y,z,latitude,longitude,speed,sound,light,time,timestamp
2.643 ,11.526 ,-11.511,23.551531666666666,87.2966 ,31.958689498901368,80.87637532438507 ,17157.0,10:13:18 AM,1572669798785
2.023 ,9.862 ,-9.69,23.551531666666666,87.2966 ,31.958689498901368,80.87637532438507 ,17157.0,10:13:18 AM,1572669798790
0.424 ,11.303 ,-4.565,23.551531666666666,87.2966 ,31.958689498901368,80.87637532438507 ,17157.0,10:13:18 AM,1572669798791
-0.143 ,14.687 ,1.132,23.551531666666666,87.2966 ,31.958689498901368,80.87637532438507 ,17305.0,10:13:18 AM,1572669798794
0.831 ,15.807 ,6.325,23.551531666666666,87.2966 ,31.958689498901368,80.87637532438507 ,17305.0,10:13:18 AM,1572669798796
1.06 ,12.85 ,1.58,23.551531666666666,87.2966 ,31.958689498901368,80.87637532438507 ,17305.0,10:13:18 AM,1572669798800
3.773 ,7.813 ,-3.174,23.551531666666666,87.2966 ,31.958689498901368,80.87637532438507 ,17305.0,10:13:18 AM,1572669798801
5.887 ,5.919 ,-3.234,23.551531666666666,87.2966 ,31.958689498901368,80.87637532438507 ,17305.0,10:13:18 AM,1572669798805
8.44 ,8.259 ,4.29,23.551531666666666,87.2966 ,31.958689498901368,80.87637532438507 ,17305.0,10:13:18 AM,1572669798806
9.694 ,10.309 ,11.377,23.551531666666666,87.2966 ,31.958689498901368,80.87637532438507 ,17305.0,10:13:18 AM,1572669798810
7.557 ,9.413 ,14.908,23.551531666666666,87.2966 ,31.958689498901368,80.87637532438507 ,17305.0,10:13:18 AM,1572669798810
4.391 ,7.195 ,15.521,23.551531666666666,87.2966 ,31.958689498901368,80.87637532438507 ,17305.0,10:13:18 AM,1572669798815
2.598 ,5.636 ,16.013,23.551531666666666,87.2966 ,31.958689498901368,80.87637532438507 ,17305.0,10:13:18 AM,1572669798816
-0.7 ,5.008 ,13.85,23.551531666666666,87.2966 ,31.958689498901368,80.87637532438507 ,17305.0,10:13:18 AM,1572669798820
-3.117 ,6.319 ,13.602,23.551531666666666,87.2966 ,31.958689498901368,80.87637532438507 ,17305.0,10:13:18 AM,1572669798820
-4.729 ,6.324 ,16.031,23.551531666666666,87.2966 ,31.958689498901368,80.87637532438507 ,17305.0,10:13:18 AM,1572669798825
-6.877 ,5.121 ,13.233,23.551531666666666,87.2966 ,31.958689498901368,80.87637532438507 ,17305.0,10:13:18 AM,1572669798825
-6.386 ,4.261 ,10.336,23.551531666666666,87.2966 ,31.958689498901368,80.87637532438507 ,17305.0,10:13:18 AM,1572669798830
-5.52 ,2.973 ,8.731,23.551531666666666,87.2966 ,31.958689498901368,80.87637532438507 ,17305.0,10:13:18 AM,1572669798831
-4.025 ,2.8 ,8.849,23.551531666666666,87.2966 ,31.958689498901368,80.87637532438507 ,17305.0,10:13:18 AM,1572669798835
-2.938 ,3.709 ,10.136,23.551531666666666,87.2966 ,31.958689498901368,80.87637532438507 ,17305.0,10:13:18 AM,1572669798836
-2.54 ,4.677 ,8.832,23.551531666666666,87.2966 ,31.958689498901368,80.87637532438507 ,17305.0,10:13:18 AM,1572669798840
-1.576 ,4.545 ,7.822,23.551531666666666,87.2966 ,31.958689498901368,80.87637532438507 ,17305.0,10:13:18 AM,1572669798840
0.595 ,0.853 ,7.349,23.55145,87.29657333333334 ,32.89816131591797,80.87637532438507 ,17305.0,10:13:18 AM,1572669798848
-0.367 ,-1.125 ,5.029,23.55145,87.29657333333334 ,32.89816131591797,80.87637532438507 ,17305.0,10:13:18 AM,1572669798848
1.417 ,-0.023 ,7.74,23.55145,87.29657333333334 ,32.89816131591797,80.87637532438507 ,17305.0,10:13:18 AM,1572669798850
3.407 ,2.408 ,13.149,23.55145,87.29657333333334 ,32.89816131591797,80.87637532438507 ,17305.0,10:13:18 AM,1572669798850
3.343 ,1.885 ,13.548,23.55145,87.29657333333334 ,32.89816131591797,83.66504322070827 ,17305.0,10:13:18 AM,1572669798855
2.509 ,1.067 ,13.931,23.55145,87.29657333333334 ,32.89816131591797,83.66504322070827 ,17305.0,10:13:18 AM,1572669798855
1.925 ,0.001 ,13.185,23.55145,87.29657333333334 ,32.89816131591797,83.66504322070827 ,17305.0,10:13:18 AM,1572669798859
1.919 ,-1.392 ,11.106,23.55145,87.29657333333334 ,32.89816131591797,83.66504322070827 ,17305.0,10:13:18 AM,1572669798860
1.927 ,-1.186 ,8.868,23.55145,87.29657333333334 ,32.89816131591797,83.66504322070827 ,17305.0,10:13:18 AM,1572669798864
1.459 ,0.824 ,9.473,23.55145,87.29657333333334 ,32.89816131591797,83.66504322070827 ,17305.0,10:13:18 AM,1572669798865
1.877 ,3.219 ,16.559,23.55145,87.29657333333334 ,32.89816131591797,83.66504322070827 ,17305.0,10:13:18 AM,1572669798869
-1.16 ,4.013 ,15.551,23.55145,87.29657333333334 ,32.89816131591797,83.66504322070827 ,17305.0,10:13:18 AM,1572669798869
-2.423 ,0.922 ,9.749,23.55145,87.29657333333334 ,32.89816131591797,83.66504322070827 ,17305.0,10:13:18 AM,1572669798874
-1.893 ,-1.291 ,4.315,23.55145,87.29657333333334 ,32.89816131591797,83.66504322070827 ,17305.0,10:13:18 AM,1572669798874
-2.994 ,-1.217 ,4.791,23.55145,87.29657333333334 ,32.89816131591797,83.66504322070827 ,17305.0,10:13:18 AM,1572669798879
-2.957 ,1.911 ,12.604,23.55145,87.29657333333334 ,32.89816131591797,83.66504322070827 ,17305.0,10:13:18 AM,1572669798879
-3.157 ,6.713 ,21.083,23.55145,87.29657333333334 ,32.89816131591797,83.66504322070827 ,17305.0,10:13:18 AM,1572669798884
-4.426 ,7.691 ,20.39,23.55145,87.29657333333334 ,32.89816131591797,83.66504322070827 ,17305.0,10:13:18 AM,1572669798885
-2.444 ,4.233 ,14.879,23.55145,87.29657333333334 ,32.89816131591797,83.66504322070827 ,17305.0,10:13:18 AM,1572669798890
-1.012 ,2.512 ,5.586,23.55145,87.29657333333334 ,32.89816131591797,83.66504322070827 ,17305.0,10:13:18 AM,1572669798890
1.059 ,4.406 ,6.829,23.55145,87.29657333333334 ,32.89816131591797,83.66504322070827 ,17305.0,10:13:18 AM,1572669798894
3.334 ,8.33 ,14.168,23.55145,87.29657333333334 ,32.89816131591797,83.66504322070827 ,17305.0,10:13:18 AM,1572669798895
3.474 ,11.092 ,18.639,23.55145,87.29657333333334 ,32.89816131591797,83.66504322070827 ,17305.0,10:13:18 AM,1572669798899
2.106 ,8.754 ,12.747,23.55145,87.29657333333334 ,32.89816131591797,83.66504322070827 ,17305.0,10:13:18 AM,1572669798900
3.173 ,3.39 ,5.953,23.55145,87.29657333333334 ,32.89816131591797,83.66504322070827 ,17305.0,10:13:18 AM,1572669798904
1.211 ,0.351 ,-0.17,23.55145,87.29657333333334 ,32.89816131591797,83.66504322070827 ,17305.0,10:13:18 AM,1572669798904
0.827 ,1.869 ,2.897,23.55145,87.29657333333334 ,32.89816131591797,83.66504322070827 ,17305.0,10:13:18 AM,1572669798910
-0.477 ,6.527 ,11.759,23.55145,87.29657333333334 ,32.89816131591797,83.66504322070827 ,17305.0,10:13:18 AM,1572669798910
-1.57 ,10.067 ,16.202,23.55145,87.29657333333334 ,32.89816131591797,83.66504322070827 ,17305.0,10:13:18 AM,1572669798914
-3.024 ,7.867 ,10.268,23.55145,87.29657333333334 ,32.89816131591797,83.66504322070827 ,17305.0,10:13:18 AM,1572669798915
-2.317 ,2.092 ,5.268,23.55145,87.29657333333334 ,32.89816131591797,83.66504322070827 ,17305.0,10:13:18 AM,1572669798919
-2.944 ,0.24 ,-0.427,23.55145,87.29657333333334 ,32.89816131591797,83.66504322070827 ,17305.0,10:13:18 AM,1572669798920
-0.915 ,3.599 ,6.747,23.55145,87.29657333333334 ,32.89816131591797,83.66504322070827 ,17305.0,10:13:18 AM,1572669798924
-0.102 ,8.694 ,11.582,23.55145,87.29657333333334 ,32.89816131591797,83.66504322070827 ,17305.0,10:13:18 AM,1572669798926
0.516 ,8.557 ,11.3,23.55145,87.29657333333334 ,32.89816131591797,83.66504322070827 ,17305.0,10:13:18 AM,1572669798930
0.855 ,4.449 ,5.161,23.55145,87.29657333333334 ,32.89816131591797,83.66504322070827 ,17305.0,10:13:18 AM,1572669798931
1.251 ,1.976 ,0.692,23.55145,87.29657333333334 ,32.89816131591797,83.66504322070827 ,17305.0,10:13:18 AM,1572669798934
1.331 ,3.872 ,1.042,23.55145,87.29657333333334 ,32.89816131591797,83.66504322070827 ,17305.0,10:13:18 AM,1572669798935
1.424 ,7.966 ,3.881,23.55145,87.29657333333334 ,32.89816131591797,83.66504322070827 ,17305.0,10:13:18 AM,1572669798939
1.132 ,9.953 ,6.049,23.55145,87.29657333333334 ,32.89816131591797,83.66504322070827 ,17305.0,10:13:18 AM,1572669798940
0.386 ,10.197 ,3.167,23.55145,87.29657333333334 ,32.89816131591797,83.66504322070827 ,17305.0,10:13:18 AM,1572669798944
-0.543 ,8.947 ,-2.968,23.55145,87.29657333333334 ,32.89816131591797,83.66504322070827 ,17305.0,10:13:18 AM,1572669798945
-0.217 ,7.182 ,-4.734,23.55145,87.29657333333334 ,32.89816131591797,83.66504322070827 ,17305.0,10:13:18 AM,1572669798950
-0.288 ,7.553 ,-3.478,23.55145,87.29657333333334 ,32.89816131591797,83.66504322070827 ,17305.0,10:13:18 AM,1572669798950
0.14 ,9.312 ,0.801,23.55145,87.29657333333334 ,32.89816131591797,83.66504322070827 ,17305.0,10:13:18 AM,1572669798954
0.658 ,10.731 ,6.648,23.55145,87.29657333333334 ,32.89816131591797,83.66504322070827 ,17305.0,10:13:18 AM,1572669798955
-0.015 ,10.239 ,6.84,23.55145,87.29657333333334 ,32.89816131591797,83.66504322070827 ,17305.0,10:13:18 AM,1572669798959
0.22 ,8.022 ,6.132,23.55145,87.29657333333334 ,32.89816131591797,83.66504322070827 ,17305.0,10:13:18 AM,1572669798960
0.91 ,4.875 ,5.302,23.55145,87.29657333333334 ,32.89816131591797,83.66504322070827 ,17305.0,10:13:18 AM,1572669798964
0.288 ,4.889 ,4.501,23.55145,87.29657333333334 ,32.89816131591797,83.66504322070827 ,17305.0,10:13:18 AM,1572669798965
1.263 ,6.717 ,11.801,23.55145,87.29657333333334 ,32.89816131591797,83.66504322070827 ,17305.0,10:13:18 AM,1572669798970
0.535 ,8.693 ,14.059,23.55145,87.29657333333334 ,32.89816131591797,83.66504322070827 ,17305.0,10:13:18 AM,1572669798970
-0.399 ,8.514 ,14.923,23.55145,87.29657333333334 ,32.89816131591797,83.66504322070827 ,17305.0,10:13:18 AM,1572669798974
-1.506 ,5.686 ,13.214,23.55145,87.29657333333334 ,32.89816131591797,83.66504322070827 ,17305.0,10:13:18 AM,1572669798975
-2.447 ,3.059 ,12.332,23.55145,87.29657333333334 ,32.89816131591797,83.66504322070827 ,17305.0,10:13:18 AM,1572669798979
-2.122 ,2.716 ,14.806,23.55145,87.29657333333334 ,32.89816131591797,83.66504322070827 ,17305.0,10:13:18 AM,1572669798980
-1.504 ,3.311 ,18.68,23.55145,87.29657333333334 ,32.89816131591797,83.66504322070827 ,17305.0,10:13:18 AM,1572669798984
-1.68 ,2.266 ,22.133,23.55145,87.29657333333334 ,32.89816131591797,83.66504322070827 ,17305.0,10:13:18 AM,1572669798985
-2.028 ,0.757 ,20.512,23.55145,87.29657333333334 ,32.89816131591797,83.66504322070827 ,17305.0,10:13:18 AM,1572669798989
-1.236 ,-2.503 ,19.481,23.55145,87.29657333333334 ,32.89816131591797,83.66504322070827 ,17305.0,10:13:18 AM,1572669798990
-0.878 ,-4.44 ,14.483,23.55145,87.29657333333334 ,32.89816131591797,83.66504322070827 ,16338.0,10:13:18 AM,1572669798994
-0.151 ,-3.787 ,14.132,23.55145,87.29657333333334 ,32.89816131591797,83.66504322070827 ,16338.0,10:13:18 AM,1572669798995
0.444 ,-0.669 ,14.909,23.55145,87.29657333333334 ,32.89816131591797,83.66504322070827 ,16338.0,10:13:18 AM,1572669798999
-0.703 ,1.945 ,16.878,23.55145,87.29657333333334 ,32.89816131591797,83.66504322070827 ,16338.0,10:13:19 AM,1572669799000
-2.171 ,1.496 ,15.553,23.55145,87.29657333333334 ,32.89816131591797,83.66504322070827 ,16338.0,10:13:19 AM,1572669799004
-2.924 ,-0.897 ,7.339,23.55145,87.29657333333334 ,32.89816131591797,83.66504322070827 ,16338.0,10:13:19 AM,1572669799005
-2.486 ,-1.234 ,-0.479,23.55145,87.29657333333334 ,32.89816131591797,83.66504322070827 ,16338.0,10:13:19 AM,1572669799009
0.237 ,1.619 ,-4.018,23.55145,87.29657333333334 ,32.89816131591797,83.66504322070827 ,16338.0,10:13:19 AM,1572669799010
0.455 ,2.03 ,-0.627,23.55145,87.29657333333334 ,32.89816131591797,83.66504322070827 ,16338.0,10:13:19 AM,1572669799014
0.84 ,3.271 ,5.351,23.55145,87.29657333333334 ,32.89816131591797,83.66504322070827 ,16338.0,10:13:19 AM,1572669799015
1.21 ,4.683 ,12.643,23.55145,87.29657333333334 ,32.89816131591797,83.66504322070827 ,16338.0,10:13:19 AM,1572669799019
1.369 ,4.009 ,11.142,23.55145,87.29657333333334 ,32.89816131591797,83.66504322070827 ,16338.0,10:13:19 AM,1572669799020
0.846 ,0.305 ,8.558,23.55145,87.29657333333334 ,32.89816131591797,83.66504322070827 ,16338.0,10:13:19 AM,1572669799024
0.995 ,-0.282 ,5.762,23.55145,87.29657333333334 ,32.89816131591797,83.66504322070827 ,16338.0,10:13:19 AM,1572669799025
0.453 ,4.207 ,16.642,23.55145,87.29657333333334 ,32.89816131591797,83.66504322070827 ,16338.0,10:13:19 AM,1572669799029
-2.103 ,10.665 ,22.233,23.55145,87.29657333333334 ,32.89816131591797,83.66504322070827 ,16338.0,10:13:19 AM,1572669799030
-4.208 ,9.876 ,19.968,23.55145,87.29657333333334 ,32.89816131591797,83.66504322070827 ,16338.0,10:13:19 AM,1572669799034
