x,y,z,latitude,longitude,speed,sound,light,time,timestamp
-0.471 ,2.929 ,7.086,23.569436666666668,87.30256 ,28.06183204650879,83.82316379588664 ,13961.0,10:09:21 AM,1572669561780
0.261 ,2.203 ,6.304,23.569436666666668,87.30256 ,28.06183204650879,83.82316379588664 ,13961.0,10:09:21 AM,1572669561784
-0.6 ,4.205 ,6.296,23.569436666666668,87.30256 ,28.06183204650879,83.82316379588664 ,13961.0,10:09:21 AM,1572669561784
-0.888 ,5.882 ,10.28,23.569436666666668,87.30256 ,28.06183204650879,83.82316379588664 ,13961.0,10:09:21 AM,1572669561789
-1.243 ,6.784 ,13.821,23.569436666666668,87.30256 ,28.06183204650879,83.82316379588664 ,13961.0,10:09:21 AM,1572669561790
-4.19 ,6.304 ,7.011,23.569436666666668,87.30256 ,28.06183204650879,83.82316379588664 ,13851.0,10:09:21 AM,1572669561794
-0.87 ,3.942 ,7.885,23.569436666666668,87.30256 ,28.06183204650879,83.82316379588664 ,13851.0,10:09:21 AM,1572669561795
-2.602 ,3.403 ,4.776,23.569436666666668,87.30256 ,28.06183204650879,83.82316379588664 ,13851.0,10:09:21 AM,1572669561799
-1.164 ,5.273 ,13.662,23.569436666666668,87.30256 ,28.06183204650879,83.82316379588664 ,13851.0,10:09:21 AM,1572669561799
0.445 ,8.674 ,19.405,23.569436666666668,87.30256 ,28.06183204650879,83.82316379588664 ,13851.0,10:09:21 AM,1572669561804
-0.212 ,8.261 ,16.605,23.569436666666668,87.30256 ,28.06183204650879,83.82316379588664 ,13851.0,10:09:21 AM,1572669561804
1.196 ,5.904 ,8.92,23.569436666666668,87.30256 ,28.06183204650879,83.82316379588664 ,13851.0,10:09:21 AM,1572669561809
1.126 ,2.497 ,5.592,23.569436666666668,87.30256 ,28.06183204650879,83.82316379588664 ,13851.0,10:09:21 AM,1572669561810
0.494 ,2.487 ,3.039,23.569436666666668,87.30256 ,28.06183204650879,83.82316379588664 ,13851.0,10:09:21 AM,1572669561814
0.649 ,4.861 ,8.553,23.569436666666668,87.30256 ,28.06183204650879,83.82316379588664 ,13851.0,10:09:21 AM,1572669561815
-2.182 ,7.659 ,5.995,23.569436666666668,87.30256 ,28.06183204650879,83.82316379588664 ,13851.0,10:09:21 AM,1572669561819
-1.032 ,6.748 ,8.672,23.569436666666668,87.30256 ,28.06183204650879,83.82316379588664 ,13851.0,10:09:21 AM,1572669561819
-3.279 ,6.398 ,7.742,23.569436666666668,87.30256 ,28.06183204650879,83.82316379588664 ,13851.0,10:09:21 AM,1572669561826
-3.803 ,7.273 ,11.179,23.569436666666668,87.30256 ,28.06183204650879,83.82316379588664 ,13851.0,10:09:21 AM,1572669561827
-3.186 ,8.524 ,13.736,23.569365,87.30256 ,30.895068740844728,83.82316379588664 ,13851.0,10:09:21 AM,1572669561832
-4.799 ,8.347 ,6.33,23.569365,87.30256 ,30.895068740844728,83.82316379588664 ,13851.0,10:09:21 AM,1572669561832
-3.121 ,6.621 ,1.25,23.569365,87.30256 ,30.895068740844728,83.82316379588664 ,13851.0,10:09:21 AM,1572669561834
-0.332 ,6.04 ,0.276,23.569365,87.30256 ,30.895068740844728,83.82316379588664 ,13851.0,10:09:21 AM,1572669561834
-0.774 ,7.956 ,-0.606,23.569365,87.30256 ,30.895068740844728,83.82316379588664 ,13851.0,10:09:21 AM,1572669561839
1.882 ,10.038 ,7.951,23.569365,87.30256 ,30.895068740844728,83.82316379588664 ,13851.0,10:09:21 AM,1572669561840
0.634 ,11.401 ,4.172,23.569365,87.30256 ,30.895068740844728,83.82316379588664 ,13851.0,10:09:21 AM,1572669561845
2.365 ,7.106 ,1.91,23.569365,87.30256 ,30.895068740844728,83.82316379588664 ,13851.0,10:09:21 AM,1572669561845
1.484 ,4.148 ,-0.783,23.569365,87.30256 ,30.895068740844728,83.82316379588664 ,13851.0,10:09:21 AM,1572669561849
0.604 ,4.577 ,5.758,23.569365,87.30256 ,30.895068740844728,83.82316379588664 ,13851.0,10:09:21 AM,1572669561849
0.722 ,8.22 ,11.678,23.569365,87.30256 ,30.895068740844728,83.82316379588664 ,13851.0,10:09:21 AM,1572669561854
-1.229 ,9.125 ,11.762,23.569365,87.30256 ,30.895068740844728,83.82316379588664 ,13851.0,10:09:21 AM,1572669561854
-2.077 ,5.911 ,9.146,23.569365,87.30256 ,30.895068740844728,83.82316379588664 ,13851.0,10:09:21 AM,1572669561859
-2.23 ,2.801 ,6.27,23.569365,87.30256 ,30.895068740844728,83.82316379588664 ,13851.0,10:09:21 AM,1572669561860
-2.938 ,2.892 ,5.608,23.569365,87.30256 ,30.895068740844728,83.82316379588664 ,13851.0,10:09:21 AM,1572669561864
-0.885 ,4.77 ,13.106,23.569365,87.30256 ,30.895068740844728,83.82316379588664 ,13851.0,10:09:21 AM,1572669561864
-1.365 ,6.933 ,15.328,23.569365,87.30256 ,30.895068740844728,83.82316379588664 ,13851.0,10:09:21 AM,1572669561868
0.029 ,6.174 ,11.383,23.569365,87.30256 ,30.895068740844728,83.82316379588664 ,13851.0,10:09:21 AM,1572669561869
1.927 ,4.249 ,13.453,23.569365,87.30256 ,30.895068740844728,83.82316379588664 ,13851.0,10:09:21 AM,1572669561875
-0.035 ,3.781 ,10.028,23.569365,87.30256 ,30.895068740844728,83.82316379588664 ,13851.0,10:09:21 AM,1572669561876
1.056 ,4.164 ,15.64,23.569365,87.30256 ,30.895068740844728,83.82316379588664 ,13851.0,10:09:21 AM,1572669561881
-0.729 ,4.406 ,12.771,23.569365,87.30256 ,30.895068740844728,83.82316379588664 ,13851.0,10:09:21 AM,1572669561881
-2.682 ,2.645 ,9.634,23.569365,87.30256 ,30.895068740844728,83.82316379588664 ,13851.0,10:09:21 AM,1572669561884
-2.32 ,1.702 ,6.446,23.569365,87.30256 ,30.895068740844728,83.82316379588664 ,13851.0,10:09:21 AM,1572669561884
-3.587 ,2.609 ,6.23,23.569365,87.30256 ,30.895068740844728,83.82316379588664 ,13851.0,10:09:21 AM,1572669561890
-2.99 ,3.84 ,13.002,23.569365,87.30256 ,30.895068740844728,83.82316379588664 ,13851.0,10:09:21 AM,1572669561891
-3.929 ,6.257 ,12.461,23.569365,87.30256 ,30.895068740844728,83.82316379588664 ,13851.0,10:09:21 AM,1572669561895
-2.742 ,5.384 ,9.276,23.569365,87.30256 ,30.895068740844728,83.82316379588664 ,13851.0,10:09:21 AM,1572669561896
-0.242 ,1.96 ,5.96,23.569365,87.30256 ,30.895068740844728,83.82316379588664 ,13851.0,10:09:21 AM,1572669561898
-0.666 ,0.563 ,5.818,23.569365,87.30256 ,30.895068740844728,83.82316379588664 ,13851.0,10:09:21 AM,1572669561899
0.787 ,3.599 ,13.146,23.569365,87.30256 ,30.895068740844728,83.82316379588664 ,13851.0,10:09:21 AM,1572669561903
2.079 ,7.604 ,19.425,23.569365,87.30256 ,30.895068740844728,83.82316379588664 ,13851.0,10:09:21 AM,1572669561904
0.007 ,6.347 ,12.815,23.569365,87.30256 ,30.895068740844728,83.82316379588664 ,13851.0,10:09:21 AM,1572669561910
1.886 ,1.496 ,6.958,23.569365,87.30256 ,30.895068740844728,83.82316379588664 ,13851.0,10:09:21 AM,1572669561911
-1.086 ,-0.146 ,1.366,23.569365,87.30256 ,30.895068740844728,83.82316379588664 ,13851.0,10:09:21 AM,1572669561914
-1.764 ,1.928 ,6.177,23.569365,87.30256 ,30.895068740844728,83.82316379588664 ,13851.0,10:09:21 AM,1572669561914
-2.936 ,6.593 ,9.733,23.569365,87.30256 ,30.895068740844728,83.82316379588664 ,13851.0,10:09:21 AM,1572669561918
-3.287 ,7.559 ,9.576,23.569365,87.30256 ,30.895068740844728,83.82316379588664 ,13851.0,10:09:21 AM,1572669561919
-2.012 ,6.165 ,7.673,23.569365,87.30256 ,30.895068740844728,83.82316379588664 ,13851.0,10:09:21 AM,1572669561925
-2.793 ,5.784 ,8.025,23.569365,87.30256 ,30.895068740844728,83.82316379588664 ,13851.0,10:09:21 AM,1572669561926
-1.864 ,8.899 ,10.541,23.569365,87.30256 ,30.895068740844728,83.82316379588664 ,13851.0,10:09:21 AM,1572669561928
-0.403 ,8.899 ,10.108,23.569365,87.30256 ,30.895068740844728,83.82316379588664 ,13851.0,10:09:21 AM,1572669561928
-0.886 ,6.125 ,3.736,23.569365,87.30256 ,30.895068740844728,83.82316379588664 ,13851.0,10:09:21 AM,1572669561934
1.077 ,2.984 ,-3.238,23.569365,87.30256 ,30.895068740844728,83.82316379588664 ,13851.0,10:09:21 AM,1572669561935
1.913 ,3.858 ,-2.775,23.569365,87.30256 ,30.895068740844728,83.82316379588664 ,13851.0,10:09:21 AM,1572669561939
1.788 ,7.303 ,0.772,23.569365,87.30256 ,30.895068740844728,83.82316379588664 ,13851.0,10:09:21 AM,1572669561940
1.473 ,10.427 ,10.411,23.569365,87.30256 ,30.895068740844728,83.82316379588664 ,13851.0,10:09:21 AM,1572669561945
-0.971 ,11.193 ,8.399,23.569365,87.30256 ,30.895068740844728,83.82316379588664 ,13851.0,10:09:21 AM,1572669561945
-0.495 ,7.907 ,5.556,23.569365,87.30256 ,30.895068740844728,83.82316379588664 ,13851.0,10:09:21 AM,1572669561949
-1.371 ,5.631 ,6.752,23.569365,87.30256 ,30.895068740844728,83.82316379588664 ,13851.0,10:09:21 AM,1572669561950
-3.64 ,7.115 ,7.435,23.569365,87.30256 ,30.895068740844728,83.82316379588664 ,13851.0,10:09:21 AM,1572669561955
-0.453 ,8.837 ,16.276,23.569365,87.30256 ,30.895068740844728,83.82316379588664 ,13851.0,10:09:21 AM,1572669561956
-1.68 ,8.785 ,13.878,23.569365,87.30256 ,30.895068740844728,83.82316379588664 ,13851.0,10:09:21 AM,1572669561961
-0.746 ,5.219 ,10.325,23.569365,87.30256 ,30.895068740844728,83.82316379588664 ,13851.0,10:09:21 AM,1572669561962
1.013 ,2.651 ,7.791,23.569365,87.30256 ,30.895068740844728,83.82316379588664 ,13851.0,10:09:21 AM,1572669561963
0.006 ,2.701 ,3.756,23.569365,87.30256 ,30.895068740844728,83.82316379588664 ,13851.0,10:09:21 AM,1572669561964
1.878 ,3.413 ,11.272,23.569365,87.30256 ,30.895068740844728,83.82316379588664 ,13851.0,10:09:21 AM,1572669561970
0.28 ,5.554 ,12.79,23.569365,87.30256 ,30.895068740844728,83.82316379588664 ,13851.0,10:09:21 AM,1572669561971
-0.678 ,5.306 ,12.105,23.569365,87.30256 ,30.895068740844728,83.82316379588664 ,13851.0,10:09:21 AM,1572669561976
-0.19 ,4.213 ,13.273,23.569365,87.30256 ,30.895068740844728,83.82316379588664 ,13851.0,10:09:21 AM,1572669561976
-3.557 ,4.094 ,10.817,23.569365,87.30256 ,30.895068740844728,83.82316379588664 ,13851.0,10:09:21 AM,1572669561978
-2.235 ,4.449 ,16.84,23.569365,87.30256 ,30.895068740844728,83.82316379588664 ,13851.0,10:09:21 AM,1572669561979
-3.235 ,5.582 ,16.472,23.569365,87.30256 ,30.895068740844728,83.82316379588664 ,13851.0,10:09:21 AM,1572669561983
-3.987 ,4.187 ,10.43,23.569365,87.30256 ,30.895068740844728,83.82316379588664 ,13851.0,10:09:21 AM,1572669561984
-1.01 ,1.764 ,9.583,23.569365,87.30256 ,30.895068740844728,83.82316379588664 ,13851.0,10:09:21 AM,1572669561988
-2.209 ,0.529 ,3.676,23.569365,87.30256 ,30.895068740844728,83.82316379588664 ,13851.0,10:09:21 AM,1572669561988
-0.382 ,1.547 ,9.984,23.569365,87.30256 ,30.895068740844728,83.82316379588664 ,13735.0,10:09:21 AM,1572669561993
0.191 ,4.684 ,12.76,23.569365,87.30256 ,30.895068740844728,83.82316379588664 ,13735.0,10:09:21 AM,1572669561994
-0.211 ,5.432 ,10.636,23.569365,87.30256 ,30.895068740844728,83.82316379588664 ,13735.0,10:09:21 AM,1572669561998
1.687 ,3.858 ,11.247,23.569365,87.30256 ,30.895068740844728,83.82316379588664 ,13735.0,10:09:21 AM,1572669561998
-1.692 ,4.167 ,6.686,23.569365,87.30256 ,30.895068740844728,83.82316379588664 ,13735.0,10:09:22 AM,1572669562003
-0.87 ,5.322 ,11.041,23.569365,87.30256 ,30.895068740844728,83.82316379588664 ,13735.0,10:09:22 AM,1572669562003
-2.419 ,5.942 ,7.976,23.569365,87.30256 ,30.895068740844728,83.82316379588664 ,13735.0,10:09:22 AM,1572669562009
-4.04 ,3.944 ,4.869,23.569365,87.30256 ,30.895068740844728,83.82316379588664 ,13735.0,10:09:22 AM,1572669562010
-3.129 ,4.418 ,2.363,23.569365,87.30256 ,30.895068740844728,83.82316379588664 ,13735.0,10:09:22 AM,1572669562013
-1.639 ,6.472 ,3.712,23.569365,87.30256 ,30.895068740844728,83.82316379588664 ,13735.0,10:09:22 AM,1572669562013
-1.002 ,8.631 ,4.053,23.569365,87.30256 ,30.895068740844728,83.82316379588664 ,13735.0,10:09:22 AM,1572669562019
0.082 ,9.143 ,7.44,23.569365,87.30256 ,30.895068740844728,83.82316379588664 ,13735.0,10:09:22 AM,1572669562020
-0.661 ,7.586 ,2.08,23.569365,87.30256 ,30.895068740844728,83.82316379588664 ,13735.0,10:09:22 AM,1572669562026
2.071 ,4.325 ,-0.138,23.569365,87.30256 ,30.895068740844728,83.82316379588664 ,13735.0,10:09:22 AM,1572669562027
0.197 ,3.952 ,-5.022,23.569365,87.30256 ,30.895068740844728,83.82316379588664 ,13735.0,10:09:22 AM,1572669562028
