x,y,z,latitude,longitude,speed,sound,light,time,timestamp
2.704 ,4.838 ,5.819,23.553375,87.29785833333332 ,41.97045135498047,84.57950282837567 ,7824.0,10:12:57 AM,1572669777092
2.383 ,3.949 ,11.089,23.553375,87.29785833333332 ,41.97045135498047,84.57950282837567 ,7824.0,10:12:57 AM,1572669777096
-2.085 ,5.79 ,10.395,23.553375,87.29785833333332 ,41.97045135498047,84.57950282837567 ,7824.0,10:12:57 AM,1572669777097
-2.184 ,4.849 ,13.213,23.553375,87.29785833333332 ,41.97045135498047,84.57950282837567 ,7824.0,10:12:57 AM,1572669777101
-4.851 ,3.198 ,6.832,23.553375,87.29785833333332 ,41.97045135498047,84.57950282837567 ,7824.0,10:12:57 AM,1572669777103
-3.858 ,-0.195 ,7.776,23.553375,87.29785833333332 ,41.97045135498047,84.57950282837567 ,7824.0,10:12:57 AM,1572669777107
-3.765 ,2.62 ,4.319,23.553375,87.29785833333332 ,41.97045135498047,84.57950282837567 ,7824.0,10:12:57 AM,1572669777108
-2.004 ,4.368 ,7.723,23.553375,87.29785833333332 ,41.97045135498047,84.57950282837567 ,7824.0,10:12:57 AM,1572669777111
-1.052 ,6.946 ,9.407,23.553375,87.29785833333332 ,41.97045135498047,84.57950282837567 ,7824.0,10:12:57 AM,1572669777112
-2.11 ,6.225 ,7.518,23.553375,87.29785833333332 ,41.97045135498047,84.57950282837567 ,7824.0,10:12:57 AM,1572669777116
-0.277 ,6.114 ,10.403,23.553375,87.29785833333332 ,41.97045135498047,84.57950282837567 ,7824.0,10:12:57 AM,1572669777117
-2.81 ,6.859 ,6.279,23.553375,87.29785833333332 ,41.97045135498047,84.57950282837567 ,7824.0,10:12:57 AM,1572669777121
-1.141 ,4.64 ,8.534,23.553375,87.29785833333332 ,41.97045135498047,84.57950282837567 ,7824.0,10:12:57 AM,1572669777122
-1.462 ,4.501 ,5.452,23.553375,87.29785833333332 ,41.97045135498047,84.57950282837567 ,7824.0,10:12:57 AM,1572669777126
0.135 ,3.384 ,10.761,23.553375,87.29785833333332 ,41.97045135498047,84.57950282837567 ,7824.0,10:12:57 AM,1572669777128
1.892 ,7.11 ,12.083,23.553375,87.29785833333332 ,41.97045135498047,84.57950282837567 ,7824.0,10:12:57 AM,1572669777132
1.02 ,6.089 ,10.651,23.553375,87.29785833333332 ,41.97045135498047,84.57950282837567 ,7824.0,10:12:57 AM,1572669777133
2.492 ,4.881 ,8.006,23.553375,87.29785833333332 ,41.97045135498047,84.57950282837567 ,7824.0,10:12:57 AM,1572669777136
-1.394 ,3.551 ,3.946,23.553375,87.29785833333332 ,41.97045135498047,84.57950282837567 ,7824.0,10:12:57 AM,1572669777137
0.151 ,3.857 ,9.685,23.553375,87.29785833333332 ,41.97045135498047,84.57950282837567 ,7824.0,10:12:57 AM,1572669777141
-3.556 ,6.797 ,6.877,23.553375,87.29785833333332 ,41.97045135498047,84.57950282837567 ,7824.0,10:12:57 AM,1572669777142
-2.669 ,6.387 ,14.74,23.553375,87.29785833333332 ,41.97045135498047,84.57950282837567 ,7824.0,10:12:57 AM,1572669777146
-2.953 ,8.017 ,10.852,23.553375,87.29785833333332 ,41.97045135498047,84.57950282837567 ,7824.0,10:12:57 AM,1572669777148
-2.639 ,5.248 ,11.15,23.553375,87.29785833333332 ,41.97045135498047,84.57950282837567 ,7824.0,10:12:57 AM,1572669777151
-1.177 ,6.617 ,10.596,23.553375,87.29785833333332 ,41.97045135498047,84.57950282837567 ,7824.0,10:12:57 AM,1572669777152
-0.479 ,6.063 ,6.62,23.553375,87.29785833333332 ,41.97045135498047,84.57950282837567 ,7824.0,10:12:57 AM,1572669777156
2.462 ,9.286 ,8.747,23.553375,87.29785833333332 ,41.97045135498047,84.57950282837567 ,7824.0,10:12:57 AM,1572669777157
0.503 ,10.706 ,-0.328,23.553375,87.29785833333332 ,41.97045135498047,84.57950282837567 ,7824.0,10:12:57 AM,1572669777161
4.275 ,10.194 ,4.126,23.553375,87.29785833333332 ,41.97045135498047,84.57950282837567 ,7824.0,10:12:57 AM,1572669777162
-1.096 ,8.863 ,-2.921,23.553375,87.29785833333332 ,41.97045135498047,84.57950282837567 ,7824.0,10:12:57 AM,1572669777166
-1.438 ,5.097 ,-4.107,23.553375,87.29785833333332 ,41.97045135498047,84.57950282837567 ,7824.0,10:12:57 AM,1572669777167
-2.56 ,5.274 ,-8.292,23.553375,87.29785833333332 ,41.97045135498047,84.57950282837567 ,7824.0,10:12:57 AM,1572669777171
-3.099 ,2.992 ,-0.278,23.553375,87.29785833333332 ,41.97045135498047,84.57950282837567 ,7824.0,10:12:57 AM,1572669777172
-2.827 ,6.93 ,5.033,23.553375,87.29785833333332 ,41.97045135498047,84.57950282837567 ,7824.0,10:12:57 AM,1572669777176
-5.087 ,8.101 ,9.439,23.553375,87.29785833333332 ,41.97045135498047,84.57950282837567 ,7824.0,10:12:57 AM,1572669777177
-1.815 ,8.14 ,13.29,23.553375,87.29785833333332 ,41.97045135498047,84.57950282837567 ,7824.0,10:12:57 AM,1572669777181
-4.365 ,5.528 ,5.993,23.553375,87.29785833333332 ,41.97045135498047,84.57950282837567 ,7824.0,10:12:57 AM,1572669777182
-0.823 ,0.979 ,11.343,23.553375,87.29785833333332 ,41.97045135498047,84.57950282837567 ,7824.0,10:12:57 AM,1572669777186
-1.159 ,2.606 ,9.411,23.553375,87.29785833333332 ,41.97045135498047,84.57950282837567 ,7824.0,10:12:57 AM,1572669777187
-0.243 ,2.725 ,17.604,23.553375,87.29785833333332 ,41.97045135498047,84.57950282837567 ,7824.0,10:12:57 AM,1572669777191
1.736 ,5.355 ,20.105,23.553375,87.29785833333332 ,41.97045135498047,84.57950282837567 ,7824.0,10:12:57 AM,1572669777192
0.931 ,0.778 ,18.571,23.553375,87.29785833333332 ,41.97045135498047,84.57950282837567 ,8171.0,10:12:57 AM,1572669777196
3.568 ,-0.347 ,22.443,23.553375,87.29785833333332 ,41.97045135498047,84.57950282837567 ,8171.0,10:12:57 AM,1572669777197
-0.158 ,0.221 ,18.517,23.553375,87.29785833333332 ,41.97045135498047,84.57950282837567 ,8171.0,10:12:57 AM,1572669777201
2.954 ,3.16 ,25.306,23.553375,87.29785833333332 ,41.97045135498047,84.57950282837567 ,8171.0,10:12:57 AM,1572669777202
-0.534 ,5.778 ,15.152,23.553375,87.29785833333332 ,41.97045135498047,84.57950282837567 ,8171.0,10:12:57 AM,1572669777206
1.381 ,4.347 ,18.625,23.553375,87.29785833333332 ,41.97045135498047,84.57950282837567 ,8171.0,10:12:57 AM,1572669777207
-3.939 ,3.105 ,8.998,23.553375,87.29785833333332 ,41.97045135498047,84.57950282837567 ,8171.0,10:12:57 AM,1572669777211
-3.392 ,1.307 ,11.984,23.553375,87.29785833333332 ,41.97045135498047,84.57950282837567 ,8171.0,10:12:57 AM,1572669777212
-4.609 ,3.614 ,4.691,23.553375,87.29785833333332 ,41.97045135498047,84.57950282837567 ,8171.0,10:12:57 AM,1572669777216
-2.997 ,2.023 ,7.258,23.553375,87.29785833333332 ,41.97045135498047,84.57950282837567 ,8171.0,10:12:57 AM,1572669777217
-0.83 ,1.754 ,7.099,23.553375,87.29785833333332 ,41.97045135498047,84.57950282837567 ,8171.0,10:12:57 AM,1572669777221
-2.954 ,1.608 ,1.629,23.553375,87.29785833333332 ,41.97045135498047,84.57950282837567 ,8171.0,10:12:57 AM,1572669777221
0.342 ,2.949 ,8.332,23.553375,87.29785833333332 ,41.97045135498047,84.57950282837567 ,8171.0,10:12:57 AM,1572669777226
-1.284 ,5.496 ,5.583,23.553375,87.29785833333332 ,41.97045135498047,84.57950282837567 ,8171.0,10:12:57 AM,1572669777227
-0.558 ,6.657 ,11.422,23.553375,87.29785833333332 ,41.97045135498047,84.57950282837567 ,8171.0,10:12:57 AM,1572669777231
-1.764 ,9.69 ,10.393,23.553375,87.29785833333332 ,41.97045135498047,84.57950282837567 ,8171.0,10:12:57 AM,1572669777232
-0.66 ,8.716 ,12.117,23.553375,87.29785833333332 ,41.97045135498047,84.57950282837567 ,8171.0,10:12:57 AM,1572669777236
-1.336 ,8.333 ,7.039,23.553375,87.29785833333332 ,41.97045135498047,84.57950282837567 ,8171.0,10:12:57 AM,1572669777237
-1.491 ,5.354 ,6.789,23.553375,87.29785833333332 ,41.97045135498047,84.57950282837567 ,8171.0,10:12:57 AM,1572669777241
1.216 ,4.896 ,10.365,23.553375,87.29785833333332 ,41.97045135498047,84.57950282837567 ,8171.0,10:12:57 AM,1572669777242
0.046 ,3.35 ,9.603,23.553375,87.29785833333332 ,41.97045135498047,84.57950282837567 ,8171.0,10:12:57 AM,1572669777246
1.253 ,5.961 ,10.925,23.553375,87.29785833333332 ,41.97045135498047,84.57950282837567 ,8171.0,10:12:57 AM,1572669777248
-0.501 ,8.869 ,6.849,23.553375,87.29785833333332 ,41.97045135498047,84.57950282837567 ,8171.0,10:12:57 AM,1572669777251
1.104 ,7.787 ,8.316,23.553375,87.29785833333332 ,41.97045135498047,84.57950282837567 ,8171.0,10:12:57 AM,1572669777252
-3.076 ,8.23 ,3.176,23.553375,87.29785833333332 ,41.97045135498047,85.33813068649192 ,8171.0,10:12:57 AM,1572669777257
-3.903 ,7.963 ,6.706,23.553375,87.29785833333332 ,41.97045135498047,85.33813068649192 ,8171.0,10:12:57 AM,1572669777258
-4.229 ,11.48 ,4.197,23.553375,87.29785833333332 ,41.97045135498047,85.33813068649192 ,8171.0,10:12:57 AM,1572669777261
-4.358 ,9.226 ,2.529,23.553375,87.29785833333332 ,41.97045135498047,85.33813068649192 ,8171.0,10:12:57 AM,1572669777262
-0.534 ,7.215 ,4.79,23.553375,87.29785833333332 ,41.97045135498047,85.33813068649192 ,8171.0,10:12:57 AM,1572669777267
-2.249 ,6.239 ,-1.984,23.553375,87.29785833333332 ,41.97045135498047,85.33813068649192 ,8171.0,10:12:57 AM,1572669777268
2.626 ,6.058 ,2.022,23.553375,87.29785833333332 ,41.97045135498047,85.33813068649192 ,8171.0,10:12:57 AM,1572669777271
0.509 ,5.021 ,-3.594,23.553375,87.29785833333332 ,41.97045135498047,85.33813068649192 ,8171.0,10:12:57 AM,1572669777272
2.854 ,1.825 ,3.96,23.553375,87.29785833333332 ,41.97045135498047,85.33813068649192 ,8171.0,10:12:57 AM,1572669777276
0.278 ,4.34 ,6.938,23.553375,87.29785833333332 ,41.97045135498047,85.33813068649192 ,8171.0,10:12:57 AM,1572669777277
-0.035 ,7.096 ,15.679,23.553375,87.29785833333332 ,41.97045135498047,85.33813068649192 ,8171.0,10:12:57 AM,1572669777281
-1.589 ,9.44 ,19.372,23.553375,87.29785833333332 ,41.97045135498047,85.33813068649192 ,8171.0,10:12:57 AM,1572669777281
-4.784 ,5.46 ,15.903,23.553375,87.29785833333332 ,41.97045135498047,85.33813068649192 ,8171.0,10:12:57 AM,1572669777286
-3.612 ,2.109 ,14.692,23.553375,87.29785833333332 ,41.97045135498047,85.33813068649192 ,8171.0,10:12:57 AM,1572669777288
-5.598 ,2.068 ,5.68,23.553375,87.29785833333332 ,41.97045135498047,85.33813068649192 ,8171.0,10:12:57 AM,1572669777292
-0.892 ,2.596 ,12.529,23.553375,87.29785833333332 ,41.97045135498047,85.33813068649192 ,8171.0,10:12:57 AM,1572669777293
-1.755 ,4.935 ,9.524,23.553375,87.29785833333332 ,41.97045135498047,85.33813068649192 ,8171.0,10:12:57 AM,1572669777296
1.611 ,4.946 ,21.436,23.553375,87.29785833333332 ,41.97045135498047,85.33813068649192 ,8171.0,10:12:57 AM,1572669777296
1.269 ,6.872 ,18.733,23.553375,87.29785833333332 ,41.97045135498047,85.33813068649192 ,8171.0,10:12:57 AM,1572669777300
2.489 ,5.316 ,16.96,23.553375,87.29785833333332 ,41.97045135498047,85.33813068649192 ,8171.0,10:12:57 AM,1572669777301
2.993 ,4.312 ,10.077,23.553375,87.29785833333332 ,41.97045135498047,85.33813068649192 ,8171.0,10:12:57 AM,1572669777306
2.044 ,1.053 ,5.753,23.553375,87.29785833333332 ,41.97045135498047,85.33813068649192 ,8171.0,10:12:57 AM,1572669777307
1.35 ,3.711 ,8.194,23.553375,87.29785833333332 ,41.97045135498047,85.33813068649192 ,8171.0,10:12:57 AM,1572669777311
-1.047 ,6.968 ,6.322,23.553375,87.29785833333332 ,41.97045135498047,85.33813068649192 ,8171.0,10:12:57 AM,1572669777312
-1.006 ,7.1 ,8.787,23.553375,87.29785833333332 ,41.97045135498047,85.33813068649192 ,8171.0,10:12:57 AM,1572669777316
-5.045 ,5.802 ,4.276,23.553375,87.29785833333332 ,41.97045135498047,85.33813068649192 ,8171.0,10:12:57 AM,1572669777317
-5.512 ,4.268 ,6.785,23.553375,87.29785833333332 ,41.97045135498047,85.33813068649192 ,8171.0,10:12:57 AM,1572669777320
-6.77 ,7.072 ,7.282,23.553375,87.29785833333332 ,41.97045135498047,85.33813068649192 ,8171.0,10:12:57 AM,1572669777321
-5.757 ,8.043 ,8.438,23.553375,87.29785833333332 ,41.97045135498047,85.33813068649192 ,8171.0,10:12:57 AM,1572669777326
-3.144 ,9.319 ,6.13,23.553375,87.29785833333332 ,41.97045135498047,85.33813068649192 ,8171.0,10:12:57 AM,1572669777327
-1.493 ,7.277 ,1.647,23.553375,87.29785833333332 ,41.97045135498047,85.33813068649192 ,8171.0,10:12:57 AM,1572669777331
2.576 ,9.053 ,1.33,23.553375,87.29785833333332 ,41.97045135498047,85.33813068649192 ,8171.0,10:12:57 AM,1572669777332
2.449 ,9.264 ,-3.576,23.553375,87.29785833333332 ,41.97045135498047,85.33813068649192 ,8171.0,10:12:57 AM,1572669777336
6.472 ,11.594 ,1.623,23.553375,87.29785833333332 ,41.97045135498047,85.33813068649192 ,8171.0,10:12:57 AM,1572669777337
2.499 ,11.424 ,-2.408,23.553375,87.29785833333332 ,41.97045135498047,85.33813068649192 ,8171.0,10:12:57 AM,1572669777340
