x,y,z,latitude,longitude,speed,sound,light,time,timestamp
-1.454 ,5.679 ,9.931,23.562728333333332,87.29881500000002 ,21.605980682373048,82.07817057409005 ,11256.0,10:11:15 AM,1572669675131
-0.934 ,4.207 ,10.885,23.562728333333332,87.29881500000002 ,21.605980682373048,82.07817057409005 ,11256.0,10:11:15 AM,1572669675135
-1.797 ,4.675 ,7.153,23.562728333333332,87.29881500000002 ,21.605980682373048,82.07817057409005 ,11256.0,10:11:15 AM,1572669675135
-0.235 ,4.616 ,8.869,23.562728333333332,87.29881500000002 ,21.605980682373048,82.07817057409005 ,11256.0,10:11:15 AM,1572669675140
-1.099 ,5.509 ,9.536,23.562728333333332,87.29881500000002 ,21.605980682373048,82.07817057409005 ,11256.0,10:11:15 AM,1572669675140
-1.031 ,7.09 ,14.496,23.562728333333332,87.29881500000002 ,21.605980682373048,82.07817057409005 ,11256.0,10:11:15 AM,1572669675147
0.546 ,6.919 ,14.465,23.562728333333332,87.29881500000002 ,21.605980682373048,82.07817057409005 ,11256.0,10:11:15 AM,1572669675147
0.614 ,5.027 ,11.351,23.562728333333332,87.29881500000002 ,21.605980682373048,82.07817057409005 ,11256.0,10:11:15 AM,1572669675151
0.301 ,2.936 ,7.199,23.562728333333332,87.29881500000002 ,21.605980682373048,82.07817057409005 ,11256.0,10:11:15 AM,1572669675152
1.415 ,2.376 ,7.527,23.562728333333332,87.29881500000002 ,21.605980682373048,82.07817057409005 ,11256.0,10:11:15 AM,1572669675154
0.567 ,3.754 ,7.119,23.562728333333332,87.29881500000002 ,21.605980682373048,82.07817057409005 ,11256.0,10:11:15 AM,1572669675155
0.555 ,3.987 ,10.58,23.562728333333332,87.29881500000002 ,21.605980682373048,82.07817057409005 ,11256.0,10:11:15 AM,1572669675159
-0.434 ,4.649 ,9.247,23.562728333333332,87.29881500000002 ,21.605980682373048,82.07817057409005 ,11256.0,10:11:15 AM,1572669675159
-1.239 ,5.066 ,8.173,23.562728333333332,87.29881500000002 ,21.605980682373048,82.07817057409005 ,11256.0,10:11:15 AM,1572669675164
-1.658 ,5.359 ,9.628,23.562728333333332,87.29881500000002 ,21.605980682373048,82.07817057409005 ,11256.0,10:11:15 AM,1572669675165
-3.091 ,7.094 ,10.641,23.562728333333332,87.29881500000002 ,21.605980682373048,82.07817057409005 ,11256.0,10:11:15 AM,1572669675169
-2.52 ,8.008 ,9.982,23.562728333333332,87.29881500000002 ,21.605980682373048,82.07817057409005 ,11256.0,10:11:15 AM,1572669675170
-1.534 ,6.821 ,6.917,23.562728333333332,87.29881500000002 ,21.605980682373048,82.07817057409005 ,11256.0,10:11:15 AM,1572669675174
-1.569 ,4.749 ,1.258,23.562728333333332,87.29881500000002 ,21.605980682373048,82.07817057409005 ,11256.0,10:11:15 AM,1572669675174
0.73 ,4.482 ,1.478,23.562728333333332,87.29881500000002 ,21.605980682373048,82.07817057409005 ,11256.0,10:11:15 AM,1572669675179
1.201 ,6.729 ,4.793,23.562728333333332,87.29881500000002 ,21.605980682373048,82.07817057409005 ,11256.0,10:11:15 AM,1572669675179
2.122 ,8.609 ,8.634,23.562728333333332,87.29881500000002 ,21.605980682373048,82.07817057409005 ,11256.0,10:11:15 AM,1572669675184
2.041 ,8.34 ,9.235,23.562728333333332,87.29881500000002 ,21.605980682373048,82.07817057409005 ,11256.0,10:11:15 AM,1572669675185
1.354 ,7.664 ,5.89,23.562728333333332,87.29881500000002 ,21.605980682373048,82.07817057409005 ,11256.0,10:11:15 AM,1572669675189
1.405 ,6.731 ,6.628,23.562728333333332,87.29881500000002 ,21.605980682373048,82.07817057409005 ,11256.0,10:11:15 AM,1572669675189
-0.218 ,7.874 ,6.395,23.562728333333332,87.29881500000002 ,21.605980682373048,82.07817057409005 ,11570.0,10:11:15 AM,1572669675196
0.129 ,8.67 ,8.357,23.562728333333332,87.29881500000002 ,21.605980682373048,82.07817057409005 ,11570.0,10:11:15 AM,1572669675196
0.166 ,8.203 ,8.0,23.562728333333332,87.29881500000002 ,21.605980682373048,82.07817057409005 ,11570.0,10:11:15 AM,1572669675198
-0.03 ,7.081 ,8.073,23.562728333333332,87.29881500000002 ,21.605980682373048,82.07817057409005 ,11570.0,10:11:15 AM,1572669675199
0.2 ,7.292 ,7.781,23.562728333333332,87.29881500000002 ,21.605980682373048,82.07817057409005 ,11570.0,10:11:15 AM,1572669675205
0.516 ,7.338 ,10.715,23.562728333333332,87.29881500000002 ,21.605980682373048,82.07817057409005 ,11570.0,10:11:15 AM,1572669675205
-0.163 ,6.651 ,9.069,23.562728333333332,87.29881500000002 ,21.605980682373048,82.07817057409005 ,11570.0,10:11:15 AM,1572669675209
0.923 ,4.438 ,9.548,23.562728333333332,87.29881500000002 ,21.605980682373048,82.07817057409005 ,11570.0,10:11:15 AM,1572669675210
-0.111 ,4.84 ,6.346,23.562728333333332,87.29881500000002 ,21.605980682373048,82.07817057409005 ,11570.0,10:11:15 AM,1572669675216
1.198 ,5.171 ,9.7,23.562728333333332,87.29881500000002 ,21.605980682373048,82.07817057409005 ,11570.0,10:11:15 AM,1572669675216
-1.101 ,5.449 ,7.616,23.562728333333332,87.29881500000002 ,21.605980682373048,82.07817057409005 ,11570.0,10:11:15 AM,1572669675219
-1.267 ,5.407 ,11.987,23.562728333333332,87.29881500000002 ,21.605980682373048,82.07817057409005 ,11570.0,10:11:15 AM,1572669675219
-1.414 ,4.44 ,10.411,23.562728333333332,87.29881500000002 ,21.605980682373048,82.07817057409005 ,11570.0,10:11:15 AM,1572669675224
-1.217 ,4.259 ,11.874,23.562728333333332,87.29881500000002 ,21.605980682373048,82.07817057409005 ,11570.0,10:11:15 AM,1572669675224
-1.111 ,4.661 ,9.476,23.562728333333332,87.29881500000002 ,21.605980682373048,82.07817057409005 ,11570.0,10:11:15 AM,1572669675229
1.505 ,5.317 ,10.696,23.562728333333332,87.29881500000002 ,21.605980682373048,82.07817057409005 ,11570.0,10:11:15 AM,1572669675229
1.664 ,5.276 ,8.701,23.562728333333332,87.29881500000002 ,21.605980682373048,82.07817057409005 ,11570.0,10:11:15 AM,1572669675234
3.33 ,3.906 ,8.948,23.562728333333332,87.29881500000002 ,21.605980682373048,82.07817057409005 ,11570.0,10:11:15 AM,1572669675234
2.053 ,3.828 ,4.98,23.562728333333332,87.29881500000002 ,21.605980682373048,82.07817057409005 ,11570.0,10:11:15 AM,1572669675238
3.076 ,4.169 ,5.437,23.562728333333332,87.29881500000002 ,21.605980682373048,82.07817057409005 ,11570.0,10:11:15 AM,1572669675239
2.24 ,4.826 ,7.231,23.562728333333332,87.29881500000002 ,21.605980682373048,82.07817057409005 ,11570.0,10:11:15 AM,1572669675245
-0.135 ,7.199 ,10.921,23.562728333333332,87.29881500000002 ,21.605980682373048,82.07817057409005 ,11570.0,10:11:15 AM,1572669675246
-0.871 ,8.947 ,12.718,23.562728333333332,87.29881500000002 ,21.605980682373048,82.07817057409005 ,11570.0,10:11:15 AM,1572669675249
-1.392 ,8.364 ,12.26,23.562728333333332,87.29881500000002 ,21.605980682373048,82.07817057409005 ,11570.0,10:11:15 AM,1572669675249
-3.951 ,6.398 ,4.592,23.562728333333332,87.29881500000002 ,21.605980682373048,82.07817057409005 ,11570.0,10:11:15 AM,1572669675254
-2.455 ,5.268 ,2.364,23.562728333333332,87.29881500000002 ,21.605980682373048,82.07817057409005 ,11570.0,10:11:15 AM,1572669675254
-1.613 ,6.508 ,3.102,23.562728333333332,87.29881500000002 ,21.605980682373048,82.07817057409005 ,11570.0,10:11:15 AM,1572669675258
-1.467 ,8.637 ,4.744,23.562728333333332,87.29881500000002 ,21.605980682373048,82.07817057409005 ,11570.0,10:11:15 AM,1572669675259
0.389 ,9.745 ,8.54,23.562728333333332,87.29881500000002 ,21.605980682373048,82.07817057409005 ,11570.0,10:11:15 AM,1572669675265
0.34 ,9.548 ,6.833,23.562728333333332,87.29881500000002 ,21.605980682373048,82.07817057409005 ,11570.0,10:11:15 AM,1572669675266
1.282 ,7.359 ,6.983,23.562728333333332,87.29881500000002 ,21.605980682373048,82.07817057409005 ,11570.0,10:11:15 AM,1572669675270
-0.003 ,7.033 ,5.341,23.562728333333332,87.29881500000002 ,21.605980682373048,82.07817057409005 ,11570.0,10:11:15 AM,1572669675270
1.24 ,8.059 ,7.496,23.562728333333332,87.29881500000002 ,21.605980682373048,82.07817057409005 ,11570.0,10:11:15 AM,1572669675273
1.981 ,8.458 ,6.771,23.562728333333332,87.29881500000002 ,21.605980682373048,82.07817057409005 ,11570.0,10:11:15 AM,1572669675274
1.288 ,7.588 ,3.656,23.562728333333332,87.29881500000002 ,21.605980682373048,82.07817057409005 ,11570.0,10:11:15 AM,1572669675279
0.785 ,7.808 ,0.267,23.562728333333332,87.29881500000002 ,21.605980682373048,82.07817057409005 ,11570.0,10:11:15 AM,1572669675279
1.843 ,8.4 ,3.73,23.562728333333332,87.29881500000002 ,21.605980682373048,82.07817057409005 ,11570.0,10:11:15 AM,1572669675284
-0.611 ,9.331 ,2.68,23.562728333333332,87.29881500000002 ,21.605980682373048,82.07817057409005 ,11570.0,10:11:15 AM,1572669675285
0.71 ,8.565 ,9.011,23.562728333333332,87.29881500000002 ,21.605980682373048,82.07817057409005 ,11570.0,10:11:15 AM,1572669675288
-0.982 ,9.119 ,6.388,23.562728333333332,87.29881500000002 ,21.605980682373048,82.07817057409005 ,11570.0,10:11:15 AM,1572669675289
1.173 ,8.261 ,9.689,23.562728333333332,87.29881500000002 ,21.605980682373048,82.07817057409005 ,11570.0,10:11:15 AM,1572669675295
0.457 ,7.684 ,7.014,23.562728333333332,87.29881500000002 ,21.605980682373048,82.07817057409005 ,11570.0,10:11:15 AM,1572669675296
0.918 ,6.614 ,8.221,23.562728333333332,87.29881500000002 ,21.605980682373048,82.07817057409005 ,11570.0,10:11:15 AM,1572669675298
1.156 ,5.017 ,6.27,23.562728333333332,87.29881500000002 ,21.605980682373048,82.07817057409005 ,11570.0,10:11:15 AM,1572669675299
1.214 ,3.832 ,7.963,23.562728333333332,87.29881500000002 ,21.605980682373048,82.07817057409005 ,11570.0,10:11:15 AM,1572669675304
-1.263 ,4.23 ,5.0,23.562728333333332,87.29881500000002 ,21.605980682373048,82.07817057409005 ,11570.0,10:11:15 AM,1572669675304
-0.868 ,4.336 ,8.618,23.562728333333332,87.29881500000002 ,21.605980682373048,82.07817057409005 ,11570.0,10:11:15 AM,1572669675309
-3.123 ,4.322 ,7.141,23.562728333333332,87.29881500000002 ,21.605980682373048,82.07817057409005 ,11570.0,10:11:15 AM,1572669675309
-3.29 ,3.237 ,10.585,23.562728333333332,87.29881500000002 ,21.605980682373048,82.07817057409005 ,11570.0,10:11:15 AM,1572669675314
-3.601 ,4.409 ,14.136,23.562728333333332,87.29881500000002 ,21.605980682373048,82.07817057409005 ,11570.0,10:11:15 AM,1572669675314
-2.924 ,6.289 ,15.475,23.562728333333332,87.29881500000002 ,21.605980682373048,82.07817057409005 ,11570.0,10:11:15 AM,1572669675319
-1.031 ,6.251 ,16.086,23.562728333333332,87.29881500000002 ,21.605980682373048,82.07817057409005 ,11570.0,10:11:15 AM,1572669675319
-0.255 ,5.784 ,15.372,23.562728333333332,87.29881500000002 ,21.605980682373048,82.07817057409005 ,11570.0,10:11:15 AM,1572669675323
0.887 ,4.774 ,13.532,23.562728333333332,87.29881500000002 ,21.605980682373048,82.07817057409005 ,11570.0,10:11:15 AM,1572669675323
2.914 ,4.318 ,9.024,23.562728333333332,87.29881500000002 ,21.605980682373048,82.07817057409005 ,11570.0,10:11:15 AM,1572669675329
3.075 ,3.719 ,5.201,23.562728333333332,87.29881500000002 ,21.605980682373048,82.07817057409005 ,11570.0,10:11:15 AM,1572669675329
2.707 ,3.317 ,3.183,23.562728333333332,87.29881500000002 ,21.605980682373048,82.07817057409005 ,11570.0,10:11:15 AM,1572669675334
1.552 ,4.538 ,6.958,23.562728333333332,87.29881500000002 ,21.605980682373048,82.07817057409005 ,11570.0,10:11:15 AM,1572669675334
-0.445 ,5.248 ,9.365,23.562728333333332,87.29881500000002 ,21.605980682373048,82.07817057409005 ,11570.0,10:11:15 AM,1572669675338
-1.909 ,5.078 ,10.636,23.562728333333332,87.29881500000002 ,21.605980682373048,82.07817057409005 ,11570.0,10:11:15 AM,1572669675339
-4.691 ,4.101 ,5.808,23.562728333333332,87.29881500000002 ,21.605980682373048,82.07817057409005 ,11570.0,10:11:15 AM,1572669675345
-4.524 ,2.758 ,4.67,23.562728333333332,87.29881500000002 ,21.605980682373048,82.07817057409005 ,11570.0,10:11:15 AM,1572669675346
-5.304 ,4.256 ,4.557,23.562728333333332,87.29881500000002 ,21.605980682373048,82.07817057409005 ,11570.0,10:11:15 AM,1572669675348
-4.237 ,6.926 ,9.438,23.562728333333332,87.29881500000002 ,21.605980682373048,82.07817057409005 ,11570.0,10:11:15 AM,1572669675349
-3.234 ,9.516 ,12.242,23.562728333333332,87.29881500000002 ,21.605980682373048,82.07817057409005 ,11570.0,10:11:15 AM,1572669675353
-1.309 ,9.052 ,11.217,23.562728333333332,87.29881500000002 ,21.605980682373048,82.07817057409005 ,11570.0,10:11:15 AM,1572669675354
0.005 ,6.341 ,3.579,23.562728333333332,87.29881500000002 ,21.605980682373048,82.07817057409005 ,11570.0,10:11:15 AM,1572669675360
3.452 ,4.239 ,3.321,23.562728333333332,87.29881500000002 ,21.605980682373048,82.07817057409005 ,11570.0,10:11:15 AM,1572669675360
4.418 ,6.032 ,3.522,23.562728333333332,87.29881500000002 ,21.605980682373048,82.07817057409005 ,11570.0,10:11:15 AM,1572669675365
7.797 ,7.758 ,10.38,23.562728333333332,87.29881500000002 ,21.605980682373048,82.07817057409005 ,11570.0,10:11:15 AM,1572669675365
6.44 ,9.158 ,9.722,23.562728333333332,87.29881500000002 ,21.605980682373048,82.07817057409005 ,11570.0,10:11:15 AM,1572669675368
6.08 ,7.278 ,9.991,23.562728333333332,87.29881500000002 ,21.605980682373048,82.07817057409005 ,11570.0,10:11:15 AM,1572669675369
2.499 ,6.336 ,8.662,23.562728333333332,87.29881500000002 ,21.605980682373048,82.07817057409005 ,11570.0,10:11:15 AM,1572669675374
-0.337 ,6.559 ,11.075,23.562728333333332,87.29881500000002 ,21.605980682373048,82.07817057409005 ,11570.0,10:11:15 AM,1572669675375
-3.544 ,5.826 ,6.892,23.562728333333332,87.29881500000002 ,21.605980682373048,82.07817057409005 ,11570.0,10:11:15 AM,1572669675379
