x,y,z,latitude,longitude,speed,sound,light,time,timestamp
-0.636 ,4.509 ,10.223,23.554046666666668,87.29832166666665 ,41.98342208862305,85.50854872385683 ,13507.0,10:12:48 AM,1572669768614
-1.315 ,0.214 ,0.438,23.554046666666668,87.29832166666665 ,41.98342208862305,85.50854872385683 ,13507.0,10:12:48 AM,1572669768620
0.802 ,0.132 ,3.991,23.554046666666668,87.29832166666665 ,41.98342208862305,85.50854872385683 ,13507.0,10:12:48 AM,1572669768621
-0.678 ,5.007 ,8.316,23.554046666666668,87.29832166666665 ,41.98342208862305,85.50854872385683 ,13507.0,10:12:48 AM,1572669768623
-0.734 ,9.517 ,11.512,23.554046666666668,87.29832166666665 ,41.98342208862305,85.50854872385683 ,13507.0,10:12:48 AM,1572669768624
-0.757 ,6.621 ,9.722,23.554046666666668,87.29832166666665 ,41.98342208862305,85.50854872385683 ,13507.0,10:12:48 AM,1572669768629
-3.263 ,3.174 ,-0.34,23.554046666666668,87.29832166666665 ,41.98342208862305,85.50854872385683 ,13507.0,10:12:48 AM,1572669768630
-1.606 ,3.167 ,5.697,23.554046666666668,87.29832166666665 ,41.98342208862305,85.50854872385683 ,13507.0,10:12:48 AM,1572669768633
-2.668 ,8.356 ,10.515,23.554046666666668,87.29832166666665 ,41.98342208862305,85.50854872385683 ,13507.0,10:12:48 AM,1572669768634
-3.004 ,10.257 ,13.465,23.554046666666668,87.29832166666665 ,41.98342208862305,85.50854872385683 ,13507.0,10:12:48 AM,1572669768638
-1.225 ,6.035 ,13.012,23.554046666666668,87.29832166666665 ,41.98342208862305,85.50854872385683 ,13507.0,10:12:48 AM,1572669768639
-2.683 ,1.795 ,4.555,23.554046666666668,87.29832166666665 ,41.98342208862305,85.50854872385683 ,13507.0,10:12:48 AM,1572669768643
0.985 ,1.823 ,10.378,23.554046666666668,87.29832166666665 ,41.98342208862305,85.50854872385683 ,13507.0,10:12:48 AM,1572669768644
1.088 ,5.461 ,10.585,23.554046666666668,87.29832166666665 ,41.98342208862305,85.50854872385683 ,13507.0,10:12:48 AM,1572669768649
0.555 ,6.715 ,10.533,23.554046666666668,87.29832166666665 ,41.98342208862305,85.50854872385683 ,13507.0,10:12:48 AM,1572669768650
1.7 ,3.714 ,9.871,23.554046666666668,87.29832166666665 ,41.98342208862305,85.50854872385683 ,13507.0,10:12:48 AM,1572669768653
-2.105 ,1.486 ,2.732,23.554046666666668,87.29832166666665 ,41.98342208862305,85.50854872385683 ,13507.0,10:12:48 AM,1572669768654
-1.384 ,2.272 ,7.648,23.554046666666668,87.29832166666665 ,41.98342208862305,85.50854872385683 ,13507.0,10:12:48 AM,1572669768658
-3.344 ,4.631 ,12.184,23.554046666666668,87.29832166666665 ,41.98342208862305,85.50854872385683 ,13507.0,10:12:48 AM,1572669768658
-5.809 ,5.979 ,15.852,23.554046666666668,87.29832166666665 ,41.98342208862305,85.50854872385683 ,13507.0,10:12:48 AM,1572669768663
-4.948 ,5.073 ,18.843,23.554046666666668,87.29832166666665 ,41.98342208862305,85.50854872385683 ,13507.0,10:12:48 AM,1572669768664
-5.91 ,2.697 ,13.751,23.554046666666668,87.29832166666665 ,41.98342208862305,85.50854872385683 ,13507.0,10:12:48 AM,1572669768669
-4.119 ,0.385 ,11.649,23.554046666666668,87.29832166666665 ,41.98342208862305,85.50854872385683 ,13507.0,10:12:48 AM,1572669768670
-2.189 ,-1.006 ,12.29,23.554046666666668,87.29832166666665 ,41.98342208862305,85.50854872385683 ,13507.0,10:12:48 AM,1572669768673
-2.971 ,0.648 ,9.566,23.554046666666668,87.29832166666665 ,41.98342208862305,85.50854872385683 ,13507.0,10:12:48 AM,1572669768673
0.013 ,1.705 ,11.332,23.554046666666668,87.29832166666665 ,41.98342208862305,85.50854872385683 ,13507.0,10:12:48 AM,1572669768677
0.574 ,1.185 ,8.039,23.554046666666668,87.29832166666665 ,41.98342208862305,85.50854872385683 ,13507.0,10:12:48 AM,1572669768678
-0.334 ,1.349 ,5.801,23.554046666666668,87.29832166666665 ,41.98342208862305,85.50854872385683 ,13507.0,10:12:48 AM,1572669768682
0.092 ,3.662 ,13.192,23.554046666666668,87.29832166666665 ,41.98342208862305,85.50854872385683 ,13507.0,10:12:48 AM,1572669768684
-2.371 ,7.094 ,14.759,23.554046666666668,87.29832166666665 ,41.98342208862305,85.50854872385683 ,13507.0,10:12:48 AM,1572669768689
-3.515 ,6.062 ,12.442,23.554046666666668,87.29832166666665 ,41.98342208862305,85.50854872385683 ,13507.0,10:12:48 AM,1572669768690
-2.149 ,4.392 ,9.139,23.554046666666668,87.29832166666665 ,41.98342208862305,85.50854872385683 ,13507.0,10:12:48 AM,1572669768693
-3.418 ,2.499 ,4.033,23.554046666666668,87.29832166666665 ,41.98342208862305,85.50854872385683 ,13507.0,10:12:48 AM,1572669768693
-0.666 ,3.581 ,10.429,23.554046666666668,87.29832166666665 ,41.98342208862305,85.50854872385683 ,13507.0,10:12:48 AM,1572669768698
-0.321 ,6.039 ,12.456,23.554046666666668,87.29832166666665 ,41.98342208862305,85.50854872385683 ,13507.0,10:12:48 AM,1572669768699
0.868 ,6.094 ,9.233,23.554046666666668,87.29832166666665 ,41.98342208862305,85.50854872385683 ,13507.0,10:12:48 AM,1572669768702
2.393 ,1.766 ,2.855,23.554046666666668,87.29832166666665 ,41.98342208862305,85.50854872385683 ,13507.0,10:12:48 AM,1572669768703
1.718 ,-1.03 ,-3.35,23.554046666666668,87.29832166666665 ,41.98342208862305,85.50854872385683 ,13507.0,10:12:48 AM,1572669768709
2.138 ,0.976 ,0.924,23.554046666666668,87.29832166666665 ,41.98342208862305,85.50854872385683 ,13507.0,10:12:48 AM,1572669768709
0.935 ,6.318 ,9.147,23.554046666666668,87.29832166666665 ,41.98342208862305,85.50854872385683 ,13507.0,10:12:48 AM,1572669768712
-0.989 ,8.468 ,10.12,23.554046666666668,87.29832166666665 ,41.98342208862305,85.50854872385683 ,13507.0,10:12:48 AM,1572669768713
-2.641 ,5.718 ,8.579,23.554046666666668,87.29832166666665 ,41.98342208862305,85.50854872385683 ,13507.0,10:12:48 AM,1572669768717
-4.435 ,2.841 ,6.284,23.554046666666668,87.29832166666665 ,41.98342208862305,85.50854872385683 ,13507.0,10:12:48 AM,1572669768718
-3.739 ,3.496 ,11.109,23.554046666666668,87.29832166666665 ,41.98342208862305,85.50854872385683 ,13507.0,10:12:48 AM,1572669768722
-3.327 ,6.368 ,16.566,23.554046666666668,87.29832166666665 ,41.98342208862305,85.50854872385683 ,13507.0,10:12:48 AM,1572669768723
-2.04 ,6.118 ,15.595,23.554046666666668,87.29832166666665 ,41.98342208862305,85.50854872385683 ,13507.0,10:12:48 AM,1572669768729
1.011 ,1.626 ,12.324,23.554046666666668,87.29832166666665 ,41.98342208862305,85.50854872385683 ,13507.0,10:12:48 AM,1572669768729
2.135 ,-1.411 ,8.165,23.554046666666668,87.29832166666665 ,41.98342208862305,85.50854872385683 ,13507.0,10:12:48 AM,1572669768733
3.698 ,0.339 ,10.927,23.554046666666668,87.29832166666665 ,41.98342208862305,85.50854872385683 ,13507.0,10:12:48 AM,1572669768733
3.899 ,3.231 ,15.516,23.554046666666668,87.29832166666665 ,41.98342208862305,85.50854872385683 ,13507.0,10:12:48 AM,1572669768737
1.262 ,2.62 ,13.544,23.554046666666668,87.29832166666665 ,41.98342208862305,85.50854872385683 ,13507.0,10:12:48 AM,1572669768738
-1.607 ,-0.456 ,12.409,23.554046666666668,87.29832166666665 ,41.98342208862305,85.50854872385683 ,13507.0,10:12:48 AM,1572669768742
-5.321 ,-0.99 ,12.005,23.554046666666668,87.29832166666665 ,41.98342208862305,85.50854872385683 ,13507.0,10:12:48 AM,1572669768743
-6.627 ,1.385 ,13.622,23.554046666666668,87.29832166666665 ,41.98342208862305,85.50854872385683 ,13507.0,10:12:48 AM,1572669768749
-6.929 ,3.633 ,17.895,23.554046666666668,87.29832166666665 ,41.98342208862305,85.50854872385683 ,13507.0,10:12:48 AM,1572669768749
-7.09 ,5.657 ,17.813,23.554046666666668,87.29832166666665 ,41.98342208862305,85.50854872385683 ,13507.0,10:12:48 AM,1572669768753
-4.229 ,5.165 ,17.817,23.554046666666668,87.29832166666665 ,41.98342208862305,85.50854872385683 ,13507.0,10:12:48 AM,1572669768753
-1.886 ,4.391 ,12.476,23.554046666666668,87.29832166666665 ,41.98342208862305,85.50854872385683 ,13507.0,10:12:48 AM,1572669768757
0.288 ,3.187 ,7.014,23.554046666666668,87.29832166666665 ,41.98342208862305,85.50854872385683 ,13507.0,10:12:48 AM,1572669768758
4.694 ,1.537 ,8.467,23.554046666666668,87.29832166666665 ,41.98342208862305,85.50854872385683 ,13507.0,10:12:48 AM,1572669768762
3.649 ,1.577 ,2.836,23.554046666666668,87.29832166666665 ,41.98342208862305,85.50854872385683 ,13507.0,10:12:48 AM,1572669768763
5.515 ,1.796 ,7.497,23.554046666666668,87.29832166666665 ,41.98342208862305,85.50854872385683 ,13507.0,10:12:48 AM,1572669768769
2.657 ,2.802 ,2.803,23.554046666666668,87.29832166666665 ,41.98342208862305,85.50854872385683 ,13507.0,10:12:48 AM,1572669768770
-0.108 ,3.09 ,3.734,23.554046666666668,87.29832166666665 ,41.98342208862305,85.50854872385683 ,13507.0,10:12:48 AM,1572669768773
-1.636 ,4.213 ,6.56,23.554046666666668,87.29832166666665 ,41.98342208862305,85.50854872385683 ,13507.0,10:12:48 AM,1572669768774
-5.833 ,6.894 ,6.993,23.554046666666668,87.29832166666665 ,41.98342208862305,85.50854872385683 ,13507.0,10:12:48 AM,1572669768777
-6.25 ,9.182 ,9.104,23.554046666666668,87.29832166666665 ,41.98342208862305,85.50854872385683 ,13507.0,10:12:48 AM,1572669768778
-6.669 ,8.892 ,7.365,23.554046666666668,87.29832166666665 ,41.98342208862305,85.50854872385683 ,13507.0,10:12:48 AM,1572669768782
-6.101 ,7.221 ,3.062,23.554046666666668,87.29832166666665 ,41.98342208862305,85.50854872385683 ,13507.0,10:12:48 AM,1572669768783
-3.448 ,7.057 ,3.437,23.554046666666668,87.29832166666665 ,41.98342208862305,85.50854872385683 ,13507.0,10:12:48 AM,1572669768788
0.129 ,6.16 ,9.5,23.554046666666668,87.29832166666665 ,41.98342208862305,85.50854872385683 ,13507.0,10:12:48 AM,1572669768789
1.767 ,5.185 ,7.19,23.554046666666668,87.29832166666665 ,41.98342208862305,85.50854872385683 ,13557.0,10:12:48 AM,1572669768793
4.168 ,2.093 ,7.344,23.554046666666668,87.29832166666665 ,41.98342208862305,85.50854872385683 ,13557.0,10:12:48 AM,1572669768793
5.223 ,0.876 ,8.386,23.554046666666668,87.29832166666665 ,41.98342208862305,85.50854872385683 ,13557.0,10:12:48 AM,1572669768798
5.381 ,2.366 ,11.466,23.554046666666668,87.29832166666665 ,41.98342208862305,85.50854872385683 ,13557.0,10:12:48 AM,1572669768799
3.278 ,4.883 ,13.413,23.554046666666668,87.29832166666665 ,41.98342208862305,85.50854872385683 ,13557.0,10:12:48 AM,1572669768802
-1.266 ,5.484 ,10.073,23.554046666666668,87.29832166666665 ,41.98342208862305,85.50854872385683 ,13557.0,10:12:48 AM,1572669768803
-5.261 ,2.46 ,5.496,23.554046666666668,87.29832166666665 ,41.98342208862305,85.50854872385683 ,13557.0,10:12:48 AM,1572669768808
-8.951 ,0.375 ,3.244,23.554046666666668,87.29832166666665 ,41.98342208862305,85.50854872385683 ,13557.0,10:12:48 AM,1572669768809
-10.954 ,2.14 ,8.607,23.554046666666668,87.29832166666665 ,41.98342208862305,85.50854872385683 ,13557.0,10:12:48 AM,1572669768813
-10.213 ,6.199 ,19.118,23.554046666666668,87.29832166666665 ,41.98342208862305,85.50854872385683 ,13557.0,10:12:48 AM,1572669768814
-8.349 ,7.054 ,22.031,23.554046666666668,87.29832166666665 ,41.98342208862305,85.50854872385683 ,13557.0,10:12:48 AM,1572669768817
-5.555 ,3.967 ,18.861,23.554046666666668,87.29832166666665 ,41.98342208862305,85.50854872385683 ,13557.0,10:12:48 AM,1572669768818
-2.405 ,-0.118 ,18.182,23.554046666666668,87.29832166666665 ,41.98342208862305,85.50854872385683 ,13557.0,10:12:48 AM,1572669768822
1.548 ,-1.644 ,14.127,23.554046666666668,87.29832166666665 ,41.98342208862305,85.50854872385683 ,13557.0,10:12:48 AM,1572669768824
3.948 ,-2.546 ,9.745,23.554046666666668,87.29832166666665 ,41.98342208862305,85.50854872385683 ,13557.0,10:12:48 AM,1572669768829
5.446 ,-3.465 ,8.61,23.554046666666668,87.29832166666665 ,41.98342208862305,85.50854872385683 ,13557.0,10:12:48 AM,1572669768830
4.525 ,-3.943 ,2.781,23.554046666666668,87.29832166666665 ,41.98342208862305,85.50854872385683 ,13557.0,10:12:48 AM,1572669768833
3.657 ,-3.178 ,5.361,23.554046666666668,87.29832166666665 ,41.98342208862305,85.50854872385683 ,13557.0,10:12:48 AM,1572669768834
1.034 ,0.524 ,9.535,23.554046666666668,87.29832166666665 ,41.98342208862305,85.50854872385683 ,13557.0,10:12:48 AM,1572669768837
-3.065 ,2.765 ,14.148,23.554046666666668,87.29832166666665 ,41.98342208862305,85.50854872385683 ,13557.0,10:12:48 AM,1572669768838
-5.388 ,2.571 ,16.53,23.553954999999995,87.29826499999999 ,39.99330024719239,85.50854872385683 ,13557.0,10:12:48 AM,1572669768848
-10.286 ,0.058 ,9.063,23.553954999999995,87.29826499999999 ,39.99330024719239,85.50854872385683 ,13557.0,10:12:48 AM,1572669768849
-11.042 ,-3.155 ,8.234,23.553954999999995,87.29826499999999 ,39.99330024719239,85.50854872385683 ,13557.0,10:12:48 AM,1572669768850
-9.738 ,-3.903 ,6.663,23.553954999999995,87.29826499999999 ,39.99330024719239,85.50854872385683 ,13557.0,10:12:48 AM,1572669768850
-7.022 ,-3.895 ,6.098,23.553954999999995,87.29826499999999 ,39.99330024719239,85.50854872385683 ,13557.0,10:12:48 AM,1572669768853
-2.374 ,-1.37 ,16.864,23.553954999999995,87.29826499999999 ,39.99330024719239,85.50854872385683 ,13557.0,10:12:48 AM,1572669768854
0.863 ,2.358 ,23.494,23.553954999999995,87.29826499999999 ,39.99330024719239,85.50854872385683 ,13557.0,10:12:48 AM,1572669768857
5.359 ,2.814 ,23.276,23.553954999999995,87.29826499999999 ,39.99330024719239,85.50854872385683 ,13557.0,10:12:48 AM,1572669768858
7.196 ,0.523 ,13.363,23.553954999999995,87.29826499999999 ,39.99330024719239,85.50854872385683 ,13557.0,10:12:48 AM,1572669768862
