x,y,z,latitude,longitude,speed,sound,light,time,timestamp
-3.211 ,-0.9 ,15.202,23.568111666666663,87.29946 ,33.12978744506836,81.13418077210477 ,7546.0,10:10:08 AM,1572669608861
-4.143 ,-0.434 ,12.938,23.568111666666663,87.29946 ,33.12978744506836,81.13418077210477 ,7546.0,10:10:08 AM,1572669608864
-3.276 ,-0.215 ,12.819,23.568111666666663,87.29946 ,33.12978744506836,81.13418077210477 ,7546.0,10:10:08 AM,1572669608864
-5.064 ,-0.782 ,9.3,23.568111666666663,87.29946 ,33.12978744506836,81.13418077210477 ,7546.0,10:10:08 AM,1572669608870
-4.43 ,-0.841 ,9.626,23.568111666666663,87.29946 ,33.12978744506836,81.13418077210477 ,7546.0,10:10:08 AM,1572669608870
-2.489 ,0.066 ,10.751,23.568111666666663,87.29946 ,33.12978744506836,81.13418077210477 ,7546.0,10:10:08 AM,1572669608874
-2.56 ,0.276 ,13.179,23.568111666666663,87.29946 ,33.12978744506836,81.13418077210477 ,7546.0,10:10:08 AM,1572669608875
-0.856 ,0.731 ,17.119,23.568111666666663,87.29946 ,33.12978744506836,81.13418077210477 ,7546.0,10:10:08 AM,1572669608879
0.348 ,1.459 ,16.669,23.568111666666663,87.29946 ,33.12978744506836,81.13418077210477 ,7546.0,10:10:08 AM,1572669608880
1.266 ,2.108 ,12.279,23.568111666666663,87.29946 ,33.12978744506836,81.13418077210477 ,7546.0,10:10:08 AM,1572669608885
1.997 ,1.414 ,10.32,23.568111666666663,87.29946 ,33.12978744506836,81.13418077210477 ,7546.0,10:10:08 AM,1572669608886
0.798 ,1.273 ,5.256,23.568111666666663,87.29946 ,33.12978744506836,81.13418077210477 ,7546.0,10:10:08 AM,1572669608889
0.874 ,2.614 ,5.253,23.568111666666663,87.29946 ,33.12978744506836,81.13418077210477 ,7546.0,10:10:08 AM,1572669608890
-0.257 ,4.713 ,9.968,23.568111666666663,87.29946 ,33.12978744506836,81.13418077210477 ,7546.0,10:10:08 AM,1572669608895
-2.376 ,7.002 ,13.092,23.568111666666663,87.29946 ,33.12978744506836,81.13418077210477 ,7546.0,10:10:08 AM,1572669608896
-2.17 ,8.909 ,13.318,23.568111666666663,87.29946 ,33.12978744506836,81.13418077210477 ,7546.0,10:10:08 AM,1572669608899
-2.409 ,8.772 ,9.019,23.568111666666663,87.29946 ,33.12978744506836,81.13418077210477 ,7546.0,10:10:08 AM,1572669608899
-1.693 ,6.86 ,6.151,23.568111666666663,87.29946 ,33.12978744506836,81.13418077210477 ,7546.0,10:10:08 AM,1572669608905
-0.773 ,6.117 ,3.031,23.568111666666663,87.29946 ,33.12978744506836,81.13418077210477 ,7546.0,10:10:08 AM,1572669608906
0.683 ,7.212 ,1.816,23.568111666666663,87.29946 ,33.12978744506836,81.13418077210477 ,7546.0,10:10:08 AM,1572669608909
2.392 ,7.38 ,4.563,23.568111666666663,87.29946 ,33.12978744506836,81.13418077210477 ,7546.0,10:10:08 AM,1572669608910
1.843 ,6.372 ,6.929,23.568111666666663,87.29946 ,33.12978744506836,81.13418077210477 ,7546.0,10:10:08 AM,1572669608914
1.517 ,6.301 ,7.251,23.568111666666663,87.29946 ,33.12978744506836,81.13418077210477 ,7546.0,10:10:08 AM,1572669608915
1.908 ,5.728 ,6.102,23.568111666666663,87.29946 ,33.12978744506836,81.13418077210477 ,7546.0,10:10:08 AM,1572669608920
0.228 ,3.471 ,3.318,23.568111666666663,87.29946 ,33.12978744506836,81.13418077210477 ,7546.0,10:10:08 AM,1572669608921
-0.67 ,1.665 ,4.465,23.568111666666663,87.29946 ,33.12978744506836,81.13418077210477 ,7546.0,10:10:08 AM,1572669608924
-1.135 ,2.528 ,6.321,23.568111666666663,87.29946 ,33.12978744506836,81.13418077210477 ,7546.0,10:10:08 AM,1572669608924
-2.246 ,3.457 ,9.607,23.568111666666663,87.29946 ,33.12978744506836,81.13418077210477 ,7546.0,10:10:08 AM,1572669608929
-1.9 ,1.83 ,14.259,23.568111666666663,87.29946 ,33.12978744506836,81.13418077210477 ,7546.0,10:10:08 AM,1572669608930
-2.38 ,0.277 ,13.361,23.568111666666663,87.29946 ,33.12978744506836,81.13418077210477 ,7546.0,10:10:08 AM,1572669608936
-1.34 ,0.539 ,12.262,23.568111666666663,87.29946 ,33.12978744506836,81.13418077210477 ,7546.0,10:10:08 AM,1572669608937
0.366 ,0.719 ,14.427,23.568111666666663,87.29946 ,33.12978744506836,81.13418077210477 ,7546.0,10:10:08 AM,1572669608938
-1.364 ,0.053 ,11.541,23.568111666666663,87.29946 ,33.12978744506836,81.13418077210477 ,7546.0,10:10:08 AM,1572669608939
-0.374 ,-0.835 ,12.509,23.568111666666663,87.29946 ,33.12978744506836,81.13418077210477 ,7546.0,10:10:08 AM,1572669608944
-1.389 ,-1.096 ,8.624,23.568111666666663,87.29946 ,33.12978744506836,81.13418077210477 ,7546.0,10:10:08 AM,1572669608945
-1.855 ,-1.586 ,11.15,23.568111666666663,87.29946 ,33.12978744506836,81.13418077210477 ,7546.0,10:10:08 AM,1572669608948
-2.759 ,-1.085 ,15.31,23.568111666666663,87.29946 ,33.12978744506836,81.13418077210477 ,7546.0,10:10:08 AM,1572669608949
-4.676 ,0.323 ,16.45,23.568111666666663,87.29946 ,33.12978744506836,81.13418077210477 ,7546.0,10:10:08 AM,1572669608954
-3.889 ,0.901 ,17.793,23.568111666666663,87.29946 ,33.12978744506836,81.13418077210477 ,7546.0,10:10:08 AM,1572669608955
-4.605 ,-0.232 ,14.067,23.568111666666663,87.29946 ,33.12978744506836,81.13418077210477 ,7546.0,10:10:08 AM,1572669608959
-5.027 ,-0.935 ,10.702,23.568111666666663,87.29946 ,33.12978744506836,81.13418077210477 ,7546.0,10:10:08 AM,1572669608959
-2.84 ,0.521 ,10.111,23.568111666666663,87.29946 ,33.12978744506836,81.13418077210477 ,7546.0,10:10:08 AM,1572669608964
-2.689 ,1.171 ,10.563,23.568111666666663,87.29946 ,33.12978744506836,81.13418077210477 ,7546.0,10:10:08 AM,1572669608964
-0.721 ,2.102 ,14.792,23.568111666666663,87.29946 ,33.12978744506836,81.13418077210477 ,7546.0,10:10:08 AM,1572669608970
0.942 ,3.407 ,13.793,23.568111666666663,87.29946 ,33.12978744506836,81.13418077210477 ,7546.0,10:10:08 AM,1572669608970
2.255 ,4.928 ,9.432,23.568111666666663,87.29946 ,33.12978744506836,81.13418077210477 ,7546.0,10:10:08 AM,1572669608974
2.758 ,4.837 ,7.444,23.568111666666663,87.29946 ,33.12978744506836,81.13418077210477 ,7546.0,10:10:08 AM,1572669608976
2.181 ,4.206 ,5.004,23.568111666666663,87.29946 ,33.12978744506836,81.13418077210477 ,7546.0,10:10:08 AM,1572669608978
1.172 ,5.44 ,2.632,23.568111666666663,87.29946 ,33.12978744506836,81.13418077210477 ,7546.0,10:10:08 AM,1572669608979
0.638 ,6.648 ,3.856,23.568111666666663,87.29946 ,33.12978744506836,81.13418077210477 ,7546.0,10:10:08 AM,1572669608986
-1.062 ,6.966 ,7.985,23.568111666666663,87.29946 ,33.12978744506836,81.13418077210477 ,7546.0,10:10:08 AM,1572669608987
-3.145 ,7.925 ,9.577,23.568111666666663,87.29946 ,33.12978744506836,81.13418077210477 ,7546.0,10:10:08 AM,1572669608989
-2.583 ,8.894 ,10.488,23.568111666666663,87.29946 ,33.12978744506836,81.13418077210477 ,7546.0,10:10:08 AM,1572669608989
-2.039 ,8.217 ,7.229,23.568111666666663,87.29946 ,33.12978744506836,81.13418077210477 ,8859.0,10:10:08 AM,1572669608994
-1.686 ,5.82 ,3.547,23.568111666666663,87.29946 ,33.12978744506836,81.13418077210477 ,8859.0,10:10:08 AM,1572669608994
-0.61 ,5.227 ,2.094,23.568111666666663,87.29946 ,33.12978744506836,81.13418077210477 ,8859.0,10:10:08 AM,1572669608998
-0.54 ,6.44 ,1.359,23.568111666666663,87.29946 ,33.12978744506836,81.13418077210477 ,8859.0,10:10:08 AM,1572669608999
-0.081 ,6.077 ,5.057,23.568111666666663,87.29946 ,33.12978744506836,81.13418077210477 ,8859.0,10:10:09 AM,1572669609004
-1.271 ,5.294 ,7.026,23.568111666666663,87.29946 ,33.12978744506836,81.13418077210477 ,8859.0,10:10:09 AM,1572669609004
-1.878 ,5.15 ,8.924,23.568111666666663,87.29946 ,33.12978744506836,81.13418077210477 ,8859.0,10:10:09 AM,1572669609009
-1.062 ,5.511 ,9.869,23.568111666666663,87.29946 ,33.12978744506836,81.13418077210477 ,8859.0,10:10:09 AM,1572669609009
-2.81 ,4.547 ,8.741,23.568111666666663,87.29946 ,33.12978744506836,81.13418077210477 ,8859.0,10:10:09 AM,1572669609016
-1.912 ,3.361 ,9.452,23.568111666666663,87.29946 ,33.12978744506836,81.13418077210477 ,8859.0,10:10:09 AM,1572669609016
-1.863 ,3.296 ,6.584,23.568111666666663,87.29946 ,33.12978744506836,81.13418077210477 ,8859.0,10:10:09 AM,1572669609021
-0.933 ,2.882 ,9.156,23.568111666666663,87.29946 ,33.12978744506836,81.13418077210477 ,8859.0,10:10:09 AM,1572669609022
-0.77 ,2.798 ,12.16,23.568111666666663,87.29946 ,33.12978744506836,81.13418077210477 ,8859.0,10:10:09 AM,1572669609024
-1.378 ,3.252 ,12.661,23.568111666666663,87.29946 ,33.12978744506836,81.13418077210477 ,8859.0,10:10:09 AM,1572669609024
-0.014 ,3.166 ,12.321,23.568111666666663,87.29946 ,33.12978744506836,81.13418077210477 ,8859.0,10:10:09 AM,1572669609030
-0.216 ,1.218 ,9.078,23.568111666666663,87.29946 ,33.12978744506836,81.13418077210477 ,8859.0,10:10:09 AM,1572669609031
-0.873 ,-0.805 ,7.327,23.568111666666663,87.29946 ,33.12978744506836,81.13418077210477 ,8859.0,10:10:09 AM,1572669609038
-1.565 ,-0.809 ,7.76,23.568111666666663,87.29946 ,33.12978744506836,81.13418077210477 ,8859.0,10:10:09 AM,1572669609039
-2.062 ,0.332 ,10.445,23.568111666666663,87.29946 ,33.12978744506836,81.13418077210477 ,8859.0,10:10:09 AM,1572669609039
-3.078 ,0.773 ,12.595,23.568111666666663,87.29946 ,33.12978744506836,81.13418077210477 ,8859.0,10:10:09 AM,1572669609040
-3.968 ,0.513 ,15.006,23.568111666666663,87.29946 ,33.12978744506836,81.13418077210477 ,8859.0,10:10:09 AM,1572669609044
-4.004 ,1.613 ,13.678,23.568111666666663,87.29946 ,33.12978744506836,81.13418077210477 ,8859.0,10:10:09 AM,1572669609045
-3.773 ,2.749 ,12.452,23.568111666666663,87.29946 ,33.12978744506836,81.13418077210477 ,8859.0,10:10:09 AM,1572669609050
-3.513 ,2.458 ,11.699,23.568111666666663,87.29946 ,33.12978744506836,81.13418077210477 ,8859.0,10:10:09 AM,1572669609050
-2.705 ,1.404 ,7.427,23.568111666666663,87.29946 ,33.12978744506836,81.13418077210477 ,8859.0,10:10:09 AM,1572669609055
-0.023 ,1.458 ,5.386,23.568111666666663,87.29946 ,33.12978744506836,81.13418077210477 ,8859.0,10:10:09 AM,1572669609056
1.345 ,2.749 ,6.62,23.568111666666663,87.29946 ,33.12978744506836,81.13418077210477 ,8859.0,10:10:09 AM,1572669609059
2.356 ,4.705 ,13.209,23.568111666666663,87.29946 ,33.12978744506836,81.13418077210477 ,8859.0,10:10:09 AM,1572669609060
2.581 ,6.725 ,14.759,23.568111666666663,87.29946 ,33.12978744506836,81.13418077210477 ,8859.0,10:10:09 AM,1572669609064
1.939 ,7.316 ,10.852,23.568111666666663,87.29946 ,33.12978744506836,81.13418077210477 ,8859.0,10:10:09 AM,1572669609065
0.839 ,5.439 ,7.262,23.568111666666663,87.29946 ,33.12978744506836,81.13418077210477 ,8859.0,10:10:09 AM,1572669609069
-1.462 ,3.016 ,0.486,23.568111666666663,87.29946 ,33.12978744506836,81.13418077210477 ,8859.0,10:10:09 AM,1572669609070
-1.903 ,3.944 ,-0.307,23.568111666666663,87.29946 ,33.12978744506836,81.13418077210477 ,8859.0,10:10:09 AM,1572669609074
-2.409 ,7.328 ,3.131,23.568111666666663,87.29946 ,33.12978744506836,81.13418077210477 ,8859.0,10:10:09 AM,1572669609075
-3.0 ,9.043 ,9.138,23.568111666666663,87.29946 ,33.12978744506836,81.13418077210477 ,8859.0,10:10:09 AM,1572669609081
-3.03 ,8.894 ,12.116,23.568111666666663,87.29946 ,33.12978744506836,81.13418077210477 ,8859.0,10:10:09 AM,1572669609081
-2.583 ,7.931 ,8.508,23.568111666666663,87.29946 ,33.12978744506836,81.13418077210477 ,8859.0,10:10:09 AM,1572669609085
-1.271 ,6.15 ,6.783,23.568111666666663,87.29946 ,33.12978744506836,81.13418077210477 ,8859.0,10:10:09 AM,1572669609086
-1.222 ,4.2 ,3.667,23.568111666666663,87.29946 ,33.12978744506836,81.13418077210477 ,8859.0,10:10:09 AM,1572669609089
0.22 ,3.647 ,3.834,23.568111666666663,87.29946 ,33.12978744506836,81.13418077210477 ,8859.0,10:10:09 AM,1572669609089
1.906 ,5.322 ,4.351,23.568111666666663,87.29946 ,33.12978744506836,81.13418077210477 ,8859.0,10:10:09 AM,1572669609094
1.998 ,5.954 ,7.608,23.568111666666663,87.29946 ,33.12978744506836,81.13418077210477 ,8859.0,10:10:09 AM,1572669609095
1.734 ,5.858 ,11.909,23.568111666666663,87.29946 ,33.12978744506836,81.13418077210477 ,8859.0,10:10:09 AM,1572669609099
0.519 ,5.833 ,11.889,23.568111666666663,87.29946 ,33.12978744506836,81.13418077210477 ,8859.0,10:10:09 AM,1572669609100
-0.114 ,5.257 ,10.251,23.568111666666663,87.29946 ,33.12978744506836,81.13418077210477 ,8859.0,10:10:09 AM,1572669609104
-2.076 ,3.118 ,7.799,23.568111666666663,87.29946 ,33.12978744506836,81.13418077210477 ,8859.0,10:10:09 AM,1572669609104
-3.625 ,0.804 ,5.532,23.568111666666663,87.29946 ,33.12978744506836,81.13418077210477 ,8859.0,10:10:09 AM,1572669609109
