x,y,z,latitude,longitude,speed,sound,light,time,timestamp
-3.756 ,5.595 ,13.639,23.565826666666666,87.29885333333335 ,56.334907150268556,85.67240633443717 ,8647.0,10:10:39 AM,1572669639997
-5.582 ,4.258 ,15.583,23.565826666666666,87.29885333333335 ,56.334907150268556,85.67240633443717 ,8647.0,10:10:40 AM,1572669640001
-4.849 ,3.047 ,17.786,23.565826666666666,87.29885333333335 ,56.334907150268556,85.67240633443717 ,8647.0,10:10:40 AM,1572669640002
-4.753 ,3.234 ,15.057,23.565826666666666,87.29885333333335 ,56.334907150268556,85.67240633443717 ,8647.0,10:10:40 AM,1572669640007
-1.639 ,3.24 ,13.08,23.565826666666666,87.29885333333335 ,56.334907150268556,85.67240633443717 ,8647.0,10:10:40 AM,1572669640008
2.865 ,1.977 ,10.786,23.565826666666666,87.29885333333335 ,56.334907150268556,85.67240633443717 ,8647.0,10:10:40 AM,1572669640011
3.651 ,3.029 ,5.97,23.565826666666666,87.29885333333335 ,56.334907150268556,85.67240633443717 ,8647.0,10:10:40 AM,1572669640012
6.979 ,3.779 ,7.901,23.565826666666666,87.29885333333335 ,56.334907150268556,85.67240633443717 ,8647.0,10:10:40 AM,1572669640017
5.174 ,4.77 ,5.526,23.565826666666666,87.29885333333335 ,56.334907150268556,85.67240633443717 ,8647.0,10:10:40 AM,1572669640018
3.834 ,3.193 ,10.045,23.565826666666666,87.29885333333335 ,56.334907150268556,85.67240633443717 ,8647.0,10:10:40 AM,1572669640022
0.129 ,3.67 ,8.066,23.565826666666666,87.29885333333335 ,56.334907150268556,85.67240633443717 ,8647.0,10:10:40 AM,1572669640023
-0.968 ,3.562 ,11.369,23.565826666666666,87.29885333333335 ,56.334907150268556,85.67240633443717 ,8647.0,10:10:40 AM,1572669640027
-2.525 ,3.275 ,6.506,23.565826666666666,87.29885333333335 ,56.334907150268556,85.67240633443717 ,8647.0,10:10:40 AM,1572669640027
-1.897 ,1.63 ,8.83,23.565826666666666,87.29885333333335 ,56.334907150268556,85.67240633443717 ,8647.0,10:10:40 AM,1572669640032
-3.184 ,3.38 ,7.433,23.565826666666666,87.29885333333335 ,56.334907150268556,85.67240633443717 ,8647.0,10:10:40 AM,1572669640032
-0.729 ,5.619 ,12.648,23.565826666666666,87.29885333333335 ,56.334907150268556,85.67240633443717 ,8647.0,10:10:40 AM,1572669640039
-1.468 ,7.133 ,7.483,23.565826666666666,87.29885333333335 ,56.334907150268556,85.67240633443717 ,8647.0,10:10:40 AM,1572669640039
2.119 ,4.695 ,11.966,23.565826666666666,87.29885333333335 ,56.334907150268556,85.67240633443717 ,8647.0,10:10:40 AM,1572669640042
0.53 ,2.523 ,6.31,23.565826666666666,87.29885333333335 ,56.334907150268556,85.67240633443717 ,8647.0,10:10:40 AM,1572669640042
1.755 ,5.005 ,11.398,23.565826666666666,87.29885333333335 ,56.334907150268556,85.67240633443717 ,8647.0,10:10:40 AM,1572669640048
-0.885 ,7.025 ,6.211,23.565826666666666,87.29885333333335 ,56.334907150268556,85.67240633443717 ,8647.0,10:10:40 AM,1572669640048
3.048 ,7.498 ,10.749,23.565826666666666,87.29885333333335 ,56.334907150268556,85.67240633443717 ,8647.0,10:10:40 AM,1572669640051
-2.186 ,6.417 ,1.969,23.565826666666666,87.29885333333335 ,56.334907150268556,85.67240633443717 ,8647.0,10:10:40 AM,1572669640052
-0.999 ,6.168 ,5.984,23.565826666666666,87.29885333333335 ,56.334907150268556,85.67240633443717 ,8647.0,10:10:40 AM,1572669640057
-3.753 ,6.578 ,-0.261,23.565826666666666,87.29885333333335 ,56.334907150268556,85.67240633443717 ,8647.0,10:10:40 AM,1572669640058
-3.646 ,4.624 ,5.017,23.565826666666666,87.29885333333335 ,56.334907150268556,85.67240633443717 ,8647.0,10:10:40 AM,1572669640061
-3.953 ,3.791 ,2.212,23.565826666666666,87.29885333333335 ,56.334907150268556,85.67240633443717 ,8647.0,10:10:40 AM,1572669640062
-1.044 ,3.647 ,4.281,23.565826666666666,87.29885333333335 ,56.334907150268556,85.67240633443717 ,8647.0,10:10:40 AM,1572669640066
0.493 ,6.222 ,6.252,23.565826666666666,87.29885333333335 ,56.334907150268556,85.67240633443717 ,8647.0,10:10:40 AM,1572669640067
1.865 ,7.206 ,10.966,23.565826666666666,87.29885333333335 ,56.334907150268556,85.67240633443717 ,8647.0,10:10:40 AM,1572669640072
1.957 ,8.115 ,10.451,23.565826666666666,87.29885333333335 ,56.334907150268556,85.67240633443717 ,8647.0,10:10:40 AM,1572669640073
1.578 ,5.0 ,5.815,23.565826666666666,87.29885333333335 ,56.334907150268556,85.67240633443717 ,8647.0,10:10:40 AM,1572669640075
1.066 ,1.539 ,5.61,23.565826666666666,87.29885333333335 ,56.334907150268556,85.67240633443717 ,8647.0,10:10:40 AM,1572669640076
0.374 ,-0.198 ,7.537,23.565826666666666,87.29885333333335 ,56.334907150268556,85.67240633443717 ,8647.0,10:10:40 AM,1572669640080
-0.994 ,1.078 ,10.545,23.565826666666666,87.29885333333335 ,56.334907150268556,85.67240633443717 ,8647.0,10:10:40 AM,1572669640081
-0.612 ,2.346 ,20.992,23.565826666666666,87.29885333333335 ,56.334907150268556,85.67240633443717 ,8647.0,10:10:40 AM,1572669640088
-3.595 ,3.629 ,16.704,23.565826666666666,87.29885333333335 ,56.334907150268556,85.67240633443717 ,8647.0,10:10:40 AM,1572669640089
-1.365 ,2.594 ,21.764,23.565826666666666,87.29885333333335 ,56.334907150268556,85.67240633443717 ,8647.0,10:10:40 AM,1572669640090
-3.684 ,2.241 ,15.997,23.565826666666666,87.29885333333335 ,56.334907150268556,85.67240633443717 ,8647.0,10:10:40 AM,1572669640091
-4.556 ,1.98 ,12.132,23.565826666666666,87.29885333333335 ,56.334907150268556,85.67240633443717 ,8647.0,10:10:40 AM,1572669640095
-2.11 ,3.002 ,9.017,23.565826666666666,87.29885333333335 ,56.334907150268556,85.67240633443717 ,8647.0,10:10:40 AM,1572669640096
-2.649 ,1.235 ,5.279,23.565826666666666,87.29885333333335 ,56.334907150268556,85.67240633443717 ,8647.0,10:10:40 AM,1572669640101
0.731 ,-0.387 ,4.79,23.565826666666666,87.29885333333335 ,56.334907150268556,85.67240633443717 ,8647.0,10:10:40 AM,1572669640102
2.437 ,0.547 ,3.211,23.565826666666666,87.29885333333335 ,56.334907150268556,85.67240633443717 ,8647.0,10:10:40 AM,1572669640106
4.994 ,2.679 ,8.993,23.565826666666666,87.29885333333335 ,56.334907150268556,85.67240633443717 ,8647.0,10:10:40 AM,1572669640106
3.524 ,5.148 ,10.955,23.565826666666666,87.29885333333335 ,56.334907150268556,85.67240633443717 ,8647.0,10:10:40 AM,1572669640111
2.386 ,6.551 ,12.481,23.565826666666666,87.29885333333335 ,56.334907150268556,85.67240633443717 ,8647.0,10:10:40 AM,1572669640112
-0.166 ,6.651 ,6.063,23.565826666666666,87.29885333333335 ,56.334907150268556,85.67240633443717 ,8647.0,10:10:40 AM,1572669640115
-1.001 ,4.614 ,9.09,23.565826666666666,87.29885333333335 ,56.334907150268556,85.67240633443717 ,8647.0,10:10:40 AM,1572669640116
-4.078 ,5.087 ,3.938,23.565826666666666,87.29885333333335 ,56.334907150268556,85.67240633443717 ,8647.0,10:10:40 AM,1572669640121
-2.748 ,7.537 ,6.686,23.565826666666666,87.29885333333335 ,56.334907150268556,85.67240633443717 ,8647.0,10:10:40 AM,1572669640122
-1.907 ,9.414 ,7.023,23.565826666666666,87.29885333333335 ,56.334907150268556,85.67240633443717 ,8647.0,10:10:40 AM,1572669640125
1.347 ,7.182 ,10.096,23.565826666666666,87.29885333333335 ,56.334907150268556,85.67240633443717 ,8647.0,10:10:40 AM,1572669640126
1.92 ,7.251 ,8.233,23.565826666666666,87.29885333333335 ,56.334907150268556,85.67240633443717 ,8647.0,10:10:40 AM,1572669640134
2.966 ,7.108 ,11.738,23.565826666666666,87.29885333333335 ,56.334907150268556,85.67240633443717 ,8647.0,10:10:40 AM,1572669640135
1.089 ,6.384 ,10.064,23.565826666666666,87.29885333333335 ,56.334907150268556,85.67240633443717 ,8647.0,10:10:40 AM,1572669640136
-0.701 ,3.235 ,9.922,23.565826666666666,87.29885333333335 ,56.334907150268556,85.67240633443717 ,8647.0,10:10:40 AM,1572669640136
-2.103 ,2.681 ,7.932,23.565826666666666,87.29885333333335 ,56.334907150268556,85.67240633443717 ,8647.0,10:10:40 AM,1572669640142
-1.825 ,3.535 ,10.3,23.565826666666666,87.29885333333335 ,56.334907150268556,85.67240633443717 ,8647.0,10:10:40 AM,1572669640143
-4.134 ,5.324 ,5.346,23.565826666666666,87.29885333333335 ,56.334907150268556,85.67240633443717 ,8647.0,10:10:40 AM,1572669640145
-1.705 ,5.603 ,12.461,23.565826666666666,87.29885333333335 ,56.334907150268556,85.67240633443717 ,8647.0,10:10:40 AM,1572669640146
-4.004 ,6.294 ,8.131,23.565826666666666,87.29885333333335 ,56.334907150268556,85.67240633443717 ,8647.0,10:10:40 AM,1572669640151
-2.726 ,5.007 ,9.347,23.565826666666666,87.29885333333335 ,56.334907150268556,85.67240633443717 ,8647.0,10:10:40 AM,1572669640152
-3.261 ,3.724 ,6.221,23.565826666666666,87.29885333333335 ,56.334907150268556,85.67240633443717 ,8647.0,10:10:40 AM,1572669640156
-1.845 ,1.549 ,9.555,23.565826666666666,87.29885333333335 ,56.334907150268556,85.67240633443717 ,8647.0,10:10:40 AM,1572669640156
-1.017 ,2.797 ,10.29,23.565826666666666,87.29885333333335 ,56.334907150268556,85.67240633443717 ,8647.0,10:10:40 AM,1572669640160
-1.127 ,3.611 ,9.819,23.565826666666666,87.29885333333335 ,56.334907150268556,85.67240633443717 ,8647.0,10:10:40 AM,1572669640161
0.85 ,3.278 ,8.824,23.565826666666666,87.29885333333335 ,56.334907150268556,85.67240633443717 ,8647.0,10:10:40 AM,1572669640165
0.75 ,1.06 ,8.93,23.565826666666666,87.29885333333335 ,56.334907150268556,85.67240633443717 ,8647.0,10:10:40 AM,1572669640166
-2.565 ,2.865 ,7.435,23.565826666666666,87.29885333333335 ,56.334907150268556,85.67240633443717 ,8647.0,10:10:40 AM,1572669640171
-3.202 ,6.877 ,9.986,23.565826666666666,87.29885333333335 ,56.334907150268556,85.67240633443717 ,8647.0,10:10:40 AM,1572669640172
-2.602 ,6.458 ,14.14,23.565826666666666,87.29885333333335 ,56.334907150268556,85.67240633443717 ,8647.0,10:10:40 AM,1572669640176
-3.645 ,4.289 ,7.581,23.565826666666666,87.29885333333335 ,56.334907150268556,85.67240633443717 ,8647.0,10:10:40 AM,1572669640177
-1.933 ,3.332 ,6.489,23.565826666666666,87.29885333333335 ,56.334907150268556,85.67240633443717 ,8647.0,10:10:40 AM,1572669640181
2.0 ,4.763 ,5.503,23.565826666666666,87.29885333333335 ,56.334907150268556,85.67240633443717 ,8647.0,10:10:40 AM,1572669640182
3.635 ,3.986 ,5.225,23.565826666666666,87.29885333333335 ,56.334907150268556,85.67240633443717 ,8647.0,10:10:40 AM,1572669640188
4.248 ,4.93 ,5.817,23.565826666666666,87.29885333333335 ,56.334907150268556,85.67240633443717 ,8647.0,10:10:40 AM,1572669640189
5.344 ,6.454 ,7.087,23.565826666666666,87.29885333333335 ,56.334907150268556,85.67240633443717 ,8647.0,10:10:40 AM,1572669640191
3.118 ,6.62 ,3.604,23.565826666666666,87.29885333333335 ,56.334907150268556,85.67240633443717 ,8647.0,10:10:40 AM,1572669640192
2.543 ,4.52 ,5.225,23.565826666666666,87.29885333333335 ,56.334907150268556,85.67240633443717 ,7384.0,10:10:40 AM,1572669640195
-0.725 ,4.422 ,-0.054,23.565826666666666,87.29885333333335 ,56.334907150268556,85.67240633443717 ,7384.0,10:10:40 AM,1572669640196
0.706 ,5.822 ,6.22,23.565826666666666,87.29885333333335 ,56.334907150268556,85.67240633443717 ,7384.0,10:10:40 AM,1572669640200
-1.693 ,7.439 ,3.713,23.565826666666666,87.29885333333335 ,56.334907150268556,85.67240633443717 ,7384.0,10:10:40 AM,1572669640200
-1.437 ,8.19 ,10.824,23.565826666666666,87.29885333333335 ,56.334907150268556,85.67240633443717 ,7384.0,10:10:40 AM,1572669640206
-2.201 ,9.325 ,10.132,23.565826666666666,87.29885333333335 ,56.334907150268556,85.67240633443717 ,7384.0,10:10:40 AM,1572669640206
-2.54 ,8.403 ,14.606,23.565826666666666,87.29885333333335 ,56.334907150268556,85.67240633443717 ,7384.0,10:10:40 AM,1572669640211
-4.098 ,7.757 ,11.853,23.565826666666666,87.29885333333335 ,56.334907150268556,85.67240633443717 ,7384.0,10:10:40 AM,1572669640212
-1.806 ,7.216 ,11.332,23.565826666666666,87.29885333333335 ,56.334907150268556,85.67240633443717 ,7384.0,10:10:40 AM,1572669640215
1.007 ,5.549 ,6.511,23.565826666666666,87.29885333333335 ,56.334907150268556,85.67240633443717 ,7384.0,10:10:40 AM,1572669640215
2.288 ,4.304 ,-0.263,23.565826666666666,87.29885333333335 ,56.334907150268556,85.67240633443717 ,7384.0,10:10:40 AM,1572669640221
6.68 ,4.058 ,3.674,23.565826666666666,87.29885333333335 ,56.334907150268556,85.67240633443717 ,7384.0,10:10:40 AM,1572669640222
5.535 ,7.151 ,8.763,23.565826666666666,87.29885333333335 ,56.334907150268556,85.67240633443717 ,7384.0,10:10:40 AM,1572669640226
4.331 ,8.175 ,14.356,23.565826666666666,87.29885333333335 ,56.334907150268556,85.67240633443717 ,7384.0,10:10:40 AM,1572669640226
2.395 ,6.573 ,12.017,23.565826666666666,87.29885333333335 ,56.334907150268556,85.67240633443717 ,7384.0,10:10:40 AM,1572669640231
-0.807 ,1.404 ,11.533,23.565826666666666,87.29885333333335 ,56.334907150268556,85.67240633443717 ,7384.0,10:10:40 AM,1572669640232
-2.555 ,0.1 ,9.838,23.565826666666666,87.29885333333335 ,56.334907150268556,85.67240633443717 ,7384.0,10:10:40 AM,1572669640238
-4.273 ,1.532 ,10.835,23.565826666666666,87.29885333333335 ,56.334907150268556,85.67240633443717 ,7384.0,10:10:40 AM,1572669640239
-4.676 ,4.913 ,10.731,23.565826666666666,87.29885333333335 ,56.334907150268556,85.67240633443717 ,7384.0,10:10:40 AM,1572669640240
-3.255 ,3.531 ,15.485,23.565826666666666,87.29885333333335 ,56.334907150268556,85.67240633443717 ,7384.0,10:10:40 AM,1572669640240
-5.893 ,2.697 ,8.644,23.565826666666666,87.29885333333335 ,56.334907150268556,85.67240633443717 ,7384.0,10:10:40 AM,1572669640246
