x,y,z,latitude,longitude,speed,sound,light,time,timestamp
1.157 ,8.197 ,11.103,23.563956666666666,87.298855 ,41.062479400634764,84.56377695851339 ,11581.0,10:10:57 AM,1572669657189
-2.304 ,8.014 ,6.231,23.563956666666666,87.298855 ,41.062479400634764,84.56377695851339 ,11581.0,10:10:57 AM,1572669657190
-3.623 ,5.675 ,4.677,23.563956666666666,87.298855 ,41.062479400634764,84.56377695851339 ,10191.0,10:10:57 AM,1572669657196
-4.542 ,6.776 ,5.984,23.563956666666666,87.298855 ,41.062479400634764,84.56377695851339 ,10191.0,10:10:57 AM,1572669657196
-6.131 ,8.442 ,7.065,23.563956666666666,87.298855 ,41.062479400634764,84.56377695851339 ,10191.0,10:10:57 AM,1572669657199
-2.537 ,9.703 ,10.507,23.563956666666666,87.298855 ,41.062479400634764,84.56377695851339 ,10191.0,10:10:57 AM,1572669657200
-2.747 ,8.065 ,2.892,23.563956666666666,87.298855 ,41.062479400634764,84.56377695851339 ,10191.0,10:10:57 AM,1572669657205
0.804 ,4.203 ,3.242,23.563956666666666,87.298855 ,41.062479400634764,84.56377695851339 ,10191.0,10:10:57 AM,1572669657205
-0.099 ,3.354 ,-1.217,23.563956666666666,87.298855 ,41.062479400634764,84.56377695851339 ,10191.0,10:10:57 AM,1572669657210
1.657 ,3.525 ,2.862,23.563956666666666,87.298855 ,41.062479400634764,84.56377695851339 ,10191.0,10:10:57 AM,1572669657211
1.306 ,6.629 ,7.73,23.563956666666666,87.298855 ,41.062479400634764,84.56377695851339 ,10191.0,10:10:57 AM,1572669657215
-0.599 ,8.265 ,8.634,23.563956666666666,87.298855 ,41.062479400634764,84.56377695851339 ,10191.0,10:10:57 AM,1572669657216
0.941 ,8.327 ,17.079,23.563956666666666,87.298855 ,41.062479400634764,84.56377695851339 ,10191.0,10:10:57 AM,1572669657219
-2.537 ,7.74 ,13.0,23.563956666666666,87.298855 ,41.062479400634764,84.56377695851339 ,10191.0,10:10:57 AM,1572669657219
-1.326 ,7.257 ,12.273,23.563956666666666,87.298855 ,41.062479400634764,84.56377695851339 ,10191.0,10:10:57 AM,1572669657225
-0.344 ,7.184 ,8.284,23.563956666666666,87.298855 ,41.062479400634764,84.56377695851339 ,10191.0,10:10:57 AM,1572669657226
-0.225 ,5.157 ,4.754,23.563956666666666,87.298855 ,41.062479400634764,84.56377695851339 ,10191.0,10:10:57 AM,1572669657229
1.208 ,6.529 ,7.178,23.563956666666666,87.298855 ,41.062479400634764,84.56377695851339 ,10191.0,10:10:57 AM,1572669657229
0.078 ,7.72 ,4.525,23.563956666666666,87.298855 ,41.062479400634764,84.56377695851339 ,10191.0,10:10:57 AM,1572669657234
0.455 ,7.047 ,3.33,23.563956666666666,87.298855 ,41.062479400634764,84.56377695851339 ,10191.0,10:10:57 AM,1572669657235
-1.891 ,5.185 ,-0.283,23.563956666666666,87.298855 ,41.062479400634764,84.56377695851339 ,10191.0,10:10:57 AM,1572669657239
-2.427 ,3.341 ,3.307,23.563956666666666,87.298855 ,41.062479400634764,84.56377695851339 ,10191.0,10:10:57 AM,1572669657240
-3.947 ,5.958 ,7.688,23.563956666666666,87.298855 ,41.062479400634764,84.56377695851339 ,10191.0,10:10:57 AM,1572669657248
-3.927 ,7.507 ,10.183,23.563956666666666,87.298855 ,41.062479400634764,84.56377695851339 ,10191.0,10:10:57 AM,1572669657248
-2.441 ,6.425 ,9.258,23.563956666666666,87.298855 ,41.062479400634764,84.56377695851339 ,10191.0,10:10:57 AM,1572669657249
-3.087 ,2.96 ,6.299,23.563956666666666,87.298855 ,41.062479400634764,84.56377695851339 ,10191.0,10:10:57 AM,1572669657249
-0.859 ,1.968 ,9.318,23.563956666666666,87.298855 ,41.062479400634764,85.45459542926304 ,10191.0,10:10:57 AM,1572669657254
-1.572 ,4.187 ,6.624,23.563956666666666,87.298855 ,41.062479400634764,85.45459542926304 ,10191.0,10:10:57 AM,1572669657254
0.207 ,4.35 ,9.663,23.563956666666666,87.298855 ,41.062479400634764,85.45459542926304 ,10191.0,10:10:57 AM,1572669657260
0.286 ,4.346 ,9.044,23.563956666666666,87.298855 ,41.062479400634764,85.45459542926304 ,10191.0,10:10:57 AM,1572669657260
0.184 ,2.45 ,14.257,23.563956666666666,87.298855 ,41.062479400634764,85.45459542926304 ,10191.0,10:10:57 AM,1572669657265
0.64 ,4.891 ,17.745,23.563956666666666,87.298855 ,41.062479400634764,85.45459542926304 ,10191.0,10:10:57 AM,1572669657265
-1.144 ,5.196 ,16.0,23.563956666666666,87.298855 ,41.062479400634764,85.45459542926304 ,10191.0,10:10:57 AM,1572669657269
1.44 ,2.25 ,15.82,23.563956666666666,87.298855 ,41.062479400634764,85.45459542926304 ,10191.0,10:10:57 AM,1572669657269
-0.807 ,-1.34 ,6.385,23.563956666666666,87.298855 ,41.062479400634764,85.45459542926304 ,10191.0,10:10:57 AM,1572669657276
1.501 ,-1.399 ,13.071,23.563956666666666,87.298855 ,41.062479400634764,85.45459542926304 ,10191.0,10:10:57 AM,1572669657277
-0.854 ,3.843 ,13.251,23.563956666666666,87.298855 ,41.062479400634764,85.45459542926304 ,10191.0,10:10:57 AM,1572669657279
-0.344 ,5.256 ,14.865,23.563956666666666,87.298855 ,41.062479400634764,85.45459542926304 ,10191.0,10:10:57 AM,1572669657280
-1.013 ,4.31 ,13.11,23.563956666666666,87.298855 ,41.062479400634764,85.45459542926304 ,10191.0,10:10:57 AM,1572669657285
-3.157 ,2.213 ,8.576,23.563956666666666,87.298855 ,41.062479400634764,85.45459542926304 ,10191.0,10:10:57 AM,1572669657285
-1.515 ,3.579 ,13.227,23.563956666666666,87.298855 ,41.062479400634764,85.45459542926304 ,10191.0,10:10:57 AM,1572669657289
-3.026 ,6.155 ,8.88,23.563956666666666,87.298855 ,41.062479400634764,85.45459542926304 ,10191.0,10:10:57 AM,1572669657290
-0.516 ,4.998 ,10.994,23.563956666666666,87.298855 ,41.062479400634764,85.45459542926304 ,10191.0,10:10:57 AM,1572669657294
-0.694 ,3.634 ,4.993,23.563956666666666,87.298855 ,41.062479400634764,85.45459542926304 ,10191.0,10:10:57 AM,1572669657295
0.925 ,2.5 ,2.813,23.563956666666666,87.298855 ,41.062479400634764,85.45459542926304 ,10191.0,10:10:57 AM,1572669657300
1.424 ,4.814 ,4.248,23.563956666666666,87.298855 ,41.062479400634764,85.45459542926304 ,10191.0,10:10:57 AM,1572669657300
-0.294 ,6.093 ,2.848,23.563956666666666,87.298855 ,41.062479400634764,85.45459542926304 ,10191.0,10:10:57 AM,1572669657304
-0.077 ,8.281 ,4.466,23.563956666666666,87.298855 ,41.062479400634764,85.45459542926304 ,10191.0,10:10:57 AM,1572669657305
-1.183 ,9.961 ,5.632,23.563956666666666,87.298855 ,41.062479400634764,85.45459542926304 ,10191.0,10:10:57 AM,1572669657310
-1.712 ,11.031 ,7.727,23.563956666666666,87.298855 ,41.062479400634764,85.45459542926304 ,10191.0,10:10:57 AM,1572669657310
-3.561 ,11.813 ,4.951,23.563956666666666,87.298855 ,41.062479400634764,85.45459542926304 ,10191.0,10:10:57 AM,1572669657314
-1.218 ,9.953 ,6.908,23.563956666666666,87.298855 ,41.062479400634764,85.45459542926304 ,10191.0,10:10:57 AM,1572669657315
-1.095 ,8.435 ,0.076,23.563956666666666,87.298855 ,41.062479400634764,85.45459542926304 ,10191.0,10:10:57 AM,1572669657319
1.159 ,5.683 ,-1.652,23.563956666666666,87.298855 ,41.062479400634764,85.45459542926304 ,10191.0,10:10:57 AM,1572669657319
3.201 ,5.594 ,0.377,23.563956666666666,87.298855 ,41.062479400634764,85.45459542926304 ,10191.0,10:10:57 AM,1572669657327
0.856 ,6.641 ,2.097,23.563956666666666,87.298855 ,41.062479400634764,85.45459542926304 ,10191.0,10:10:57 AM,1572669657328
0.784 ,8.565 ,8.283,23.563956666666666,87.298855 ,41.062479400634764,85.45459542926304 ,10191.0,10:10:57 AM,1572669657329
-2.134 ,8.409 ,6.105,23.563956666666666,87.298855 ,41.062479400634764,85.45459542926304 ,10191.0,10:10:57 AM,1572669657330
-2.306 ,6.047 ,9.724,23.563956666666666,87.298855 ,41.062479400634764,85.45459542926304 ,10191.0,10:10:57 AM,1572669657334
-3.825 ,6.719 ,13.486,23.563956666666666,87.298855 ,41.062479400634764,85.45459542926304 ,10191.0,10:10:57 AM,1572669657334
-4.584 ,9.343 ,16.544,23.563956666666666,87.298855 ,41.062479400634764,85.45459542926304 ,10191.0,10:10:57 AM,1572669657340
-1.114 ,10.569 ,17.213,23.563956666666666,87.298855 ,41.062479400634764,85.45459542926304 ,10191.0,10:10:57 AM,1572669657341
-1.635 ,6.282 ,5.742,23.563956666666666,87.298855 ,41.062479400634764,85.45459542926304 ,10191.0,10:10:57 AM,1572669657345
3.091 ,0.841 ,5.612,23.563956666666666,87.298855 ,41.062479400634764,85.45459542926304 ,10191.0,10:10:57 AM,1572669657346
0.215 ,0.969 ,0.486,23.563956666666666,87.298855 ,41.062479400634764,85.45459542926304 ,10191.0,10:10:57 AM,1572669657349
1.896 ,3.107 ,6.249,23.563956666666666,87.298855 ,41.062479400634764,85.45459542926304 ,10191.0,10:10:57 AM,1572669657350
-0.105 ,5.693 ,7.553,23.563956666666666,87.298855 ,41.062479400634764,85.45459542926304 ,10191.0,10:10:57 AM,1572669657354
-1.947 ,3.323 ,11.055,23.563956666666666,87.298855 ,41.062479400634764,85.45459542926304 ,10191.0,10:10:57 AM,1572669657355
-2.73 ,3.213 ,16.172,23.563956666666666,87.298855 ,41.062479400634764,85.45459542926304 ,10191.0,10:10:57 AM,1572669657359
-5.938 ,4.371 ,14.029,23.563956666666666,87.298855 ,41.062479400634764,85.45459542926304 ,10191.0,10:10:57 AM,1572669657360
-3.473 ,4.116 ,14.649,23.563956666666666,87.298855 ,41.062479400634764,85.45459542926304 ,10191.0,10:10:57 AM,1572669657365
-3.525 ,2.936 ,6.197,23.563956666666666,87.298855 ,41.062479400634764,85.45459542926304 ,10191.0,10:10:57 AM,1572669657365
-0.983 ,-0.089 ,8.346,23.563956666666666,87.298855 ,41.062479400634764,85.45459542926304 ,10191.0,10:10:57 AM,1572669657369
0.661 ,3.507 ,7.978,23.563956666666666,87.298855 ,41.062479400634764,85.45459542926304 ,10191.0,10:10:57 AM,1572669657370
0.87 ,5.522 ,10.274,23.563956666666666,87.298855 ,41.062479400634764,85.45459542926304 ,10191.0,10:10:57 AM,1572669657377
2.432 ,5.816 ,10.901,23.563956666666666,87.298855 ,41.062479400634764,85.45459542926304 ,10191.0,10:10:57 AM,1572669657377
0.066 ,2.891 ,4.691,23.563956666666666,87.298855 ,41.062479400634764,85.45459542926304 ,10191.0,10:10:57 AM,1572669657378
1.871 ,2.571 ,13.043,23.563956666666666,87.298855 ,41.062479400634764,85.45459542926304 ,10191.0,10:10:57 AM,1572669657379
-2.283 ,6.071 ,9.047,23.563956666666666,87.298855 ,41.062479400634764,85.45459542926304 ,10191.0,10:10:57 AM,1572669657384
0.05 ,7.359 ,14.515,23.563956666666666,87.298855 ,41.062479400634764,85.45459542926304 ,10191.0,10:10:57 AM,1572669657385
-1.182 ,6.365 ,6.592,23.563956666666666,87.298855 ,41.062479400634764,85.45459542926304 ,10191.0,10:10:57 AM,1572669657388
-0.6 ,3.399 ,5.637,23.563956666666666,87.298855 ,41.062479400634764,85.45459542926304 ,10191.0,10:10:57 AM,1572669657389
0.626 ,6.239 ,4.673,23.563956666666666,87.298855 ,41.062479400634764,85.45459542926304 ,8086.0,10:10:57 AM,1572669657394
0.012 ,8.352 ,3.925,23.563956666666666,87.298855 ,41.062479400634764,85.45459542926304 ,8086.0,10:10:57 AM,1572669657395
1.655 ,8.76 ,7.371,23.563956666666666,87.298855 ,41.062479400634764,85.45459542926304 ,8086.0,10:10:57 AM,1572669657400
-1.567 ,7.497 ,2.508,23.563956666666666,87.298855 ,41.062479400634764,85.45459542926304 ,8086.0,10:10:57 AM,1572669657401
0.017 ,6.21 ,6.319,23.563956666666666,87.298855 ,41.062479400634764,85.45459542926304 ,8086.0,10:10:57 AM,1572669657404
-1.874 ,6.948 ,6.1,23.563956666666666,87.298855 ,41.062479400634764,85.45459542926304 ,8086.0,10:10:57 AM,1572669657405
-2.459 ,6.153 ,7.895,23.563956666666666,87.298855 ,41.062479400634764,85.45459542926304 ,8086.0,10:10:57 AM,1572669657410
-1.548 ,6.045 ,8.589,23.563956666666666,87.298855 ,41.062479400634764,85.45459542926304 ,8086.0,10:10:57 AM,1572669657410
-1.918 ,4.722 ,5.985,23.563956666666666,87.298855 ,41.062479400634764,85.45459542926304 ,8086.0,10:10:57 AM,1572669657414
-0.169 ,4.936 ,9.256,23.563956666666666,87.298855 ,41.062479400634764,85.45459542926304 ,8086.0,10:10:57 AM,1572669657415
-1.704 ,5.929 ,7.372,23.563956666666666,87.298855 ,41.062479400634764,85.45459542926304 ,8086.0,10:10:57 AM,1572669657419
0.086 ,5.879 ,10.809,23.563956666666666,87.298855 ,41.062479400634764,85.45459542926304 ,8086.0,10:10:57 AM,1572669657420
-1.726 ,7.34 ,8.993,23.563956666666666,87.298855 ,41.062479400634764,85.45459542926304 ,8086.0,10:10:57 AM,1572669657425
-0.051 ,6.049 ,13.087,23.563956666666666,87.298855 ,41.062479400634764,85.45459542926304 ,8086.0,10:10:57 AM,1572669657426
-1.241 ,6.58 ,14.241,23.563956666666666,87.298855 ,41.062479400634764,85.45459542926304 ,8086.0,10:10:57 AM,1572669657429
-2.416 ,5.51 ,15.746,23.563956666666666,87.298855 ,41.062479400634764,85.45459542926304 ,8086.0,10:10:57 AM,1572669657429
0.14 ,4.161 ,14.223,23.563956666666666,87.298855 ,41.062479400634764,85.45459542926304 ,8086.0,10:10:57 AM,1572669657433
-1.131 ,1.618 ,7.284,23.563956666666666,87.298855 ,41.062479400634764,85.45459542926304 ,8086.0,10:10:57 AM,1572669657434
