x,y,z,latitude,longitude,speed,sound,light,time,timestamp
0.219 ,4.321 ,9.57,23.562836666666666,87.29883333333333 ,7.941958236694336,87.44894854697668 ,9202.0,10:11:12 AM,1572669672389
-0.868 ,7.429 ,11.878,23.562836666666666,87.29883333333333 ,7.941958236694336,87.44894854697668 ,9824.0,10:11:12 AM,1572669672393
-2.105 ,8.033 ,13.003,23.562836666666666,87.29883333333333 ,7.941958236694336,87.44894854697668 ,9824.0,10:11:12 AM,1572669672393
-2.53 ,5.619 ,13.092,23.562836666666666,87.29883333333333 ,7.941958236694336,87.44894854697668 ,9824.0,10:11:12 AM,1572669672397
-2.641 ,3.35 ,10.779,23.562836666666666,87.29883333333333 ,7.941958236694336,87.44894854697668 ,9824.0,10:11:12 AM,1572669672398
-2.36 ,2.634 ,7.92,23.562836666666666,87.29883333333333 ,7.941958236694336,87.44894854697668 ,9824.0,10:11:12 AM,1572669672404
-1.301 ,2.739 ,9.515,23.562836666666666,87.29883333333333 ,7.941958236694336,87.44894854697668 ,9824.0,10:11:12 AM,1572669672404
-0.618 ,3.804 ,10.135,23.562836666666666,87.29883333333333 ,7.941958236694336,87.44894854697668 ,9824.0,10:11:12 AM,1572669672407
0.255 ,4.403 ,12.548,23.562836666666666,87.29883333333333 ,7.941958236694336,87.44894854697668 ,9824.0,10:11:12 AM,1572669672408
0.117 ,4.344 ,14.416,23.562836666666666,87.29883333333333 ,7.941958236694336,87.44894854697668 ,9824.0,10:11:12 AM,1572669672412
-0.387 ,3.761 ,13.363,23.562836666666666,87.29883333333333 ,7.941958236694336,87.44894854697668 ,9824.0,10:11:12 AM,1572669672413
-0.239 ,2.613 ,11.037,23.562836666666666,87.29883333333333 ,7.941958236694336,87.44894854697668 ,9824.0,10:11:12 AM,1572669672419
-0.391 ,3.15 ,8.798,23.562836666666666,87.29883333333333 ,7.941958236694336,87.44894854697668 ,9824.0,10:11:12 AM,1572669672420
-0.406 ,4.757 ,8.088,23.562836666666666,87.29883333333333 ,7.941958236694336,87.44894854697668 ,9824.0,10:11:12 AM,1572669672422
-0.485 ,5.622 ,11.326,23.562836666666666,87.29883333333333 ,7.941958236694336,87.44894854697668 ,9824.0,10:11:12 AM,1572669672423
-1.394 ,5.415 ,11.337,23.562836666666666,87.29883333333333 ,7.941958236694336,87.44894854697668 ,9824.0,10:11:12 AM,1572669672429
-1.085 ,4.298 ,8.0,23.562836666666666,87.29883333333333 ,7.941958236694336,87.44894854697668 ,9824.0,10:11:12 AM,1572669672430
-0.266 ,2.782 ,6.832,23.562836666666666,87.29883333333333 ,7.941958236694336,87.44894854697668 ,9824.0,10:11:12 AM,1572669672432
-0.46 ,3.931 ,7.42,23.562836666666666,87.29883333333333 ,7.941958236694336,87.44894854697668 ,9824.0,10:11:12 AM,1572669672432
0.127 ,6.987 ,8.177,23.562836666666666,87.29883333333333 ,7.941958236694336,87.44894854697668 ,9824.0,10:11:12 AM,1572669672438
0.731 ,8.351 ,8.041,23.562836666666666,87.29883333333333 ,7.941958236694336,87.44894854697668 ,9824.0,10:11:12 AM,1572669672438
0.433 ,7.397 ,6.451,23.562836666666666,87.29883333333333 ,7.941958236694336,87.44894854697668 ,9824.0,10:11:12 AM,1572669672442
-0.416 ,5.73 ,2.678,23.562836666666666,87.29883333333333 ,7.941958236694336,87.44894854697668 ,9824.0,10:11:12 AM,1572669672443
0.261 ,5.73 ,2.928,23.562836666666666,87.29883333333333 ,7.941958236694336,87.44894854697668 ,9824.0,10:11:12 AM,1572669672447
0.092 ,8.751 ,4.397,23.562836666666666,87.29883333333333 ,7.941958236694336,87.44894854697668 ,9824.0,10:11:12 AM,1572669672448
-0.454 ,10.53 ,6.074,23.562836666666666,87.29883333333333 ,7.941958236694336,87.44894854697668 ,9824.0,10:11:12 AM,1572669672453
0.018 ,9.78 ,8.947,23.562836666666666,87.29883333333333 ,7.941958236694336,87.44894854697668 ,9824.0,10:11:12 AM,1572669672454
-0.166 ,8.007 ,6.23,23.562836666666666,87.29883333333333 ,7.941958236694336,87.44894854697668 ,9824.0,10:11:12 AM,1572669672458
-0.115 ,6.378 ,3.098,23.562836666666666,87.29883333333333 ,7.941958236694336,87.44894854697668 ,9824.0,10:11:12 AM,1572669672458
1.709 ,5.849 ,5.751,23.562836666666666,87.29883333333333 ,7.941958236694336,87.44894854697668 ,9824.0,10:11:12 AM,1572669672462
0.859 ,7.562 ,4.011,23.562836666666666,87.29883333333333 ,7.941958236694336,87.44894854697668 ,9824.0,10:11:12 AM,1572669672463
1.596 ,8.795 ,6.7,23.562836666666666,87.29883333333333 ,7.941958236694336,87.44894854697668 ,9824.0,10:11:12 AM,1572669672470
1.72 ,7.592 ,8.382,23.562836666666666,87.29883333333333 ,7.941958236694336,87.44894854697668 ,9824.0,10:11:12 AM,1572669672470
0.568 ,5.352 ,6.141,23.562836666666666,87.29883333333333 ,7.941958236694336,87.44894854697668 ,9824.0,10:11:12 AM,1572669672472
0.167 ,3.59 ,7.077,23.562836666666666,87.29883333333333 ,7.941958236694336,87.44894854697668 ,9824.0,10:11:12 AM,1572669672473
-0.264 ,5.133 ,9.256,23.562836666666666,87.29883333333333 ,7.941958236694336,87.44894854697668 ,9824.0,10:11:12 AM,1572669672477
-0.781 ,6.95 ,10.817,23.562836666666666,87.29883333333333 ,7.941958236694336,87.44894854697668 ,9824.0,10:11:12 AM,1572669672478
-0.203 ,6.266 ,14.437,23.562836666666666,87.29883333333333 ,7.941958236694336,87.44894854697668 ,9824.0,10:11:12 AM,1572669672482
-0.88 ,4.695 ,13.465,23.562836666666666,87.29883333333333 ,7.941958236694336,87.44894854697668 ,9824.0,10:11:12 AM,1572669672482
-0.718 ,3.445 ,9.995,23.562836666666666,87.29883333333333 ,7.941958236694336,87.44894854697668 ,9824.0,10:11:12 AM,1572669672488
1.174 ,3.438 ,9.144,23.562836666666666,87.29883333333333 ,7.941958236694336,87.44894854697668 ,9824.0,10:11:12 AM,1572669672488
1.839 ,4.533 ,7.609,23.562836666666666,87.29883333333333 ,7.941958236694336,87.44894854697668 ,9824.0,10:11:12 AM,1572669672492
2.326 ,5.837 ,7.149,23.562836666666666,87.29883333333333 ,7.941958236694336,87.44894854697668 ,9824.0,10:11:12 AM,1572669672493
3.408 ,6.257 ,10.159,23.562836666666666,87.29883333333333 ,7.941958236694336,87.44894854697668 ,9824.0,10:11:12 AM,1572669672497
1.812 ,6.487 ,7.811,23.562836666666666,87.29883333333333 ,7.941958236694336,87.44894854697668 ,9824.0,10:11:12 AM,1572669672497
0.925 ,5.061 ,6.728,23.562836666666666,87.29883333333333 ,7.941958236694336,87.44894854697668 ,9824.0,10:11:12 AM,1572669672503
-0.246 ,3.647 ,4.175,23.562836666666666,87.29883333333333 ,7.941958236694336,87.44894854697668 ,9824.0,10:11:12 AM,1572669672503
-0.899 ,4.456 ,4.944,23.562836666666666,87.29883333333333 ,7.941958236694336,87.44894854697668 ,9824.0,10:11:12 AM,1572669672508
-0.907 ,5.577 ,7.73,23.562836666666666,87.29883333333333 ,7.941958236694336,87.44894854697668 ,9824.0,10:11:12 AM,1572669672509
-1.334 ,6.487 ,10.014,23.562836666666666,87.29883333333333 ,7.941958236694336,87.44894854697668 ,9824.0,10:11:12 AM,1572669672512
-0.795 ,6.318 ,9.488,23.562836666666666,87.29883333333333 ,7.941958236694336,87.44894854697668 ,9824.0,10:11:12 AM,1572669672513
0.306 ,4.273 ,7.818,23.562836666666666,87.29883333333333 ,7.941958236694336,87.44894854697668 ,9824.0,10:11:12 AM,1572669672520
0.637 ,3.312 ,6.486,23.562836666666666,87.29883333333333 ,7.941958236694336,87.44894854697668 ,9824.0,10:11:12 AM,1572669672520
1.381 ,5.111 ,7.513,23.562836666666666,87.29883333333333 ,7.941958236694336,87.44894854697668 ,9824.0,10:11:12 AM,1572669672522
1.932 ,6.657 ,10.275,23.562836666666666,87.29883333333333 ,7.941958236694336,87.44894854697668 ,9824.0,10:11:12 AM,1572669672523
1.539 ,6.897 ,13.505,23.562836666666666,87.29883333333333 ,7.941958236694336,87.44894854697668 ,9824.0,10:11:12 AM,1572669672528
0.767 ,5.625 ,12.615,23.562836666666666,87.29883333333333 ,7.941958236694336,87.44894854697668 ,9824.0,10:11:12 AM,1572669672528
0.743 ,3.909 ,11.036,23.562836666666666,87.29883333333333 ,7.941958236694336,87.44894854697668 ,9824.0,10:11:12 AM,1572669672532
0.538 ,3.954 ,9.28,23.562836666666666,87.29883333333333 ,7.941958236694336,87.44894854697668 ,9824.0,10:11:12 AM,1572669672533
0.255 ,4.778 ,9.673,23.562836666666666,87.29883333333333 ,7.941958236694336,87.44894854697668 ,9824.0,10:11:12 AM,1572669672538
-0.31 ,6.387 ,13.621,23.562836666666666,87.29883333333333 ,7.941958236694336,87.44894854697668 ,9824.0,10:11:12 AM,1572669672539
-0.937 ,6.344 ,13.839,23.562836666666666,87.29883333333333 ,7.941958236694336,87.44894854697668 ,9824.0,10:11:12 AM,1572669672543
-0.674 ,4.845 ,6.367,23.562836666666666,87.29883333333333 ,7.941958236694336,87.44894854697668 ,9824.0,10:11:12 AM,1572669672544
-0.726 ,2.284 ,4.87,23.562836666666666,87.29883333333333 ,7.941958236694336,87.44894854697668 ,9824.0,10:11:12 AM,1572669672548
-0.252 ,3.555 ,5.906,23.562836666666666,87.29883333333333 ,7.941958236694336,87.44894854697668 ,9824.0,10:11:12 AM,1572669672548
1.538 ,6.399 ,10.488,23.562836666666666,87.29883333333333 ,7.941958236694336,87.44894854697668 ,9824.0,10:11:12 AM,1572669672554
2.945 ,8.229 ,13.674,23.562836666666666,87.29883333333333 ,7.941958236694336,87.44894854697668 ,9824.0,10:11:12 AM,1572669672554
2.74 ,8.153 ,11.648,23.562836666666666,87.29883333333333 ,7.941958236694336,87.44894854697668 ,9824.0,10:11:12 AM,1572669672558
3.539 ,6.828 ,9.537,23.562836666666666,87.29883333333333 ,7.941958236694336,87.44894854697668 ,9824.0,10:11:12 AM,1572669672558
3.852 ,6.702 ,6.068,23.562836666666666,87.29883333333333 ,7.941958236694336,87.44894854697668 ,9824.0,10:11:12 AM,1572669672563
1.778 ,7.948 ,3.735,23.562836666666666,87.29883333333333 ,7.941958236694336,87.44894854697668 ,9824.0,10:11:12 AM,1572669672564
0.742 ,8.901 ,8.297,23.562836666666666,87.29883333333333 ,7.941958236694336,87.44894854697668 ,9824.0,10:11:12 AM,1572669672570
-1.202 ,8.103 ,8.424,23.562836666666666,87.29883333333333 ,7.941958236694336,87.44894854697668 ,9824.0,10:11:12 AM,1572669672570
-2.162 ,6.82 ,4.876,23.562836666666666,87.29883333333333 ,7.941958236694336,87.44894854697668 ,9824.0,10:11:12 AM,1572669672573
-1.126 ,5.333 ,6.17,23.562836666666666,87.29883333333333 ,7.941958236694336,87.44894854697668 ,9824.0,10:11:12 AM,1572669672573
-0.255 ,5.804 ,7.951,23.562836666666666,87.29883333333333 ,7.941958236694336,87.44894854697668 ,9824.0,10:11:12 AM,1572669672577
-0.434 ,7.698 ,6.388,23.562836666666666,87.29883333333333 ,7.941958236694336,87.44894854697668 ,9824.0,10:11:12 AM,1572669672578
1.718 ,8.232 ,11.195,23.562836666666666,87.29883333333333 ,7.941958236694336,87.44894854697668 ,9824.0,10:11:12 AM,1572669672582
1.24 ,6.951 ,7.614,23.562836666666666,87.29883333333333 ,7.941958236694336,87.44894854697668 ,9824.0,10:11:12 AM,1572669672582
0.133 ,4.929 ,4.766,23.562836666666666,87.29883333333333 ,7.941958236694336,87.44894854697668 ,9824.0,10:11:12 AM,1572669672588
-0.838 ,4.383 ,4.951,23.562836666666666,87.29883333333333 ,7.941958236694336,87.44894854697668 ,9824.0,10:11:12 AM,1572669672588
-1.749 ,6.326 ,7.327,23.562836666666666,87.29883333333333 ,7.941958236694336,87.44894854697668 ,9824.0,10:11:12 AM,1572669672593
-2.488 ,7.697 ,11.774,23.562836666666666,87.29883333333333 ,7.941958236694336,87.44894854697668 ,9824.0,10:11:12 AM,1572669672593
-1.954 ,7.528 ,17.239,23.562836666666666,87.29883333333333 ,7.941958236694336,87.44894854697668 ,10280.0,10:11:12 AM,1572669672597
-1.567 ,6.199 ,18.084,23.562836666666666,87.29883333333333 ,7.941958236694336,87.44894854697668 ,10280.0,10:11:12 AM,1572669672597
0.367 ,5.08 ,12.646,23.562836666666666,87.29883333333333 ,7.941958236694336,87.44894854697668 ,10280.0,10:11:12 AM,1572669672603
3.633 ,3.636 ,11.926,23.562836666666666,87.29883333333333 ,7.941958236694336,87.44894854697668 ,10280.0,10:11:12 AM,1572669672603
4.025 ,3.667 ,7.42,23.562836666666666,87.29883333333333 ,7.941958236694336,87.44894854697668 ,10280.0,10:11:12 AM,1572669672608
4.95 ,4.336 ,6.999,23.562836666666666,87.29883333333333 ,7.941958236694336,87.44894854697668 ,10280.0,10:11:12 AM,1572669672608
5.698 ,4.052 ,11.636,23.562836666666666,87.29883333333333 ,7.941958236694336,85.98851711502638 ,10280.0,10:11:12 AM,1572669672612
3.33 ,4.35 ,11.157,23.562836666666666,87.29883333333333 ,7.941958236694336,85.98851711502638 ,10280.0,10:11:12 AM,1572669672612
0.237 ,3.243 ,12.189,23.562836666666666,87.29883333333333 ,7.941958236694336,85.98851711502638 ,10280.0,10:11:12 AM,1572669672619
-2.899 ,3.949 ,8.318,23.562836666666666,87.29883333333333 ,7.941958236694336,85.98851711502638 ,10280.0,10:11:12 AM,1572669672619
-4.011 ,5.529 ,10.864,23.562836666666666,87.29883333333333 ,7.941958236694336,85.98851711502638 ,10280.0,10:11:12 AM,1572669672624
-5.124 ,8.292 ,15.051,23.562836666666666,87.29883333333333 ,7.941958236694336,85.98851711502638 ,10280.0,10:11:12 AM,1572669672625
-4.88 ,9.379 ,19.137,23.562836666666666,87.29883333333333 ,7.941958236694336,85.98851711502638 ,10280.0,10:11:12 AM,1572669672627
-3.188 ,6.578 ,20.334,23.562836666666666,87.29883333333333 ,7.941958236694336,85.98851711502638 ,10280.0,10:11:12 AM,1572669672628
-3.412 ,1.09 ,16.97,23.562836666666666,87.29883333333333 ,7.941958236694336,85.98851711502638 ,10280.0,10:11:12 AM,1572669672632
-2.53 ,-4.895 ,14.295,23.562836666666666,87.29883333333333 ,7.941958236694336,85.98851711502638 ,10280.0,10:11:12 AM,1572669672632
0.2 ,-6.201 ,13.129,23.562836666666666,87.29883333333333 ,7.941958236694336,85.98851711502638 ,10280.0,10:11:12 AM,1572669672638
