x,y,z,latitude,longitude,speed,sound,light,time,timestamp
-4.585 ,5.419 ,7.835,23.573031666666665,87.30264333333335 ,0.0,80.3276419554887 ,11572.0,10:08:25 AM,1572669505476
-1.46 ,6.288 ,8.58,23.573031666666665,87.30264333333335 ,0.0,80.3276419554887 ,11572.0,10:08:25 AM,1572669505481
0.404 ,5.955 ,8.157,23.573031666666665,87.30264333333335 ,0.0,80.3276419554887 ,11572.0,10:08:25 AM,1572669505481
1.794 ,4.306 ,8.064,23.573031666666665,87.30264333333335 ,0.0,80.3276419554887 ,11572.0,10:08:25 AM,1572669505485
1.469 ,2.589 ,5.173,23.573031666666665,87.30264333333335 ,0.0,80.3276419554887 ,11572.0,10:08:25 AM,1572669505486
1.625 ,1.539 ,5.306,23.573031666666665,87.30264333333335 ,0.0,80.3276419554887 ,11572.0,10:08:25 AM,1572669505491
1.432 ,2.173 ,5.613,23.573031666666665,87.30264333333335 ,0.0,80.3276419554887 ,11572.0,10:08:25 AM,1572669505492
-0.108 ,4.576 ,7.282,23.573031666666665,87.30264333333335 ,0.0,80.3276419554887 ,11572.0,10:08:25 AM,1572669505496
-1.03 ,7.567 ,11.441,23.573031666666665,87.30264333333335 ,0.0,80.3276419554887 ,11572.0,10:08:25 AM,1572669505497
-2.585 ,8.545 ,11.983,23.573031666666665,87.30264333333335 ,0.0,80.3276419554887 ,11572.0,10:08:25 AM,1572669505500
-4.157 ,7.079 ,8.648,23.573031666666665,87.30264333333335 ,0.0,80.3276419554887 ,11572.0,10:08:25 AM,1572669505500
-3.738 ,4.951 ,6.864,23.573031666666665,87.30264333333335 ,0.0,80.3276419554887 ,11572.0,10:08:25 AM,1572669505508
-2.338 ,4.793 ,7.1,23.573031666666665,87.30264333333335 ,0.0,80.3276419554887 ,11572.0,10:08:25 AM,1572669505508
-0.322 ,6.663 ,8.175,23.573031666666665,87.30264333333335 ,0.0,80.3276419554887 ,11572.0,10:08:25 AM,1572669505511
2.076 ,8.071 ,8.994,23.573031666666665,87.30264333333335 ,0.0,80.3276419554887 ,11572.0,10:08:25 AM,1572669505511
3.304 ,6.828 ,6.669,23.573031666666665,87.30264333333335 ,0.0,80.3276419554887 ,11572.0,10:08:25 AM,1572669505516
3.195 ,4.163 ,4.308,23.573031666666665,87.30264333333335 ,0.0,80.3276419554887 ,11572.0,10:08:25 AM,1572669505516
1.315 ,2.616 ,3.794,23.573031666666665,87.30264333333335 ,0.0,80.3276419554887 ,11572.0,10:08:25 AM,1572669505525
-0.604 ,3.027 ,8.368,23.573031666666665,87.30264333333335 ,0.0,80.3276419554887 ,11572.0,10:08:25 AM,1572669505525
-3.348 ,4.52 ,11.772,23.573031666666665,87.30264333333335 ,0.0,80.3276419554887 ,11572.0,10:08:25 AM,1572669505526
-5.093 ,5.2 ,13.759,23.573031666666665,87.30264333333335 ,0.0,80.3276419554887 ,11572.0,10:08:25 AM,1572669505527
-5.433 ,5.089 ,12.172,23.573031666666665,87.30264333333335 ,0.0,80.3276419554887 ,11572.0,10:08:25 AM,1572669505530
-4.638 ,4.798 ,7.969,23.573031666666665,87.30264333333335 ,0.0,80.3276419554887 ,11572.0,10:08:25 AM,1572669505531
-2.544 ,5.055 ,5.592,23.573031666666665,87.30264333333335 ,0.0,80.3276419554887 ,11572.0,10:08:25 AM,1572669505535
-0.042 ,5.51 ,7.385,23.573031666666665,87.30264333333335 ,0.0,80.3276419554887 ,11572.0,10:08:25 AM,1572669505536
1.222 ,6.516 ,9.305,23.573031666666665,87.30264333333335 ,0.0,80.3276419554887 ,11572.0,10:08:25 AM,1572669505541
1.906 ,6.811 ,11.318,23.573031666666665,87.30264333333335 ,0.0,80.3276419554887 ,11572.0,10:08:25 AM,1572669505541
2.236 ,5.415 ,9.285,23.573031666666665,87.30264333333335 ,0.0,80.3276419554887 ,11572.0,10:08:25 AM,1572669505546
2.067 ,3.745 ,6.584,23.573031666666665,87.30264333333335 ,0.0,80.3276419554887 ,11572.0,10:08:25 AM,1572669505546
1.496 ,3.841 ,5.307,23.573031666666665,87.30264333333335 ,0.0,80.3276419554887 ,11572.0,10:08:25 AM,1572669505551
1.174 ,5.763 ,9.078,23.573031666666665,87.30264333333335 ,0.0,80.3276419554887 ,11572.0,10:08:25 AM,1572669505552
-0.078 ,7.719 ,11.069,23.573031666666665,87.30264333333335 ,0.0,80.3276419554887 ,11572.0,10:08:25 AM,1572669505557
-1.19 ,6.92 ,11.071,23.573031666666665,87.30264333333335 ,0.0,80.3276419554887 ,11572.0,10:08:25 AM,1572669505558
-1.976 ,4.382 ,8.121,23.573031666666665,87.30264333333335 ,0.0,80.3276419554887 ,11572.0,10:08:25 AM,1572669505561
-2.095 ,2.335 ,5.45,23.573031666666665,87.30264333333335 ,0.0,80.3276419554887 ,11572.0,10:08:25 AM,1572669505562
-1.072 ,2.728 ,5.413,23.573031666666665,87.30264333333335 ,0.0,80.3276419554887 ,11572.0,10:08:25 AM,1572669505566
-0.149 ,4.808 ,7.852,23.573031666666665,87.30264333333335 ,0.0,80.3276419554887 ,11572.0,10:08:25 AM,1572669505567
0.856 ,6.362 ,10.045,23.573031666666665,87.30264333333335 ,0.0,79.18394018952455 ,11572.0,10:08:25 AM,1572669505572
0.928 ,5.991 ,10.229,23.573031666666665,87.30264333333335 ,0.0,79.18394018952455 ,11572.0,10:08:25 AM,1572669505573
-0.221 ,4.849 ,8.921,23.573031666666665,87.30264333333335 ,0.0,79.18394018952455 ,11572.0,10:08:25 AM,1572669505576
-1.181 ,4.207 ,8.971,23.573031666666665,87.30264333333335 ,0.0,79.18394018952455 ,11572.0,10:08:25 AM,1572669505576
-2.281 ,4.207 ,8.171,23.573031666666665,87.30264333333335 ,0.0,79.18394018952455 ,11572.0,10:08:25 AM,1572669505579
-2.753 ,4.68 ,8.199,23.573031666666665,87.30264333333335 ,0.0,79.18394018952455 ,11572.0,10:08:25 AM,1572669505580
-3.239 ,5.139 ,8.059,23.573031666666665,87.30264333333335 ,0.0,79.18394018952455 ,11572.0,10:08:25 AM,1572669505585
-3.66 ,5.127 ,7.544,23.573031666666665,87.30264333333335 ,0.0,79.18394018952455 ,11572.0,10:08:25 AM,1572669505585
-3.611 ,4.382 ,6.895,23.573031666666665,87.30264333333335 ,0.0,79.18394018952455 ,11572.0,10:08:25 AM,1572669505590
-3.915 ,3.262 ,5.9,23.573031666666665,87.30264333333335 ,0.0,79.18394018952455 ,11572.0,10:08:25 AM,1572669505591
-3.613 ,2.676 ,6.88,23.573031666666665,87.30264333333335 ,0.0,79.18394018952455 ,11350.0,10:08:25 AM,1572669505594
-3.176 ,3.051 ,8.701,23.573031666666665,87.30264333333335 ,0.0,79.18394018952455 ,11350.0,10:08:25 AM,1572669505595
-2.65 ,3.456 ,9.082,23.573031666666665,87.30264333333335 ,0.0,79.18394018952455 ,11350.0,10:08:25 AM,1572669505600
-1.843 ,3.386 ,8.316,23.573031666666665,87.30264333333335 ,0.0,79.18394018952455 ,11350.0,10:08:25 AM,1572669505601
-1.069 ,2.955 ,6.304,23.573031666666665,87.30264333333335 ,0.0,79.18394018952455 ,11350.0,10:08:25 AM,1572669505605
-0.455 ,2.954 ,5.405,23.573031666666665,87.30264333333335 ,0.0,79.18394018952455 ,11350.0,10:08:25 AM,1572669505606
-0.29 ,3.706 ,6.703,23.573031666666665,87.30264333333335 ,0.0,79.18394018952455 ,11350.0,10:08:25 AM,1572669505610
-0.623 ,4.655 ,9.664,23.573031666666665,87.30264333333335 ,0.0,79.18394018952455 ,11350.0,10:08:25 AM,1572669505611
-1.529 ,4.962 ,11.334,23.573031666666665,87.30264333333335 ,0.0,79.18394018952455 ,11350.0,10:08:25 AM,1572669505617
-2.003 ,4.109 ,11.278,23.573031666666665,87.30264333333335 ,0.0,79.18394018952455 ,11350.0,10:08:25 AM,1572669505617
-2.07 ,2.992 ,9.507,23.573031666666665,87.30264333333335 ,0.0,79.18394018952455 ,11350.0,10:08:25 AM,1572669505621
-1.717 ,2.547 ,8.854,23.573031666666665,87.30264333333335 ,0.0,79.18394018952455 ,11350.0,10:08:25 AM,1572669505621
-0.859 ,3.472 ,11.098,23.573031666666665,87.30264333333335 ,0.0,79.18394018952455 ,11350.0,10:08:25 AM,1572669505625
-0.532 ,4.523 ,13.368,23.573031666666665,87.30264333333335 ,0.0,79.18394018952455 ,11350.0,10:08:25 AM,1572669505625
-0.368 ,4.132 ,13.038,23.573031666666665,87.30264333333335 ,0.0,79.18394018952455 ,11350.0,10:08:25 AM,1572669505631
0.082 ,2.302 ,11.027,23.573031666666665,87.30264333333335 ,0.0,79.18394018952455 ,11350.0,10:08:25 AM,1572669505631
0.165 ,1.07 ,8.01,23.573031666666665,87.30264333333335 ,0.0,79.18394018952455 ,11350.0,10:08:25 AM,1572669505635
0.762 ,2.03 ,8.556,23.573031666666665,87.30264333333335 ,0.0,79.18394018952455 ,11350.0,10:08:25 AM,1572669505635
1.054 ,4.66 ,10.707,23.573031666666665,87.30264333333335 ,0.0,79.18394018952455 ,11350.0,10:08:25 AM,1572669505640
0.651 ,6.222 ,12.033,23.573031666666665,87.30264333333335 ,0.0,79.18394018952455 ,11350.0,10:08:25 AM,1572669505640
-0.176 ,5.998 ,11.569,23.573031666666665,87.30264333333335 ,0.0,79.18394018952455 ,11350.0,10:08:25 AM,1572669505645
-1.426 ,4.814 ,10.234,23.573031666666665,87.30264333333335 ,0.0,79.18394018952455 ,11350.0,10:08:25 AM,1572669505645
-2.365 ,4.417 ,9.093,23.573031666666665,87.30264333333335 ,0.0,79.18394018952455 ,11350.0,10:08:25 AM,1572669505649
-2.841 ,5.055 ,8.816,23.573031666666665,87.30264333333335 ,0.0,79.18394018952455 ,11350.0,10:08:25 AM,1572669505650
-2.692 ,6.079 ,8.772,23.573031666666665,87.30264333333335 ,0.0,79.18394018952455 ,11350.0,10:08:25 AM,1572669505656
-1.843 ,6.766 ,7.711,23.573031666666665,87.30264333333335 ,0.0,79.18394018952455 ,11350.0,10:08:25 AM,1572669505657
-1.383 ,6.551 ,4.958,23.573031666666665,87.30264333333335 ,0.0,79.18394018952455 ,11350.0,10:08:25 AM,1572669505659
-0.665 ,5.842 ,3.734,23.573031666666665,87.30264333333335 ,0.0,79.18394018952455 ,11350.0,10:08:25 AM,1572669505660
-0.163 ,5.303 ,4.111,23.573031666666665,87.30264333333335 ,0.0,79.18394018952455 ,11350.0,10:08:25 AM,1572669505665
0.1 ,5.632 ,6.098,23.573031666666665,87.30264333333335 ,0.0,79.18394018952455 ,11350.0,10:08:25 AM,1572669505665
0.084 ,6.506 ,8.32,23.573031666666665,87.30264333333335 ,0.0,79.18394018952455 ,11350.0,10:08:25 AM,1572669505673
0.457 ,6.933 ,9.643,23.573031666666665,87.30264333333335 ,0.0,79.18394018952455 ,11350.0,10:08:25 AM,1572669505673
0.79 ,6.669 ,7.767,23.573031666666665,87.30264333333335 ,0.0,79.18394018952455 ,11350.0,10:08:25 AM,1572669505674
1.036 ,6.288 ,5.873,23.573031666666665,87.30264333333335 ,0.0,79.18394018952455 ,11350.0,10:08:25 AM,1572669505674
1.239 ,6.773 ,6.094,23.573031666666665,87.30264333333335 ,0.0,79.18394018952455 ,11350.0,10:08:25 AM,1572669505680
0.849 ,7.509 ,7.332,23.573031666666665,87.30264333333335 ,0.0,79.18394018952455 ,11350.0,10:08:25 AM,1572669505681
0.102 ,7.739 ,8.765,23.573031666666665,87.30264333333335 ,0.0,79.18394018952455 ,11350.0,10:08:25 AM,1572669505684
-0.665 ,6.887 ,8.94,23.573031666666665,87.30264333333335 ,0.0,79.18394018952455 ,11350.0,10:08:25 AM,1572669505685
-1.146 ,5.516 ,7.858,23.573031666666665,87.30264333333335 ,0.0,79.18394018952455 ,11350.0,10:08:25 AM,1572669505690
-1.053 ,4.913 ,7.257,23.573031666666665,87.30264333333335 ,0.0,79.18394018952455 ,11350.0,10:08:25 AM,1572669505691
-0.768 ,5.543 ,8.393,23.573031666666665,87.30264333333335 ,0.0,79.18394018952455 ,11350.0,10:08:25 AM,1572669505695
-0.278 ,6.507 ,10.323,23.573031666666665,87.30264333333335 ,0.0,79.18394018952455 ,11350.0,10:08:25 AM,1572669505695
-0.255 ,6.35 ,10.262,23.573031666666665,87.30264333333335 ,0.0,79.18394018952455 ,11350.0,10:08:25 AM,1572669505699
-0.149 ,4.728 ,8.738,23.573031666666665,87.30264333333335 ,0.0,79.18394018952455 ,11350.0,10:08:25 AM,1572669505699
0.196 ,3.008 ,6.61,23.573031666666665,87.30264333333335 ,0.0,79.18394018952455 ,11350.0,10:08:25 AM,1572669505706
0.486 ,2.724 ,6.252,23.573031666666665,87.30264333333335 ,0.0,79.18394018952455 ,11350.0,10:08:25 AM,1572669505707
1.141 ,3.939 ,8.291,23.573031666666665,87.30264333333335 ,0.0,79.18394018952455 ,11350.0,10:08:25 AM,1572669505710
1.368 ,5.34 ,10.583,23.573031666666665,87.30264333333335 ,0.0,79.18394018952455 ,11350.0,10:08:25 AM,1572669505711
1.299 ,5.736 ,11.932,23.573031666666665,87.30264333333335 ,0.0,79.18394018952455 ,11350.0,10:08:25 AM,1572669505715
0.734 ,5.169 ,11.665,23.573031666666665,87.30264333333335 ,0.0,79.18394018952455 ,11350.0,10:08:25 AM,1572669505715
0.216 ,4.31 ,10.978,23.573031666666665,87.30264333333335 ,0.0,79.18394018952455 ,11350.0,10:08:25 AM,1572669505720
-0.225 ,3.992 ,10.14,23.573031666666665,87.30264333333335 ,0.0,79.18394018952455 ,11350.0,10:08:25 AM,1572669505720
-0.318 ,4.221 ,9.634,23.573031666666665,87.30264333333335 ,0.0,79.18394018952455 ,11350.0,10:08:25 AM,1572669505726
