x,y,z,latitude,longitude,speed,sound,light,time,timestamp
0.534 ,4.759 ,10.561,23.568024999999995,87.29964 ,42.68014755249023,85.14374826752157 ,10289.0,10:10:06 AM,1572669606867
-2.013 ,2.892 ,4.53,23.568024999999995,87.29964 ,42.68014755249023,85.14374826752157 ,10289.0,10:10:06 AM,1572669606875
-1.074 ,1.62 ,10.12,23.568024999999995,87.29964 ,42.68014755249023,85.14374826752157 ,10289.0,10:10:06 AM,1572669606875
-2.332 ,2.631 ,17.959,23.568024999999995,87.29964 ,42.68014755249023,85.14374826752157 ,10289.0,10:10:06 AM,1572669606876
-2.826 ,4.243 ,16.026,23.568024999999995,87.29964 ,42.68014755249023,85.14374826752157 ,10289.0,10:10:06 AM,1572669606877
-1.229 ,2.843 ,19.687,23.568024999999995,87.29964 ,42.68014755249023,85.14374826752157 ,10289.0,10:10:06 AM,1572669606881
-2.957 ,0.622 ,12.601,23.568024999999995,87.29964 ,42.68014755249023,85.14374826752157 ,10289.0,10:10:06 AM,1572669606882
-1.042 ,0.263 ,16.03,23.568024999999995,87.29964 ,42.68014755249023,85.14374826752157 ,10289.0,10:10:06 AM,1572669606887
-1.714 ,3.193 ,16.326,23.568024999999995,87.29964 ,42.68014755249023,85.14374826752157 ,10289.0,10:10:06 AM,1572669606887
-1.661 ,5.281 ,11.947,23.568024999999995,87.29964 ,42.68014755249023,85.14374826752157 ,10289.0,10:10:06 AM,1572669606892
0.922 ,3.468 ,16.015,23.568024999999995,87.29964 ,42.68014755249023,85.14374826752157 ,10289.0,10:10:06 AM,1572669606893
-2.216 ,2.576 ,5.375,23.568024999999995,87.29964 ,42.68014755249023,85.14374826752157 ,10289.0,10:10:06 AM,1572669606898
0.998 ,3.742 ,11.019,23.568024999999995,87.29964 ,42.68014755249023,85.14374826752157 ,10289.0,10:10:06 AM,1572669606899
-0.605 ,6.984 ,12.05,23.568024999999995,87.29964 ,42.68014755249023,85.14374826752157 ,10289.0,10:10:06 AM,1572669606902
-1.88 ,7.008 ,9.395,23.568024999999995,87.29964 ,42.68014755249023,85.14374826752157 ,10289.0,10:10:06 AM,1572669606902
-0.263 ,3.951 ,11.253,23.568024999999995,87.29964 ,42.68014755249023,85.14374826752157 ,10289.0,10:10:06 AM,1572669606911
-2.598 ,2.879 ,2.478,23.568024999999995,87.29964 ,42.68014755249023,85.14374826752157 ,10289.0,10:10:06 AM,1572669606912
-0.923 ,3.386 ,7.745,23.568024999999995,87.29964 ,42.68014755249023,85.14374826752157 ,10289.0,10:10:06 AM,1572669606912
-2.162 ,6.391 ,8.726,23.568024999999995,87.29964 ,42.68014755249023,85.14374826752157 ,10289.0,10:10:06 AM,1572669606913
-3.151 ,7.5 ,6.977,23.568024999999995,87.29964 ,42.68014755249023,85.14374826752157 ,10289.0,10:10:06 AM,1572669606917
-0.992 ,5.701 ,7.893,23.568024999999995,87.29964 ,42.68014755249023,85.14374826752157 ,10289.0,10:10:06 AM,1572669606918
-3.229 ,4.277 ,-2.684,23.568024999999995,87.29964 ,42.68014755249023,85.14374826752157 ,10289.0,10:10:06 AM,1572669606922
-0.231 ,3.926 ,3.966,23.568024999999995,87.29964 ,42.68014755249023,85.14374826752157 ,10289.0,10:10:06 AM,1572669606923
-0.688 ,7.039 ,9.314,23.568024999999995,87.29964 ,42.68014755249023,85.14374826752157 ,10289.0,10:10:06 AM,1572669606929
-1.56 ,9.132 ,10.967,23.568024999999995,87.29964 ,42.68014755249023,85.14374826752157 ,10289.0,10:10:06 AM,1572669606930
1.256 ,7.263 ,14.637,23.568024999999995,87.29964 ,42.68014755249023,85.14374826752157 ,10289.0,10:10:06 AM,1572669606931
-0.518 ,2.883 ,5.655,23.568024999999995,87.29964 ,42.68014755249023,85.14374826752157 ,10289.0,10:10:06 AM,1572669606932
1.1 ,0.257 ,12.979,23.568024999999995,87.29964 ,42.68014755249023,85.14374826752157 ,10289.0,10:10:06 AM,1572669606937
-0.683 ,3.118 ,15.73,23.568024999999995,87.29964 ,42.68014755249023,85.14374826752157 ,10289.0,10:10:06 AM,1572669606938
-0.235 ,5.357 ,16.006,23.568024999999995,87.29964 ,42.68014755249023,85.14374826752157 ,10289.0,10:10:06 AM,1572669606942
0.922 ,3.083 ,14.691,23.568024999999995,87.29964 ,42.68014755249023,85.14374826752157 ,10289.0,10:10:06 AM,1572669606942
-1.988 ,-1.259 ,4.585,23.568024999999995,87.29964 ,42.68014755249023,85.14374826752157 ,10289.0,10:10:06 AM,1572669606947
-0.891 ,-2.557 ,9.258,23.568024999999995,87.29964 ,42.68014755249023,85.14374826752157 ,10289.0,10:10:06 AM,1572669606947
-2.119 ,1.033 ,12.16,23.568024999999995,87.29964 ,42.68014755249023,85.14374826752157 ,10289.0,10:10:06 AM,1572669606952
-2.283 ,4.34 ,12.564,23.568024999999995,87.29964 ,42.68014755249023,85.14374826752157 ,10289.0,10:10:06 AM,1572669606952
-0.844 ,3.073 ,14.593,23.568024999999995,87.29964 ,42.68014755249023,85.14374826752157 ,10289.0,10:10:06 AM,1572669606958
-3.343 ,1.428 ,7.481,23.568024999999995,87.29964 ,42.68014755249023,85.14374826752157 ,10289.0,10:10:06 AM,1572669606959
-2.562 ,2.607 ,11.21,23.568024999999995,87.29964 ,42.68014755249023,85.14374826752157 ,10289.0,10:10:06 AM,1572669606961
-3.896 ,4.758 ,10.081,23.568024999999995,87.29964 ,42.68014755249023,85.14374826752157 ,10289.0,10:10:06 AM,1572669606962
-3.158 ,4.702 ,3.063,23.568024999999995,87.29964 ,42.68014755249023,85.14374826752157 ,10289.0,10:10:06 AM,1572669606966
-1.18 ,0.933 ,1.809,23.568024999999995,87.29964 ,42.68014755249023,85.14374826752157 ,10289.0,10:10:06 AM,1572669606967
-1.991 ,-0.208 ,-1.624,23.568024999999995,87.29964 ,42.68014755249023,85.14374826752157 ,10289.0,10:10:06 AM,1572669606971
1.154 ,2.246 ,7.341,23.568024999999995,87.29964 ,42.68014755249023,85.14374826752157 ,10289.0,10:10:06 AM,1572669606971
1.455 ,5.341 ,7.657,23.568024999999995,87.29964 ,42.68014755249023,85.14374826752157 ,10289.0,10:10:06 AM,1572669606977
2.351 ,3.624 ,5.012,23.568024999999995,87.29964 ,42.68014755249023,85.14374826752157 ,10289.0,10:10:06 AM,1572669606977
3.99 ,-0.676 ,4.348,23.568024999999995,87.29964 ,42.68014755249023,85.14374826752157 ,10289.0,10:10:06 AM,1572669606981
0.527 ,0.508 ,-1.827,23.568024999999995,87.29964 ,42.68014755249023,85.14374826752157 ,10289.0,10:10:06 AM,1572669606982
1.813 ,5.391 ,8.571,23.568024999999995,87.29964 ,42.68014755249023,85.14374826752157 ,10289.0,10:10:06 AM,1572669606988
-2.159 ,9.638 ,8.188,23.568024999999995,87.29964 ,42.68014755249023,85.14374826752157 ,10289.0,10:10:06 AM,1572669606989
-4.809 ,7.963 ,7.339,23.568024999999995,87.29964 ,42.68014755249023,85.14374826752157 ,10289.0,10:10:06 AM,1572669606993
-4.728 ,4.307 ,9.652,23.568024999999995,87.29964 ,42.68014755249023,85.14374826752157 ,10289.0,10:10:06 AM,1572669606993
-7.487 ,4.262 ,3.115,23.568024999999995,87.29964 ,42.68014755249023,85.14374826752157 ,11093.0,10:10:06 AM,1572669606996
-2.45 ,5.874 ,13.665,23.568024999999995,87.29964 ,42.68014755249023,85.14374826752157 ,11093.0,10:10:06 AM,1572669606996
-1.093 ,7.866 ,16.592,23.568024999999995,87.29964 ,42.68014755249023,85.14374826752157 ,11093.0,10:10:07 AM,1572669607001
1.105 ,7.369 ,17.038,23.568024999999995,87.29964 ,42.68014755249023,85.14374826752157 ,11093.0,10:10:07 AM,1572669607002
3.78 ,3.363 ,13.284,23.568024999999995,87.29964 ,42.68014755249023,85.14374826752157 ,11093.0,10:10:07 AM,1572669607008
3.735 ,-0.192 ,2.248,23.568024999999995,87.29964 ,42.68014755249023,85.14374826752157 ,11093.0,10:10:07 AM,1572669607008
4.298 ,-1.395 ,3.968,23.568024999999995,87.29964 ,42.68014755249023,85.14374826752157 ,11093.0,10:10:07 AM,1572669607011
0.963 ,1.625 ,6.839,23.568024999999995,87.29964 ,42.68014755249023,85.14374826752157 ,11093.0,10:10:07 AM,1572669607011
-1.363 ,6.006 ,12.985,23.568024999999995,87.29964 ,42.68014755249023,85.14374826752157 ,11093.0,10:10:07 AM,1572669607016
-3.048 ,8.031 ,16.815,23.568024999999995,87.29964 ,42.68014755249023,85.14374826752157 ,11093.0,10:10:07 AM,1572669607016
-7.273 ,5.579 ,7.184,23.568024999999995,87.29964 ,42.68014755249023,85.14374826752157 ,11093.0,10:10:07 AM,1572669607021
-5.54 ,2.165 ,9.762,23.568024999999995,87.29964 ,42.68014755249023,85.14374826752157 ,11093.0,10:10:07 AM,1572669607022
-6.528 ,3.201 ,8.219,23.568024999999995,87.29964 ,42.68014755249023,85.14374826752157 ,11093.0,10:10:07 AM,1572669607028
-4.91 ,5.668 ,9.881,23.568024999999995,87.29964 ,42.68014755249023,85.14374826752157 ,11093.0,10:10:07 AM,1572669607028
-0.755 ,6.173 ,12.011,23.568024999999995,87.29964 ,42.68014755249023,85.14374826752157 ,11093.0,10:10:07 AM,1572669607031
-1.251 ,2.886 ,4.288,23.568024999999995,87.29964 ,42.68014755249023,85.14374826752157 ,11093.0,10:10:07 AM,1572669607032
2.259 ,1.254 ,9.648,23.568024999999995,87.29964 ,42.68014755249023,85.14374826752157 ,11093.0,10:10:07 AM,1572669607038
1.1 ,4.567 ,8.356,23.568024999999995,87.29964 ,42.68014755249023,85.14374826752157 ,11093.0,10:10:07 AM,1572669607039
1.825 ,6.687 ,7.478,23.568024999999995,87.29964 ,42.68014755249023,85.14374826752157 ,11093.0,10:10:07 AM,1572669607044
2.485 ,5.203 ,7.38,23.568024999999995,87.29964 ,42.68014755249023,85.14374826752157 ,11093.0,10:10:07 AM,1572669607045
-0.945 ,2.832 ,1.147,23.568024999999995,87.29964 ,42.68014755249023,85.14374826752157 ,11093.0,10:10:07 AM,1572669607046
0.786 ,3.96 ,6.852,23.568024999999995,87.29964 ,42.68014755249023,85.14374826752157 ,11093.0,10:10:07 AM,1572669607047
-0.52 ,6.744 ,10.241,23.568024999999995,87.29964 ,42.68014755249023,85.14374826752157 ,11093.0,10:10:07 AM,1572669607053
-1.668 ,6.523 ,10.976,23.568024999999995,87.29964 ,42.68014755249023,85.14374826752157 ,11093.0,10:10:07 AM,1572669607054
-0.548 ,3.675 ,12.818,23.568024999999995,87.29964 ,42.68014755249023,85.14374826752157 ,11093.0,10:10:07 AM,1572669607059
-2.142 ,2.019 ,8.666,23.568024999999995,87.29964 ,42.68014755249023,85.14374826752157 ,11093.0,10:10:07 AM,1572669607060
0.5 ,2.934 ,12.476,23.568024999999995,87.29964 ,42.68014755249023,85.14374826752157 ,11093.0,10:10:07 AM,1572669607061
-0.029 ,4.701 ,11.959,23.568024999999995,87.29964 ,42.68014755249023,85.14374826752157 ,11093.0,10:10:07 AM,1572669607061
-0.07 ,4.866 ,9.011,23.568024999999995,87.29964 ,42.68014755249023,85.14374826752157 ,11093.0,10:10:07 AM,1572669607066
2.217 ,3.943 ,9.717,23.568024999999995,87.29964 ,42.68014755249023,85.14374826752157 ,11093.0,10:10:07 AM,1572669607066
0.378 ,4.869 ,5.23,23.568024999999995,87.29964 ,42.68014755249023,85.14374826752157 ,11093.0,10:10:07 AM,1572669607073
2.193 ,6.957 ,11.084,23.568024999999995,87.29964 ,42.68014755249023,85.14374826752157 ,11093.0,10:10:07 AM,1572669607074
1.412 ,8.324 ,13.912,23.568024999999995,87.29964 ,42.68014755249023,85.14374826752157 ,11093.0,10:10:07 AM,1572669607079
-1.085 ,7.185 ,10.605,23.568024999999995,87.29964 ,42.68014755249023,85.14374826752157 ,11093.0,10:10:07 AM,1572669607079
0.294 ,4.391 ,10.223,23.568024999999995,87.29964 ,42.68014755249023,85.14374826752157 ,11093.0,10:10:07 AM,1572669607082
-1.396 ,2.51 ,3.244,23.568024999999995,87.29964 ,42.68014755249023,85.14374826752157 ,11093.0,10:10:07 AM,1572669607082
0.512 ,1.763 ,6.051,23.568024999999995,87.29964 ,42.68014755249023,85.14374826752157 ,11093.0,10:10:07 AM,1572669607085
-0.036 ,3.288 ,9.424,23.568024999999995,87.29964 ,42.68014755249023,85.14374826752157 ,11093.0,10:10:07 AM,1572669607086
-2.147 ,5.018 ,7.768,23.568024999999995,87.29964 ,42.68014755249023,85.14374826752157 ,11093.0,10:10:07 AM,1572669607092
0.857 ,4.195 ,8.938,23.568024999999995,87.29964 ,42.68014755249023,85.14374826752157 ,11093.0,10:10:07 AM,1572669607093
-2.022 ,1.758 ,-1.787,23.568024999999995,87.29964 ,42.68014755249023,85.14374826752157 ,11093.0,10:10:07 AM,1572669607097
-0.627 ,0.991 ,1.26,23.568024999999995,87.29964 ,42.68014755249023,85.14374826752157 ,11093.0,10:10:07 AM,1572669607098
-1.988 ,4.496 ,6.355,23.568024999999995,87.29964 ,42.68014755249023,85.14374826752157 ,11093.0,10:10:07 AM,1572669607101
-3.3 ,7.929 ,7.782,23.568024999999995,87.29964 ,42.68014755249023,85.14374826752157 ,11093.0,10:10:07 AM,1572669607102
-1.503 ,7.489 ,10.438,23.568024999999995,87.29964 ,42.68014755249023,85.14374826752157 ,11093.0,10:10:07 AM,1572669607109
-3.513 ,3.67 ,2.896,23.568024999999995,87.29964 ,42.68014755249023,85.14374826752157 ,11093.0,10:10:07 AM,1572669607109
-1.91 ,1.596 ,7.157,23.568024999999995,87.29964 ,42.68014755249023,85.14374826752157 ,11093.0,10:10:07 AM,1572669607111
-1.681 ,5.174 ,13.591,23.568024999999995,87.29964 ,42.68014755249023,85.14374826752157 ,11093.0,10:10:07 AM,1572669607112
-2.324 ,8.918 ,13.735,23.568024999999995,87.29964 ,42.68014755249023,85.14374826752157 ,11093.0,10:10:07 AM,1572669607117
