x,y,z,latitude,longitude,speed,sound,light,time,timestamp
-3.248 ,-0.216 ,9.342,23.562593333333332,87.29881833333333 ,29.785123443603517,83.82311945639168 ,12907.0,10:11:17 AM,1572669677623
-2.706 ,-1.053 ,8.003,23.562593333333332,87.29881833333333 ,29.785123443603517,83.82311945639168 ,12907.0,10:11:17 AM,1572669677626
-2.908 ,0.73 ,9.579,23.562593333333332,87.29881833333333 ,29.785123443603517,83.82311945639168 ,12907.0,10:11:17 AM,1572669677627
-2.599 ,3.296 ,13.16,23.562593333333332,87.29881833333333 ,29.785123443603517,83.82311945639168 ,12907.0,10:11:17 AM,1572669677631
-1.23 ,4.374 ,13.766,23.562593333333332,87.29881833333333 ,29.785123443603517,83.82311945639168 ,12907.0,10:11:17 AM,1572669677632
-1.274 ,3.462 ,7.087,23.562593333333332,87.29881833333333 ,29.785123443603517,83.82311945639168 ,12907.0,10:11:17 AM,1572669677636
1.125 ,2.986 ,9.96,23.562593333333332,87.29881833333333 ,29.785123443603517,83.82311945639168 ,12907.0,10:11:17 AM,1572669677637
-1.359 ,6.104 ,9.947,23.562593333333332,87.29881833333333 ,29.785123443603517,83.82311945639168 ,12907.0,10:11:17 AM,1572669677642
1.07 ,8.441 ,15.329,23.562593333333332,87.29881833333333 ,29.785123443603517,83.82311945639168 ,12907.0,10:11:17 AM,1572669677642
-0.721 ,8.279 ,10.968,23.562593333333332,87.29881833333333 ,29.785123443603517,83.82311945639168 ,12907.0,10:11:17 AM,1572669677646
0.597 ,4.543 ,6.193,23.562593333333332,87.29881833333333 ,29.785123443603517,83.82311945639168 ,12907.0,10:11:17 AM,1572669677647
1.353 ,2.821 ,3.317,23.562593333333332,87.29881833333333 ,29.785123443603517,83.82311945639168 ,12907.0,10:11:17 AM,1572669677651
1.11 ,5.056 ,4.171,23.562593333333332,87.29881833333333 ,29.785123443603517,83.82311945639168 ,12907.0,10:11:17 AM,1572669677652
2.39 ,8.393 ,10.657,23.562593333333332,87.29881833333333 ,29.785123443603517,83.82311945639168 ,12907.0,10:11:17 AM,1572669677657
1.58 ,9.454 ,10.938,23.562593333333332,87.29881833333333 ,29.785123443603517,83.82311945639168 ,12907.0,10:11:17 AM,1572669677657
0.361 ,7.458 ,4.491,23.562593333333332,87.29881833333333 ,29.785123443603517,83.82311945639168 ,12907.0,10:11:17 AM,1572669677662
-0.017 ,5.018 ,3.562,23.562593333333332,87.29881833333333 ,29.785123443603517,83.82311945639168 ,12907.0,10:11:17 AM,1572669677662
-3.783 ,6.792 ,0.896,23.562593333333332,87.29881833333333 ,29.785123443603517,83.82311945639168 ,12907.0,10:11:17 AM,1572669677666
-3.579 ,8.743 ,7.484,23.562593333333332,87.29881833333333 ,29.785123443603517,83.82311945639168 ,12907.0,10:11:17 AM,1572669677667
-4.894 ,9.343 ,8.084,23.562593333333332,87.29881833333333 ,29.785123443603517,83.82311945639168 ,12907.0,10:11:17 AM,1572669677674
-4.902 ,7.349 ,6.792,23.562593333333332,87.29881833333333 ,29.785123443603517,83.82311945639168 ,12907.0,10:11:17 AM,1572669677674
-2.972 ,7.057 ,9.529,23.562593333333332,87.29881833333333 ,29.785123443603517,83.82311945639168 ,12907.0,10:11:17 AM,1572669677676
-2.203 ,7.798 ,7.879,23.562593333333332,87.29881833333333 ,29.785123443603517,83.82311945639168 ,12907.0,10:11:17 AM,1572669677676
0.036 ,7.388 ,9.257,23.562593333333332,87.29881833333333 ,29.785123443603517,83.82311945639168 ,12907.0,10:11:17 AM,1572669677681
1.174 ,6.48 ,6.059,23.562593333333332,87.29881833333333 ,29.785123443603517,83.82311945639168 ,12907.0,10:11:17 AM,1572669677681
1.693 ,5.261 ,4.142,23.562593333333332,87.29881833333333 ,29.785123443603517,83.82311945639168 ,12907.0,10:11:17 AM,1572669677689
2.792 ,6.413 ,8.613,23.562593333333332,87.29881833333333 ,29.785123443603517,83.82311945639168 ,12907.0,10:11:17 AM,1572669677690
-0.119 ,8.772 ,9.117,23.562593333333332,87.29881833333333 ,29.785123443603517,83.82311945639168 ,12907.0,10:11:17 AM,1572669677691
0.128 ,9.034 ,14.127,23.562593333333332,87.29881833333333 ,29.785123443603517,83.82311945639168 ,12907.0,10:11:17 AM,1572669677692
-0.89 ,7.583 ,12.393,23.562593333333332,87.29881833333333 ,29.785123443603517,83.82311945639168 ,12907.0,10:11:17 AM,1572669677696
-1.783 ,4.895 ,6.669,23.562593333333332,87.29881833333333 ,29.785123443603517,83.82311945639168 ,12907.0,10:11:17 AM,1572669677696
-0.463 ,4.881 ,8.168,23.562593333333332,87.29881833333333 ,29.785123443603517,83.82311945639168 ,12907.0,10:11:17 AM,1572669677701
-1.298 ,5.328 ,4.429,23.562593333333332,87.29881833333333 ,29.785123443603517,83.82311945639168 ,12907.0,10:11:17 AM,1572669677702
0.045 ,4.775 ,6.219,23.562593333333332,87.29881833333333 ,29.785123443603517,83.82311945639168 ,12907.0,10:11:17 AM,1572669677708
-1.661 ,3.41 ,1.157,23.562593333333332,87.29881833333333 ,29.785123443603517,83.82311945639168 ,12907.0,10:11:17 AM,1572669677708
-0.885 ,2.123 ,2.48,23.562593333333332,87.29881833333333 ,29.785123443603517,83.82311945639168 ,12907.0,10:11:17 AM,1572669677711
-2.445 ,4.306 ,7.79,23.562593333333332,87.29881833333333 ,29.785123443603517,83.82311945639168 ,12907.0,10:11:17 AM,1572669677712
-3.982 ,8.414 ,12.62,23.562593333333332,87.29881833333333 ,29.785123443603517,83.82311945639168 ,12907.0,10:11:17 AM,1572669677717
-3.264 ,9.197 ,15.925,23.562593333333332,87.29881833333333 ,29.785123443603517,83.82311945639168 ,12907.0,10:11:17 AM,1572669677717
-3.348 ,6.119 ,10.052,23.562593333333332,87.29881833333333 ,29.785123443603517,83.82311945639168 ,12907.0,10:11:17 AM,1572669677723
-3.176 ,2.293 ,2.407,23.562593333333332,87.29881833333333 ,29.785123443603517,83.82311945639168 ,12907.0,10:11:17 AM,1572669677724
0.299 ,2.233 ,3.894,23.562593333333332,87.29881833333333 ,29.785123443603517,83.82311945639168 ,12907.0,10:11:17 AM,1572669677726
-0.253 ,4.588 ,0.565,23.562593333333332,87.29881833333333 ,29.785123443603517,83.82311945639168 ,12907.0,10:11:17 AM,1572669677727
4.029 ,6.131 ,8.527,23.562593333333332,87.29881833333333 ,29.785123443603517,83.82311945639168 ,12907.0,10:11:17 AM,1572669677731
1.532 ,6.179 ,3.093,23.562593333333332,87.29881833333333 ,29.785123443603517,83.82311945639168 ,12907.0,10:11:17 AM,1572669677732
3.305 ,4.782 ,7.614,23.562593333333332,87.29881833333333 ,29.785123443603517,83.82311945639168 ,12907.0,10:11:17 AM,1572669677739
-0.433 ,5.242 ,6.123,23.562593333333332,87.29881833333333 ,29.785123443603517,83.82311945639168 ,12907.0,10:11:17 AM,1572669677740
-2.228 ,5.985 ,9.255,23.562593333333332,87.29881833333333 ,29.785123443603517,83.82311945639168 ,12907.0,10:11:17 AM,1572669677741
-2.777 ,5.486 ,9.997,23.562593333333332,87.29881833333333 ,29.785123443603517,83.82311945639168 ,12907.0,10:11:17 AM,1572669677741
-4.141 ,4.447 ,7.232,23.562593333333332,87.29881833333333 ,29.785123443603517,83.82311945639168 ,12907.0,10:11:17 AM,1572669677746
-3.568 ,4.279 ,7.278,23.562593333333332,87.29881833333333 ,29.785123443603517,83.82311945639168 ,12907.0,10:11:17 AM,1572669677747
-1.613 ,6.754 ,11.622,23.562593333333332,87.29881833333333 ,29.785123443603517,83.82311945639168 ,12907.0,10:11:17 AM,1572669677751
-1.447 ,8.215 ,9.003,23.562593333333332,87.29881833333333 ,29.785123443603517,83.82311945639168 ,12907.0,10:11:17 AM,1572669677751
1.494 ,6.541 ,9.399,23.562593333333332,87.29881833333333 ,29.785123443603517,83.82311945639168 ,12907.0,10:11:17 AM,1572669677757
0.337 ,5.261 ,2.055,23.562593333333332,87.29881833333333 ,29.785123443603517,83.82311945639168 ,12907.0,10:11:17 AM,1572669677758
2.455 ,4.465 ,5.01,23.562593333333332,87.29881833333333 ,29.785123443603517,83.82311945639168 ,12907.0,10:11:17 AM,1572669677762
0.299 ,7.143 ,7.954,23.562593333333332,87.29881833333333 ,29.785123443603517,83.82311945639168 ,12907.0,10:11:17 AM,1572669677762
-0.77 ,8.766 ,12.348,23.562593333333332,87.29881833333333 ,29.785123443603517,83.82311945639168 ,12907.0,10:11:17 AM,1572669677766
-1.42 ,7.194 ,13.492,23.562593333333332,87.29881833333333 ,29.785123443603517,83.82311945639168 ,12907.0,10:11:17 AM,1572669677766
-3.272 ,4.333 ,7.594,23.562593333333332,87.29881833333333 ,29.785123443603517,83.82311945639168 ,12907.0,10:11:17 AM,1572669677773
-3.236 ,2.926 ,5.946,23.562593333333332,87.29881833333333 ,29.785123443603517,83.82311945639168 ,12907.0,10:11:17 AM,1572669677774
-2.761 ,4.798 ,8.368,23.562593333333332,87.29881833333333 ,29.785123443603517,83.82311945639168 ,12907.0,10:11:17 AM,1572669677776
-2.537 ,5.974 ,9.431,23.562593333333332,87.29881833333333 ,29.785123443603517,83.82311945639168 ,12907.0,10:11:17 AM,1572669677777
-0.378 ,5.26 ,10.017,23.562593333333332,87.29881833333333 ,29.785123443603517,83.82311945639168 ,12907.0,10:11:17 AM,1572669677781
-1.183 ,4.344 ,4.581,23.562593333333332,87.29881833333333 ,29.785123443603517,83.82311945639168 ,12907.0,10:11:17 AM,1572669677781
1.095 ,3.205 ,7.617,23.562593333333332,87.29881833333333 ,29.785123443603517,83.82311945639168 ,12907.0,10:11:17 AM,1572669677786
-0.097 ,5.323 ,10.234,23.562593333333332,87.29881833333333 ,29.785123443603517,83.82311945639168 ,12907.0,10:11:17 AM,1572669677787
-0.418 ,7.185 ,17.351,23.562593333333332,87.29881833333333 ,29.785123443603517,83.82311945639168 ,12907.0,10:11:17 AM,1572669677792
0.075 ,7.629 ,20.445,23.562593333333332,87.29881833333333 ,29.785123443603517,83.82311945639168 ,12907.0,10:11:17 AM,1572669677793
-0.988 ,4.49 ,12.397,23.562593333333332,87.29881833333333 ,29.785123443603517,83.82311945639168 ,12976.0,10:11:17 AM,1572669677796
1.189 ,2.209 ,8.466,23.562593333333332,87.29881833333333 ,29.785123443603517,83.82311945639168 ,12976.0,10:11:17 AM,1572669677797
0.262 ,2.82 ,7.355,23.562593333333332,87.29881833333333 ,29.785123443603517,83.82311945639168 ,12976.0,10:11:17 AM,1572669677800
1.303 ,5.446 ,12.828,23.562593333333332,87.29881833333333 ,29.785123443603517,83.82311945639168 ,12976.0,10:11:17 AM,1572669677801
0.485 ,6.392 ,12.818,23.562593333333332,87.29881833333333 ,29.785123443603517,83.82311945639168 ,12976.0,10:11:17 AM,1572669677806
-1.34 ,4.262 ,5.659,23.562593333333332,87.29881833333333 ,29.785123443603517,83.82311945639168 ,12976.0,10:11:17 AM,1572669677807
-1.849 ,1.599 ,4.159,23.562593333333332,87.29881833333333 ,29.785123443603517,83.82311945639168 ,12976.0,10:11:17 AM,1572669677811
-4.498 ,2.888 ,6.822,23.562593333333332,87.29881833333333 ,29.785123443603517,83.82311945639168 ,12976.0,10:11:17 AM,1572669677812
-5.795 ,5.93 ,12.535,23.562593333333332,87.29881833333333 ,29.785123443603517,83.82311945639168 ,12976.0,10:11:17 AM,1572669677817
-5.681 ,7.717 ,16.771,23.562593333333332,87.29881833333333 ,29.785123443603517,83.82311945639168 ,12976.0,10:11:17 AM,1572669677818
-5.438 ,4.659 ,12.389,23.562593333333332,87.29881833333333 ,29.785123443603517,83.82311945639168 ,12976.0,10:11:17 AM,1572669677823
-2.881 ,1.776 ,7.041,23.562593333333332,87.29881833333333 ,29.785123443603517,83.82311945639168 ,12976.0,10:11:17 AM,1572669677823
-0.899 ,2.425 ,5.365,23.562593333333332,87.29881833333333 ,29.785123443603517,83.82311945639168 ,12976.0,10:11:17 AM,1572669677826
2.03 ,6.047 ,9.581,23.562593333333332,87.29881833333333 ,29.785123443603517,83.82311945639168 ,12976.0,10:11:17 AM,1572669677827
3.916 ,8.886 ,10.668,23.562593333333332,87.29881833333333 ,29.785123443603517,83.82311945639168 ,12976.0,10:11:17 AM,1572669677831
4.956 ,7.738 ,5.546,23.562593333333332,87.29881833333333 ,29.785123443603517,83.82311945639168 ,12976.0,10:11:17 AM,1572669677831
4.828 ,4.713 ,2.707,23.562593333333332,87.29881833333333 ,29.785123443603517,83.82311945639168 ,12976.0,10:11:17 AM,1572669677835
2.632 ,6.319 ,6.926,23.562593333333332,87.29881833333333 ,29.785123443603517,83.82311945639168 ,12976.0,10:11:17 AM,1572669677836
1.505 ,9.659 ,15.788,23.562515,87.29883 ,32.244052505493165,83.82311945639168 ,12976.0,10:11:17 AM,1572669677841
-0.635 ,11.211 ,17.184,23.562515,87.29883 ,32.244052505493165,83.82311945639168 ,12976.0,10:11:17 AM,1572669677842
-3.011 ,8.717 ,8.662,23.562515,87.29883 ,32.244052505493165,83.82311945639168 ,12976.0,10:11:17 AM,1572669677846
-2.063 ,6.077 ,3.306,23.562515,87.29883 ,32.244052505493165,83.82311945639168 ,12976.0,10:11:17 AM,1572669677846
-3.263 ,6.415 ,-4.169,23.562515,87.29883 ,32.244052505493165,83.82311945639168 ,12976.0,10:11:17 AM,1572669677850
-2.338 ,7.253 ,-3.069,23.562515,87.29883 ,32.244052505493165,83.82311945639168 ,12976.0,10:11:17 AM,1572669677850
-3.048 ,8.675 ,-1.188,23.562515,87.29883 ,32.244052505493165,83.82311945639168 ,12976.0,10:11:17 AM,1572669677856
-4.113 ,7.843 ,-3.071,23.562515,87.29883 ,32.244052505493165,83.82311945639168 ,12976.0,10:11:17 AM,1572669677856
-2.944 ,7.041 ,-0.53,23.562515,87.29883 ,32.244052505493165,83.82311945639168 ,12976.0,10:11:17 AM,1572669677861
-4.219 ,7.81 ,-0.485,23.562515,87.29883 ,32.244052505493165,83.82311945639168 ,12976.0,10:11:17 AM,1572669677861
-2.123 ,10.089 ,8.31,23.562515,87.29883 ,32.244052505493165,83.82311945639168 ,12976.0,10:11:17 AM,1572669677869
-1.28 ,11.654 ,12.108,23.562515,87.29883 ,32.244052505493165,83.82311945639168 ,12976.0,10:11:17 AM,1572669677870
-2.553 ,9.098 ,5.453,23.562515,87.29883 ,32.244052505493165,83.82311945639168 ,12976.0,10:11:17 AM,1572669677870
