x,y,z,latitude,longitude,speed,sound,light,time,timestamp
-0.352 ,-1.977 ,8.646,23.57122,87.30259666666667 ,44.06063461303711,85.86214345124625 ,9644.0,10:08:59 AM,1572669539360
0.594 ,-2.988 ,13.865,23.57122,87.30259666666667 ,44.06063461303711,85.86214345124625 ,9644.0,10:08:59 AM,1572669539364
-3.056 ,2.195 ,14.486,23.57122,87.30259666666667 ,44.06063461303711,85.86214345124625 ,9644.0,10:08:59 AM,1572669539365
-1.005 ,4.994 ,22.616,23.57122,87.30259666666667 ,44.06063461303711,85.86214345124625 ,9644.0,10:08:59 AM,1572669539369
-2.228 ,4.259 ,14.573,23.57122,87.30259666666667 ,44.06063461303711,85.86214345124625 ,9644.0,10:08:59 AM,1572669539369
-2.999 ,2.152 ,8.164,23.57122,87.30259666666667 ,44.06063461303711,85.86214345124625 ,9644.0,10:08:59 AM,1572669539374
-0.384 ,4.806 ,16.545,23.57122,87.30259666666667 ,44.06063461303711,85.86214345124625 ,9644.0,10:08:59 AM,1572669539375
-3.774 ,8.217 ,13.128,23.57122,87.30259666666667 ,44.06063461303711,85.86214345124625 ,9644.0,10:08:59 AM,1572669539379
-0.284 ,8.341 ,12.713,23.57122,87.30259666666667 ,44.06063461303711,85.86214345124625 ,9644.0,10:08:59 AM,1572669539380
-0.846 ,4.379 ,6.263,23.57122,87.30259666666667 ,44.06063461303711,85.86214345124625 ,9644.0,10:08:59 AM,1572669539385
0.017 ,1.288 ,5.861,23.57122,87.30259666666667 ,44.06063461303711,85.86214345124625 ,9644.0,10:08:59 AM,1572669539386
2.454 ,3.513 ,12.279,23.57122,87.30259666666667 ,44.06063461303711,85.86214345124625 ,9644.0,10:08:59 AM,1572669539390
-0.088 ,7.798 ,10.915,23.57122,87.30259666666667 ,44.06063461303711,85.86214345124625 ,9644.0,10:08:59 AM,1572669539390
1.455 ,7.241 ,13.421,23.57122,87.30259666666667 ,44.06063461303711,85.86214345124625 ,11342.0,10:08:59 AM,1572669539394
-0.696 ,3.749 ,4.151,23.57122,87.30259666666667 ,44.06063461303711,85.86214345124625 ,11342.0,10:08:59 AM,1572669539394
-1.639 ,2.304 ,-3.995,23.57122,87.30259666666667 ,44.06063461303711,85.86214345124625 ,11342.0,10:08:59 AM,1572669539400
-0.483 ,4.97 ,1.594,23.57122,87.30259666666667 ,44.06063461303711,85.86214345124625 ,11342.0,10:08:59 AM,1572669539401
-3.336 ,9.211 ,6.033,23.57122,87.30259666666667 ,44.06063461303711,85.86214345124625 ,11342.0,10:08:59 AM,1572669539406
-4.309 ,10.18 ,10.518,23.57122,87.30259666666667 ,44.06063461303711,85.86214345124625 ,11342.0,10:08:59 AM,1572669539406
-4.735 ,8.348 ,8.764,23.57122,87.30259666666667 ,44.06063461303711,85.86214345124625 ,11342.0,10:08:59 AM,1572669539408
-4.332 ,4.301 ,5.067,23.57122,87.30259666666667 ,44.06063461303711,85.86214345124625 ,11342.0,10:08:59 AM,1572669539408
-1.778 ,2.382 ,9.09,23.57122,87.30259666666667 ,44.06063461303711,85.86214345124625 ,11342.0,10:08:59 AM,1572669539413
-1.882 ,5.378 ,9.449,23.57122,87.30259666666667 ,44.06063461303711,85.86214345124625 ,11342.0,10:08:59 AM,1572669539413
1.608 ,7.97 ,15.543,23.57122,87.30259666666667 ,44.06063461303711,85.86214345124625 ,11342.0,10:08:59 AM,1572669539419
2.783 ,7.981 ,10.915,23.57122,87.30259666666667 ,44.06063461303711,85.86214345124625 ,11342.0,10:08:59 AM,1572669539419
2.513 ,4.494 ,2.616,23.57122,87.30259666666667 ,44.06063461303711,85.86214345124625 ,11342.0,10:08:59 AM,1572669539423
4.063 ,2.922 ,4.145,23.57122,87.30259666666667 ,44.06063461303711,85.86214345124625 ,11342.0,10:08:59 AM,1572669539424
-0.163 ,4.47 ,2.857,23.57122,87.30259666666667 ,44.06063461303711,85.86214345124625 ,11342.0,10:08:59 AM,1572669539429
-0.945 ,5.813 ,7.86,23.57122,87.30259666666667 ,44.06063461303711,85.86214345124625 ,11342.0,10:08:59 AM,1572669539430
-3.059 ,5.248 ,5.079,23.57122,87.30259666666667 ,44.06063461303711,85.86214345124625 ,11342.0,10:08:59 AM,1572669539438
-4.196 ,1.716 ,4.139,23.57122,87.30259666666667 ,44.06063461303711,85.86214345124625 ,11342.0,10:08:59 AM,1572669539439
-3.594 ,1.319 ,9.833,23.57122,87.30259666666667 ,44.06063461303711,85.86214345124625 ,11342.0,10:08:59 AM,1572669539439
-5.769 ,5.601 ,11.586,23.57122,87.30259666666667 ,44.06063461303711,85.86214345124625 ,11342.0,10:08:59 AM,1572669539440
-3.079 ,8.187 ,16.261,23.57122,87.30259666666667 ,44.06063461303711,85.86214345124625 ,11342.0,10:08:59 AM,1572669539445
-1.951 ,5.49 ,9.751,23.57122,87.30259666666667 ,44.06063461303711,85.86214345124625 ,11342.0,10:08:59 AM,1572669539446
-1.647 ,1.423 ,1.621,23.57122,87.30259666666667 ,44.06063461303711,85.86214345124625 ,11342.0,10:08:59 AM,1572669539448
2.31 ,2.495 ,7.05,23.57122,87.30259666666667 ,44.06063461303711,85.86214345124625 ,11342.0,10:08:59 AM,1572669539448
1.239 ,7.252 ,6.309,23.57122,87.30259666666667 ,44.06063461303711,85.86214345124625 ,11342.0,10:08:59 AM,1572669539454
3.358 ,8.589 ,9.864,23.57122,87.30259666666667 ,44.06063461303711,85.86214345124625 ,11342.0,10:08:59 AM,1572669539454
3.444 ,4.822 ,7.107,23.57122,87.30259666666667 ,44.06063461303711,85.86214345124625 ,11342.0,10:08:59 AM,1572669539458
2.118 ,0.7 ,2.795,23.57122,87.30259666666667 ,44.06063461303711,85.86214345124625 ,11342.0,10:08:59 AM,1572669539458
3.292 ,0.908 ,8.753,23.57122,87.30259666666667 ,44.06063461303711,85.86214345124625 ,11342.0,10:08:59 AM,1572669539463
-0.394 ,4.337 ,8.799,23.57122,87.30259666666667 ,44.06063461303711,85.86214345124625 ,11342.0,10:08:59 AM,1572669539463
-0.023 ,5.094 ,11.903,23.57122,87.30259666666667 ,44.06063461303711,85.86214345124625 ,11342.0,10:08:59 AM,1572669539469
-1.99 ,3.46 ,9.148,23.57122,87.30259666666667 ,44.06063461303711,85.86214345124625 ,11342.0,10:08:59 AM,1572669539470
-4.781 ,2.882 ,4.409,23.57122,87.30259666666667 ,44.06063461303711,85.86214345124625 ,11342.0,10:08:59 AM,1572669539473
-3.935 ,4.179 ,7.083,23.57122,87.30259666666667 ,44.06063461303711,85.86214345124625 ,11342.0,10:08:59 AM,1572669539474
-6.461 ,5.472 ,6.139,23.57122,87.30259666666667 ,44.06063461303711,85.86214345124625 ,11342.0,10:08:59 AM,1572669539478
-6.139 ,4.747 ,6.8,23.57122,87.30259666666667 ,44.06063461303711,85.86214345124625 ,11342.0,10:08:59 AM,1572669539479
-4.251 ,3.952 ,8.318,23.57122,87.30259666666667 ,44.06063461303711,85.86214345124625 ,11342.0,10:08:59 AM,1572669539486
-3.228 ,3.697 ,4.895,23.57122,87.30259666666667 ,44.06063461303711,85.86214345124625 ,11342.0,10:08:59 AM,1572669539487
1.451 ,4.488 ,12.662,23.57122,87.30259666666667 ,44.06063461303711,85.86214345124625 ,11342.0,10:08:59 AM,1572669539488
1.61 ,6.432 ,13.191,23.57122,87.30259666666667 ,44.06063461303711,85.86214345124625 ,11342.0,10:08:59 AM,1572669539489
2.921 ,5.99 ,13.544,23.57122,87.30259666666667 ,44.06063461303711,85.86214345124625 ,11342.0,10:08:59 AM,1572669539493
3.116 ,4.766 ,9.989,23.57122,87.30259666666667 ,44.06063461303711,85.86214345124625 ,11342.0,10:08:59 AM,1572669539494
0.1 ,3.729 ,1.384,23.57122,87.30259666666667 ,44.06063461303711,85.86214345124625 ,11342.0,10:08:59 AM,1572669539499
1.561 ,3.657 ,4.457,23.57122,87.30259666666667 ,44.06063461303711,85.86214345124625 ,11342.0,10:08:59 AM,1572669539500
-1.941 ,5.624 ,5.674,23.57122,87.30259666666667 ,44.06063461303711,85.86214345124625 ,11342.0,10:08:59 AM,1572669539507
-4.442 ,7.837 ,11.28,23.57122,87.30259666666667 ,44.06063461303711,85.86214345124625 ,11342.0,10:08:59 AM,1572669539508
-3.882 ,8.407 ,15.251,23.57122,87.30259666666667 ,44.06063461303711,85.86214345124625 ,11342.0,10:08:59 AM,1572669539509
-5.333 ,5.121 ,8.872,23.57122,87.30259666666667 ,44.06063461303711,85.86214345124625 ,11342.0,10:08:59 AM,1572669539510
-3.082 ,0.793 ,9.286,23.57122,87.30259666666667 ,44.06063461303711,85.86214345124625 ,11342.0,10:08:59 AM,1572669539514
-2.4 ,1.327 ,11.083,23.57122,87.30259666666667 ,44.06063461303711,85.86214345124625 ,11342.0,10:08:59 AM,1572669539514
-1.469 ,4.313 ,12.615,23.57122,87.30259666666667 ,44.06063461303711,85.86214345124625 ,11342.0,10:08:59 AM,1572669539519
1.28 ,5.001 ,14.954,23.57122,87.30259666666667 ,44.06063461303711,85.86214345124625 ,11342.0,10:08:59 AM,1572669539519
-0.118 ,2.509 ,9.044,23.57122,87.30259666666667 ,44.06063461303711,85.86214345124625 ,11342.0,10:08:59 AM,1572669539523
1.494 ,1.042 ,11.075,23.57122,87.30259666666667 ,44.06063461303711,85.86214345124625 ,11342.0,10:08:59 AM,1572669539524
0.858 ,3.433 ,15.332,23.57122,87.30259666666667 ,44.06063461303711,85.86214345124625 ,11342.0,10:08:59 AM,1572669539527
-1.813 ,5.927 ,14.296,23.57122,87.30259666666667 ,44.06063461303711,85.86214345124625 ,11342.0,10:08:59 AM,1572669539528
-0.172 ,3.836 ,15.787,23.57122,87.30259666666667 ,44.06063461303711,85.86214345124625 ,11342.0,10:08:59 AM,1572669539534
-3.386 ,1.213 ,10.134,23.57122,87.30259666666667 ,44.06063461303711,85.86214345124625 ,11342.0,10:08:59 AM,1572669539535
-2.662 ,0.691 ,10.78,23.57122,87.30259666666667 ,44.06063461303711,85.86214345124625 ,11342.0,10:08:59 AM,1572669539538
-1.304 ,3.399 ,14.762,23.57122,87.30259666666667 ,44.06063461303711,85.86214345124625 ,11342.0,10:08:59 AM,1572669539539
-3.435 ,4.389 ,6.109,23.57122,87.30259666666667 ,44.06063461303711,85.86214345124625 ,11342.0,10:08:59 AM,1572669539542
-0.508 ,1.63 ,8.112,23.57122,87.30259666666667 ,44.06063461303711,85.86214345124625 ,11342.0,10:08:59 AM,1572669539543
-1.873 ,0.043 ,2.35,23.57122,87.30259666666667 ,44.06063461303711,85.86214345124625 ,11342.0,10:08:59 AM,1572669539547
-1.238 ,1.392 ,2.845,23.57122,87.30259666666667 ,44.06063461303711,85.86214345124625 ,11342.0,10:08:59 AM,1572669539548
1.603 ,4.434 ,8.452,23.57122,87.30259666666667 ,44.06063461303711,85.86214345124625 ,11342.0,10:08:59 AM,1572669539553
-0.1 ,6.306 ,5.895,23.57122,87.30259666666667 ,44.06063461303711,85.86214345124625 ,11342.0,10:08:59 AM,1572669539553
1.385 ,5.615 ,9.081,23.57122,87.30259666666667 ,44.06063461303711,85.86214345124625 ,11342.0,10:08:59 AM,1572669539558
0.013 ,6.12 ,4.051,23.57122,87.30259666666667 ,44.06063461303711,85.86214345124625 ,11342.0,10:08:59 AM,1572669539558
0.729 ,5.83 ,3.545,23.57122,87.30259666666667 ,44.06063461303711,85.86214345124625 ,11342.0,10:08:59 AM,1572669539563
2.043 ,6.296 ,7.082,23.57122,87.30259666666667 ,44.06063461303711,85.86214345124625 ,11342.0,10:08:59 AM,1572669539563
-0.65 ,6.689 ,4.464,23.57122,87.30259666666667 ,44.06063461303711,85.86214345124625 ,11342.0,10:08:59 AM,1572669539569
2.167 ,6.341 ,10.348,23.57122,87.30259666666667 ,44.06063461303711,85.86214345124625 ,11342.0,10:08:59 AM,1572669539570
1.215 ,6.116 ,7.518,23.57122,87.30259666666667 ,44.06063461303711,85.86214345124625 ,11342.0,10:08:59 AM,1572669539573
0.934 ,4.713 ,9.075,23.57122,87.30259666666667 ,44.06063461303711,85.86214345124625 ,11342.0,10:08:59 AM,1572669539573
2.193 ,4.656 ,15.044,23.57122,87.30259666666667 ,44.06063461303711,85.86214345124625 ,11342.0,10:08:59 AM,1572669539579
-1.056 ,4.96 ,13.086,23.57122,87.30259666666667 ,44.06063461303711,85.86214345124625 ,11342.0,10:08:59 AM,1572669539579
-0.61 ,3.256 ,12.934,23.57122,87.30259666666667 ,44.06063461303711,85.86214345124625 ,11342.0,10:08:59 AM,1572669539583
-2.141 ,1.561 ,7.118,23.57122,87.30259666666667 ,44.06063461303711,85.86214345124625 ,11342.0,10:08:59 AM,1572669539584
-2.324 ,-0.099 ,8.059,23.57122,87.30259666666667 ,44.06063461303711,85.86214345124625 ,11342.0,10:08:59 AM,1572669539588
-1.901 ,2.049 ,12.819,23.57122,87.30259666666667 ,44.06063461303711,85.86214345124625 ,11342.0,10:08:59 AM,1572669539588
-3.809 ,5.428 ,16.829,23.57122,87.30259666666667 ,44.06063461303711,85.86214345124625 ,11342.0,10:08:59 AM,1572669539592
-3.182 ,5.484 ,17.482,23.57122,87.30259666666667 ,44.06063461303711,85.86214345124625 ,11342.0,10:08:59 AM,1572669539592
-3.635 ,1.248 ,10.507,23.57122,87.30259666666667 ,44.06063461303711,85.86214345124625 ,12506.0,10:08:59 AM,1572669539597
-4.067 ,-2.059 ,3.607,23.57122,87.30259666666667 ,44.06063461303711,85.86214345124625 ,12506.0,10:08:59 AM,1572669539597
-1.946 ,-0.979 ,9.49,23.57122,87.30259666666667 ,44.06063461303711,85.86214345124625 ,12506.0,10:08:59 AM,1572669539603
-2.857 ,3.863 ,14.067,23.57122,87.30259666666667 ,44.06063461303711,85.86214345124625 ,12506.0,10:08:59 AM,1572669539603
-2.79 ,5.772 ,15.475,23.57122,87.30259666666667 ,44.06063461303711,85.86214345124625 ,12506.0,10:08:59 AM,1572669539608
