x,y,z,latitude,longitude,speed,sound,light,time,timestamp
0.512 ,1.053 ,13.354,23.552056666666665,87.29690333333335 ,42.248398590087895,84.788782078644 ,16278.0,10:13:11 AM,1572669791055
1.743 ,2.224 ,14.603,23.552056666666665,87.29690333333335 ,42.248398590087895,84.788782078644 ,16278.0,10:13:11 AM,1572669791059
2.0 ,3.35 ,14.045,23.552056666666665,87.29690333333335 ,42.248398590087895,84.788782078644 ,16278.0,10:13:11 AM,1572669791060
2.927 ,2.455 ,10.202,23.552056666666665,87.29690333333335 ,42.248398590087895,84.788782078644 ,16278.0,10:13:11 AM,1572669791064
1.646 ,-0.138 ,3.972,23.552056666666665,87.29690333333335 ,42.248398590087895,84.788782078644 ,16278.0,10:13:11 AM,1572669791065
0.273 ,-1.751 ,2.513,23.552056666666665,87.29690333333335 ,42.248398590087895,84.788782078644 ,16278.0,10:13:11 AM,1572669791070
-1.811 ,0.107 ,9.266,23.552056666666665,87.29690333333335 ,42.248398590087895,84.788782078644 ,16278.0,10:13:11 AM,1572669791071
-3.641 ,4.899 ,15.759,23.552056666666665,87.29690333333335 ,42.248398590087895,84.788782078644 ,16278.0,10:13:11 AM,1572669791074
-3.475 ,6.146 ,16.387,23.552056666666665,87.29690333333335 ,42.248398590087895,84.788782078644 ,16278.0,10:13:11 AM,1572669791075
-3.52 ,2.512 ,10.865,23.552056666666665,87.29690333333335 ,42.248398590087895,84.788782078644 ,16278.0,10:13:11 AM,1572669791079
-1.611 ,0.677 ,6.75,23.552056666666665,87.29690333333335 ,42.248398590087895,84.788782078644 ,16278.0,10:13:11 AM,1572669791080
0.352 ,2.753 ,7.599,23.552056666666665,87.29690333333335 ,42.248398590087895,84.788782078644 ,16278.0,10:13:11 AM,1572669791084
1.795 ,6.448 ,8.136,23.552056666666665,87.29690333333335 ,42.248398590087895,84.788782078644 ,16278.0,10:13:11 AM,1572669791085
2.575 ,5.721 ,4.405,23.552056666666665,87.29690333333335 ,42.248398590087895,84.788782078644 ,16278.0,10:13:11 AM,1572669791090
3.315 ,2.739 ,2.163,23.552056666666665,87.29690333333335 ,42.248398590087895,84.788782078644 ,16278.0,10:13:11 AM,1572669791091
1.885 ,2.4 ,1.479,23.552056666666665,87.29690333333335 ,42.248398590087895,84.788782078644 ,16278.0,10:13:11 AM,1572669791094
1.218 ,5.833 ,10.888,23.552056666666665,87.29690333333335 ,42.248398590087895,84.788782078644 ,16278.0,10:13:11 AM,1572669791095
-0.162 ,9.754 ,17.85,23.552056666666665,87.29690333333335 ,42.248398590087895,84.788782078644 ,16278.0,10:13:11 AM,1572669791099
-2.522 ,8.814 ,14.989,23.552056666666665,87.29690333333335 ,42.248398590087895,84.788782078644 ,16278.0,10:13:11 AM,1572669791100
-2.604 ,4.296 ,10.313,23.552056666666665,87.29690333333335 ,42.248398590087895,84.788782078644 ,16278.0,10:13:11 AM,1572669791104
-2.772 ,2.323 ,5.54,23.552056666666665,87.29690333333335 ,42.248398590087895,84.788782078644 ,16278.0,10:13:11 AM,1572669791105
-1.151 ,4.681 ,6.768,23.552056666666665,87.29690333333335 ,42.248398590087895,84.788782078644 ,16278.0,10:13:11 AM,1572669791110
0.809 ,8.23 ,13.02,23.552056666666665,87.29690333333335 ,42.248398590087895,84.788782078644 ,16278.0,10:13:11 AM,1572669791111
1.681 ,10.259 ,14.717,23.552056666666665,87.29690333333335 ,42.248398590087895,84.788782078644 ,16278.0,10:13:11 AM,1572669791115
2.775 ,9.288 ,13.537,23.552056666666665,87.29690333333335 ,42.248398590087895,84.788782078644 ,16278.0,10:13:11 AM,1572669791116
3.934 ,7.014 ,11.759,23.552056666666665,87.29690333333335 ,42.248398590087895,84.788782078644 ,16278.0,10:13:11 AM,1572669791119
3.139 ,5.632 ,5.328,23.552056666666665,87.29690333333335 ,42.248398590087895,84.788782078644 ,16278.0,10:13:11 AM,1572669791120
2.303 ,4.031 ,6.351,23.552056666666665,87.29690333333335 ,42.248398590087895,84.788782078644 ,16278.0,10:13:11 AM,1572669791124
0.89 ,4.68 ,5.483,23.552056666666665,87.29690333333335 ,42.248398590087895,84.788782078644 ,16278.0,10:13:11 AM,1572669791125
-1.382 ,4.879 ,5.487,23.552056666666665,87.29690333333335 ,42.248398590087895,84.788782078644 ,16278.0,10:13:11 AM,1572669791130
-1.783 ,5.633 ,7.954,23.552056666666665,87.29690333333335 ,42.248398590087895,84.788782078644 ,16278.0,10:13:11 AM,1572669791131
-3.403 ,6.137 ,6.153,23.552056666666665,87.29690333333335 ,42.248398590087895,84.788782078644 ,16278.0,10:13:11 AM,1572669791134
-2.687 ,6.747 ,10.228,23.552056666666665,87.29690333333335 ,42.248398590087895,84.788782078644 ,16278.0,10:13:11 AM,1572669791135
-3.479 ,6.865 ,7.36,23.552056666666665,87.29690333333335 ,42.248398590087895,84.788782078644 ,16278.0,10:13:11 AM,1572669791139
-1.856 ,4.543 ,5.741,23.552056666666665,87.29690333333335 ,42.248398590087895,84.788782078644 ,16278.0,10:13:11 AM,1572669791140
-0.658 ,0.78 ,0.852,23.552056666666665,87.29690333333335 ,42.248398590087895,84.788782078644 ,16278.0,10:13:11 AM,1572669791144
0.863 ,-1.506 ,1.666,23.552056666666665,87.29690333333335 ,42.248398590087895,84.788782078644 ,16278.0,10:13:11 AM,1572669791145
1.582 ,0.135 ,6.948,23.552056666666665,87.29690333333335 ,42.248398590087895,84.788782078644 ,16278.0,10:13:11 AM,1572669791150
1.539 ,2.853 ,16.651,23.552056666666665,87.29690333333335 ,42.248398590087895,84.788782078644 ,16278.0,10:13:11 AM,1572669791151
-0.818 ,2.966 ,14.354,23.552056666666665,87.29690333333335 ,42.248398590087895,84.788782078644 ,16278.0,10:13:11 AM,1572669791154
-1.862 ,-1.07 ,11.862,23.552056666666665,87.29690333333335 ,42.248398590087895,84.788782078644 ,16278.0,10:13:11 AM,1572669791155
-2.926 ,-3.162 ,9.85,23.552056666666665,87.29690333333335 ,42.248398590087895,84.788782078644 ,16278.0,10:13:11 AM,1572669791159
-4.848 ,-0.555 ,12.397,23.552056666666665,87.29690333333335 ,42.248398590087895,84.788782078644 ,16278.0,10:13:11 AM,1572669791160
-4.043 ,4.005 ,25.161,23.552056666666665,87.29690333333335 ,42.248398590087895,84.788782078644 ,16278.0,10:13:11 AM,1572669791164
-4.746 ,4.702 ,25.018,23.552056666666665,87.29690333333335 ,42.248398590087895,84.788782078644 ,16278.0,10:13:11 AM,1572669791165
-3.528 ,0.396 ,18.152,23.552056666666665,87.29690333333335 ,42.248398590087895,84.788782078644 ,16278.0,10:13:11 AM,1572669791170
-0.379 ,-1.901 ,13.239,23.552056666666665,87.29690333333335 ,42.248398590087895,84.788782078644 ,16278.0,10:13:11 AM,1572669791170
0.389 ,-1.173 ,11.279,23.552056666666665,87.29690333333335 ,42.248398590087895,83.22468500563392 ,16278.0,10:13:11 AM,1572669791175
3.312 ,1.934 ,18.936,23.552056666666665,87.29690333333335 ,42.248398590087895,83.22468500563392 ,16278.0,10:13:11 AM,1572669791175
3.009 ,4.091 ,18.162,23.552056666666665,87.29690333333335 ,42.248398590087895,83.22468500563392 ,16278.0,10:13:11 AM,1572669791180
3.098 ,2.214 ,10.869,23.552056666666665,87.29690333333335 ,42.248398590087895,83.22468500563392 ,16278.0,10:13:11 AM,1572669791181
3.577 ,0.326 ,5.704,23.552056666666665,87.29690333333335 ,42.248398590087895,83.22468500563392 ,16278.0,10:13:11 AM,1572669791184
0.53 ,-0.027 ,0.965,23.552056666666665,87.29690333333335 ,42.248398590087895,83.22468500563392 ,16278.0,10:13:11 AM,1572669791185
0.173 ,2.858 ,6.645,23.552056666666665,87.29690333333335 ,42.248398590087895,83.22468500563392 ,16278.0,10:13:11 AM,1572669791189
-1.69 ,6.228 ,13.055,23.552056666666665,87.29690333333335 ,42.248398590087895,83.22468500563392 ,16278.0,10:13:11 AM,1572669791191
-2.846 ,8.01 ,12.443,23.552056666666665,87.29690333333335 ,42.248398590087895,83.22468500563392 ,14810.0,10:13:11 AM,1572669791195
-2.257 ,5.903 ,11.358,23.552056666666665,87.29690333333335 ,42.248398590087895,83.22468500563392 ,14810.0,10:13:11 AM,1572669791196
-1.353 ,4.215 ,7.359,23.552056666666665,87.29690333333335 ,42.248398590087895,83.22468500563392 ,14810.0,10:13:11 AM,1572669791199
0.012 ,4.535 ,3.414,23.552056666666665,87.29690333333335 ,42.248398590087895,83.22468500563392 ,14810.0,10:13:11 AM,1572669791200
2.867 ,5.324 ,4.63,23.552056666666665,87.29690333333335 ,42.248398590087895,83.22468500563392 ,14810.0,10:13:11 AM,1572669791204
2.768 ,5.679 ,0.985,23.552056666666665,87.29690333333335 ,42.248398590087895,83.22468500563392 ,14810.0,10:13:11 AM,1572669791205
2.596 ,4.424 ,1.033,23.552056666666665,87.29690333333335 ,42.248398590087895,83.22468500563392 ,14810.0,10:13:11 AM,1572669791210
2.247 ,4.16 ,3.935,23.552056666666665,87.29690333333335 ,42.248398590087895,83.22468500563392 ,14810.0,10:13:11 AM,1572669791211
0.384 ,4.745 ,4.43,23.552056666666665,87.29690333333335 ,42.248398590087895,83.22468500563392 ,14810.0,10:13:11 AM,1572669791214
0.245 ,5.074 ,10.877,23.552056666666665,87.29690333333335 ,42.248398590087895,83.22468500563392 ,14810.0,10:13:11 AM,1572669791215
-1.535 ,6.104 ,17.188,23.552056666666665,87.29690333333335 ,42.248398590087895,83.22468500563392 ,14810.0,10:13:11 AM,1572669791219
-3.47 ,7.002 ,18.916,23.552056666666665,87.29690333333335 ,42.248398590087895,83.22468500563392 ,14810.0,10:13:11 AM,1572669791220
-2.306 ,5.475 ,18.658,23.552056666666665,87.29690333333335 ,42.248398590087895,83.22468500563392 ,14810.0,10:13:11 AM,1572669791224
-2.241 ,1.444 ,9.692,23.552056666666665,87.29690333333335 ,42.248398590087895,83.22468500563392 ,14810.0,10:13:11 AM,1572669791225
-0.229 ,-1.726 ,8.054,23.552056666666665,87.29690333333335 ,42.248398590087895,83.22468500563392 ,14810.0,10:13:11 AM,1572669791229
1.056 ,-0.292 ,11.665,23.552056666666665,87.29690333333335 ,42.248398590087895,83.22468500563392 ,14810.0,10:13:11 AM,1572669791230
2.712 ,3.715 ,16.864,23.552056666666665,87.29690333333335 ,42.248398590087895,83.22468500563392 ,14810.0,10:13:11 AM,1572669791234
3.437 ,5.282 ,20.358,23.552056666666665,87.29690333333335 ,42.248398590087895,83.22468500563392 ,14810.0,10:13:11 AM,1572669791235
2.668 ,4.227 ,18.232,23.552056666666665,87.29690333333335 ,42.248398590087895,83.22468500563392 ,14810.0,10:13:11 AM,1572669791239
1.496 ,3.084 ,13.636,23.552056666666665,87.29690333333335 ,42.248398590087895,83.22468500563392 ,14810.0,10:13:11 AM,1572669791240
-0.762 ,2.576 ,9.889,23.552056666666665,87.29690333333335 ,42.248398590087895,83.22468500563392 ,14810.0,10:13:11 AM,1572669791244
-3.345 ,2.803 ,6.673,23.552056666666665,87.29690333333335 ,42.248398590087895,83.22468500563392 ,14810.0,10:13:11 AM,1572669791245
-5.456 ,2.433 ,1.766,23.552056666666665,87.29690333333335 ,42.248398590087895,83.22468500563392 ,14810.0,10:13:11 AM,1572669791250
-6.278 ,2.19 ,3.558,23.552056666666665,87.29690333333335 ,42.248398590087895,83.22468500563392 ,14810.0,10:13:11 AM,1572669791250
-6.513 ,4.134 ,8.301,23.552056666666665,87.29690333333335 ,42.248398590087895,83.22468500563392 ,14810.0,10:13:11 AM,1572669791254
-6.633 ,6.381 ,12.572,23.552056666666665,87.29690333333335 ,42.248398590087895,83.22468500563392 ,14810.0,10:13:11 AM,1572669791255
-4.06 ,6.832 ,14.865,23.552056666666665,87.29690333333335 ,42.248398590087895,83.22468500563392 ,14810.0,10:13:11 AM,1572669791259
-1.943 ,3.498 ,4.882,23.552056666666665,87.29690333333335 ,42.248398590087895,83.22468500563392 ,14810.0,10:13:11 AM,1572669791260
2.548 ,-0.397 ,0.73,23.552056666666665,87.29690333333335 ,42.248398590087895,83.22468500563392 ,14810.0,10:13:11 AM,1572669791264
5.267 ,0.664 ,-0.273,23.552056666666665,87.29690333333335 ,42.248398590087895,83.22468500563392 ,14810.0,10:13:11 AM,1572669791265
7.841 ,4.331 ,6.483,23.552056666666665,87.29690333333335 ,42.248398590087895,83.22468500563392 ,14810.0,10:13:11 AM,1572669791270
8.301 ,6.939 ,12.162,23.552056666666665,87.29690333333335 ,42.248398590087895,83.22468500563392 ,14810.0,10:13:11 AM,1572669791270
4.578 ,4.218 ,6.329,23.552056666666665,87.29690333333335 ,42.248398590087895,83.22468500563392 ,14810.0,10:13:11 AM,1572669791274
2.109 ,-0.535 ,1.734,23.552056666666665,87.29690333333335 ,42.248398590087895,83.22468500563392 ,14810.0,10:13:11 AM,1572669791275
-2.172 ,-1.853 ,3.124,23.552056666666665,87.29690333333335 ,42.248398590087895,83.22468500563392 ,14810.0,10:13:11 AM,1572669791279
-6.679 ,2.157 ,12.006,23.552056666666665,87.29690333333335 ,42.248398590087895,83.22468500563392 ,14810.0,10:13:11 AM,1572669791280
-9.266 ,6.732 ,22.006,23.552056666666665,87.29690333333335 ,42.248398590087895,83.22468500563392 ,14810.0,10:13:11 AM,1572669791284
-11.45 ,5.54 ,23.459,23.552056666666665,87.29690333333335 ,42.248398590087895,83.22468500563392 ,14810.0,10:13:11 AM,1572669791285
-10.954 ,0.576 ,14.397,23.552056666666665,87.29690333333335 ,42.248398590087895,83.22468500563392 ,14810.0,10:13:11 AM,1572669791289
-6.454 ,-1.495 ,12.281,23.552056666666665,87.29690333333335 ,42.248398590087895,83.22468500563392 ,14810.0,10:13:11 AM,1572669791290
-2.722 ,0.989 ,10.253,23.552056666666665,87.29690333333335 ,42.248398590087895,83.22468500563392 ,14810.0,10:13:11 AM,1572669791294
3.415 ,4.189 ,13.909,23.552056666666665,87.29690333333335 ,42.248398590087895,83.22468500563392 ,14810.0,10:13:11 AM,1572669791295
8.341 ,4.786 ,15.136,23.552056666666665,87.29690333333335 ,42.248398590087895,83.22468500563392 ,14810.0,10:13:11 AM,1572669791299
9.625 ,4.152 ,10.09,23.552056666666665,87.29690333333335 ,42.248398590087895,83.22468500563392 ,14810.0,10:13:11 AM,1572669791299
11.668 ,3.077 ,8.729,23.552056666666665,87.29690333333335 ,42.248398590087895,83.22468500563392 ,14810.0,10:13:11 AM,1572669791304
