x,y,z,latitude,longitude,speed,sound,light,time,timestamp
0.142 ,5.57 ,8.529,23.551896666666668,87.296635 ,0.0,88.39137570740928 ,42224.0,10:13:50 AM,1572669830454
0.136 ,5.401 ,7.984,23.551896666666668,87.296635 ,0.0,88.39137570740928 ,42224.0,10:13:50 AM,1572669830457
0.104 ,5.039 ,7.371,23.551896666666668,87.296635 ,0.0,88.39137570740928 ,42224.0,10:13:50 AM,1572669830458
-0.004 ,4.751 ,7.612,23.551896666666668,87.296635 ,0.0,88.39137570740928 ,42224.0,10:13:50 AM,1572669830462
0.088 ,4.759 ,8.394,23.551896666666668,87.296635 ,0.0,88.39137570740928 ,42224.0,10:13:50 AM,1572669830463
0.057 ,4.874 ,9.213,23.551896666666668,87.296635 ,0.0,88.39137570740928 ,42224.0,10:13:50 AM,1572669830469
-0.071 ,4.935 ,9.595,23.551896666666668,87.296635 ,0.0,88.39137570740928 ,42224.0,10:13:50 AM,1572669830469
-0.024 ,4.769 ,9.535,23.551896666666668,87.296635 ,0.0,88.39137570740928 ,42224.0,10:13:50 AM,1572669830472
-0.067 ,4.683 ,8.963,23.551896666666668,87.296635 ,0.0,88.39137570740928 ,42224.0,10:13:50 AM,1572669830473
0.108 ,4.705 ,8.632,23.551896666666668,87.296635 ,0.0,88.39137570740928 ,42224.0,10:13:50 AM,1572669830477
0.187 ,4.749 ,8.397,23.551896666666668,87.296635 ,0.0,88.39137570740928 ,42224.0,10:13:50 AM,1572669830478
0.14 ,4.67 ,8.318,23.551896666666668,87.296635 ,0.0,88.39137570740928 ,42224.0,10:13:50 AM,1572669830483
0.104 ,4.503 ,8.502,23.551896666666668,87.296635 ,0.0,88.39137570740928 ,42224.0,10:13:50 AM,1572669830483
0.0 ,4.345 ,8.965,23.551896666666668,87.296635 ,0.0,88.39137570740928 ,42224.0,10:13:50 AM,1572669830489
-0.136 ,4.198 ,9.375,23.551896666666668,87.296635 ,0.0,88.39137570740928 ,42224.0,10:13:50 AM,1572669830490
-0.194 ,4.191 ,9.774,23.551896666666668,87.296635 ,0.0,88.39137570740928 ,42224.0,10:13:50 AM,1572669830493
-0.206 ,4.162 ,9.919,23.551896666666668,87.296635 ,0.0,88.39137570740928 ,42224.0,10:13:50 AM,1572669830494
-0.245 ,4.161 ,9.764,23.551896666666668,87.296635 ,0.0,88.39137570740928 ,42224.0,10:13:50 AM,1572669830498
-0.157 ,4.163 ,9.4,23.551896666666668,87.296635 ,0.0,88.39137570740928 ,42224.0,10:13:50 AM,1572669830499
-0.083 ,4.188 ,9.171,23.551896666666668,87.296635 ,0.0,88.39137570740928 ,42224.0,10:13:50 AM,1572669830504
-0.028 ,4.258 ,8.948,23.551896666666668,87.296635 ,0.0,88.39137570740928 ,42224.0,10:13:50 AM,1572669830504
0.019 ,4.428 ,8.896,23.551896666666668,87.296635 ,0.0,88.39137570740928 ,42224.0,10:13:50 AM,1572669830509
-0.028 ,4.453 ,8.853,23.551896666666668,87.296635 ,0.0,88.39137570740928 ,42224.0,10:13:50 AM,1572669830509
-0.073 ,4.349 ,8.774,23.551896666666668,87.296635 ,0.0,88.39137570740928 ,42224.0,10:13:50 AM,1572669830513
-0.179 ,4.443 ,8.958,23.551896666666668,87.296635 ,0.0,88.39137570740928 ,42224.0,10:13:50 AM,1572669830514
-0.184 ,4.513 ,9.237,23.551896666666668,87.296635 ,0.0,88.39137570740928 ,42224.0,10:13:50 AM,1572669830518
-0.162 ,4.709 ,9.256,23.551896666666668,87.296635 ,0.0,88.39137570740928 ,42224.0,10:13:50 AM,1572669830518
-0.096 ,4.84 ,9.1,23.551896666666668,87.296635 ,0.0,88.39137570740928 ,42224.0,10:13:50 AM,1572669830522
-0.039 ,4.727 ,8.678,23.551896666666668,87.296635 ,0.0,88.39137570740928 ,42224.0,10:13:50 AM,1572669830523
0.009 ,4.786 ,8.234,23.551896666666668,87.296635 ,0.0,88.39137570740928 ,42224.0,10:13:50 AM,1572669830528
0.021 ,4.783 ,8.023,23.551896666666668,87.296635 ,0.0,88.39137570740928 ,42224.0,10:13:50 AM,1572669830529
-0.027 ,4.91 ,8.048,23.551896666666668,87.296635 ,0.0,89.02796997223928 ,42224.0,10:13:50 AM,1572669830533
-0.073 ,5.026 ,8.198,23.551896666666668,87.296635 ,0.0,89.02796997223928 ,42224.0,10:13:50 AM,1572669830534
-0.149 ,5.093 ,8.339,23.551896666666668,87.296635 ,0.0,89.02796997223928 ,42224.0,10:13:50 AM,1572669830537
-0.076 ,5.247 ,8.416,23.551896666666668,87.296635 ,0.0,89.02796997223928 ,42224.0,10:13:50 AM,1572669830538
0.048 ,5.321 ,8.373,23.551896666666668,87.296635 ,0.0,89.02796997223928 ,42224.0,10:13:50 AM,1572669830542
0.091 ,5.315 ,8.025,23.551896666666668,87.296635 ,0.0,89.02796997223928 ,42224.0,10:13:50 AM,1572669830543
0.136 ,5.31 ,7.695,23.551896666666668,87.296635 ,0.0,89.02796997223928 ,42224.0,10:13:50 AM,1572669830548
0.197 ,5.345 ,7.617,23.551896666666668,87.296635 ,0.0,89.02796997223928 ,42224.0,10:13:50 AM,1572669830549
0.117 ,5.42 ,7.703,23.551896666666668,87.296635 ,0.0,89.02796997223928 ,42224.0,10:13:50 AM,1572669830552
-0.022 ,5.369 ,7.961,23.551896666666668,87.296635 ,0.0,89.02796997223928 ,42224.0,10:13:50 AM,1572669830553
-0.149 ,5.268 ,8.174,23.551896666666668,87.296635 ,0.0,89.02796997223928 ,42224.0,10:13:50 AM,1572669830557
-0.209 ,5.17 ,8.425,23.551896666666668,87.296635 ,0.0,89.02796997223928 ,42224.0,10:13:50 AM,1572669830558
-0.239 ,5.099 ,8.576,23.551896666666668,87.296635 ,0.0,89.02796997223928 ,42224.0,10:13:50 AM,1572669830562
-0.148 ,4.969 ,8.618,23.551896666666668,87.296635 ,0.0,89.02796997223928 ,42224.0,10:13:50 AM,1572669830563
-0.028 ,4.86 ,8.611,23.551896666666668,87.296635 ,0.0,89.02796997223928 ,42224.0,10:13:50 AM,1572669830568
0.087 ,4.715 ,8.576,23.551896666666668,87.296635 ,0.0,89.02796997223928 ,42224.0,10:13:50 AM,1572669830569
0.135 ,4.687 ,8.539,23.551896666666668,87.296635 ,0.0,89.02796997223928 ,42224.0,10:13:50 AM,1572669830573
0.154 ,4.654 ,8.555,23.551896666666668,87.296635 ,0.0,89.02796997223928 ,42224.0,10:13:50 AM,1572669830573
0.011 ,4.594 ,8.74,23.551896666666668,87.296635 ,0.0,89.02796997223928 ,42224.0,10:13:50 AM,1572669830577
-0.148 ,4.482 ,8.874,23.551896666666668,87.296635 ,0.0,89.02796997223928 ,42224.0,10:13:50 AM,1572669830578
-0.27 ,4.446 ,9.166,23.551896666666668,87.296635 ,0.0,89.02796997223928 ,42224.0,10:13:50 AM,1572669830582
-0.23 ,4.432 ,9.285,23.551896666666668,87.296635 ,0.0,89.02796997223928 ,42224.0,10:13:50 AM,1572669830583
-0.253 ,4.4 ,9.372,23.551896666666668,87.296635 ,0.0,89.02796997223928 ,42224.0,10:13:50 AM,1572669830588
-0.196 ,4.316 ,9.355,23.551896666666668,87.296635 ,0.0,89.02796997223928 ,42224.0,10:13:50 AM,1572669830589
-0.079 ,4.297 ,9.122,23.551896666666668,87.296635 ,0.0,89.02796997223928 ,42224.0,10:13:50 AM,1572669830592
0.061 ,4.304 ,8.946,23.551896666666668,87.296635 ,0.0,89.02796997223928 ,42224.0,10:13:50 AM,1572669830593
0.034 ,4.341 ,8.883,23.551896666666668,87.296635 ,0.0,89.02796997223928 ,42274.0,10:13:50 AM,1572669830597
0.013 ,4.382 ,8.79,23.551896666666668,87.296635 ,0.0,89.02796997223928 ,42274.0,10:13:50 AM,1572669830598
-0.097 ,4.5 ,8.932,23.551896666666668,87.296635 ,0.0,89.02796997223928 ,42274.0,10:13:50 AM,1572669830602
-0.162 ,4.605 ,9.085,23.551896666666668,87.296635 ,0.0,89.02796997223928 ,42274.0,10:13:50 AM,1572669830604
-0.243 ,4.675 ,9.102,23.551896666666668,87.296635 ,0.0,89.02796997223928 ,42274.0,10:13:50 AM,1572669830608
-0.303 ,4.715 ,8.94,23.551896666666668,87.296635 ,0.0,89.02796997223928 ,42274.0,10:13:50 AM,1572669830609
-0.254 ,4.705 ,8.772,23.551896666666668,87.296635 ,0.0,89.02796997223928 ,42274.0,10:13:50 AM,1572669830612
-0.151 ,4.787 ,8.611,23.551896666666668,87.296635 ,0.0,89.02796997223928 ,42274.0,10:13:50 AM,1572669830613
-0.02 ,4.783 ,8.392,23.551896666666668,87.296635 ,0.0,89.02796997223928 ,42274.0,10:13:50 AM,1572669830617
0.011 ,4.885 ,8.329,23.551896666666668,87.296635 ,0.0,89.02796997223928 ,42274.0,10:13:50 AM,1572669830618
0.067 ,4.963 ,8.309,23.551896666666668,87.296635 ,0.0,89.02796997223928 ,42274.0,10:13:50 AM,1572669830622
0.009 ,5.007 ,8.237,23.551896666666668,87.296635 ,0.0,89.02796997223928 ,42274.0,10:13:50 AM,1572669830623
0.008 ,5.048 ,8.247,23.551896666666668,87.296635 ,0.0,89.02796997223928 ,42274.0,10:13:50 AM,1572669830628
-0.12 ,5.147 ,8.314,23.551896666666668,87.296635 ,0.0,89.02796997223928 ,42274.0,10:13:50 AM,1572669830629
-0.079 ,5.154 ,8.3,23.551896666666668,87.296635 ,0.0,89.02796997223928 ,42274.0,10:13:50 AM,1572669830633
-0.107 ,5.171 ,8.313,23.551896666666668,87.296635 ,0.0,89.02796997223928 ,42274.0,10:13:50 AM,1572669830633
0.0 ,5.199 ,8.341,23.551896666666668,87.296635 ,0.0,89.02796997223928 ,42274.0,10:13:50 AM,1572669830637
0.052 ,5.129 ,8.265,23.551896666666668,87.296635 ,0.0,89.02796997223928 ,42274.0,10:13:50 AM,1572669830638
0.085 ,5.177 ,8.277,23.551896666666668,87.296635 ,0.0,89.02796997223928 ,42274.0,10:13:50 AM,1572669830642
0.158 ,5.069 ,8.3,23.551896666666668,87.296635 ,0.0,89.02796997223928 ,42274.0,10:13:50 AM,1572669830643
0.098 ,5.017 ,8.344,23.551896666666668,87.296635 ,0.0,89.02796997223928 ,42274.0,10:13:50 AM,1572669830648
0.07 ,5.021 ,8.466,23.551896666666668,87.296635 ,0.0,89.02796997223928 ,42274.0,10:13:50 AM,1572669830649
-0.048 ,4.951 ,8.592,23.551896666666668,87.296635 ,0.0,89.02796997223928 ,42274.0,10:13:50 AM,1572669830652
-0.053 ,4.865 ,8.661,23.551896666666668,87.296635 ,0.0,89.02796997223928 ,42274.0,10:13:50 AM,1572669830653
-0.126 ,4.835 ,8.665,23.551896666666668,87.296635 ,0.0,89.02796997223928 ,42274.0,10:13:50 AM,1572669830657
-0.127 ,4.763 ,8.699,23.551896666666668,87.296635 ,0.0,89.02796997223928 ,42274.0,10:13:50 AM,1572669830658
-0.024 ,4.772 ,8.733,23.551896666666668,87.296635 ,0.0,89.02796997223928 ,42274.0,10:13:50 AM,1572669830662
0.024 ,4.702 ,8.748,23.551896666666668,87.296635 ,0.0,89.02796997223928 ,42274.0,10:13:50 AM,1572669830662
0.031 ,4.683 ,8.735,23.551896666666668,87.296635 ,0.0,89.02796997223928 ,42274.0,10:13:50 AM,1572669830667
0.049 ,4.588 ,8.828,23.551896666666668,87.296635 ,0.0,89.02796997223928 ,42274.0,10:13:50 AM,1572669830668
0.043 ,4.617 ,8.954,23.551896666666668,87.296635 ,0.0,89.02796997223928 ,42274.0,10:13:50 AM,1572669830672
0.068 ,4.629 ,8.95,23.551896666666668,87.296635 ,0.0,89.02796997223928 ,42274.0,10:13:50 AM,1572669830673
0.031 ,4.613 ,9.008,23.551896666666668,87.296635 ,0.0,89.02796997223928 ,42274.0,10:13:50 AM,1572669830677
0.08 ,4.595 ,8.934,23.551896666666668,87.296635 ,0.0,89.02796997223928 ,42274.0,10:13:50 AM,1572669830678
-0.017 ,4.586 ,8.944,23.551896666666668,87.296635 ,0.0,89.02796997223928 ,42274.0,10:13:50 AM,1572669830682
0.042 ,4.631 ,8.886,23.551896666666668,87.296635 ,0.0,89.02796997223928 ,42274.0,10:13:50 AM,1572669830682
0.074 ,4.692 ,8.899,23.551896666666668,87.296635 ,0.0,89.02796997223928 ,42274.0,10:13:50 AM,1572669830687
0.036 ,4.755 ,8.875,23.551896666666668,87.296635 ,0.0,89.02796997223928 ,42274.0,10:13:50 AM,1572669830688
0.046 ,4.794 ,8.82,23.551896666666668,87.296635 ,0.0,89.02796997223928 ,42274.0,10:13:50 AM,1572669830692
-0.002 ,4.805 ,8.692,23.551896666666668,87.296635 ,0.0,89.02796997223928 ,42274.0,10:13:50 AM,1572669830694
0.09 ,4.824 ,8.606,23.551896666666668,87.296635 ,0.0,89.02796997223928 ,42274.0,10:13:50 AM,1572669830697
0.026 ,4.813 ,8.635,23.551896666666668,87.296635 ,0.0,89.02796997223928 ,42274.0,10:13:50 AM,1572669830698
0.02 ,4.897 ,8.588,23.551896666666668,87.296635 ,0.0,89.02796997223928 ,42274.0,10:13:50 AM,1572669830702
