x,y,z,latitude,longitude,speed,sound,light,time,timestamp
0.527 ,3.229 ,18.055,23.559866666666668,87.29883666666667 ,42.837653732299806,84.35099553382744 ,13878.0,10:11:45 AM,1572669705286
1.296 ,2.821 ,20.301,23.559866666666668,87.29883666666667 ,42.837653732299806,84.35099553382744 ,13878.0,10:11:45 AM,1572669705290
0.213 ,1.547 ,15.054,23.559866666666668,87.29883666666667 ,42.837653732299806,84.35099553382744 ,13878.0,10:11:45 AM,1572669705291
-1.903 ,0.547 ,11.023,23.559866666666668,87.29883666666667 ,42.837653732299806,84.35099553382744 ,13878.0,10:11:45 AM,1572669705295
-2.121 ,0.635 ,15.381,23.559866666666668,87.29883666666667 ,42.837653732299806,84.35099553382744 ,13878.0,10:11:45 AM,1572669705296
-6.625 ,1.242 ,12.439,23.559866666666668,87.29883666666667 ,42.837653732299806,84.35099553382744 ,13878.0,10:11:45 AM,1572669705300
-5.524 ,-0.46 ,16.52,23.559866666666668,87.29883666666667 ,42.837653732299806,84.35099553382744 ,13878.0,10:11:45 AM,1572669705301
-7.708 ,-1.891 ,6.964,23.559866666666668,87.29883666666667 ,42.837653732299806,84.35099553382744 ,13878.0,10:11:45 AM,1572669705305
-6.461 ,-2.971 ,6.721,23.559866666666668,87.29883666666667 ,42.837653732299806,84.35099553382744 ,13878.0,10:11:45 AM,1572669705306
-4.407 ,-1.483 ,5.624,23.559866666666668,87.29883666666667 ,42.837653732299806,84.35099553382744 ,13878.0,10:11:45 AM,1572669705310
-4.723 ,2.972 ,11.509,23.559866666666668,87.29883666666667 ,42.837653732299806,84.35099553382744 ,13878.0,10:11:45 AM,1572669705312
-3.998 ,4.194 ,12.203,23.559866666666668,87.29883666666667 ,42.837653732299806,84.35099553382744 ,13878.0,10:11:45 AM,1572669705315
-0.635 ,3.501 ,9.132,23.559866666666668,87.29883666666667 ,42.837653732299806,84.35099553382744 ,13878.0,10:11:45 AM,1572669705316
-0.903 ,3.593 ,-3.229,23.559866666666668,87.29883666666667 ,42.837653732299806,84.35099553382744 ,13878.0,10:11:45 AM,1572669705320
3.481 ,5.798 ,-3.538,23.559866666666668,87.29883666666667 ,42.837653732299806,84.35099553382744 ,13878.0,10:11:45 AM,1572669705320
5.94 ,7.46 ,5.57,23.559866666666668,87.29883666666667 ,42.837653732299806,84.35099553382744 ,13878.0,10:11:45 AM,1572669705325
0.683 ,7.946 ,-3.86,23.559866666666668,87.29883666666667 ,42.837653732299806,84.35099553382744 ,13878.0,10:11:45 AM,1572669705326
2.606 ,6.049 ,-1.816,23.559866666666668,87.29883666666667 ,42.837653732299806,84.35099553382744 ,13878.0,10:11:45 AM,1572669705330
4.608 ,6.131 ,-2.306,23.559866666666668,87.29883666666667 ,42.837653732299806,84.35099553382744 ,13878.0,10:11:45 AM,1572669705331
1.728 ,4.485 ,5.624,23.559866666666668,87.29883666666667 ,42.837653732299806,84.35099553382744 ,13878.0,10:11:45 AM,1572669705335
-0.117 ,9.669 ,13.536,23.559866666666668,87.29883666666667 ,42.837653732299806,84.35099553382744 ,13878.0,10:11:45 AM,1572669705336
-1.619 ,13.583 ,25.722,23.559866666666668,87.29883666666667 ,42.837653732299806,84.35099553382744 ,13878.0,10:11:45 AM,1572669705340
-3.009 ,12.19 ,16.2,23.559866666666668,87.29883666666667 ,42.837653732299806,84.35099553382744 ,13878.0,10:11:45 AM,1572669705341
-1.113 ,4.959 ,6.335,23.559866666666668,87.29883666666667 ,42.837653732299806,84.35099553382744 ,13878.0,10:11:45 AM,1572669705345
-0.278 ,-0.453 ,2.21,23.559866666666668,87.29883666666667 ,42.837653732299806,84.35099553382744 ,13878.0,10:11:45 AM,1572669705346
3.102 ,2.972 ,18.37,23.559866666666668,87.29883666666667 ,42.837653732299806,84.35099553382744 ,13878.0,10:11:45 AM,1572669705350
2.231 ,8.249 ,32.139,23.559866666666668,87.29883666666667 ,42.837653732299806,84.35099553382744 ,13878.0,10:11:45 AM,1572669705351
4.791 ,5.971 ,34.905,23.559866666666668,87.29883666666667 ,42.837653732299806,84.35099553382744 ,13878.0,10:11:45 AM,1572669705355
2.932 ,0.049 ,23.186,23.559866666666668,87.29883666666667 ,42.837653732299806,84.35099553382744 ,13878.0,10:11:45 AM,1572669705355
5.934 ,-2.717 ,21.772,23.559866666666668,87.29883666666667 ,42.837653732299806,84.35099553382744 ,13878.0,10:11:45 AM,1572669705360
3.958 ,1.344 ,17.367,23.559866666666668,87.29883666666667 ,42.837653732299806,84.35099553382744 ,13878.0,10:11:45 AM,1572669705361
1.332 ,4.466 ,13.043,23.559866666666668,87.29883666666667 ,42.837653732299806,84.35099553382744 ,13878.0,10:11:45 AM,1572669705365
2.222 ,5.083 ,14.149,23.559866666666668,87.29883666666667 ,42.837653732299806,84.35099553382744 ,13878.0,10:11:45 AM,1572669705366
-2.98 ,1.54 ,2.276,23.559866666666668,87.29883666666667 ,42.837653732299806,84.35099553382744 ,13878.0,10:11:45 AM,1572669705370
-2.4 ,-0.282 ,-1.533,23.559866666666668,87.29883666666667 ,42.837653732299806,84.35099553382744 ,13878.0,10:11:45 AM,1572669705371
-2.122 ,-1.272 ,-1.617,23.559866666666668,87.29883666666667 ,42.837653732299806,84.35099553382744 ,13878.0,10:11:45 AM,1572669705375
-2.569 ,-1.562 ,-0.617,23.559866666666668,87.29883666666667 ,42.837653732299806,84.35099553382744 ,13878.0,10:11:45 AM,1572669705375
-2.037 ,1.763 ,3.482,23.559866666666668,87.29883666666667 ,42.837653732299806,84.35099553382744 ,13878.0,10:11:45 AM,1572669705380
-3.356 ,4.472 ,-0.343,23.559866666666668,87.29883666666667 ,42.837653732299806,84.35099553382744 ,13878.0,10:11:45 AM,1572669705380
-0.884 ,2.331 ,-3.467,23.559866666666668,87.29883666666667 ,42.837653732299806,84.35099553382744 ,13878.0,10:11:45 AM,1572669705385
-2.924 ,0.367 ,-8.488,23.559866666666668,87.29883666666667 ,42.837653732299806,84.35099553382744 ,13878.0,10:11:45 AM,1572669705386
-3.254 ,1.886 ,-7.508,23.559866666666668,87.29883666666667 ,42.837653732299806,84.35099553382744 ,13878.0,10:11:45 AM,1572669705390
-0.74 ,5.93 ,-4.435,23.559866666666668,87.29883666666667 ,42.837653732299806,84.35099553382744 ,13878.0,10:11:45 AM,1572669705391
1.166 ,7.97 ,-3.773,23.559866666666668,87.29883666666667 ,42.837653732299806,84.35099553382744 ,14488.0,10:11:45 AM,1572669705395
5.537 ,4.665 ,3.135,23.559866666666668,87.29883666666667 ,42.837653732299806,84.35099553382744 ,14488.0,10:11:45 AM,1572669705395
2.467 ,10.107 ,6.434,23.559866666666668,87.29883666666667 ,42.837653732299806,84.35099553382744 ,14488.0,10:11:45 AM,1572669705400
0.505 ,14.216 ,11.233,23.559866666666668,87.29883666666667 ,42.837653732299806,84.35099553382744 ,14488.0,10:11:45 AM,1572669705400
5.879 ,13.532 ,9.639,23.559866666666668,87.29883666666667 ,42.837653732299806,84.35099553382744 ,14488.0,10:11:45 AM,1572669705405
1.13 ,10.246 ,-8.515,23.559866666666668,87.29883666666667 ,42.837653732299806,84.35099553382744 ,14488.0,10:11:45 AM,1572669705406
3.744 ,7.321 ,-3.188,23.559866666666668,87.29883666666667 ,42.837653732299806,84.35099553382744 ,14488.0,10:11:45 AM,1572669705410
3.789 ,8.458 ,15.804,23.559866666666668,87.29883666666667 ,42.837653732299806,84.35099553382744 ,14488.0,10:11:45 AM,1572669705411
-1.371 ,14.219 ,20.531,23.559866666666668,87.29883666666667 ,42.837653732299806,84.35099553382744 ,14488.0,10:11:45 AM,1572669705416
1.069 ,15.622 ,20.2,23.559866666666668,87.29883666666667 ,42.837653732299806,84.35099553382744 ,14488.0,10:11:45 AM,1572669705417
0.946 ,8.224 ,7.65,23.559866666666668,87.29883666666667 ,42.837653732299806,84.35099553382744 ,14488.0,10:11:45 AM,1572669705420
2.086 ,0.848 ,5.323,23.559866666666668,87.29883666666667 ,42.837653732299806,84.35099553382744 ,14488.0,10:11:45 AM,1572669705421
-0.404 ,2.104 ,-2.601,23.559866666666668,87.29883666666667 ,42.837653732299806,84.35099553382744 ,14488.0,10:11:45 AM,1572669705425
-1.096 ,12.265 ,18.584,23.559866666666668,87.29883666666667 ,42.837653732299806,84.35099553382744 ,14488.0,10:11:45 AM,1572669705426
-0.348 ,17.225 ,30.252,23.559866666666668,87.29883666666667 ,42.837653732299806,84.35099553382744 ,14488.0,10:11:45 AM,1572669705430
2.357 ,8.978 ,30.718,23.559866666666668,87.29883666666667 ,42.837653732299806,84.35099553382744 ,14488.0,10:11:45 AM,1572669705431
-3.221 ,2.238 ,15.772,23.559866666666668,87.29883666666667 ,42.837653732299806,84.35099553382744 ,14488.0,10:11:45 AM,1572669705434
2.284 ,3.047 ,25.482,23.559866666666668,87.29883666666667 ,42.837653732299806,84.35099553382744 ,14488.0,10:11:45 AM,1572669705435
4.42 ,6.442 ,21.684,23.559866666666668,87.29883666666667 ,42.837653732299806,84.35099553382744 ,14488.0,10:11:45 AM,1572669705439
3.75 ,6.806 ,2.982,23.559866666666668,87.29883666666667 ,42.837653732299806,84.35099553382744 ,14488.0,10:11:45 AM,1572669705440
4.883 ,3.566 ,8.503,23.559866666666668,87.29883666666667 ,42.837653732299806,84.35099553382744 ,14488.0,10:11:45 AM,1572669705445
0.881 ,-0.293 ,8.416,23.559866666666668,87.29883666666667 ,42.837653732299806,84.35099553382744 ,14488.0,10:11:45 AM,1572669705446
-4.514 ,-0.951 ,4.829,23.559866666666668,87.29883666666667 ,42.837653732299806,84.35099553382744 ,14488.0,10:11:45 AM,1572669705450
-7.547 ,1.623 ,-0.058,23.559866666666668,87.29883666666667 ,42.837653732299806,84.35099553382744 ,14488.0,10:11:45 AM,1572669705451
-5.599 ,-0.219 ,5.757,23.559866666666668,87.29883666666667 ,42.837653732299806,84.35099553382744 ,14488.0,10:11:45 AM,1572669705454
-8.36 ,-4.69 ,0.073,23.559866666666668,87.29883666666667 ,42.837653732299806,84.35099553382744 ,14488.0,10:11:45 AM,1572669705455
-11.79 ,-1.229 ,2.766,23.559866666666668,87.29883666666667 ,42.837653732299806,84.35099553382744 ,14488.0,10:11:45 AM,1572669705459
-9.859 ,2.412 ,7.386,23.559866666666668,87.29883666666667 ,42.837653732299806,84.35099553382744 ,14488.0,10:11:45 AM,1572669705460
-4.919 ,1.922 ,13.16,23.559866666666668,87.29883666666667 ,42.837653732299806,84.35099553382744 ,14488.0,10:11:45 AM,1572669705465
-7.942 ,-0.708 ,1.144,23.559866666666668,87.29883666666667 ,42.837653732299806,84.35099553382744 ,14488.0,10:11:45 AM,1572669705466
-2.686 ,-0.912 ,7.247,23.559866666666668,87.29883666666667 ,42.837653732299806,84.35099553382744 ,14488.0,10:11:45 AM,1572669705470
0.608 ,1.837 ,15.135,23.559866666666668,87.29883666666667 ,42.837653732299806,84.35099553382744 ,14488.0,10:11:45 AM,1572669705471
-0.271 ,6.264 ,20.774,23.559866666666668,87.29883666666667 ,42.837653732299806,84.35099553382744 ,14488.0,10:11:45 AM,1572669705474
-0.544 ,6.187 ,21.615,23.559866666666668,87.29883666666667 ,42.837653732299806,84.35099553382744 ,14488.0,10:11:45 AM,1572669705475
0.292 ,1.875 ,26.205,23.559866666666668,87.29883666666667 ,42.837653732299806,84.35099553382744 ,14488.0,10:11:45 AM,1572669705479
-0.707 ,-2.447 ,15.437,23.559866666666668,87.29883666666667 ,42.837653732299806,84.35099553382744 ,14488.0,10:11:45 AM,1572669705480
1.406 ,-0.504 ,14.629,23.559866666666668,87.29883666666667 ,42.837653732299806,84.35099553382744 ,14488.0,10:11:45 AM,1572669705484
2.897 ,4.416 ,21.036,23.559866666666668,87.29883666666667 ,42.837653732299806,84.35099553382744 ,14488.0,10:11:45 AM,1572669705485
3.731 ,7.774 ,25.392,23.559866666666668,87.29883666666667 ,42.837653732299806,84.35099553382744 ,14488.0,10:11:45 AM,1572669705490
2.041 ,9.583 ,26.362,23.559866666666668,87.29883666666667 ,42.837653732299806,84.35099553382744 ,14488.0,10:11:45 AM,1572669705491
1.964 ,6.023 ,17.756,23.559866666666668,87.29883666666667 ,42.837653732299806,84.35099553382744 ,14488.0,10:11:45 AM,1572669705496
5.468 ,2.711 ,7.794,23.559866666666668,87.29883666666667 ,42.837653732299806,84.35099553382744 ,14488.0,10:11:45 AM,1572669705497
3.473 ,0.661 ,-0.254,23.559866666666668,87.29883666666667 ,42.837653732299806,84.35099553382744 ,14488.0,10:11:45 AM,1572669705500
6.646 ,3.428 ,11.35,23.559866666666668,87.29883666666667 ,42.837653732299806,84.35099553382744 ,14488.0,10:11:45 AM,1572669705500
6.043 ,10.016 ,18.218,23.559866666666668,87.29883666666667 ,42.837653732299806,84.35099553382744 ,14488.0,10:11:45 AM,1572669705505
7.093 ,10.844 ,16.457,23.559866666666668,87.29883666666667 ,42.837653732299806,84.35099553382744 ,14488.0,10:11:45 AM,1572669705505
6.042 ,4.829 ,6.985,23.559866666666668,87.29883666666667 ,42.837653732299806,84.35099553382744 ,14488.0,10:11:45 AM,1572669705510
4.272 ,-1.677 ,-1.455,23.559866666666668,87.29883666666667 ,42.837653732299806,84.35099553382744 ,14488.0,10:11:45 AM,1572669705511
2.839 ,-0.913 ,0.825,23.559866666666668,87.29883666666667 ,42.837653732299806,84.35099553382744 ,14488.0,10:11:45 AM,1572669705514
-0.89 ,5.223 ,5.424,23.559866666666668,87.29883666666667 ,42.837653732299806,84.35099553382744 ,14488.0,10:11:45 AM,1572669705515
-4.888 ,8.382 ,6.221,23.559866666666668,87.29883666666667 ,42.837653732299806,84.35099553382744 ,14488.0,10:11:45 AM,1572669705519
-5.811 ,4.716 ,4.344,23.559866666666668,87.29883666666667 ,42.837653732299806,84.35099553382744 ,14488.0,10:11:45 AM,1572669705520
-9.106 ,0.472 ,-3.507,23.559866666666668,87.29883666666667 ,42.837653732299806,84.35099553382744 ,14488.0,10:11:45 AM,1572669705524
-8.165 ,0.342 ,2.649,23.559866666666668,87.29883666666667 ,42.837653732299806,84.35099553382744 ,14488.0,10:11:45 AM,1572669705525
-8.287 ,5.795 ,8.732,23.559866666666668,87.29883666666667 ,42.837653732299806,84.35099553382744 ,14488.0,10:11:45 AM,1572669705530
-7.699 ,8.083 ,11.211,23.559866666666668,87.29883666666667 ,42.837653732299806,84.35099553382744 ,14488.0,10:11:45 AM,1572669705531
-4.424 ,4.63 ,11.053,23.559866666666668,87.29883666666667 ,42.837653732299806,84.35099553382744 ,14488.0,10:11:45 AM,1572669705535
