x,y,z,latitude,longitude,speed,sound,light,time,timestamp
-0.673 ,5.235 ,7.706,23.559986666666667,87.29885166666666 ,45.01492767333985,85.34067371748233 ,9981.0,10:11:44 AM,1572669704040
-1.432 ,7.885 ,4.278,23.559986666666667,87.29885166666666 ,45.01492767333985,85.34067371748233 ,9981.0,10:11:44 AM,1572669704044
2.223 ,6.52 ,6.967,23.559986666666667,87.29885166666666 ,45.01492767333985,85.34067371748233 ,9981.0,10:11:44 AM,1572669704045
2.313 ,4.701 ,3.281,23.559986666666667,87.29885166666666 ,45.01492767333985,85.34067371748233 ,9981.0,10:11:44 AM,1572669704050
3.284 ,4.721 ,4.823,23.559986666666667,87.29885166666666 ,45.01492767333985,85.34067371748233 ,9981.0,10:11:44 AM,1572669704050
4.415 ,7.351 ,10.436,23.559986666666667,87.29885166666666 ,45.01492767333985,85.34067371748233 ,9981.0,10:11:44 AM,1572669704054
1.351 ,8.831 ,8.489,23.559986666666667,87.29885166666666 ,45.01492767333985,85.34067371748233 ,9981.0,10:11:44 AM,1572669704055
3.005 ,6.498 ,14.482,23.559986666666667,87.29885166666666 ,45.01492767333985,85.34067371748233 ,9981.0,10:11:44 AM,1572669704059
-1.717 ,5.372 ,6.564,23.559986666666667,87.29885166666666 ,45.01492767333985,85.34067371748233 ,9981.0,10:11:44 AM,1572669704060
0.015 ,4.356 ,11.644,23.559986666666667,87.29885166666666 ,45.01492767333985,85.34067371748233 ,9981.0,10:11:44 AM,1572669704093
-1.911 ,4.83 ,11.197,23.559986666666667,87.29885166666666 ,45.01492767333985,85.34067371748233 ,9981.0,10:11:44 AM,1572669704093
-2.809 ,4.509 ,10.776,23.559986666666667,87.29885166666666 ,45.01492767333985,85.34067371748233 ,9981.0,10:11:44 AM,1572669704094
-1.497 ,3.413 ,11.637,23.559986666666667,87.29885166666666 ,45.01492767333985,85.34067371748233 ,9981.0,10:11:44 AM,1572669704095
-3.03 ,1.977 ,2.497,23.559986666666667,87.29885166666666 ,45.01492767333985,85.34067371748233 ,9981.0,10:11:44 AM,1572669704096
-0.55 ,1.452 ,8.307,23.559986666666667,87.29885166666666 ,45.01492767333985,85.34067371748233 ,9981.0,10:11:44 AM,1572669704096
-2.192 ,3.35 ,9.794,23.559986666666667,87.29885166666666 ,45.01492767333985,85.34067371748233 ,9981.0,10:11:44 AM,1572669704098
-1.661 ,5.525 ,11.593,23.559986666666667,87.29885166666666 ,45.01492767333985,85.34067371748233 ,9981.0,10:11:44 AM,1572669704100
-1.228 ,5.455 ,11.844,23.559986666666667,87.29885166666666 ,45.01492767333985,85.34067371748233 ,9981.0,10:11:44 AM,1572669704101
-1.579 ,2.059 ,5.574,23.559986666666667,87.29885166666666 ,45.01492767333985,85.34067371748233 ,9981.0,10:11:44 AM,1572669704102
0.008 ,-0.562 ,7.502,23.559986666666667,87.29885166666666 ,45.01492767333985,85.34067371748233 ,9981.0,10:11:44 AM,1572669704102
-1.516 ,0.512 ,2.771,23.559986666666667,87.29885166666666 ,45.01492767333985,85.34067371748233 ,9981.0,10:11:44 AM,1572669704103
1.968 ,1.276 ,8.379,23.559986666666667,87.29885166666666 ,45.01492767333985,85.34067371748233 ,9981.0,10:11:44 AM,1572669704104
0.785 ,1.751 ,5.07,23.559986666666667,87.29885166666666 ,45.01492767333985,85.34067371748233 ,9981.0,10:11:44 AM,1572669704104
1.403 ,1.601 ,9.357,23.559986666666667,87.29885166666666 ,45.01492767333985,85.34067371748233 ,9981.0,10:11:44 AM,1572669704105
0.925 ,3.46 ,16.235,23.559986666666667,87.29885166666666 ,45.01492767333985,85.34067371748233 ,9981.0,10:11:44 AM,1572669704106
-1.014 ,6.149 ,14.88,23.559986666666667,87.29885166666666 ,45.01492767333985,85.34067371748233 ,9981.0,10:11:44 AM,1572669704106
0.212 ,5.693 ,17.922,23.559986666666667,87.29885166666666 ,45.01492767333985,85.34067371748233 ,9981.0,10:11:44 AM,1572669704107
-2.76 ,2.552 ,7.503,23.559986666666667,87.29885166666666 ,45.01492767333985,85.34067371748233 ,9981.0,10:11:44 AM,1572669704109
-0.4 ,0.05 ,13.0,23.559986666666667,87.29885166666666 ,45.01492767333985,85.34067371748233 ,9981.0,10:11:44 AM,1572669704110
-2.896 ,2.625 ,10.021,23.559986666666667,87.29885166666666 ,45.01492767333985,85.34067371748233 ,9981.0,10:11:44 AM,1572669704115
-1.843 ,3.821 ,13.539,23.559986666666667,87.29885166666666 ,45.01492767333985,85.34067371748233 ,9981.0,10:11:44 AM,1572669704116
-0.828 ,2.873 ,15.912,23.559986666666667,87.29885166666666 ,45.01492767333985,85.34067371748233 ,9981.0,10:11:44 AM,1572669704119
-2.58 ,2.17 ,9.245,23.559986666666667,87.29885166666666 ,45.01492767333985,85.34067371748233 ,9981.0,10:11:44 AM,1572669704120
0.208 ,3.697 ,16.202,23.559986666666667,87.29885166666666 ,45.01492767333985,85.34067371748233 ,9981.0,10:11:44 AM,1572669704123
-2.343 ,6.016 ,10.584,23.559986666666667,87.29885166666666 ,45.01492767333985,85.34067371748233 ,9981.0,10:11:44 AM,1572669704124
-1.478 ,3.636 ,7.269,23.559986666666667,87.29885166666666 ,45.01492767333985,85.34067371748233 ,9981.0,10:11:44 AM,1572669704129
-2.537 ,2.808 ,4.736,23.559986666666667,87.29885166666666 ,45.01492767333985,85.34067371748233 ,9981.0,10:11:44 AM,1572669704129
-2.496 ,3.575 ,3.256,23.559986666666667,87.29885166666666 ,45.01492767333985,85.34067371748233 ,9981.0,10:11:44 AM,1572669704134
-1.152 ,6.211 ,9.03,23.559986666666667,87.29885166666666 ,45.01492767333985,85.34067371748233 ,9981.0,10:11:44 AM,1572669704135
-3.166 ,7.253 ,2.65,23.559986666666667,87.29885166666666 ,45.01492767333985,85.34067371748233 ,9981.0,10:11:44 AM,1572669704138
1.461 ,5.207 ,8.723,23.559986666666667,87.29885166666666 ,45.01492767333985,85.34067371748233 ,9981.0,10:11:44 AM,1572669704139
-1.237 ,4.485 ,-3.68,23.559986666666667,87.29885166666666 ,45.01492767333985,85.34067371748233 ,9981.0,10:11:44 AM,1572669704144
2.915 ,3.401 ,1.078,23.559986666666667,87.29885166666666 ,45.01492767333985,85.34067371748233 ,9981.0,10:11:44 AM,1572669704145
2.581 ,4.304 ,0.72,23.559986666666667,87.29885166666666 ,45.01492767333985,85.34067371748233 ,9981.0,10:11:44 AM,1572669704149
1.861 ,6.322 ,3.959,23.559986666666667,87.29885166666666 ,45.01492767333985,85.34067371748233 ,9981.0,10:11:44 AM,1572669704150
3.137 ,7.963 ,9.974,23.559986666666667,87.29885166666666 ,45.01492767333985,85.34067371748233 ,9981.0,10:11:44 AM,1572669704154
-0.539 ,8.429 ,4.612,23.559986666666667,87.29885166666666 ,45.01492767333985,85.34067371748233 ,9981.0,10:11:44 AM,1572669704155
1.065 ,6.895 ,12.675,23.559986666666667,87.29885166666666 ,45.01492767333985,85.34067371748233 ,9981.0,10:11:44 AM,1572669704158
-1.399 ,7.506 ,9.839,23.559986666666667,87.29885166666666 ,45.01492767333985,85.34067371748233 ,9981.0,10:11:44 AM,1572669704160
-0.679 ,8.102 ,13.432,23.559986666666667,87.29885166666666 ,45.01492767333985,85.34067371748233 ,9981.0,10:11:44 AM,1572669704165
0.483 ,7.832 ,13.578,23.559986666666667,87.29885166666666 ,45.01492767333985,85.34067371748233 ,9981.0,10:11:44 AM,1572669704166
0.388 ,4.395 ,8.484,23.559986666666667,87.29885166666666 ,45.01492767333985,85.34067371748233 ,9981.0,10:11:44 AM,1572669704169
3.019 ,1.212 ,14.78,23.559986666666667,87.29885166666666 ,45.01492767333985,85.34067371748233 ,9981.0,10:11:44 AM,1572669704170
0.851 ,2.105 ,13.459,23.559986666666667,87.29885166666666 ,45.01492767333985,85.34067371748233 ,9981.0,10:11:44 AM,1572669704173
2.429 ,2.643 ,18.295,23.559986666666667,87.29885166666666 ,45.01492767333985,85.34067371748233 ,9981.0,10:11:44 AM,1572669704174
0.317 ,1.853 ,13.348,23.559986666666667,87.29885166666666 ,45.01492767333985,85.34067371748233 ,9981.0,10:11:44 AM,1572669704178
-1.157 ,-0.617 ,12.701,23.559986666666667,87.29885166666666 ,45.01492767333985,85.34067371748233 ,9981.0,10:11:44 AM,1572669704179
-2.878 ,-0.051 ,13.392,23.559986666666667,87.29885166666666 ,45.01492767333985,85.34067371748233 ,9981.0,10:11:44 AM,1572669704183
-5.617 ,2.272 ,9.577,23.559986666666667,87.29885166666666 ,45.01492767333985,85.34067371748233 ,9981.0,10:11:44 AM,1572669704184
-4.201 ,2.205 ,12.706,23.559986666666667,87.29885166666666 ,45.01492767333985,85.34067371748233 ,9981.0,10:11:44 AM,1572669704189
-5.438 ,1.225 ,6.93,23.559986666666667,87.29885166666666 ,45.01492767333985,85.34067371748233 ,9981.0,10:11:44 AM,1572669704190
-3.606 ,0.659 ,8.58,23.559986666666667,87.29885166666666 ,45.01492767333985,85.34067371748233 ,11181.0,10:11:44 AM,1572669704194
-1.517 ,2.337 ,9.95,23.559986666666667,87.29885166666666 ,45.01492767333985,85.34067371748233 ,11181.0,10:11:44 AM,1572669704194
-1.647 ,2.61 ,6.651,23.559986666666667,87.29885166666666 ,45.01492767333985,85.34067371748233 ,11181.0,10:11:44 AM,1572669704198
2.094 ,1.211 ,9.0,23.559986666666667,87.29885166666666 ,45.01492767333985,85.34067371748233 ,11181.0,10:11:44 AM,1572669704198
0.506 ,0.91 ,3.029,23.559986666666667,87.29885166666666 ,45.01492767333985,85.34067371748233 ,11181.0,10:11:44 AM,1572669704204
3.039 ,2.347 ,10.264,23.559986666666667,87.29885166666666 ,45.01492767333985,85.34067371748233 ,11181.0,10:11:44 AM,1572669704204
0.808 ,5.845 ,8.394,23.559986666666667,87.29885166666666 ,45.01492767333985,85.34067371748233 ,11181.0,10:11:44 AM,1572669704209
0.512 ,6.143 ,10.336,23.559986666666667,87.29885166666666 ,45.01492767333985,85.34067371748233 ,11181.0,10:11:44 AM,1572669704210
0.343 ,6.326 ,9.244,23.559986666666667,87.29885166666666 ,45.01492767333985,85.34067371748233 ,11181.0,10:11:44 AM,1572669704213
-2.959 ,5.311 ,1.478,23.559986666666667,87.29885166666666 ,45.01492767333985,85.34067371748233 ,11181.0,10:11:44 AM,1572669704214
-0.434 ,4.919 ,10.295,23.559986666666667,87.29885166666666 ,45.01492767333985,85.34067371748233 ,11181.0,10:11:44 AM,1572669704220
-3.998 ,5.995 ,8.781,23.559986666666667,87.29885166666666 ,45.01492767333985,85.34067371748233 ,11181.0,10:11:44 AM,1572669704220
-3.318 ,6.055 ,13.814,23.559986666666667,87.29885166666666 ,45.01492767333985,85.34067371748233 ,11181.0,10:11:44 AM,1572669704224
-2.944 ,5.772 ,12.555,23.559986666666667,87.29885166666666 ,45.01492767333985,85.34067371748233 ,11181.0,10:11:44 AM,1572669704225
-2.109 ,3.098 ,8.95,23.559986666666667,87.29885166666666 ,45.01492767333985,85.34067371748233 ,11181.0,10:11:44 AM,1572669704229
0.011 ,3.429 ,12.901,23.559986666666667,87.29885166666666 ,45.01492767333985,85.34067371748233 ,11181.0,10:11:44 AM,1572669704229
-0.844 ,4.837 ,8.679,23.559986666666667,87.29885166666666 ,45.01492767333985,85.34067371748233 ,11181.0,10:11:44 AM,1572669704234
2.622 ,5.415 ,9.682,23.559986666666667,87.29885166666666 ,45.01492767333985,85.34067371748233 ,11181.0,10:11:44 AM,1572669704234
1.351 ,5.138 ,1.669,23.559986666666667,87.29885166666666 ,45.01492767333985,85.34067371748233 ,11181.0,10:11:44 AM,1572669704239
3.501 ,4.114 ,3.066,23.559986666666667,87.29885166666666 ,45.01492767333985,85.34067371748233 ,11181.0,10:11:44 AM,1572669704240
2.823 ,6.93 ,5.086,23.559986666666667,87.29885166666666 ,45.01492767333985,85.34067371748233 ,11181.0,10:11:44 AM,1572669704244
0.152 ,9.639 ,7.837,23.559986666666667,87.29885166666666 ,45.01492767333985,85.34067371748233 ,11181.0,10:11:44 AM,1572669704245
1.051 ,9.323 ,13.337,23.559986666666667,87.29885166666666 ,45.01492767333985,85.34067371748233 ,11181.0,10:11:44 AM,1572669704248
-3.503 ,6.114 ,4.643,23.559986666666667,87.29885166666666 ,45.01492767333985,85.34067371748233 ,11181.0,10:11:44 AM,1572669704249
-0.574 ,2.527 ,9.894,23.559986666666667,87.29885166666666 ,45.01492767333985,85.34067371748233 ,11181.0,10:11:44 AM,1572669704254
-2.565 ,3.839 ,6.088,23.559986666666667,87.29885166666666 ,45.01492767333985,85.34067371748233 ,11181.0,10:11:44 AM,1572669704255
-1.204 ,5.248 ,9.875,23.559986666666667,87.29885166666666 ,45.01492767333985,85.34067371748233 ,11181.0,10:11:44 AM,1572669704259
1.019 ,5.261 ,10.442,23.559986666666667,87.29885166666666 ,45.01492767333985,85.34067371748233 ,11181.0,10:11:44 AM,1572669704260
-0.261 ,3.561 ,5.144,23.559986666666667,87.29885166666666 ,45.01492767333985,85.34067371748233 ,11181.0,10:11:44 AM,1572669704264
2.595 ,3.377 ,10.374,23.559986666666667,87.29885166666666 ,45.01492767333985,85.34067371748233 ,11181.0,10:11:44 AM,1572669704265
0.67 ,4.505 ,9.135,23.559986666666667,87.29885166666666 ,45.01492767333985,85.34067371748233 ,11181.0,10:11:44 AM,1572669704269
1.202 ,4.101 ,13.451,23.559986666666667,87.29885166666666 ,45.01492767333985,85.34067371748233 ,11181.0,10:11:44 AM,1572669704270
0.184 ,4.053 ,13.918,23.559986666666667,87.29885166666666 ,45.01492767333985,85.34067371748233 ,11181.0,10:11:44 AM,1572669704274
-1.417 ,2.548 ,12.36,23.559986666666667,87.29885166666666 ,45.01492767333985,85.34067371748233 ,11181.0,10:11:44 AM,1572669704274
0.257 ,2.013 ,15.092,23.559986666666667,87.29885166666666 ,45.01492767333985,85.34067371748233 ,11181.0,10:11:44 AM,1572669704279
-2.292 ,1.855 ,9.97,23.559986666666667,87.29885166666666 ,45.01492767333985,85.34067371748233 ,11181.0,10:11:44 AM,1572669704279
-0.003 ,1.741 ,13.744,23.559986666666667,87.29885166666666 ,45.01492767333985,85.34067371748233 ,11181.0,10:11:44 AM,1572669704282
-2.058 ,2.513 ,7.739,23.559986666666667,87.29885166666666 ,45.01492767333985,85.34067371748233 ,11181.0,10:11:44 AM,1572669704283
-0.968 ,2.559 ,6.803,23.559986666666667,87.29885166666666 ,45.01492767333985,85.34067371748233 ,11181.0,10:11:44 AM,1572669704288
