x,y,z,latitude,longitude,speed,sound,light,time,timestamp
-2.537 ,4.484 ,16.745,23.55666833333333,87.29882833333335 ,34.714101791381836,82.75043644824153 ,10324.0,10:12:19 AM,1572669739939
-0.196 ,2.41 ,7.063,23.55666833333333,87.29882833333335 ,34.714101791381836,82.75043644824153 ,10324.0,10:12:19 AM,1572669739944
0.61 ,0.537 ,1.839,23.55666833333333,87.29882833333335 ,34.714101791381836,82.75043644824153 ,10324.0,10:12:19 AM,1572669739944
1.247 ,0.49 ,1.495,23.55666833333333,87.29882833333335 ,34.714101791381836,82.75043644824153 ,10324.0,10:12:19 AM,1572669739949
2.272 ,2.428 ,5.21,23.55666833333333,87.29882833333335 ,34.714101791381836,82.75043644824153 ,10324.0,10:12:19 AM,1572669739950
1.291 ,3.12 ,6.106,23.55666833333333,87.29882833333335 ,34.714101791381836,82.75043644824153 ,10324.0,10:12:19 AM,1572669739955
0.711 ,1.296 ,8.825,23.55666833333333,87.29882833333335 ,34.714101791381836,82.75043644824153 ,10324.0,10:12:19 AM,1572669739955
-0.952 ,1.181 ,12.807,23.55666833333333,87.29882833333335 ,34.714101791381836,82.75043644824153 ,10324.0,10:12:19 AM,1572669739959
-2.805 ,3.052 ,16.938,23.55666833333333,87.29882833333335 ,34.714101791381836,82.75043644824153 ,10324.0,10:12:19 AM,1572669739959
-2.51 ,6.323 ,21.612,23.55666833333333,87.29882833333335 ,34.714101791381836,82.75043644824153 ,10324.0,10:12:19 AM,1572669739964
-3.564 ,5.564 ,13.969,23.55666833333333,87.29882833333335 ,34.714101791381836,82.75043644824153 ,10324.0,10:12:19 AM,1572669739965
-1.125 ,2.607 ,9.648,23.55666833333333,87.29882833333335 ,34.714101791381836,82.75043644824153 ,10324.0,10:12:19 AM,1572669739970
-1.652 ,1.765 ,-0.876,23.55666833333333,87.29882833333335 ,34.714101791381836,82.75043644824153 ,10324.0,10:12:19 AM,1572669739971
1.432 ,2.5 ,4.981,23.55666833333333,87.29882833333335 ,34.714101791381836,82.75043644824153 ,10324.0,10:12:19 AM,1572669739973
-0.121 ,4.962 ,3.098,23.55666833333333,87.29882833333335 ,34.714101791381836,82.75043644824153 ,10324.0,10:12:19 AM,1572669739974
0.567 ,4.322 ,6.521,23.55666833333333,87.29882833333335 ,34.714101791381836,82.75043644824153 ,10324.0,10:12:19 AM,1572669739978
-0.203 ,1.904 ,5.382,23.55666833333333,87.29882833333335 ,34.714101791381836,82.75043644824153 ,10324.0,10:12:19 AM,1572669739979
-2.389 ,2.104 ,6.588,23.55666833333333,87.29882833333335 ,34.714101791381836,82.75043644824153 ,10324.0,10:12:19 AM,1572669739985
-1.309 ,4.489 ,16.441,23.55666833333333,87.29882833333335 ,34.714101791381836,82.75043644824153 ,10324.0,10:12:19 AM,1572669739986
-3.41 ,8.109 ,13.859,23.55666833333333,87.29882833333335 ,34.714101791381836,82.75043644824153 ,10324.0,10:12:19 AM,1572669739988
-0.586 ,6.931 ,11.118,23.55666833333333,87.29882833333335 ,34.714101791381836,82.75043644824153 ,10324.0,10:12:19 AM,1572669739989
0.661 ,4.215 ,1.514,23.55666833333333,87.29882833333335 ,34.714101791381836,82.75043644824153 ,9857.0,10:12:19 AM,1572669739996
1.286 ,3.058 ,-3.66,23.55666833333333,87.29882833333335 ,34.714101791381836,82.75043644824153 ,9857.0,10:12:19 AM,1572669739997
2.89 ,4.385 ,-2.191,23.55666833333333,87.29882833333335 ,34.714101791381836,82.75043644824153 ,9857.0,10:12:19 AM,1572669739999
2.633 ,5.443 ,-1.083,23.55666833333333,87.29882833333335 ,34.714101791381836,82.75043644824153 ,9857.0,10:12:19 AM,1572669739999
3.106 ,4.78 ,3.076,23.55666833333333,87.29882833333335 ,34.714101791381836,82.75043644824153 ,9857.0,10:12:20 AM,1572669740004
1.105 ,4.807 ,6.347,23.55666833333333,87.29882833333335 ,34.714101791381836,82.75043644824153 ,9857.0,10:12:20 AM,1572669740005
0.231 ,6.075 ,13.647,23.55666833333333,87.29882833333335 ,34.714101791381836,82.75043644824153 ,9857.0,10:12:20 AM,1572669740009
-2.2 ,7.534 ,17.94,23.55666833333333,87.29882833333335 ,34.714101791381836,82.75043644824153 ,9857.0,10:12:20 AM,1572669740009
-3.779 ,6.231 ,14.569,23.55666833333333,87.29882833333335 ,34.714101791381836,82.75043644824153 ,9857.0,10:12:20 AM,1572669740014
-3.826 ,3.269 ,8.134,23.55666833333333,87.29882833333335 ,34.714101791381836,82.75043644824153 ,9857.0,10:12:20 AM,1572669740015
-3.849 ,1.636 ,3.195,23.55666833333333,87.29882833333335 ,34.714101791381836,82.75043644824153 ,9857.0,10:12:20 AM,1572669740021
-2.482 ,2.754 ,6.221,23.55666833333333,87.29882833333335 ,34.714101791381836,82.75043644824153 ,9857.0,10:12:20 AM,1572669740022
-1.461 ,6.001 ,9.901,23.55666833333333,87.29882833333335 ,34.714101791381836,82.75043644824153 ,9857.0,10:12:20 AM,1572669740023
-0.51 ,7.304 ,11.064,23.55666833333333,87.29882833333335 ,34.714101791381836,82.75043644824153 ,9857.0,10:12:20 AM,1572669740024
1.366 ,4.448 ,11.735,23.55666833333333,87.29882833333335 ,34.714101791381836,82.75043644824153 ,9857.0,10:12:20 AM,1572669740030
0.166 ,3.22 ,9.063,23.55666833333333,87.29882833333335 ,34.714101791381836,82.75043644824153 ,9857.0,10:12:20 AM,1572669740031
1.487 ,3.865 ,16.446,23.55666833333333,87.29882833333335 ,34.714101791381836,82.75043644824153 ,9857.0,10:12:20 AM,1572669740036
0.171 ,6.234 ,17.209,23.55666833333333,87.29882833333335 ,34.714101791381836,82.75043644824153 ,9857.0,10:12:20 AM,1572669740037
0.04 ,6.329 ,15.782,23.55666833333333,87.29882833333335 ,34.714101791381836,82.75043644824153 ,9857.0,10:12:20 AM,1572669740039
0.717 ,3.745 ,9.967,23.55666833333333,87.29882833333335 ,34.714101791381836,82.75043644824153 ,9857.0,10:12:20 AM,1572669740039
-0.251 ,2.456 ,3.967,23.55666833333333,87.29882833333335 ,34.714101791381836,82.75043644824153 ,9857.0,10:12:20 AM,1572669740044
0.453 ,3.978 ,7.932,23.55666833333333,87.29882833333335 ,34.714101791381836,82.75043644824153 ,9857.0,10:12:20 AM,1572669740045
-1.108 ,7.682 ,7.877,23.55666833333333,87.29882833333335 ,34.714101791381836,82.75043644824153 ,9857.0,10:12:20 AM,1572669740050
-1.071 ,7.187 ,7.037,23.55666833333333,87.29882833333335 ,34.714101791381836,82.75043644824153 ,9857.0,10:12:20 AM,1572669740051
-1.071 ,4.429 ,4.082,23.55666833333333,87.29882833333335 ,34.714101791381836,82.75043644824153 ,9857.0,10:12:20 AM,1572669740055
-2.637 ,3.547 ,3.032,23.55666833333333,87.29882833333335 ,34.714101791381836,82.75043644824153 ,9857.0,10:12:20 AM,1572669740055
-1.881 ,5.737 ,10.921,23.55666833333333,87.29882833333335 ,34.714101791381836,82.75043644824153 ,9857.0,10:12:20 AM,1572669740059
-2.482 ,8.704 ,13.383,23.55666833333333,87.29882833333335 ,34.714101791381836,82.75043644824153 ,9857.0,10:12:20 AM,1572669740060
-1.557 ,7.518 ,10.354,23.55666833333333,87.29882833333335 ,34.714101791381836,82.75043644824153 ,9857.0,10:12:20 AM,1572669740063
0.264 ,4.489 ,3.946,23.55666833333333,87.29882833333335 ,34.714101791381836,82.75043644824153 ,9857.0,10:12:20 AM,1572669740063
-0.643 ,3.047 ,-1.415,23.55666833333333,87.29882833333335 ,34.714101791381836,82.75043644824153 ,9857.0,10:12:20 AM,1572669740071
0.923 ,5.244 ,1.543,23.55666833333333,87.29882833333335 ,34.714101791381836,82.75043644824153 ,9857.0,10:12:20 AM,1572669740072
-0.528 ,8.437 ,0.027,23.55666833333333,87.29882833333335 ,34.714101791381836,82.75043644824153 ,9857.0,10:12:20 AM,1572669740074
0.347 ,7.672 ,2.102,23.55666833333333,87.29882833333335 ,34.714101791381836,82.75043644824153 ,9857.0,10:12:20 AM,1572669740074
-0.574 ,6.759 ,3.213,23.55666833333333,87.29882833333335 ,34.714101791381836,82.75043644824153 ,9857.0,10:12:20 AM,1572669740078
-2.007 ,7.654 ,8.24,23.55666833333333,87.29882833333335 ,34.714101791381836,82.75043644824153 ,9857.0,10:12:20 AM,1572669740079
-1.402 ,10.801 ,17.051,23.55666833333333,87.29882833333335 ,34.714101791381836,82.75043644824153 ,9857.0,10:12:20 AM,1572669740084
-2.398 ,10.112 ,11.581,23.55666833333333,87.29882833333335 ,34.714101791381836,82.75043644824153 ,9857.0,10:12:20 AM,1572669740085
0.021 ,4.201 ,7.039,23.55666833333333,87.29882833333335 ,34.714101791381836,82.75043644824153 ,9857.0,10:12:20 AM,1572669740090
-0.278 ,1.182 ,-0.98,23.55666833333333,87.29882833333335 ,34.714101791381836,82.75043644824153 ,9857.0,10:12:20 AM,1572669740091
1.416 ,2.148 ,4.533,23.55666833333333,87.29882833333335 ,34.714101791381836,82.75043644824153 ,9857.0,10:12:20 AM,1572669740093
0.518 ,6.586 ,7.025,23.55666833333333,87.29882833333335 ,34.714101791381836,82.75043644824153 ,9857.0,10:12:20 AM,1572669740094
-0.38 ,7.484 ,7.611,23.55666833333333,87.29882833333335 ,34.714101791381836,82.75043644824153 ,9857.0,10:12:20 AM,1572669740098
-0.093 ,4.209 ,8.64,23.55666833333333,87.29882833333335 ,34.714101791381836,82.75043644824153 ,9857.0,10:12:20 AM,1572669740099
-3.121 ,3.841 ,6.422,23.55666833333333,87.29882833333335 ,34.714101791381836,82.75043644824153 ,9857.0,10:12:20 AM,1572669740104
-1.857 ,6.688 ,20.033,23.55666833333333,87.29882833333335 ,34.714101791381836,82.75043644824153 ,9857.0,10:12:20 AM,1572669740105
-3.011 ,9.165 ,21.718,23.55666833333333,87.29882833333335 ,34.714101791381836,82.75043644824153 ,9857.0,10:12:20 AM,1572669740108
-1.553 ,7.043 ,16.419,23.55666833333333,87.29882833333335 ,34.714101791381836,82.75043644824153 ,9857.0,10:12:20 AM,1572669740109
1.229 ,2.252 ,9.189,23.55666833333333,87.29882833333335 ,34.714101791381836,82.75043644824153 ,9857.0,10:12:20 AM,1572669740115
2.987 ,0.845 ,5.326,23.55666833333333,87.29882833333335 ,34.714101791381836,82.75043644824153 ,9857.0,10:12:20 AM,1572669740116
4.655 ,3.672 ,8.108,23.55666833333333,87.29882833333335 ,34.714101791381836,82.75043644824153 ,9857.0,10:12:20 AM,1572669740119
3.37 ,7.319 ,7.296,23.55666833333333,87.29882833333335 ,34.714101791381836,82.75043644824153 ,9857.0,10:12:20 AM,1572669740120
4.017 ,6.128 ,6.085,23.55666833333333,87.29882833333335 ,34.714101791381836,82.75043644824153 ,9857.0,10:12:20 AM,1572669740124
0.137 ,3.917 ,0.434,23.55666833333333,87.29882833333335 ,34.714101791381836,82.75043644824153 ,9857.0,10:12:20 AM,1572669740124
-1.771 ,3.159 ,1.059,23.55666833333333,87.29882833333335 ,34.714101791381836,82.75043644824153 ,9857.0,10:12:20 AM,1572669740129
-4.426 ,5.713 ,8.618,23.55666833333333,87.29882833333335 ,34.714101791381836,82.75043644824153 ,9857.0,10:12:20 AM,1572669740129
-6.034 ,9.289 ,12.18,23.55666833333333,87.29882833333335 ,34.714101791381836,82.75043644824153 ,9857.0,10:12:20 AM,1572669740134
-4.615 ,8.66 ,12.546,23.55666833333333,87.29882833333335 ,34.714101791381836,82.75043644824153 ,9857.0,10:12:20 AM,1572669740134
-3.635 ,5.493 ,7.016,23.55666833333333,87.29882833333335 ,34.714101791381836,82.75043644824153 ,9857.0,10:12:20 AM,1572669740139
-1.18 ,3.562 ,4.506,23.55666833333333,87.29882833333335 ,34.714101791381836,82.75043644824153 ,9857.0,10:12:20 AM,1572669740139
0.293 ,4.835 ,3.152,23.55666833333333,87.29882833333335 ,34.714101791381836,82.75043644824153 ,9857.0,10:12:20 AM,1572669740144
1.9 ,6.751 ,1.46,23.55666833333333,87.29882833333335 ,34.714101791381836,82.75043644824153 ,9857.0,10:12:20 AM,1572669740145
3.117 ,4.902 ,0.414,23.55666833333333,87.29882833333335 ,34.714101791381836,82.75043644824153 ,9857.0,10:12:20 AM,1572669740150
1.591 ,4.277 ,3.234,23.55666833333333,87.29882833333335 ,34.714101791381836,82.75043644824153 ,9857.0,10:12:20 AM,1572669740150
-0.118 ,6.408 ,13.522,23.55666833333333,87.29882833333335 ,34.714101791381836,82.75043644824153 ,9857.0,10:12:20 AM,1572669740154
-1.941 ,10.152 ,22.463,23.55666833333333,87.29882833333335 ,34.714101791381836,82.75043644824153 ,9857.0,10:12:20 AM,1572669740155
-3.951 ,9.653 ,18.229,23.55666833333333,87.29882833333335 ,34.714101791381836,82.75043644824153 ,9857.0,10:12:20 AM,1572669740158
-1.825 ,5.237 ,14.976,23.55666833333333,87.29882833333335 ,34.714101791381836,82.75043644824153 ,9857.0,10:12:20 AM,1572669740159
-2.633 ,2.239 ,6.586,23.55666833333333,87.29882833333335 ,34.714101791381836,82.75043644824153 ,9857.0,10:12:20 AM,1572669740163
0.875 ,4.228 ,12.026,23.55666833333333,87.29882833333335 ,34.714101791381836,82.75043644824153 ,9857.0,10:12:20 AM,1572669740163
0.577 ,7.534 ,10.222,23.55666833333333,87.29882833333335 ,34.714101791381836,82.75043644824153 ,9857.0,10:12:20 AM,1572669740170
3.382 ,8.754 ,8.054,23.55666833333333,87.29882833333335 ,34.714101791381836,82.75043644824153 ,9857.0,10:12:20 AM,1572669740171
2.801 ,6.463 ,5.962,23.55666833333333,87.29882833333335 ,34.714101791381836,82.75043644824153 ,9857.0,10:12:20 AM,1572669740173
0.471 ,5.809 ,4.211,23.55666833333333,87.29882833333335 ,34.714101791381836,82.75043644824153 ,9857.0,10:12:20 AM,1572669740174
-0.678 ,7.553 ,13.14,23.55666833333333,87.29882833333335 ,34.714101791381836,82.75043644824153 ,9857.0,10:12:20 AM,1572669740179
-3.838 ,10.032 ,10.775,23.55666833333333,87.29882833333335 ,34.714101791381836,82.75043644824153 ,9857.0,10:12:20 AM,1572669740179
-4.333 ,7.461 ,7.215,23.55666833333333,87.29882833333335 ,34.714101791381836,82.75043644824153 ,9857.0,10:12:20 AM,1572669740186
-3.846 ,4.47 ,2.732,23.55666833333333,87.29882833333335 ,34.714101791381836,82.75043644824153 ,9857.0,10:12:20 AM,1572669740187
-4.508 ,3.736 ,1.171,23.55666833333333,87.29882833333335 ,34.714101791381836,82.75043644824153 ,9857.0,10:12:20 AM,1572669740188
