x,y,z,latitude,longitude,speed,sound,light,time,timestamp
2.587 ,3.718 ,10.421,23.552585,87.29730666666667 ,43.28793182373047,85.55312027353567 ,8064.0,10:13:05 AM,1572669785570
-1.463 ,6.952 ,8.748,23.552585,87.29730666666667 ,43.28793182373047,85.55312027353567 ,8064.0,10:13:05 AM,1572669785574
-0.214 ,8.98 ,13.614,23.552585,87.29730666666667 ,43.28793182373047,85.55312027353567 ,8064.0,10:13:05 AM,1572669785575
-1.383 ,6.682 ,5.665,23.552585,87.29730666666667 ,43.28793182373047,85.55312027353567 ,8064.0,10:13:05 AM,1572669785579
-2.689 ,1.01 ,-0.306,23.552585,87.29730666666667 ,43.28793182373047,85.55312027353567 ,8064.0,10:13:05 AM,1572669785579
-1.65 ,3.405 ,2.948,23.552585,87.29730666666667 ,43.28793182373047,85.55312027353567 ,8064.0,10:13:05 AM,1572669785584
-2.237 ,9.899 ,3.24,23.552585,87.29730666666667 ,43.28793182373047,85.55312027353567 ,8064.0,10:13:05 AM,1572669785585
0.697 ,15.7 ,7.383,23.552585,87.29730666666667 ,43.28793182373047,85.55312027353567 ,8064.0,10:13:05 AM,1572669785589
-0.981 ,14.153 ,-1.693,23.552585,87.29730666666667 ,43.28793182373047,85.55312027353567 ,8064.0,10:13:05 AM,1572669785590
1.773 ,10.881 ,-0.691,23.552585,87.29730666666667 ,43.28793182373047,85.55312027353567 ,8960.0,10:13:05 AM,1572669785594
-0.708 ,11.883 ,-4.328,23.552585,87.29730666666667 ,43.28793182373047,85.55312027353567 ,8960.0,10:13:05 AM,1572669785595
0.21 ,12.137 ,-4.554,23.552585,87.29730666666667 ,43.28793182373047,85.55312027353567 ,8960.0,10:13:05 AM,1572669785600
1.909 ,10.909 ,-3.982,23.552585,87.29730666666667 ,43.28793182373047,85.55312027353567 ,8960.0,10:13:05 AM,1572669785601
-0.741 ,6.695 ,-7.054,23.552585,87.29730666666667 ,43.28793182373047,85.55312027353567 ,8960.0,10:13:05 AM,1572669785605
2.153 ,7.125 ,3.042,23.552585,87.29730666666667 ,43.28793182373047,85.55312027353567 ,8960.0,10:13:05 AM,1572669785606
-1.113 ,8.305 ,1.166,23.552585,87.29730666666667 ,43.28793182373047,85.55312027353567 ,8960.0,10:13:05 AM,1572669785610
0.573 ,6.365 ,4.489,23.552585,87.29730666666667 ,43.28793182373047,85.55312027353567 ,8960.0,10:13:05 AM,1572669785610
-0.489 ,3.706 ,2.205,23.552585,87.29730666666667 ,43.28793182373047,85.55312027353567 ,8960.0,10:13:05 AM,1572669785614
-0.707 ,1.584 ,2.526,23.552585,87.29730666666667 ,43.28793182373047,85.55312027353567 ,8960.0,10:13:05 AM,1572669785615
1.356 ,5.207 ,11.846,23.552585,87.29730666666667 ,43.28793182373047,85.55312027353567 ,8960.0,10:13:05 AM,1572669785619
-1.777 ,7.98 ,12.458,23.552585,87.29730666666667 ,43.28793182373047,85.55312027353567 ,8960.0,10:13:05 AM,1572669785620
1.323 ,7.529 ,18.752,23.552585,87.29730666666667 ,43.28793182373047,85.55312027353567 ,8960.0,10:13:05 AM,1572669785624
-1.581 ,4.883 ,9.401,23.552585,87.29730666666667 ,43.28793182373047,85.55312027353567 ,8960.0,10:13:05 AM,1572669785625
0.536 ,-0.524 ,10.615,23.552585,87.29730666666667 ,43.28793182373047,85.55312027353567 ,8960.0,10:13:05 AM,1572669785629
-1.368 ,-0.952 ,7.184,23.552585,87.29730666666667 ,43.28793182373047,85.55312027353567 ,8960.0,10:13:05 AM,1572669785630
-1.323 ,-1.776 ,12.445,23.552585,87.29730666666667 ,43.28793182373047,85.55312027353567 ,8960.0,10:13:05 AM,1572669785633
-0.338 ,0.326 ,13.025,23.552585,87.29730666666667 ,43.28793182373047,85.55312027353567 ,8960.0,10:13:05 AM,1572669785634
-1.444 ,0.812 ,13.051,23.552585,87.29730666666667 ,43.28793182373047,85.55312027353567 ,8960.0,10:13:05 AM,1572669785638
0.145 ,1.131 ,20.606,23.552585,87.29730666666667 ,43.28793182373047,85.55312027353567 ,8960.0,10:13:05 AM,1572669785639
-3.867 ,3.005 ,15.182,23.552585,87.29730666666667 ,43.28793182373047,85.55312027353567 ,8960.0,10:13:05 AM,1572669785643
-3.813 ,3.428 ,17.127,23.552585,87.29730666666667 ,43.28793182373047,85.55312027353567 ,8960.0,10:13:05 AM,1572669785645
-3.767 ,3.547 ,11.927,23.552585,87.29730666666667 ,43.28793182373047,85.55312027353567 ,8960.0,10:13:05 AM,1572669785649
-4.637 ,0.344 ,4.887,23.552585,87.29730666666667 ,43.28793182373047,85.55312027353567 ,8960.0,10:13:05 AM,1572669785650
-2.046 ,0.383 ,9.055,23.552585,87.29730666666667 ,43.28793182373047,85.55312027353567 ,8960.0,10:13:05 AM,1572669785654
-3.21 ,3.262 ,7.997,23.552585,87.29730666666667 ,43.28793182373047,85.55312027353567 ,8960.0,10:13:05 AM,1572669785655
1.381 ,5.996 ,14.035,23.552585,87.29730666666667 ,43.28793182373047,85.55312027353567 ,8960.0,10:13:05 AM,1572669785658
1.678 ,5.547 ,6.515,23.552585,87.29730666666667 ,43.28793182373047,85.55312027353567 ,8960.0,10:13:05 AM,1572669785659
3.373 ,2.591 ,7.348,23.552585,87.29730666666667 ,43.28793182373047,85.55312027353567 ,8960.0,10:13:05 AM,1572669785664
3.998 ,4.698 ,11.343,23.552585,87.29730666666667 ,43.28793182373047,85.55312027353567 ,8960.0,10:13:05 AM,1572669785665
2.113 ,8.3 ,8.901,23.552585,87.29730666666667 ,43.28793182373047,85.55312027353567 ,8960.0,10:13:05 AM,1572669785669
2.351 ,8.716 ,8.205,23.552585,87.29730666666667 ,43.28793182373047,85.55312027353567 ,8960.0,10:13:05 AM,1572669785670
-0.164 ,5.405 ,-0.702,23.552585,87.29730666666667 ,43.28793182373047,85.55312027353567 ,8960.0,10:13:05 AM,1572669785673
-1.078 ,3.049 ,0.996,23.552585,87.29730666666667 ,43.28793182373047,85.55312027353567 ,8960.0,10:13:05 AM,1572669785674
-3.745 ,6.396 ,2.909,23.552585,87.29730666666667 ,43.28793182373047,85.55312027353567 ,8960.0,10:13:05 AM,1572669785679
-4.122 ,9.821 ,5.431,23.552585,87.29730666666667 ,43.28793182373047,85.55312027353567 ,8960.0,10:13:05 AM,1572669785680
-3.24 ,8.73 ,6.691,23.552585,87.29730666666667 ,43.28793182373047,85.55312027353567 ,8960.0,10:13:05 AM,1572669785684
-4.937 ,4.679 ,2.383,23.552585,87.29730666666667 ,43.28793182373047,85.55312027353567 ,8960.0,10:13:05 AM,1572669785684
-1.797 ,3.763 ,7.858,23.552585,87.29730666666667 ,43.28793182373047,85.55312027353567 ,8960.0,10:13:05 AM,1572669785689
-2.407 ,6.344 ,5.466,23.552585,87.29730666666667 ,43.28793182373047,85.55312027353567 ,8960.0,10:13:05 AM,1572669785690
0.9 ,6.621 ,11.359,23.552585,87.29730666666667 ,43.28793182373047,85.55312027353567 ,8960.0,10:13:05 AM,1572669785694
-0.224 ,6.05 ,8.124,23.552585,87.29730666666667 ,43.28793182373047,85.55312027353567 ,8960.0,10:13:05 AM,1572669785694
0.081 ,4.976 ,8.792,23.552585,87.29730666666667 ,43.28793182373047,85.55312027353567 ,8960.0,10:13:05 AM,1572669785698
1.22 ,6.858 ,12.658,23.552585,87.29730666666667 ,43.28793182373047,85.55312027353567 ,8960.0,10:13:05 AM,1572669785699
-2.007 ,7.029 ,6.579,23.552585,87.29730666666667 ,43.28793182373047,85.55312027353567 ,8960.0,10:13:05 AM,1572669785703
0.826 ,4.379 ,13.536,23.552585,87.29730666666667 ,43.28793182373047,85.55312027353567 ,8960.0,10:13:05 AM,1572669785704
-3.832 ,2.529 ,3.704,23.552585,87.29730666666667 ,43.28793182373047,85.55312027353567 ,8960.0,10:13:05 AM,1572669785709
-0.172 ,1.314 ,11.915,23.552585,87.29730666666667 ,43.28793182373047,85.55312027353567 ,8960.0,10:13:05 AM,1572669785710
-1.553 ,2.959 ,11.517,23.552585,87.29730666666667 ,43.28793182373047,85.55312027353567 ,8960.0,10:13:05 AM,1572669785714
-1.656 ,2.443 ,15.079,23.552585,87.29730666666667 ,43.28793182373047,85.55312027353567 ,8960.0,10:13:05 AM,1572669785714
0.197 ,2.044 ,13.808,23.552585,87.29730666666667 ,43.28793182373047,85.55312027353567 ,8960.0,10:13:05 AM,1572669785718
-0.692 ,2.13 ,10.748,23.552585,87.29730666666667 ,43.28793182373047,85.55312027353567 ,8960.0,10:13:05 AM,1572669785719
0.22 ,0.798 ,8.152,23.552585,87.29730666666667 ,43.28793182373047,85.55312027353567 ,8960.0,10:13:05 AM,1572669785723
0.668 ,1.798 ,9.343,23.552585,87.29730666666667 ,43.28793182373047,85.55312027353567 ,8960.0,10:13:05 AM,1572669785724
-1.023 ,1.562 ,7.906,23.552585,87.29730666666667 ,43.28793182373047,85.55312027353567 ,8960.0,10:13:05 AM,1572669785729
0.9 ,3.703 ,13.968,23.552585,87.29730666666667 ,43.28793182373047,85.55312027353567 ,8960.0,10:13:05 AM,1572669785730
-1.414 ,2.327 ,10.842,23.552585,87.29730666666667 ,43.28793182373047,85.55312027353567 ,8960.0,10:13:05 AM,1572669785733
0.902 ,0.978 ,16.692,23.552585,87.29730666666667 ,43.28793182373047,85.55312027353567 ,8960.0,10:13:05 AM,1572669785734
-0.809 ,1.159 ,14.996,23.552585,87.29730666666667 ,43.28793182373047,85.55312027353567 ,8960.0,10:13:05 AM,1572669785738
1.778 ,2.096 ,18.73,23.552585,87.29730666666667 ,43.28793182373047,85.55312027353567 ,8960.0,10:13:05 AM,1572669785739
2.157 ,3.137 ,14.344,23.552585,87.29730666666667 ,43.28793182373047,85.55312027353567 ,8960.0,10:13:05 AM,1572669785743
2.666 ,0.894 ,11.665,23.552585,87.29730666666667 ,43.28793182373047,85.55312027353567 ,8960.0,10:13:05 AM,1572669785744
3.214 ,0.998 ,13.695,23.552585,87.29730666666667 ,43.28793182373047,85.55312027353567 ,8960.0,10:13:05 AM,1572669785749
0.585 ,3.16 ,9.737,23.552585,87.29730666666667 ,43.28793182373047,85.55312027353567 ,8960.0,10:13:05 AM,1572669785750
2.376 ,5.074 ,13.919,23.552585,87.29730666666667 ,43.28793182373047,85.55312027353567 ,8960.0,10:13:05 AM,1572669785754
-1.041 ,4.507 ,7.823,23.552585,87.29730666666667 ,43.28793182373047,85.55312027353567 ,8960.0,10:13:05 AM,1572669785754
-0.532 ,2.43 ,11.792,23.552585,87.29730666666667 ,43.28793182373047,85.55312027353567 ,8960.0,10:13:05 AM,1572669785758
-2.25 ,3.381 ,11.049,23.552585,87.29730666666667 ,43.28793182373047,85.55312027353567 ,8960.0,10:13:05 AM,1572669785759
-2.534 ,4.365 ,10.688,23.552585,87.29730666666667 ,43.28793182373047,85.55312027353567 ,8960.0,10:13:05 AM,1572669785764
-1.451 ,4.459 ,10.301,23.552585,87.29730666666667 ,43.28793182373047,85.55312027353567 ,8960.0,10:13:05 AM,1572669785765
-1.43 ,3.782 ,7.779,23.552585,87.29730666666667 ,43.28793182373047,85.55312027353567 ,8960.0,10:13:05 AM,1572669785768
0.855 ,4.368 ,10.45,23.552585,87.29730666666667 ,43.28793182373047,85.55312027353567 ,8960.0,10:13:05 AM,1572669785769
-0.761 ,5.509 ,4.77,23.552585,87.29730666666667 ,43.28793182373047,85.55312027353567 ,8960.0,10:13:05 AM,1572669785773
1.034 ,3.793 ,3.176,23.552585,87.29730666666667 ,43.28793182373047,85.55312027353567 ,8960.0,10:13:05 AM,1572669785774
-0.139 ,2.685 ,1.186,23.552585,87.29730666666667 ,43.28793182373047,85.55312027353567 ,8960.0,10:13:05 AM,1572669785778
-1.365 ,3.107 ,1.785,23.552585,87.29730666666667 ,43.28793182373047,85.55312027353567 ,8960.0,10:13:05 AM,1572669785779
-1.341 ,6.359 ,9.649,23.552585,87.29730666666667 ,43.28793182373047,85.55312027353567 ,8960.0,10:13:05 AM,1572669785783
-5.2 ,7.626 ,11.151,23.552585,87.29730666666667 ,43.28793182373047,85.55312027353567 ,8960.0,10:13:05 AM,1572669785784
-5.256 ,5.03 ,11.37,23.552585,87.29730666666667 ,43.28793182373047,85.55312027353567 ,8960.0,10:13:05 AM,1572669785789
-6.256 ,1.498 ,5.933,23.552585,87.29730666666667 ,43.28793182373047,85.55312027353567 ,8960.0,10:13:05 AM,1572669785790
-4.746 ,-0.544 ,4.234,23.552585,87.29730666666667 ,43.28793182373047,85.55312027353567 ,10283.0,10:13:05 AM,1572669785793
-2.256 ,2.925 ,7.926,23.552585,87.29730666666667 ,43.28793182373047,85.55312027353567 ,10283.0,10:13:05 AM,1572669785795
-1.664 ,6.316 ,8.683,23.552585,87.29730666666667 ,43.28793182373047,85.55312027353567 ,10283.0,10:13:05 AM,1572669785799
2.429 ,7.139 ,13.136,23.552585,87.29730666666667 ,43.28793182373047,85.55312027353567 ,10283.0,10:13:05 AM,1572669785799
0.662 ,4.477 ,3.098,23.552585,87.29730666666667 ,43.28793182373047,85.55312027353567 ,10283.0,10:13:05 AM,1572669785804
2.831 ,2.177 ,3.884,23.552585,87.29730666666667 ,43.28793182373047,85.55312027353567 ,10283.0,10:13:05 AM,1572669785805
1.792 ,4.873 ,4.602,23.552585,87.29730666666667 ,43.28793182373047,85.55312027353567 ,10283.0,10:13:05 AM,1572669785808
1.946 ,7.81 ,11.466,23.552585,87.29730666666667 ,43.28793182373047,85.55312027353567 ,10283.0,10:13:05 AM,1572669785809
0.981 ,11.351 ,11.468,23.552585,87.29730666666667 ,43.28793182373047,85.55312027353567 ,10283.0,10:13:05 AM,1572669785814
-0.886 ,8.138 ,6.122,23.552585,87.29730666666667 ,43.28793182373047,85.55312027353567 ,10283.0,10:13:05 AM,1572669785815
1.034 ,3.178 ,5.527,23.552585,87.29730666666667 ,43.28793182373047,85.55312027353567 ,10283.0,10:13:05 AM,1572669785818
