x,y,z,latitude,longitude,speed,sound,light,time,timestamp
1.9286194 ,5.6446686 ,11.6698,23.55018458,87.29850198 ,27.82800006866455,79.63261141876248 ,0.0,21:16:34 PM,1574005594777
0.26560974 ,8.721832 ,11.418549,23.55018458,87.29850198 ,27.82800006866455,79.63261141876248 ,0.0,21:16:34 PM,1574005594781
0.9690857 ,9.566513 ,8.130814,23.55018458,87.29850198 ,27.82800006866455,79.63261141876248 ,0.0,21:16:34 PM,1574005594790
2.1846466 ,9.698105 ,2.892929,23.55018458,87.29850198 ,27.82800006866455,79.63261141876248 ,0.0,21:16:34 PM,1574005594792
3.1011047 ,8.7960205 ,4.153946,23.55018458,87.29850198 ,27.82800006866455,79.63261141876248 ,0.0,21:16:34 PM,1574005594796
0.83987427 ,11.109879 ,12.504898,23.55018458,87.29850198 ,27.82800006866455,79.63261141876248 ,0.0,21:16:34 PM,1574005594801
-4.060623 ,6.7788696 ,-1.6630096,23.55018458,87.29850198 ,27.82800006866455,79.63261141876248 ,0.0,21:16:34 PM,1574005594807
-2.9814606 ,10.97348 ,-3.3714905,23.55018458,87.29850198 ,27.82800006866455,79.63261141876248 ,0.0,21:16:34 PM,1574005594812
0.91166687 ,10.023529 ,-0.8949127,23.55018458,87.29850198 ,27.82800006866455,79.63261141876248 ,0.0,21:16:34 PM,1574005594816
1.9573364 ,9.418152 ,5.6159515,23.55018458,87.29850198 ,27.82800006866455,79.63261141876248 ,0.0,21:16:34 PM,1574005594822
-1.0001984 ,7.802994 ,0.7800598,23.55018458,87.29850198 ,27.82800006866455,79.63261141876248 ,0.0,21:16:34 PM,1574005594826
-4.0989075 ,8.391632 ,-3.122635,23.55018458,87.29850198 ,27.82800006866455,79.63261141876248 ,0.0,21:16:34 PM,1574005594831
-1.6725769 ,3.4360962 ,2.399994,23.55018458,87.29850198 ,27.82800006866455,79.63261141876248 ,0.0,21:16:34 PM,1574005594839
2.5411835 ,9.765106 ,22.04747,23.55018458,87.29850198 ,27.82800006866455,79.63261141876248 ,0.0,21:16:34 PM,1574005594841
1.8185425 ,4.5607147 ,4.6588287,23.55018458,87.29850198 ,27.82800006866455,79.63261141876248 ,0.0,21:16:34 PM,1574005594846
2.457428 ,6.7836456 ,5.596817,23.55018458,87.29850198 ,27.82800006866455,79.63261141876248 ,0.0,21:16:34 PM,1574005594850
3.4456635 ,6.008377 ,15.49353,23.55018458,87.29850198 ,27.82800006866455,79.63261141876248 ,0.0,21:16:34 PM,1574005594856
0.80158997 ,2.5005035 ,15.428925,23.55018458,87.29850198 ,27.82800006866455,79.63261141876248 ,0.0,21:16:34 PM,1574005594861
-1.0839539 ,5.268997 ,14.531616,23.55018458,87.29850198 ,27.82800006866455,79.63261141876248 ,0.0,21:16:34 PM,1574005594865
-2.823532 ,5.83609 ,6.924835,23.55018458,87.29850198 ,27.82800006866455,79.63261141876248 ,0.0,21:16:34 PM,1574005594872
-0.6891327 ,3.7615204 ,4.2879333,23.55018458,87.29850198 ,27.82800006866455,79.63261141876248 ,0.0,21:16:34 PM,1574005594875
-0.23449707 ,4.7617188 ,12.38765,23.55018458,87.29850198 ,27.82800006866455,79.63261141876248 ,0.0,21:16:34 PM,1574005594880
-3.5413818 ,3.115448 ,0.92123413,23.55018458,87.29850198 ,27.82800006866455,79.63261141876248 ,0.0,21:16:34 PM,1574005594885
-3.9912262 ,6.5850525 ,1.655838,23.55018458,87.29850198 ,27.82800006866455,79.63261141876248 ,0.0,21:16:34 PM,1574005594891
-0.8446655 ,9.949356 ,5.7092743,23.55018458,87.29850198 ,27.82800006866455,79.63261141876248 ,0.0,21:16:34 PM,1574005594894
0.49531555 ,6.2691956 ,-0.79681396,23.55018458,87.29850198 ,27.82800006866455,79.63261141876248 ,0.0,21:16:34 PM,1574005594899
1.105484 ,8.618942 ,9.497116,23.55018458,87.29850198 ,27.82800006866455,79.63261141876248 ,0.0,21:16:34 PM,1574005594905
-2.9240265 ,3.3882294 ,8.659622,23.55018458,87.29850198 ,27.82800006866455,79.63261141876248 ,0.0,21:16:34 PM,1574005594909
-3.7543335 ,3.0867462 ,12.787247,23.55018458,87.29850198 ,27.82800006866455,79.63261141876248 ,0.0,21:16:34 PM,1574005594914
1.0384827 ,6.886551 ,17.58725,23.55018458,87.29850198 ,27.82800006866455,79.63261141876248 ,0.0,21:16:34 PM,1574005594921
5.5369873 ,6.661621 ,6.994217,23.55018458,87.29850198 ,27.82800006866455,79.63261141876248 ,0.0,21:16:34 PM,1574005594924
7.3746796 ,4.3381805 ,-0.55513,23.55018458,87.29850198 ,27.82800006866455,79.63261141876248 ,0.0,21:16:34 PM,1574005594929
3.5437775 ,6.118454 ,12.459427,23.55018458,87.29850198 ,27.82800006866455,79.63261141876248 ,0.0,21:16:34 PM,1574005594934
-4.598999 ,1.6247253 ,9.973282,23.55018458,87.29850198 ,27.82800006866455,79.63261141876248 ,0.0,21:16:34 PM,1574005594941
-7.410568 ,4.3573303 ,10.145569,23.55018458,87.29850198 ,27.82800006866455,79.63261141876248 ,0.0,21:16:34 PM,1574005594945
-2.3736877 ,6.4654083 ,8.094925,23.55018458,87.29850198 ,27.82800006866455,79.63261141876248 ,0.0,21:16:34 PM,1574005594949
4.5391846 ,4.862213 ,4.7569275,23.55018458,87.29850198 ,27.82800006866455,79.63261141876248 ,0.0,21:16:34 PM,1574005594956
8.626129 ,5.749954 ,12.251251,23.55018458,87.29850198 ,27.82800006866455,79.63261141876248 ,0.0,21:16:34 PM,1574005594959
3.6490479 ,6.735794 ,11.413757,23.55018458,87.29850198 ,27.82800006866455,79.63261141876248 ,0.0,21:16:34 PM,1574005594964
-3.2207336 ,0.94277954 ,1.7874451,23.55018458,87.29850198 ,27.82800006866455,79.63261141876248 ,0.0,21:16:34 PM,1574005594969
-2.2899323 ,8.116455 ,19.343582,23.55018458,87.29850198 ,27.82800006866455,79.63261141876248 ,0.0,21:16:34 PM,1574005594975
0.43310547 ,5.1972046 ,9.84407,23.55018458,87.29850198 ,27.82800006866455,79.63261141876248 ,0.0,21:16:34 PM,1574005594979
3.7998047 ,9.111862 ,4.524826,23.55018458,87.29850198 ,27.82800006866455,79.63261141876248 ,0.0,21:16:34 PM,1574005594983
3.7854462 ,6.273987 ,-0.6269226,23.55018458,87.29850198 ,27.82800006866455,79.63261141876248 ,0.0,21:16:34 PM,1574005594990
0.3397827 ,4.718643 ,-0.01914978,23.55018458,87.29850198 ,27.82800006866455,79.63261141876248 ,0.0,21:16:34 PM,1574005594994
-1.6988983 ,6.86261 ,2.4406738,23.55018458,87.29850198 ,27.82800006866455,79.63261141876248 ,0.0,21:16:34 PM,1574005594998
-2.0697937 ,11.313263 ,-0.9451599,23.55018458,87.29850198 ,27.82800006866455,79.63261141876248 ,0.0,21:16:35 PM,1574005595006
-1.1222382 ,7.5708923 ,-11.306091,23.55018458,87.29850198 ,27.82800006866455,79.63261141876248 ,0.0,21:16:35 PM,1574005595008
1.6534424 ,8.537598 ,2.222931,23.55018458,87.29850198 ,27.82800006866455,79.63261141876248 ,0.0,21:16:35 PM,1574005595013
3.000595 ,4.587036 ,11.313263,23.55018458,87.29850198 ,27.82800006866455,79.63261141876248 ,0.0,21:16:35 PM,1574005595018
3.4911346 ,11.145767 ,17.319244,23.55018458,87.29850198 ,27.82800006866455,79.63261141876248 ,0.0,21:16:35 PM,1574005595024
1.6630096 ,6.7693024 ,4.790436,23.55018458,87.29850198 ,27.82800006866455,79.63261141876248 ,0.0,21:16:35 PM,1574005595028
1.2131653 ,0.26081848 ,9.511475,23.55018458,87.29850198 ,27.82800006866455,79.63261141876248 ,0.0,21:16:35 PM,1574005595033
3.7447662 ,-0.7154541 ,28.572693,23.55018458,87.29850198 ,27.82800006866455,76.66224435456762 ,0.0,21:16:35 PM,1574005595039
1.9262238 ,3.4983063 ,26.177475,23.55018458,87.29850198 ,27.82800006866455,76.66224435456762 ,0.0,21:16:35 PM,1574005595044
-2.9479523 ,4.8765717 ,4.874176,23.55018458,87.29850198 ,27.82800006866455,76.66224435456762 ,0.0,21:16:35 PM,1574005595048
-3.6059875 ,0.15792847 ,-8.061417,23.55018458,87.29850198 ,27.82800006866455,76.66224435456762 ,0.0,21:16:35 PM,1574005595056
-0.105285645 ,2.8713837 ,16.297516,23.55018458,87.29850198 ,27.82800006866455,76.66224435456762 ,0.0,21:16:35 PM,1574005595058
-3.0101776 ,2.892929 ,21.475586,23.55018458,87.29850198 ,27.82800006866455,76.66224435456762 ,0.0,21:16:35 PM,1574005595063
-6.2309113 ,4.060623 ,8.413162,23.55018458,87.29850198 ,27.82800006866455,76.66224435456762 ,0.0,21:16:35 PM,1574005595068
-2.646469 ,5.3479614 ,8.137985,23.55018458,87.29850198 ,27.82800006866455,76.66224435456762 ,0.0,21:16:35 PM,1574005595074
5.1756744 ,-0.12921143 ,13.483551,23.55018458,87.29850198 ,27.82800006866455,76.66224435456762 ,0.0,21:16:35 PM,1574005595078
9.815353 ,0.55274963 ,20.863022,23.55018458,87.29850198 ,27.82800006866455,76.66224435456762 ,0.0,21:16:35 PM,1574005595082
6.0562286 ,3.7519531 ,9.109482,23.55018458,87.29850198 ,27.82800006866455,76.66224435456762 ,0.0,21:16:35 PM,1574005595089
-1.3280182 ,2.2372894 ,-5.4963074,23.55018458,87.29850198 ,27.82800006866455,76.66224435456762 ,0.0,21:16:35 PM,1574005595092
-2.4933167 ,10.691132 ,10.451843,23.55018458,87.29850198 ,27.82800006866455,76.66224435456762 ,0.0,21:16:35 PM,1574005595097
-3.373886 ,8.994614 ,6.2285156,23.55018458,87.29850198 ,27.82800006866455,76.66224435456762 ,0.0,21:16:35 PM,1574005595102
-0.6197357 ,10.3992 ,1.4667969,23.55018458,87.29850198 ,27.82800006866455,76.66224435456762 ,0.0,21:16:35 PM,1574005595109
4.7162476 ,12.442673 ,0.4139557,23.55018458,87.29850198 ,27.82800006866455,76.66224435456762 ,0.0,21:16:35 PM,1574005595112
4.93161 ,10.186249 ,-0.45463562,23.55018458,87.29850198 ,27.82800006866455,76.66224435456762 ,0.0,21:16:35 PM,1574005595117
1.5433655 ,5.063217 ,5.883957,23.55018458,87.29850198 ,27.82800006866455,76.66224435456762 ,0.0,21:16:35 PM,1574005595123
-2.5005035 ,9.693329 ,17.374283,23.55018458,87.29850198 ,27.82800006866455,76.66224435456762 ,0.0,21:16:35 PM,1574005595128
-4.651642 ,3.9792633 ,2.9359894,23.55018458,87.29850198 ,27.82800006866455,76.66224435456762 ,0.0,21:16:35 PM,1574005595132
-0.37088013 ,8.867798 ,11.681763,23.55018458,87.29850198 ,27.82800006866455,76.66224435456762 ,0.0,21:16:35 PM,1574005595140
2.5842438 ,3.6993103 ,8.504089,23.55018458,87.29850198 ,27.82800006866455,76.66224435456762 ,0.0,21:16:35 PM,1574005595142
1.2442627 ,4.197006 ,10.887344,23.55018458,87.29850198 ,27.82800006866455,76.66224435456762 ,0.0,21:16:35 PM,1574005595146
-1.5026855 ,4.1563263 ,11.475983,23.55018458,87.29850198 ,27.82800006866455,76.66224435456762 ,0.0,21:16:35 PM,1574005595151
-4.9076843 ,5.44606 ,8.678772,23.55018458,87.29850198 ,27.82800006866455,76.66224435456762 ,0.0,21:16:35 PM,1574005595157
-2.7445679 ,2.1439667 ,4.0247345,23.55018458,87.29850198 ,27.82800006866455,76.66224435456762 ,0.0,21:16:35 PM,1574005595162
1.6127625 ,7.7766724 ,14.983856,23.55018458,87.29850198 ,27.82800006866455,76.66224435456762 ,0.0,21:16:35 PM,1574005595166
1.8496552 ,2.2061768 ,1.5984039,23.55018458,87.29850198 ,27.82800006866455,76.66224435456762 ,0.0,21:16:35 PM,1574005595173
1.2921295 ,5.6566315 ,8.444275,23.55018458,87.29850198 ,27.82800006866455,76.66224435456762 ,0.0,21:16:35 PM,1574005595177
-0.21296692 ,5.11586 ,10.09053,23.55018458,87.29850198 ,27.82800006866455,76.66224435456762 ,0.0,21:16:35 PM,1574005595181
-2.244461 ,5.1134644 ,6.8650055,23.55018458,87.29850198 ,27.82800006866455,76.66224435456762 ,0.0,21:16:35 PM,1574005595189
-1.5505524 ,6.484543 ,4.1850433,23.55018458,87.29850198 ,27.82800006866455,76.66224435456762 ,0.0,21:16:35 PM,1574005595192
-0.83987427 ,8.355743 ,1.1509552,23.55018458,87.29850198 ,27.82800006866455,76.66224435456762 ,0.0,21:16:35 PM,1574005595196
1.7371826 ,6.6352997 ,-0.39720154,23.55018458,87.29850198 ,27.82800006866455,76.66224435456762 ,0.0,21:16:35 PM,1574005595201
3.4002075 ,12.815964 ,9.913467,23.55018458,87.29850198 ,27.82800006866455,76.66224435456762 ,0.0,21:16:35 PM,1574005595207
0.7465668 ,7.113861 ,-2.572281,23.55018458,87.29850198 ,27.82800006866455,76.66224435456762 ,0.0,21:16:35 PM,1574005595211
0.35653687 ,8.599808 ,8.427521,23.55018458,87.29850198 ,27.82800006866455,76.66224435456762 ,0.0,21:16:35 PM,1574005595215
0.088531494 ,6.6376953 ,16.197021,23.55018458,87.29850198 ,27.82800006866455,76.66224435456762 ,0.0,21:16:35 PM,1574005595223
-1.3040924 ,3.1776733 ,9.107086,23.55018458,87.29850198 ,27.82800006866455,76.66224435456762 ,0.0,21:16:35 PM,1574005595225
-1.2897339 ,4.8765717 ,14.421539,23.55018458,87.29850198 ,27.82800006866455,76.66224435456762 ,0.0,21:16:35 PM,1574005595230
-0.3062744 ,3.242279 ,6.69751,23.55018458,87.29850198 ,27.82800006866455,76.66224435456762 ,0.0,21:16:35 PM,1574005595235
1.7036896 ,4.536789 ,1.0600128,23.55018458,87.29850198 ,27.82800006866455,76.66224435456762 ,0.0,21:16:35 PM,1574005595241
1.5673065 ,5.60878 ,5.058426,23.55018458,87.29850198 ,27.82800006866455,76.66224435456762 ,0.0,21:16:35 PM,1574005595246
-3.1082764 ,6.8315125 ,0.5001068,23.55018458,87.29850198 ,27.82800006866455,76.66224435456762 ,0.0,21:16:35 PM,1574005595250
-6.6783752 ,6.9104767 ,-1.2035828,23.55018458,87.29850198 ,27.82800006866455,76.66224435456762 ,0.0,21:16:35 PM,1574005595257
-1.7539368 ,5.67099 ,5.0416718,23.55018458,87.29850198 ,27.82800006866455,76.66224435456762 ,0.0,21:16:35 PM,1574005595260
4.0366974 ,8.233704 ,16.91008,23.55015888,87.2985623 ,20.159999656677247,76.66224435456762 ,0.0,21:16:35 PM,1574005595265
