x,y,z,latitude,longitude,speed,sound,light,time,timestamp
2.670395 ,9.305695 ,11.523834,23.5489524,87.30059706 ,21.41999931335449,79.24791989841276 ,14.0,21:17:18 PM,1574005638173
1.586441 ,3.883545 ,4.1443634,23.5489524,87.30059706 ,21.41999931335449,79.24791989841276 ,14.0,21:17:18 PM,1574005638177
0.92362976 ,9.887146 ,8.477768,23.5489524,87.30059706 ,21.41999931335449,79.24791989841276 ,14.0,21:17:18 PM,1574005638181
0.55513 ,1.6175537 ,-0.89730835,23.5489524,87.30059706 ,21.41999931335449,79.24791989841276 ,14.0,21:17:18 PM,1574005638190
1.1676941 ,6.3553314 ,17.924637,23.5489524,87.30059706 ,21.41999931335449,79.24791989841276 ,14.0,21:17:18 PM,1574005638192
-0.26081848 ,-0.25125122 ,13.261017,23.5489524,87.30059706 ,21.41999931335449,79.24791989841276 ,14.0,21:17:18 PM,1574005638196
-2.153534 ,6.1136627 ,17.749954,23.5489524,87.30059706 ,21.41999931335449,79.24791989841276 ,14.0,21:17:18 PM,1574005638201
-2.7278137 ,-0.4283142 ,1.4644012,23.5489524,87.30059706 ,21.41999931335449,79.24791989841276 ,14.0,21:17:18 PM,1574005638207
0.3062744 ,6.7693024 ,15.610779,23.5489524,87.30059706 ,21.41999931335449,79.24791989841276 ,14.0,21:17:18 PM,1574005638211
-0.43070984 ,-0.6963043 ,8.709869,23.5489524,87.30059706 ,21.41999931335449,79.24791989841276 ,14.0,21:17:18 PM,1574005638216
-0.87815857 ,2.8594208 ,14.134399,23.5489524,87.30059706 ,21.41999931335449,79.24791989841276 ,14.0,21:17:18 PM,1574005638225
-0.3756714 ,2.555542 ,8.020737,23.5489524,87.30059706 ,21.41999931335449,79.24791989841276 ,14.0,21:17:18 PM,1574005638227
0.48095703 ,3.9792633 ,5.28096,23.5489524,87.30059706 ,21.41999931335449,79.24791989841276 ,14.0,21:17:18 PM,1574005638231
1.6055908 ,1.6438751 ,8.717056,23.5489524,87.30059706 ,21.41999931335449,79.24791989841276 ,14.0,21:17:18 PM,1574005638235
2.0482635 ,3.275772 ,15.914658,23.5489524,87.30059706 ,21.41999931335449,77.719983116993 ,14.0,21:17:18 PM,1574005638242
-0.5766754 ,1.5936127 ,11.294128,23.54892304,87.30064588 ,21.41999931335449,77.719983116993 ,14.0,21:17:18 PM,1574005638247
-0.62213135 ,0.59580994 ,6.1280212,23.54892304,87.30064588 ,21.41999931335449,77.719983116993 ,14.0,21:17:18 PM,1574005638250
1.7204437 ,6.2524414 ,22.152756,23.54892304,87.30064588 ,21.41999931335449,77.719983116993 ,14.0,21:17:18 PM,1574005638256
0.0023956299 ,-0.035888672 ,6.8027954,23.54892304,87.30064588 ,21.41999931335449,77.719983116993 ,14.0,21:17:18 PM,1574005638259
-0.023925781 ,5.797806 ,18.029922,23.54892304,87.30064588 ,21.41999931335449,77.719983116993 ,14.0,21:17:18 PM,1574005638264
-1.1437683 ,3.1824493 ,8.712265,23.54892304,87.30064588 ,21.41999931335449,77.719983116993 ,14.0,21:17:18 PM,1574005638272
-0.0023956299 ,4.2520447 ,11.038086,23.54892304,87.30064588 ,21.41999931335449,77.719983116993 ,14.0,21:17:18 PM,1574005638274
3.0293121 ,5.469986 ,10.485352,23.54892304,87.30064588 ,21.41999931335449,77.719983116993 ,14.0,21:17:18 PM,1574005638279
3.8572235 ,6.4127655 ,6.5324097,23.54892304,87.30064588 ,21.41999931335449,77.719983116993 ,14.0,21:17:18 PM,1574005638284
0.99780273 ,5.584854 ,-1.964508,23.54892304,87.30064588 ,21.41999931335449,77.719983116993 ,14.0,21:17:18 PM,1574005638290
-0.34457397 ,5.848053 ,3.4049835,23.54892304,87.30064588 ,21.41999931335449,77.719983116993 ,14.0,21:17:18 PM,1574005638294
-1.2993011 ,8.494522 ,11.810974,23.54892304,87.30064588 ,21.41999931335449,77.719983116993 ,14.0,21:17:18 PM,1574005638299
0.2679901 ,1.9333954 ,2.376068,23.54892304,87.30064588 ,21.41999931335449,77.719983116993 ,14.0,21:17:18 PM,1574005638305
4.3501587 ,9.492325 ,10.447067,23.54892304,87.30064588 ,21.41999931335449,77.719983116993 ,14.0,21:17:18 PM,1574005638309
3.5198364 ,-0.4019928 ,-5.017746,23.54892304,87.30064588 ,21.41999931335449,77.719983116993 ,14.0,21:17:18 PM,1574005638314
0.9403839 ,5.481964 ,18.630524,23.54892304,87.30064588 ,21.41999931335449,77.719983116993 ,14.0,21:17:18 PM,1574005638319
-3.0149536 ,-1.4524384 ,11.873184,23.54892304,87.30064588 ,21.41999931335449,77.719983116993 ,14.0,21:17:18 PM,1574005638325
-2.0482635 ,3.6921234 ,17.840881,23.54892304,87.30064588 ,21.41999931335449,77.719983116993 ,14.0,21:17:18 PM,1574005638329
1.0408783 ,2.8905334 ,9.322433,23.54892304,87.30064588 ,21.41999931335449,77.719983116993 ,14.0,21:17:18 PM,1574005638334
3.5198364 ,2.8330994 ,5.474777,23.54892304,87.30064588 ,21.41999931335449,77.719983116993 ,14.0,21:17:18 PM,1574005638340
2.371292 ,6.4031982 ,17.651855,23.54892304,87.30064588 ,21.41999931335449,77.719983116993 ,14.0,21:17:18 PM,1574005638344
-1.832901 ,0.026321411 ,6.025131,23.54892304,87.30064588 ,21.41999931335449,77.719983116993 ,14.0,21:17:18 PM,1574005638348
-1.0456696 ,6.4462585 ,14.385651,23.54892304,87.30064588 ,21.41999931335449,77.719983116993 ,14.0,21:17:18 PM,1574005638356
0.37088013 ,3.247055 ,3.275772,23.54892304,87.30064588 ,21.41999931335449,77.719983116993 ,14.0,21:17:18 PM,1574005638358
2.3521423 ,6.18544 ,9.5234375,23.54892304,87.30064588 ,21.41999931335449,77.719983116993 ,14.0,21:17:18 PM,1574005638363
3.390625 ,3.1585236 ,9.178864,23.54892304,87.30064588 ,21.41999931335449,77.719983116993 ,14.0,21:17:18 PM,1574005638369
3.2111664 ,4.9818573 ,12.856644,23.54892304,87.30064588 ,21.41999931335449,77.719983116993 ,14.0,21:17:18 PM,1574005638374
0.31106567 ,2.6440735 ,7.858032,23.54892304,87.30064588 ,21.41999931335449,77.719983116993 ,14.0,21:17:18 PM,1574005638379
-1.3423767 ,1.4404755 ,6.508484,23.54892304,87.30064588 ,21.41999931335449,77.719983116993 ,14.0,21:17:18 PM,1574005638384
-0.46899414 ,5.2378845 ,19.37947,23.54892304,87.30064588 ,21.41999931335449,77.719983116993 ,14.0,21:17:18 PM,1574005638390
-0.4857483 ,1.0504456 ,5.637497,23.54892304,87.30064588 ,21.41999931335449,77.719983116993 ,14.0,21:17:18 PM,1574005638393
0.81355286 ,6.22612 ,14.239685,23.54892304,87.30064588 ,21.41999931335449,77.719983116993 ,14.0,21:17:18 PM,1574005638399
-0.7848511 ,0.49531555 ,4.709076,23.54892304,87.30064588 ,21.41999931335449,77.719983116993 ,14.0,21:17:18 PM,1574005638406
0.13639832 ,4.220932 ,16.225739,23.54892304,87.30064588 ,21.41999931335449,77.719983116993 ,14.0,21:17:18 PM,1574005638408
0.54556274 ,4.9172516 ,11.672195,23.54892304,87.30064588 ,21.41999931335449,77.719983116993 ,14.0,21:17:18 PM,1574005638413
1.1437683 ,3.7830505 ,1.6199341,23.54892304,87.30064588 ,21.41999931335449,77.719983116993 ,14.0,21:17:18 PM,1574005638418
1.7371826 ,7.659424 ,13.907089,23.54892304,87.30064588 ,21.41999931335449,77.719983116993 ,14.0,21:17:18 PM,1574005638424
-0.279953 ,0.7513428 ,3.9577332,23.54892304,87.30064588 ,21.41999931335449,77.719983116993 ,14.0,21:17:18 PM,1574005638428
0.6508484 ,8.819946 ,14.443085,23.54892304,87.30064588 ,21.41999931335449,77.719983116993 ,14.0,21:17:18 PM,1574005638432
-1.2179413 ,4.565506 ,-0.2416687,23.54892304,87.30064588 ,21.41999931335449,77.719983116993 ,14.0,21:17:18 PM,1574005638440
0.14117432 ,7.625931 ,6.9583282,23.54892304,87.30064588 ,21.41999931335449,77.719983116993 ,14.0,21:17:18 PM,1574005638443
0.9786682 ,8.461029 ,11.605194,23.54892304,87.30064588 ,21.41999931335449,77.719983116993 ,14.0,21:17:18 PM,1574005638447
1.1222382 ,2.9407806 ,-0.6388855,23.54892304,87.30064588 ,21.41999931335449,77.719983116993 ,14.0,21:17:18 PM,1574005638452
2.6105652 ,8.516052 ,13.258636,23.54892304,87.30064588 ,21.41999931335449,77.719983116993 ,14.0,21:17:18 PM,1574005638459
0.21057129 ,0.047851562 ,1.4404755,23.54892304,87.30064588 ,21.41999931335449,77.719983116993 ,14.0,21:17:18 PM,1574005638463
1.0839539 ,5.242676 ,18.857834,23.54892304,87.30064588 ,21.41999931335449,77.719983116993 ,14.0,21:17:18 PM,1574005638467
0.12921143 ,1.1916199 ,12.150757,23.54892304,87.30064588 ,21.41999931335449,77.719983116993 ,14.0,21:17:18 PM,1574005638474
2.0243225 ,0.26081848 ,6.795624,23.54892304,87.30064588 ,21.41999931335449,77.719983116993 ,14.0,21:17:18 PM,1574005638477
2.7804565 ,5.7547455 ,22.33461,23.54892304,87.30064588 ,21.41999931335449,77.719983116993 ,14.0,21:17:18 PM,1574005638482
-1.3997955 ,-1.2729797 ,7.1210327,23.54892304,87.30064588 ,21.41999931335449,77.719983116993 ,14.0,21:17:18 PM,1574005638490
-1.5649109 ,4.754532 ,20.128418,23.54892304,87.30064588 ,21.41999931335449,77.719983116993 ,14.0,21:17:18 PM,1574005638492
-2.7445679 ,0.07417297 ,9.707687,23.54892304,87.30064588 ,21.41999931335449,77.719983116993 ,14.0,21:17:18 PM,1574005638497
-1.2514496 ,1.2466583 ,9.188446,23.54892304,87.30064588 ,21.41999931335449,77.719983116993 ,14.0,21:17:18 PM,1574005638501
0.4402771 ,4.2592316 ,16.43869,23.54892304,87.30064588 ,21.41999931335449,77.719983116993 ,14.0,21:17:18 PM,1574005638508
-0.29431152 ,-0.5814514 ,1.7156525,23.54892304,87.30064588 ,21.41999931335449,77.719983116993 ,14.0,21:17:18 PM,1574005638513
1.4309082 ,7.9489594 ,20.678772,23.54892304,87.30064588 ,21.41999931335449,77.719983116993 ,14.0,21:17:18 PM,1574005638516
0.32781982 ,2.4095764 ,2.6033936,23.54892304,87.30064588 ,21.41999931335449,77.719983116993 ,15.0,21:17:18 PM,1574005638523
2.8666077 ,7.3986053 ,5.7714844,23.54892304,87.30064588 ,21.41999931335449,77.719983116993 ,15.0,21:17:18 PM,1574005638527
2.4741821 ,9.300903 ,10.260422,23.54892304,87.30064588 ,21.41999931335449,77.719983116993 ,15.0,21:17:18 PM,1574005638531
-1.3639069 ,2.376068 ,-0.5431671,23.54892304,87.30064588 ,21.41999931335449,77.719983116993 ,15.0,21:17:18 PM,1574005638540
-1.2155609 ,7.3866425 ,16.194626,23.54892304,87.30064588 ,21.41999931335449,77.719983116993 ,15.0,21:17:18 PM,1574005638542
-2.1559296 ,3.0269165 ,9.408585,23.54892304,87.30064588 ,21.41999931335449,77.719983116993 ,15.0,21:17:18 PM,1574005638546
0.5862427 ,4.0175476 ,10.58345,23.54892304,87.30064588 ,21.41999931335449,77.719983116993 ,15.0,21:17:18 PM,1574005638551
2.6799622 ,5.4676056 ,10.844269,23.54892304,87.30064588 ,21.41999931335449,77.719983116993 ,15.0,21:17:18 PM,1574005638557
1.8664093 ,-0.026321411 ,3.2925262,23.54892304,87.30064588 ,21.41999931335449,77.719983116993 ,15.0,21:17:18 PM,1574005638561
-0.44506836 ,4.3573303 ,22.384857,23.54892304,87.30064588 ,21.41999931335449,77.719983116993 ,15.0,21:17:18 PM,1574005638566
-4.7856445 ,-1.7180481 ,7.2502594,23.54892304,87.30064588 ,21.41999931335449,77.719983116993 ,15.0,21:17:18 PM,1574005638574
-1.976471 ,3.2111664 ,12.641281,23.54892304,87.30064588 ,21.41999931335449,77.719983116993 ,15.0,21:17:18 PM,1574005638576
0.7298126 ,4.084549 ,13.883163,23.54892304,87.30064588 ,21.41999931335449,77.719983116993 ,15.0,21:17:18 PM,1574005638581
0.9786682 ,-0.9643097 ,2.7086792,23.54892304,87.30064588 ,21.41999931335449,77.719983116993 ,15.0,21:17:18 PM,1574005638586
1.1724854 ,5.831314 ,19.633118,23.54892304,87.30064588 ,21.41999931335449,77.719983116993 ,15.0,21:17:18 PM,1574005638592
-3.4408722 ,-0.72502136 ,2.0362854,23.54892304,87.30064588 ,21.41999931335449,77.719983116993 ,15.0,21:17:18 PM,1574005638596
-1.6438751 ,6.1997986 ,9.853638,23.54892304,87.30064588 ,21.41999931335449,77.719983116993 ,15.0,21:17:18 PM,1574005638600
0.87098694 ,10.564316 ,10.54039,23.54892304,87.30064588 ,21.41999931335449,77.719983116993 ,15.0,21:17:18 PM,1574005638607
1.4715881 ,2.9599152 ,-9.841675,23.54892304,87.30064588 ,21.41999931335449,77.719983116993 ,15.0,21:17:18 PM,1574005638610
6.5276184 ,12.136398 ,18.266815,23.54892304,87.30064588 ,21.41999931335449,77.719983116993 ,15.0,21:17:18 PM,1574005638615
2.646469 ,3.9433746 ,4.8765717,23.54892304,87.30064588 ,21.41999931335449,77.719983116993 ,15.0,21:17:18 PM,1574005638623
-1.557724 ,1.6486511 ,-2.3282166,23.54892304,87.30064588 ,21.41999931335449,77.719983116993 ,15.0,21:17:18 PM,1574005638627
-1.2514496 ,9.736389 ,19.436905,23.54892304,87.30064588 ,21.41999931335449,77.719983116993 ,15.0,21:17:18 PM,1574005638630
-3.4695892 ,1.1437683 ,1.861618,23.54892304,87.30064588 ,21.41999931335449,77.719983116993 ,15.0,21:17:18 PM,1574005638635
1.7850494 ,4.381256 ,9.652649,23.54892304,87.30064588 ,21.41999931335449,77.719983116993 ,15.0,21:17:18 PM,1574005638641
3.500702 ,3.8428802 ,17.010574,23.54892304,87.30064588 ,21.41999931335449,77.719983116993 ,15.0,21:17:18 PM,1574005638647
-0.77049255 ,-3.4624176 ,2.0889282,23.54892304,87.30064588 ,21.41999931335449,77.719983116993 ,15.0,21:17:18 PM,1574005638649
-2.0697937 ,3.397812 ,21.097519,23.54892304,87.30064588 ,21.41999931335449,77.719983116993 ,15.0,21:17:18 PM,1574005638657
-4.6253204 ,-0.31106567 ,12.957138,23.54892304,87.30064588 ,21.41999931335449,77.719983116993 ,15.0,21:17:18 PM,1574005638660
