x,y,z,latitude,longitude,speed,sound,light,time,timestamp
8.458633 ,0.6197357 ,-9.451645,23.5506516,87.29771955 ,21.81599979400635,78.6453122198241 ,0.0,21:16:20 PM,1574005580976
1.7850494 ,9.025726 ,8.264816,23.5506516,87.29771955 ,21.81599979400635,78.6453122198241 ,0.0,21:16:20 PM,1574005580978
-0.18424988 ,23.667404 ,14.220551,23.5506516,87.29771955 ,21.81599979400635,78.6453122198241 ,0.0,21:16:20 PM,1574005580980
2.3641052 ,18.86023 ,-21.47319,23.5506516,87.29771955 ,21.81599979400635,78.6453122198241 ,0.0,21:16:20 PM,1574005580984
11.23909 ,23.215164 ,-6.460617,23.5506516,87.29771955 ,21.81599979400635,78.6453122198241 ,0.0,21:16:20 PM,1574005580990
6.5898285 ,10.815552 ,-4.6133575,23.5506516,87.29771955 ,21.81599979400635,78.6453122198241 ,0.0,21:16:20 PM,1574005580994
-7.463211 ,10.58107 ,2.3784637,23.5506516,87.29771955 ,21.81599979400635,78.6453122198241 ,0.0,21:16:20 PM,1574005580998
-12.79921 ,10.516449 ,8.874985,23.5506516,87.29771955 ,21.81599979400635,78.6453122198241 ,0.0,21:16:21 PM,1574005581005
-7.039688 ,10.162323 ,3.1369934,23.5506516,87.29771955 ,21.81599979400635,78.6453122198241 ,0.0,21:16:21 PM,1574005581008
2.4717865 ,3.7495575 ,-2.0650024,23.5506516,87.29771955 ,21.81599979400635,78.6453122198241 ,0.0,21:16:21 PM,1574005581013
4.610962 ,3.6131592 ,16.874191,23.5506516,87.29771955 ,21.81599979400635,78.6453122198241 ,0.0,21:16:21 PM,1574005581018
-2.6536407 ,-1.138977 ,18.94397,23.5506516,87.29771955 ,21.81599979400635,78.6453122198241 ,0.0,21:16:21 PM,1574005581024
-5.6327057 ,2.8211365 ,21.439697,23.5506516,87.29771955 ,21.81599979400635,78.6453122198241 ,0.0,21:16:21 PM,1574005581028
-4.2520447 ,3.282959 ,15.940979,23.5506516,87.29771955 ,21.81599979400635,78.6453122198241 ,0.0,21:16:21 PM,1574005581033
-1.351944 ,-1.2107697 ,6.345764,23.5506516,87.29771955 ,21.81599979400635,78.6453122198241 ,0.0,21:16:21 PM,1574005581039
0.95474243 ,1.8209381 ,24.083755,23.5506516,87.29771955 ,21.81599979400635,78.6453122198241 ,0.0,21:16:21 PM,1574005581043
-3.254242 ,0.8661957 ,17.13739,23.5506516,87.29771955 ,21.81599979400635,78.6453122198241 ,0.0,21:16:21 PM,1574005581048
-5.7882385 ,-7.235901 ,-2.8163452,23.5506516,87.29771955 ,21.81599979400635,78.6453122198241 ,0.0,21:16:21 PM,1574005581056
3.0197449 ,5.1349945 ,14.804398,23.5506516,87.29771955 ,21.81599979400635,78.6453122198241 ,0.0,21:16:21 PM,1574005581059
0.7034912 ,8.736191 ,8.525635,23.5506516,87.29771955 ,21.81599979400635,78.6453122198241 ,0.0,21:16:21 PM,1574005581064
-0.050247192 ,3.4791565 ,-19.771896,23.5506516,87.29771955 ,21.81599979400635,78.6453122198241 ,0.0,21:16:21 PM,1574005581068
5.79541 ,12.366104 ,7.350754,23.5506516,87.29771955 ,21.81599979400635,78.6453122198241 ,0.0,21:16:21 PM,1574005581076
2.531601 ,10.183853 ,9.358322,23.5506516,87.29771955 ,21.81599979400635,78.6453122198241 ,0.0,21:16:21 PM,1574005581078
-0.71066284 ,5.103897 ,-4.936386,23.5506516,87.29771955 ,21.81599979400635,78.6453122198241 ,0.0,21:16:21 PM,1574005581083
2.148758 ,14.062622 ,14.974289,23.5506516,87.29771955 ,21.81599979400635,78.6453122198241 ,0.0,21:16:21 PM,1574005581089
3.517456 ,7.0133667 ,10.772491,23.5506516,87.29771955 ,21.81599979400635,78.6453122198241 ,0.0,21:16:21 PM,1574005581092
4.8047943 ,10.231705 ,14.701508,23.5506516,87.29771955 ,21.81599979400635,78.6453122198241 ,0.0,21:16:21 PM,1574005581098
3.8979034 ,10.183853 ,15.6753845,23.5506516,87.29771955 ,21.81599979400635,78.6453122198241 ,0.0,21:16:21 PM,1574005581102
1.6654053 ,5.69252 ,2.629715,23.5506516,87.29771955 ,21.81599979400635,78.6453122198241 ,0.0,21:16:21 PM,1574005581108
1.2012024 ,8.767303 ,5.556137,23.5506516,87.29771955 ,21.81599979400635,78.6453122198241 ,0.0,21:16:21 PM,1574005581112
-1.4380798 ,8.080566 ,3.8979034,23.5506516,87.29771955 ,21.81599979400635,79.54642407935147 ,0.0,21:16:21 PM,1574005581118
-3.9864502 ,8.913269 ,-6.7286224,23.5506516,87.29771955 ,21.81599979400635,79.54642407935147 ,0.0,21:16:21 PM,1574005581123
-1.454834 ,14.457428 ,-0.04307556,23.5506516,87.29771955 ,21.81599979400635,79.54642407935147 ,0.0,21:16:21 PM,1574005581128
1.3447723 ,11.846863 ,-2.0554352,23.5506516,87.29771955 ,21.81599979400635,79.54642407935147 ,0.0,21:16:21 PM,1574005581133
2.4837494 ,5.8289185 ,-7.269394,23.5506516,87.29771955 ,21.81599979400635,79.54642407935147 ,0.0,21:16:21 PM,1574005581139
3.6681976 ,4.5511475 ,4.651642,23.5506516,87.29771955 ,21.81599979400635,79.54642407935147 ,0.0,21:16:21 PM,1574005581142
-0.75852966 ,3.4911346 ,4.9411774,23.5506516,87.29771955 ,21.81599979400635,79.54642407935147 ,0.0,21:16:21 PM,1574005581147
-2.8426666 ,4.99382 ,2.8953094,23.5506516,87.29771955 ,21.81599979400635,79.54642407935147 ,0.0,21:16:21 PM,1574005581152
-1.277771 ,8.214554 ,10.226929,23.5506516,87.29771955 ,21.81599979400635,79.54642407935147 ,0.0,21:16:21 PM,1574005581158
0.9403839 ,-2.864212 ,0.31825256,23.5506516,87.29771955 ,21.81599979400635,79.54642407935147 ,0.0,21:16:21 PM,1574005581162
5.30011 ,3.4360962 ,18.06102,23.5506516,87.29771955 ,21.81599979400635,79.54642407935147 ,0.0,21:16:21 PM,1574005581166
4.833496 ,3.8189392 ,17.962921,23.5506516,87.29771955 ,21.81599979400635,79.54642407935147 ,0.0,21:16:21 PM,1574005581172
1.4333038 ,5.97966 ,3.8117676,23.5506516,87.29771955 ,21.81599979400635,79.54642407935147 ,0.0,21:16:21 PM,1574005581176
-0.16989136 ,7.956131 ,5.0608215,23.5506516,87.29771955 ,21.81599979400635,79.54642407935147 ,0.0,21:16:21 PM,1574005581181
-3.6873474 ,4.153946 ,8.410767,23.5506516,87.29771955 ,21.81599979400635,79.54642407935147 ,0.0,21:16:21 PM,1574005581188
-2.9407806 ,1.2251282 ,12.179474,23.5506516,87.29771955 ,21.81599979400635,79.54642407935147 ,0.0,21:16:21 PM,1574005581191
1.2466583 ,8.865402 ,21.152557,23.5506516,87.29771955 ,21.81599979400635,79.54642407935147 ,0.0,21:16:21 PM,1574005581196
2.428711 ,6.7381897 ,0.99302673,23.5506516,87.29771955 ,21.81599979400635,79.54642407935147 ,0.0,21:16:21 PM,1574005581200
2.4358978 ,7.1186523 ,1.8640137,23.5506516,87.29771955 ,21.81599979400635,79.54642407935147 ,0.0,21:16:21 PM,1574005581206
-0.5096741 ,4.737793 ,17.190033,23.5506516,87.29771955 ,21.81599979400635,79.54642407935147 ,0.0,21:16:21 PM,1574005581211
-5.6446686 ,1.6749725 ,15.751953,23.5506516,87.29771955 ,21.81599979400635,79.54642407935147 ,0.0,21:16:21 PM,1574005581216
-6.2596283 ,11.004593 ,4.697113,23.5506516,87.29771955 ,21.81599979400635,79.54642407935147 ,0.0,21:16:21 PM,1574005581223
-3.349945 ,13.593628 ,-13.493134,23.5506516,87.29771955 ,21.81599979400635,79.54642407935147 ,0.0,21:16:21 PM,1574005581226
0.7657013 ,14.65126 ,-6.340973,23.5506516,87.29771955 ,21.81599979400635,79.54642407935147 ,0.0,21:16:21 PM,1574005581230
3.9050903 ,12.983459 ,7.2622223,23.5506516,87.29771955 ,21.81599979400635,79.54642407935147 ,0.0,21:16:21 PM,1574005581235
0.0047912598 ,15.706482 ,7.511078,23.5506516,87.29771955 ,21.81599979400635,79.54642407935147 ,0.0,21:16:21 PM,1574005581241
-5.3312073 ,2.7421722 ,-11.688934,23.5506516,87.29771955 ,21.81599979400635,79.54642407935147 ,0.0,21:16:21 PM,1574005581246
-2.5435638 ,8.413162 ,13.734802,23.5506516,87.29771955 ,21.81599979400635,79.54642407935147 ,0.0,21:16:21 PM,1574005581250
0.47616577 ,5.1996 ,23.016556,23.5506516,87.29771955 ,21.81599979400635,79.54642407935147 ,0.0,21:16:21 PM,1574005581256
3.8404846 ,5.2546387 ,17.185257,23.5506516,87.29771955 ,21.81599979400635,79.54642407935147 ,0.0,21:16:21 PM,1574005581261
8.126022 ,4.651642 ,17.309677,23.5506516,87.29771955 ,21.81599979400635,79.54642407935147 ,0.0,21:16:21 PM,1574005581267
8.489731 ,-1.9214325 ,9.595215,23.5506516,87.29771955 ,21.81599979400635,79.54642407935147 ,0.0,21:16:21 PM,1574005581274
4.3980103 ,-0.06700134 ,16.80719,23.5506516,87.29771955 ,21.81599979400635,79.54642407935147 ,0.0,21:16:21 PM,1574005581276
-3.448059 ,3.8213348 ,17.470001,23.5506516,87.29771955 ,21.81599979400635,79.54642407935147 ,0.0,21:16:21 PM,1574005581280
-10.88974 ,2.835495 ,-1.179657,23.55062578,87.29777616 ,23.75999965667725,79.54642407935147 ,0.0,21:16:21 PM,1574005581286
-6.970291 ,5.070389 ,9.379868,23.55062578,87.29777616 ,23.75999965667725,79.54642407935147 ,0.0,21:16:21 PM,1574005581293
-0.63409424 ,6.6592255 ,16.945969,23.55062578,87.29777616 ,23.75999965667725,79.54642407935147 ,0.0,21:16:21 PM,1574005581295
2.7350006 ,1.804184 ,-5.5752716,23.55062578,87.29777616 ,23.75999965667725,79.54642407935147 ,0.0,21:16:21 PM,1574005581300
6.027527 ,7.5182495 ,7.4943237,23.55062578,87.29777616 ,23.75999965667725,79.54642407935147 ,0.0,21:16:21 PM,1574005581306
3.9481506 ,6.908081 ,6.1280212,23.55062578,87.29777616 ,23.75999965667725,79.54642407935147 ,0.0,21:16:21 PM,1574005581310
0.40678406 ,8.985046 ,1.7060852,23.55062578,87.29777616 ,23.75999965667725,79.54642407935147 ,0.0,21:16:21 PM,1574005581314
1.1198425 ,14.943176 ,6.1208344,23.55062578,87.29777616 ,23.75999965667725,79.54642407935147 ,0.0,21:16:21 PM,1574005581323
1.7682953 ,10.894516 ,-6.5682983,23.55062578,87.29777616 ,23.75999965667725,79.54642407935147 ,0.0,21:16:21 PM,1574005581325
1.208374 ,10.490128 ,1.0743713,23.55062578,87.29777616 ,23.75999965667725,79.54642407935147 ,0.0,21:16:21 PM,1574005581330
-1.3830566 ,6.929611 ,14.581863,23.55062578,87.29777616 ,23.75999965667725,79.54642407935147 ,0.0,21:16:21 PM,1574005581335
-4.1443634 ,10.138397 ,8.829514,23.55062578,87.29777616 ,23.75999965667725,79.54642407935147 ,0.0,21:16:21 PM,1574005581341
-0.7848511 ,11.167297 ,1.454834,23.55062578,87.29777616 ,23.75999965667725,79.54642407935147 ,0.0,21:16:21 PM,1574005581345
3.735199 ,10.210175 ,3.826126,23.55062578,87.29777616 ,23.75999965667725,79.54642407935147 ,0.0,21:16:21 PM,1574005581349
1.8544312 ,-0.08375549 ,-0.5670929,23.55062578,87.29777616 ,23.75999965667725,79.54642407935147 ,0.0,21:16:21 PM,1574005581356
-3.6083832 ,6.3960114 ,16.165909,23.55062578,87.29777616 ,23.75999965667725,79.54642407935147 ,0.0,21:16:21 PM,1574005581359
-8.461029 ,9.669403 ,8.152344,23.55062578,87.29777616 ,23.75999965667725,79.54642407935147 ,0.0,21:16:21 PM,1574005581364
-4.2544403 ,9.336792 ,-10.310669,23.55062578,87.29777616 ,23.75999965667725,79.54642407935147 ,0.0,21:16:21 PM,1574005581369
7.8915253 ,10.58345 ,5.30249,23.55062578,87.29777616 ,23.75999965667725,79.54642407935147 ,0.0,21:16:21 PM,1574005581376
9.674179 ,6.4055786 ,13.098312,23.55062578,87.29777616 ,23.75999965667725,79.54642407935147 ,0.0,21:16:21 PM,1574005581379
2.5387878 ,5.1254272 ,7.5014954,23.55062578,87.29777616 ,23.75999965667725,79.54642407935147 ,0.0,21:16:21 PM,1574005581384
-4.3214417 ,6.3601227 ,7.7766724,23.55062578,87.29777616 ,23.75999965667725,79.54642407935147 ,0.0,21:16:21 PM,1574005581390
-6.1208344 ,4.864609 ,6.8147583,23.55062578,87.29777616 ,23.75999965667725,79.54642407935147 ,0.0,21:16:21 PM,1574005581394
-3.0197449 ,9.020935 ,15.053253,23.55062578,87.29777616 ,23.75999965667725,79.54642407935147 ,0.0,21:16:21 PM,1574005581398
1.7324066 ,9.43251 ,9.095123,23.55062578,87.29777616 ,23.75999965667725,79.54642407935147 ,0.0,21:16:21 PM,1574005581405
6.2309113 ,8.276779 ,-2.0841522,23.55062578,87.29777616 ,23.75999965667725,79.54642407935147 ,0.0,21:16:21 PM,1574005581408
9.056839 ,10.796417 ,0.8877411,23.55062578,87.29777616 ,23.75999965667725,79.54642407935147 ,0.0,21:16:21 PM,1574005581412
2.486145 ,9.183655 ,7.4440765,23.55062578,87.29777616 ,23.75999965667725,79.54642407935147 ,0.0,21:16:21 PM,1574005581417
-9.18605 ,3.2973022 ,2.1942139,23.55062578,87.29777616 ,23.75999965667725,79.54642407935147 ,0.0,21:16:21 PM,1574005581424
-10.035492 ,5.6446686 ,16.919647,23.55062578,87.29777616 ,23.75999965667725,79.54642407935147 ,0.0,21:16:21 PM,1574005581428
-3.6993103 ,8.214554 ,17.589645,23.55062578,87.29777616 ,23.75999965667725,79.54642407935147 ,0.0,21:16:21 PM,1574005581432
3.3834534 ,5.2498474 ,0.8901367,23.55062578,87.29777616 ,23.75999965667725,79.54642407935147 ,0.0,21:16:21 PM,1574005581439
7.8723907 ,3.8907318 ,1.6654053,23.55062578,87.29777616 ,23.75999965667725,79.54642407935147 ,0.0,21:16:21 PM,1574005581443
6.029907 ,5.7714844 ,10.710281,23.55062578,87.29777616 ,23.75999965667725,79.54642407935147 ,0.0,21:16:21 PM,1574005581448
1.3686981 ,11.169693 ,9.389435,23.55062578,87.29777616 ,23.75999965667725,79.54642407935147 ,0.0,21:16:21 PM,1574005581455
-2.5387878 ,15.306885 ,-2.806778,23.55062578,87.29777616 ,23.75999965667725,79.54642407935147 ,0.0,21:16:21 PM,1574005581457
