x,y,z,latitude,longitude,speed,sound,light,time,timestamp
-0.624527 ,8.910873 ,3.768692,23.5493061,87.29998573 ,23.652000617980956,82.20596961324388 ,0.0,21:17:04 PM,1574005624364
0.7513428 ,10.597809 ,5.371887,23.5493061,87.29998573 ,23.652000617980956,82.20596961324388 ,0.0,21:17:04 PM,1574005624369
1.3040924 ,10.861023 ,1.1652985,23.5493061,87.29998573 ,23.652000617980956,82.20596961324388 ,0.0,21:17:04 PM,1574005624375
0.117248535 ,7.9896393 ,2.4741821,23.5493061,87.29998573 ,23.652000617980956,82.20596961324388 ,0.0,21:17:04 PM,1574005624380
-1.2801666 ,5.8384857 ,14.8450775,23.5493061,87.29998573 ,23.652000617980956,82.20596961324388 ,0.0,21:17:04 PM,1574005624384
-2.2755737 ,2.6799622 ,12.47139,23.5493061,87.29998573 ,23.652000617980956,82.20596961324388 ,0.0,21:17:04 PM,1574005624391
0.21534729 ,6.192627 ,13.052841,23.5493061,87.29998573 ,23.652000617980956,82.20596961324388 ,0.0,21:17:04 PM,1574005624394
2.136795 ,5.99881 ,1.7371826,23.5493061,87.29998573 ,23.652000617980956,82.20596961324388 ,0.0,21:17:04 PM,1574005624398
0.8039856 ,2.5651093 ,-9.442078,23.5493061,87.29998573 ,23.652000617980956,82.20596961324388 ,0.0,21:17:04 PM,1574005624406
2.4430695 ,9.291336 ,2.313858,23.5493061,87.29998573 ,23.652000617980956,82.20596961324388 ,0.0,21:17:04 PM,1574005624408
-1.5433655 ,14.663223 ,3.4002075,23.5493061,87.29998573 ,23.652000617980956,82.20596961324388 ,0.0,21:17:04 PM,1574005624413
-2.8283234 ,8.626129 ,-9.690933,23.5493061,87.29998573 ,23.652000617980956,82.20596961324388 ,0.0,21:17:04 PM,1574005624418
1.9836426 ,8.827118 ,5.46521,23.5493061,87.29998573 ,23.652000617980956,82.20596961324388 ,0.0,21:17:04 PM,1574005624424
2.7517395 ,2.589035 ,12.459427,23.5493061,87.29998573 ,23.652000617980956,82.20596961324388 ,0.0,21:17:04 PM,1574005624430
0.04067993 ,5.1302185 ,13.524231,23.5493061,87.29998573 ,23.652000617980956,82.20596961324388 ,0.0,21:17:04 PM,1574005624433
-0.7010956 ,7.2023926 ,8.542374,23.5493061,87.29998573 ,23.652000617980956,82.20596961324388 ,0.0,21:17:04 PM,1574005624440
3.3068848 ,6.5778656 ,1.976471,23.5493061,87.29998573 ,23.652000617980956,82.20596961324388 ,0.0,21:17:04 PM,1574005624443
7.585251 ,7.3363953 ,11.602798,23.5493061,87.29998573 ,23.652000617980956,82.20596961324388 ,0.0,21:17:04 PM,1574005624448
4.405182 ,3.974472 ,9.619141,23.5493061,87.29998573 ,23.652000617980956,82.20596961324388 ,0.0,21:17:04 PM,1574005624456
-1.4667969 ,6.271591 ,5.8504486,23.5493061,87.29998573 ,23.652000617980956,82.20596961324388 ,0.0,21:17:04 PM,1574005624458
-5.0321045 ,7.8269196 ,8.951553,23.5493061,87.29998573 ,23.652000617980956,82.20596961324388 ,0.0,21:17:04 PM,1574005624462
-5.79303 ,2.4646149 ,13.060028,23.5493061,87.29998573 ,23.652000617980956,82.20596961324388 ,0.0,21:17:04 PM,1574005624467
-4.163513 ,4.646866 ,20.21457,23.5493061,87.29998573 ,23.652000617980956,82.20596961324388 ,0.0,21:17:04 PM,1574005624474
-0.6963043 ,5.6973114 ,13.028915,23.5493061,87.29998573 ,23.652000617980956,82.20596961324388 ,0.0,21:17:04 PM,1574005624478
4.228119 ,4.352539 ,3.254242,23.5493061,87.29998573 ,23.652000617980956,82.20596961324388 ,0.0,21:17:04 PM,1574005624482
7.4392853 ,7.554138 ,7.771881,23.5493061,87.29998573 ,23.652000617980956,82.20596961324388 ,0.0,21:17:04 PM,1574005624490
3.4073792 ,4.8047943 ,3.9936218,23.5493061,87.29998573 ,23.652000617980956,82.20596961324388 ,0.0,21:17:04 PM,1574005624492
-1.0217285 ,3.768692 ,6.175873,23.5493061,87.29998573 ,23.652000617980956,82.20596961324388 ,0.0,21:17:04 PM,1574005624497
-2.0841522 ,9.652649 ,14.239685,23.5493061,87.29998573 ,23.652000617980956,82.20596961324388 ,0.0,21:17:04 PM,1574005624502
-3.3595276 ,4.881363 ,2.371292,23.5493061,87.29998573 ,23.652000617980956,82.20596961324388 ,0.0,21:17:04 PM,1574005624508
0.5934143 ,4.106079 ,8.977875,23.5493061,87.29998573 ,23.652000617980956,82.20596961324388 ,0.0,21:17:04 PM,1574005624512
3.4815521 ,8.391632 ,22.528427,23.5493061,87.29998573 ,23.652000617980956,82.20596961324388 ,0.0,21:17:04 PM,1574005624517
0.15792847 ,1.7826538 ,3.0101776,23.5493061,87.29998573 ,23.652000617980956,82.20596961324388 ,0.0,21:17:04 PM,1574005624524
0.74894714 ,5.5202484 ,2.847458,23.5493061,87.29998573 ,23.652000617980956,82.20596961324388 ,0.0,21:17:04 PM,1574005624527
1.931015 ,13.507492 ,9.9062805,23.5493061,87.29998573 ,23.652000617980956,82.20596961324388 ,0.0,21:17:04 PM,1574005624532
-2.7158508 ,10.604996 ,0.29193115,23.5493061,87.29998573 ,23.652000617980956,82.20596961324388 ,0.0,21:17:04 PM,1574005624540
-1.1078796 ,5.694916 ,2.864212,23.5493061,87.29998573 ,23.652000617980956,82.20596961324388 ,0.0,21:17:04 PM,1574005624542
5.493927 ,9.604797 ,19.298111,23.5493061,87.29998573 ,23.652000617980956,82.20596961324388 ,0.0,21:17:04 PM,1574005624547
5.7762756 ,4.2711945 ,6.8147583,23.5493061,87.29998573 ,23.652000617980956,82.20596961324388 ,0.0,21:17:04 PM,1574005624552
1.9214325 ,7.8460693 ,7.939392,23.5493061,87.29998573 ,23.652000617980956,82.20596961324388 ,0.0,21:17:04 PM,1574005624558
-2.3521423 ,11.95694 ,7.235901,23.5493061,87.29998573 ,23.652000617980956,82.20596961324388 ,0.0,21:17:04 PM,1574005624562
-4.216156 ,5.745163 ,0.9643097,23.5493061,87.29998573 ,23.652000617980956,82.20596961324388 ,0.0,21:17:04 PM,1574005624566
0.85902405 ,6.628113 ,11.196014,23.5493061,87.29998573 ,23.652000617980956,82.20596961324388 ,0.0,21:17:04 PM,1574005624573
4.3860474 ,10.018753 ,11.571686,23.5493061,87.29998573 ,23.652000617980956,82.20596961324388 ,0.0,21:17:04 PM,1574005624576
0.59580994 ,10.21257 ,7.2502594,23.5493061,87.29998573 ,23.652000617980956,82.20596961324388 ,0.0,21:17:04 PM,1574005624581
-1.4021912 ,3.929016 ,0.8638153,23.5493061,87.29998573 ,23.652000617980956,82.20596961324388 ,0.0,21:17:04 PM,1574005624586
3.5748749 ,2.5698853 ,13.988449,23.5493061,87.29998573 ,23.652000617980956,82.20596961324388 ,0.0,21:17:04 PM,1574005624592
3.8476562 ,5.986847 ,11.4664,23.5493061,87.29998573 ,23.652000617980956,82.20596961324388 ,0.0,21:17:04 PM,1574005624596
-1.7060852 ,6.0012054 ,-13.782654,23.5493061,87.29998573 ,23.652000617980956,82.20596961324388 ,0.0,21:17:04 PM,1574005624600
-0.76330566 ,7.1688995 ,-17.529816,23.5493061,87.29998573 ,23.652000617980956,82.20596961324388 ,0.0,21:17:04 PM,1574005624606
2.7397766 ,12.602997 ,9.111862,23.5493061,87.29998573 ,23.652000617980956,82.20596961324388 ,0.0,21:17:04 PM,1574005624611
-1.7204437 ,6.4414825 ,8.585449,23.5493061,87.29998573 ,23.652000617980956,82.20596961324388 ,0.0,21:17:04 PM,1574005624615
-2.806778 ,2.2947235 ,0.5407715,23.5493061,87.29998573 ,23.652000617980956,82.20596961324388 ,0.0,21:17:04 PM,1574005624623
3.0915222 ,10.884949 ,7.269394,23.5493061,87.29998573 ,23.652000617980956,82.20596961324388 ,0.0,21:17:04 PM,1574005624626
6.632904 ,5.4843445 ,8.824738,23.5493061,87.29998573 ,23.652000617980956,82.20596961324388 ,0.0,21:17:04 PM,1574005624630
5.7188416 ,8.240875 ,16.728226,23.5493061,87.29998573 ,23.652000617980956,82.20596961324388 ,0.0,21:17:04 PM,1574005624635
2.7445679 ,6.8602295 ,7.0205383,23.5493061,87.29998573 ,23.652000617980956,82.20596961324388 ,0.0,21:17:04 PM,1574005624642
-0.41874695 ,7.4775696 ,10.942383,23.5493061,87.29998573 ,23.652000617980956,82.20596961324388 ,0.0,21:17:04 PM,1574005624646
-1.1652985 ,4.864609 ,16.962723,23.5493061,87.29998573 ,23.652000617980956,82.20596961324388 ,0.0,21:17:04 PM,1574005624650
-1.4907227 ,5.15654 ,21.671799,23.5493061,87.29998573 ,23.652000617980956,82.20596961324388 ,0.0,21:17:04 PM,1574005624656
-3.5892334 ,1.8520508 ,6.8602295,23.5493061,87.29998573 ,23.652000617980956,82.20596961324388 ,0.0,21:17:04 PM,1574005624660
-1.9238281 ,3.529419 ,10.329819,23.5493061,87.29998573 ,23.652000617980956,82.20596961324388 ,0.0,21:17:04 PM,1574005624665
-1.2969055 ,1.4667969 ,13.715652,23.5493061,87.29998573 ,23.652000617980956,82.20596961324388 ,0.0,21:17:04 PM,1574005624673
-1.7467651 ,4.771286 ,4.022339,23.5493061,87.29998573 ,23.652000617980956,82.20596961324388 ,0.0,21:17:04 PM,1574005624675
-1.3328094 ,6.8602295 ,0.5814514,23.5493061,87.29998573 ,23.652000617980956,82.20596961324388 ,0.0,21:17:04 PM,1574005624680
2.0554352 ,6.443878 ,3.653839,23.5493061,87.29998573 ,23.652000617980956,82.20596961324388 ,0.0,21:17:04 PM,1574005624684
4.4697876 ,6.4534454 ,13.095917,23.5493061,87.29998573 ,23.652000617980956,82.20596961324388 ,0.0,21:17:04 PM,1574005624690
0.22013855 ,5.9820557 ,15.3714905,23.5493061,87.29998573 ,23.652000617980956,82.20596961324388 ,0.0,21:17:04 PM,1574005624695
-1.7730865 ,5.8336945 ,5.2666016,23.5493061,87.29998573 ,23.652000617980956,82.20596961324388 ,0.0,21:17:04 PM,1574005624699
2.9551392 ,11.07637 ,6.4821625,23.5493061,87.29998573 ,23.652000617980956,82.20596961324388 ,0.0,21:17:04 PM,1574005624706
4.4602203 ,10.17189 ,5.54657,23.5493061,87.29998573 ,23.652000617980956,82.20596961324388 ,0.0,21:17:04 PM,1574005624709
1.1030884 ,5.1589203 ,4.759323,23.5493061,87.29998573 ,23.652000617980956,82.20596961324388 ,0.0,21:17:04 PM,1574005624714
-0.4283142 ,5.654236 ,11.803787,23.5493061,87.29998573 ,23.652000617980956,82.20596961324388 ,0.0,21:17:04 PM,1574005624719
-1.2873383 ,8.953949 ,9.923035,23.5493061,87.29998573 ,23.652000617980956,82.20596961324388 ,0.0,21:17:04 PM,1574005624725
-0.68196106 ,7.4392853 ,4.311859,23.5493061,87.29998573 ,23.652000617980956,82.20596961324388 ,0.0,21:17:04 PM,1574005624730
1.2370911 ,7.6618195 ,6.541977,23.5493061,87.29998573 ,23.652000617980956,82.20596961324388 ,0.0,21:17:04 PM,1574005624734
1.7850494 ,6.1615143 ,6.5324097,23.5493061,87.29998573 ,23.652000617980956,82.20596961324388 ,0.0,21:17:04 PM,1574005624741
0.3014984 ,5.620743 ,9.621536,23.5493061,87.29998573 ,23.652000617980956,82.20596961324388 ,0.0,21:17:04 PM,1574005624744
-2.1918182 ,6.18544 ,8.444275,23.5493061,87.29998573 ,23.652000617980956,82.20596961324388 ,0.0,21:17:04 PM,1574005624749
-2.909668 ,3.1824493 ,2.8091736,23.5493061,87.29998573 ,23.652000617980956,82.20596961324388 ,0.0,21:17:04 PM,1574005624757
-0.5790558 ,5.71167 ,5.15654,23.5493061,87.29998573 ,23.652000617980956,82.20596961324388 ,0.0,21:17:04 PM,1574005624759
2.2875366 ,6.209381 ,8.6931305,23.5493061,87.29998573 ,23.652000617980956,82.20596961324388 ,0.0,21:17:04 PM,1574005624764
1.7515411 ,6.5156555 ,2.9479523,23.5493061,87.29998573 ,23.652000617980956,82.20596961324388 ,0.0,21:17:04 PM,1574005624768
0.8614197 ,8.913269 ,2.244461,23.5493061,87.29998573 ,23.652000617980956,82.20596961324388 ,0.0,21:17:04 PM,1574005624775
0.17706299 ,9.231506 ,6.7621155,23.5493061,87.29998573 ,23.652000617980956,82.20596961324388 ,0.0,21:17:04 PM,1574005624779
-1.3950195 ,7.9872437 ,5.355133,23.5493061,87.29998573 ,23.652000617980956,82.20596961324388 ,0.0,21:17:04 PM,1574005624783
-1.2203369 ,6.3672943 ,1.5696869,23.5493061,87.29998573 ,23.652000617980956,82.20596961324388 ,0.0,21:17:04 PM,1574005624790
0.15074158 ,8.082962 ,2.6967163,23.5493061,87.29998573 ,23.652000617980956,82.20596961324388 ,0.0,21:17:04 PM,1574005624793
1.3328094 ,8.018356 ,8.181061,23.5493061,87.29998573 ,23.652000617980956,82.20596961324388 ,0.0,21:17:04 PM,1574005624798
1.2179413 ,6.439087 ,3.0628204,23.5493061,87.29998573 ,23.652000617980956,81.79459066347646 ,0.0,21:17:04 PM,1574005624805
1.9980011 ,6.0107727 ,1.5768738,23.5493061,87.29998573 ,23.652000617980956,81.79459066347646 ,0.0,21:17:04 PM,1574005624808
1.9908295 ,4.388443 ,8.673981,23.5493061,87.29998573 ,23.652000617980956,81.79459066347646 ,0.0,21:17:04 PM,1574005624812
0.6412811 ,4.615753 ,13.844879,23.5493061,87.29998573 ,23.652000617980956,81.79459066347646 ,0.0,21:17:04 PM,1574005624817
0.68196106 ,3.4695892 ,8.090134,23.5493061,87.29998573 ,23.652000617980956,81.79459066347646 ,0.0,21:17:04 PM,1574005624824
2.1296082 ,4.4889374 ,10.482956,23.5493061,87.29998573 ,23.652000617980956,81.79459066347646 ,0.0,21:17:04 PM,1574005624828
2.8594208 ,3.0149536 ,15.369095,23.5493061,87.29998573 ,23.652000617980956,81.79459066347646 ,0.0,21:17:04 PM,1574005624832
0.65563965 ,5.50589 ,17.201996,23.5493061,87.29998573 ,23.652000617980956,81.79459066347646 ,0.0,21:17:04 PM,1574005624839
-1.2251282 ,3.763916 ,10.894516,23.5493061,87.29998573 ,23.652000617980956,81.79459066347646 ,0.0,21:17:04 PM,1574005624842
-0.3756714 ,4.874176 ,11.5286255,23.5493061,87.29998573 ,23.652000617980956,81.79459066347646 ,0.0,21:17:04 PM,1574005624847
0.624527 ,3.3020935 ,13.368698,23.5493061,87.29998573 ,23.652000617980956,81.79459066347646 ,0.0,21:17:04 PM,1574005624852
