x,y,z,latitude,longitude,speed,sound,light,time,timestamp
-0.40774536 ,13.540543 ,-6.0616302,23.56784074,87.30008855 ,43.0560001373291,83.55675965180437 ,12157.0,10:47:24 AM,1572671844274
2.6711578 ,5.9617004 ,-5.7088165,23.56784074,87.30008855 ,43.0560001373291,83.55675965180437 ,12157.0,10:47:24 AM,1572671844277
2.610611 ,2.7494354 ,9.691345,23.56784074,87.30008855 ,43.0560001373291,83.55675965180437 ,12157.0,10:47:24 AM,1572671844282
-0.5401459 ,-2.77536 ,14.886246,23.56784074,87.30008855 ,43.0560001373291,83.55675965180437 ,12157.0,10:47:24 AM,1572671844286
-2.3700104 ,-5.47818 ,25.405182,23.56784074,87.30008855 ,43.0560001373291,83.55675965180437 ,12157.0,10:47:24 AM,1572671844292
-0.09729004 ,-6.1635895 ,28.29367,23.56784074,87.30008855 ,43.0560001373291,83.55675965180437 ,12157.0,10:47:24 AM,1572671844295
2.5008392 ,-7.1664276 ,14.124771,23.56784074,87.30008855 ,43.0560001373291,83.55675965180437 ,12157.0,10:47:24 AM,1572671844301
1.0172424 ,-4.681793 ,14.617325,23.56784074,87.30008855 ,43.0560001373291,83.55675965180437 ,12157.0,10:47:24 AM,1572671844307
-2.906784 ,-3.399414 ,22.466309,23.56784074,87.30008855 ,43.0560001373291,83.55675965180437 ,12157.0,10:47:24 AM,1572671844312
-4.781021 ,-3.4190521 ,22.385239,23.56784074,87.30008855 ,43.0560001373291,83.55675965180437 ,12157.0,10:47:24 AM,1572671844315
-2.312622 ,-2.147293 ,10.486862,23.56784074,87.30008855 ,43.0560001373291,83.55675965180437 ,12157.0,10:47:24 AM,1572671844323
0.5372162 ,3.8487854 ,2.6113129,23.56784074,87.30008855 ,43.0560001373291,83.55675965180437 ,12157.0,10:47:24 AM,1572671844325
-0.27226257 ,7.597412 ,-3.4697876,23.56784074,87.30008855 ,43.0560001373291,83.55675965180437 ,12157.0,10:47:24 AM,1572671844329
-0.886261 ,10.481186 ,0.025177002,23.56784074,87.30008855 ,43.0560001373291,83.55675965180437 ,12157.0,10:47:24 AM,1572671844337
2.7059479 ,8.304382 ,-1.7542725,23.56784074,87.30008855 ,43.0560001373291,83.55675965180437 ,12157.0,10:47:24 AM,1572671844342
6.1237335 ,8.475937 ,6.861496,23.56784074,87.30008855 ,43.0560001373291,83.55675965180437 ,12157.0,10:47:24 AM,1572671844347
3.1865387 ,8.790512 ,15.590179,23.56784074,87.30008855 ,43.0560001373291,83.55675965180437 ,12157.0,10:47:24 AM,1572671844351
-2.91568 ,9.544067 ,2.5379486,23.56784074,87.30008855 ,43.0560001373291,83.55675965180437 ,12157.0,10:47:24 AM,1572671844356
-6.9871216 ,12.583618 ,-4.835556,23.56784074,87.30008855 ,43.0560001373291,83.55675965180437 ,12157.0,10:47:24 AM,1572671844359
-6.043457 ,6.4575653 ,-8.558899,23.56784074,87.30008855 ,43.0560001373291,83.55675965180437 ,12157.0,10:47:24 AM,1572671844366
0.53723145 ,4.798767 ,12.674255,23.56784074,87.30008855 ,43.0560001373291,83.55675965180437 ,12157.0,10:47:24 AM,1572671844368
5.2786255 ,-0.91889954 ,16.59076,23.56784074,87.30008855 ,43.0560001373291,83.55675965180437 ,12157.0,10:47:24 AM,1572671844372
2.8535156 ,-4.606827 ,13.329437,23.56784074,87.30008855 ,43.0560001373291,83.55675965180437 ,12157.0,10:47:24 AM,1572671844382
-4.1874084 ,-4.3964233 ,20.958054,23.56784074,87.30008855 ,43.0560001373291,83.55675965180437 ,12157.0,10:47:24 AM,1572671844387
-6.945709 ,-8.724197 ,11.898666,23.56784074,87.30008855 ,43.0560001373291,83.55675965180437 ,12157.0,10:47:24 AM,1572671844392
-1.8898621 ,-4.960739 ,24.510483,23.56784074,87.30008855 ,43.0560001373291,83.55675965180437 ,12157.0,10:47:24 AM,1572671844399
5.1242676 ,-5.042145 ,21.513672,23.56784074,87.30008855 ,43.0560001373291,83.55675965180437 ,12157.0,10:47:24 AM,1572671844403
6.325775 ,-1.0790405 ,17.0289,23.56784074,87.30008855 ,43.0560001373291,83.55675965180437 ,16780.0,10:47:24 AM,1572671844408
0.3010254 ,0.98049927 ,7.9454956,23.56784074,87.30008855 ,43.0560001373291,83.55675965180437 ,16780.0,10:47:24 AM,1572671844414
-4.8752136 ,1.4639435 ,0.51856995,23.56784074,87.30008855 ,43.0560001373291,83.55675965180437 ,16780.0,10:47:24 AM,1572671844418
-3.186798 ,4.565277 ,10.352936,23.56784074,87.30008855 ,43.0560001373291,83.55675965180437 ,16780.0,10:47:24 AM,1572671844421
4.8464813 ,4.87973 ,10.119263,23.56784074,87.30008855 ,43.0560001373291,83.55675965180437 ,16780.0,10:47:24 AM,1572671844427
8.652252 ,5.7893677 ,13.257141,23.56784074,87.30008855 ,43.0560001373291,83.55675965180437 ,16780.0,10:47:24 AM,1572671844433
5.863785 ,5.531723 ,8.206009,23.56784074,87.30008855 ,43.0560001373291,83.55675965180437 ,16780.0,10:47:24 AM,1572671844435
1.0837555 ,9.689255 ,5.816803,23.56784074,87.30008855 ,43.0560001373291,83.55675965180437 ,16780.0,10:47:24 AM,1572671844442
-2.8419495 ,13.7747345 ,-3.375412,23.56784074,87.30008855 ,43.0560001373291,83.55675965180437 ,16780.0,10:47:24 AM,1572671844445
-6.0862274 ,18.702393 ,-11.459732,23.56784074,87.30008855 ,43.0560001373291,83.55675965180437 ,16780.0,10:47:24 AM,1572671844452
-7.5533295 ,17.410019 ,-20.666885,23.56784074,87.30008855 ,43.0560001373291,83.55675965180437 ,16780.0,10:47:24 AM,1572671844456
-4.1031647 ,12.760025 ,-15.2092285,23.56784074,87.30008855 ,43.0560001373291,83.55675965180437 ,16780.0,10:47:24 AM,1572671844469
1.5753174 ,5.158188 ,-3.6013641,23.56784074,87.30008855 ,43.0560001373291,83.55675965180437 ,16780.0,10:47:24 AM,1572671844471
3.1578827 ,-0.7404175 ,14.320831,23.56784074,87.30008855 ,43.0560001373291,83.55675965180437 ,16780.0,10:47:24 AM,1572671844475
-0.32876587 ,-5.0369873 ,29.57228,23.56784074,87.30008855 ,43.0560001373291,83.55675965180437 ,16780.0,10:47:24 AM,1572671844478
-3.4208221 ,-11.950806 ,21.386047,23.56784074,87.30008855 ,43.0560001373291,83.55675965180437 ,16780.0,10:47:24 AM,1572671844481
-2.0482483 ,-9.271606 ,32.703842,23.56784074,87.30008855 ,43.0560001373291,83.55675965180437 ,16780.0,10:47:24 AM,1572671844484
1.5557098 ,-7.611435 ,35.493652,23.56784074,87.30008855 ,43.0560001373291,83.55675965180437 ,16780.0,10:47:24 AM,1572671844489
4.108658 ,-5.772461 ,26.805847,23.56784074,87.30008855 ,43.0560001373291,83.55675965180437 ,16780.0,10:47:24 AM,1572671844494
2.0115967 ,-3.4096832 ,17.262543,23.56784074,87.30008855 ,43.0560001373291,83.55675965180437 ,16780.0,10:47:24 AM,1572671844497
-2.3393555 ,-1.9848175 ,2.6483765,23.56784074,87.30008855 ,43.0560001373291,83.55675965180437 ,16780.0,10:47:24 AM,1572671844500
-5.050293 ,3.1341705 ,3.3295746,23.56784074,87.30008855 ,43.0560001373291,83.55675965180437 ,16780.0,10:47:24 AM,1572671844512
-1.3114777 ,-0.39419556 ,-11.768417,23.56784074,87.30008855 ,43.0560001373291,83.55675965180437 ,16780.0,10:47:24 AM,1572671844518
3.6919708 ,4.064804 ,18.519165,23.56784074,87.30008855 ,43.0560001373291,83.55675965180437 ,16780.0,10:47:24 AM,1572671844521
8.384766 ,-0.64276123 ,12.289261,23.56784074,87.30008855 ,43.0560001373291,83.55675965180437 ,16780.0,10:47:24 AM,1572671844527
4.975464 ,1.6238861 ,12.710678,23.56784074,87.30008855 ,43.0560001373291,83.55675965180437 ,16780.0,10:47:24 AM,1572671844531
-3.1342316 ,2.2615967 ,4.7723846,23.56784074,87.30008855 ,43.0560001373291,83.55675965180437 ,16780.0,10:47:24 AM,1572671844536
-7.612564 ,6.1986847 ,8.689758,23.56784074,87.30008855 ,43.0560001373291,83.55675965180437 ,16780.0,10:47:24 AM,1572671844542
-3.1230316 ,6.6087646 ,10.2343445,23.56784074,87.30008855 ,43.0560001373291,83.55675965180437 ,16780.0,10:47:24 AM,1572671844545
6.108383 ,4.924057 ,6.119278,23.56784074,87.30008855 ,43.0560001373291,83.55675965180437 ,16780.0,10:47:24 AM,1572671844552
7.912033 ,6.6358185 ,12.465439,23.56784074,87.30008855 ,43.0560001373291,83.55675965180437 ,16780.0,10:47:24 AM,1572671844556
0.21812439 ,4.7828827 ,4.223587,23.56784074,87.30008855 ,43.0560001373291,83.55675965180437 ,16780.0,10:47:24 AM,1572671844563
-7.175934 ,5.530075 ,4.656555,23.56784074,87.30008855 ,43.0560001373291,83.55675965180437 ,16780.0,10:47:24 AM,1572671844565
-4.785248 ,4.0646667 ,1.9883575,23.56784074,87.30008855 ,43.0560001373291,83.55675965180437 ,16780.0,10:47:24 AM,1572671844572
1.7467346 ,2.8848877 ,2.19664,23.56784074,87.30008855 ,43.0560001373291,83.55675965180437 ,16780.0,10:47:24 AM,1572671844575
1.385788 ,1.3834686 ,7.9069366,23.56784074,87.30008855 ,43.0560001373291,83.55675965180437 ,16780.0,10:47:24 AM,1572671844581
-4.782913 ,-0.34742737 ,13.955963,23.56784074,87.30008855 ,43.0560001373291,83.55675965180437 ,16780.0,10:47:24 AM,1572671844584
-7.072174 ,-1.6101227 ,19.608398,23.56784074,87.30008855 ,43.0560001373291,83.55675965180437 ,16780.0,10:47:24 AM,1572671844590
-1.3929596 ,-3.1313171 ,15.571518,23.56784074,87.30008855 ,43.0560001373291,83.55675965180437 ,16780.0,10:47:24 AM,1572671844594
3.5915375 ,-1.0079956 ,19.112762,23.56784074,87.30008855 ,43.0560001373291,83.55675965180437 ,16780.0,10:47:24 AM,1572671844600
2.1233978 ,-1.1943817 ,14.058182,23.56784074,87.30008855 ,43.0560001373291,83.55675965180437 ,14063.0,10:47:24 AM,1572671844607
-1.9485321 ,2.2328186 ,17.647827,23.56784074,87.30008855 ,43.0560001373291,83.55675965180437 ,14063.0,10:47:24 AM,1572671844610
-0.11836243 ,0.93270874 ,5.96138,23.56784074,87.30008855 ,43.0560001373291,83.55675965180437 ,14063.0,10:47:24 AM,1572671844614
5.4782257 ,5.5330963 ,11.82637,23.56784074,87.30008855 ,43.0560001373291,83.55675965180437 ,14063.0,10:47:24 AM,1572671844620
8.247955 ,5.340637 ,7.1436157,23.56784074,87.30008855 ,43.0560001373291,83.55675965180437 ,14063.0,10:47:24 AM,1572671844623
3.8864746 ,6.4037933 ,-0.44706726,23.56784074,87.30008855 ,43.0560001373291,83.55675965180437 ,14063.0,10:47:24 AM,1572671844629
-3.6703186 ,6.8389435 ,0.5608063,23.56784074,87.30008855 ,43.0560001373291,83.55675965180437 ,14063.0,10:47:24 AM,1572671844632
-4.8642883 ,4.1726074 ,-2.0310516,23.56784074,87.30008855 ,43.0560001373291,83.55675965180437 ,14063.0,10:47:24 AM,1572671844638
-0.5594177 ,7.5513763 ,17.995667,23.56784074,87.30008855 ,43.0560001373291,83.55675965180437 ,14063.0,10:47:24 AM,1572671844648
4.6382294 ,5.9011993 ,5.663513,23.56784074,87.30008855 ,43.0560001373291,83.55675965180437 ,14063.0,10:47:24 AM,1572671844650
1.3678589 ,10.502869 ,5.7146606,23.56784074,87.30008855 ,43.0560001373291,83.55675965180437 ,14063.0,10:47:24 AM,1572671844659
-4.7637024 ,7.612671 ,4.044342,23.56784074,87.30008855 ,43.0560001373291,83.55675965180437 ,14063.0,10:47:24 AM,1572671844662
-2.0880737 ,5.79039 ,2.3909302,23.56784074,87.30008855 ,43.0560001373291,83.55675965180437 ,14063.0,10:47:24 AM,1572671844666
2.9800262 ,5.70726 ,9.905884,23.56784074,87.30008855 ,43.0560001373291,83.55675965180437 ,14063.0,10:47:24 AM,1572671844670
0.6025543 ,0.4163971 ,9.1827545,23.56784074,87.30008855 ,43.0560001373291,83.05042977942087 ,14063.0,10:47:24 AM,1572671844676
-6.184311 ,-0.6430054 ,20.909271,23.56784074,87.30008855 ,43.0560001373291,83.05042977942087 ,14063.0,10:47:24 AM,1572671844680
-6.056427 ,-4.3341675 ,14.776306,23.56784074,87.30008855 ,43.0560001373291,83.05042977942087 ,14063.0,10:47:24 AM,1572671844685
0.66864014 ,-2.376358 ,14.460541,23.56784074,87.30008855 ,43.0560001373291,83.05042977942087 ,14063.0,10:47:24 AM,1572671844688
3.7208252 ,-0.62364197 ,12.212143,23.56784074,87.30008855 ,43.0560001373291,83.05042977942087 ,14063.0,10:47:24 AM,1572671844694
-0.7834015 ,0.8897705 ,9.673126,23.56784074,87.30008855 ,43.0560001373291,83.05042977942087 ,14063.0,10:47:24 AM,1572671844699
-6.204071 ,1.6342621 ,11.457214,23.56784074,87.30008855 ,43.0560001373291,83.05042977942087 ,14063.0,10:47:24 AM,1572671844704
-3.5459747 ,-0.11999512 ,4.822464,23.56784074,87.30008855 ,43.0560001373291,83.05042977942087 ,14063.0,10:47:24 AM,1572671844710
4.158264 ,1.5128937 ,11.445923,23.56784074,87.30008855 ,43.0560001373291,83.05042977942087 ,14063.0,10:47:24 AM,1572671844714
8.133041 ,2.0294495 ,17.935516,23.56784074,87.30008855 ,43.0560001373291,83.05042977942087 ,14063.0,10:47:24 AM,1572671844719
4.819351 ,3.188095 ,21.329025,23.56784074,87.30008855 ,43.0560001373291,83.05042977942087 ,14063.0,10:47:24 AM,1572671844723
0.6338959 ,2.5964508 ,8.8563385,23.56784074,87.30008855 ,43.0560001373291,83.05042977942087 ,14063.0,10:47:24 AM,1572671844730
-0.6050873 ,7.478058 ,7.626297,23.56784074,87.30008855 ,43.0560001373291,83.05042977942087 ,14063.0,10:47:24 AM,1572671844733
0.017822266 ,8.547028 ,-0.09031677,23.56784074,87.30008855 ,43.0560001373291,83.05042977942087 ,14063.0,10:47:24 AM,1572671844737
-0.8106079 ,13.368469 ,7.0923157,23.56784074,87.30008855 ,43.0560001373291,83.05042977942087 ,14063.0,10:47:24 AM,1572671844744
-2.2149048 ,12.025299 ,-1.2477264,23.56784074,87.30008855 ,43.0560001373291,83.05042977942087 ,14063.0,10:47:24 AM,1572671844747
-0.9317322 ,10.594528 ,-9.661087,23.56784074,87.30008855 ,43.0560001373291,83.05042977942087 ,14063.0,10:47:24 AM,1572671844752
0.95951843 ,11.1689 ,3.5399017,23.56784074,87.30008855 ,43.0560001373291,83.05042977942087 ,14063.0,10:47:24 AM,1572671844758
0.9487457 ,5.3764954 ,-0.39727783,23.56784074,87.30008855 ,43.0560001373291,83.05042977942087 ,14063.0,10:47:24 AM,1572671844763
