x,y,z,latitude,longitude,speed,sound,light,time,timestamp
-2.8018951 ,5.6076202 ,-1.4052582,23.56862416,87.30252575 ,42.76800041198731,86.29974970586376 ,9819.0,10:46:53 AM,1572671813430
-4.461014 ,6.7261353 ,-4.685379,23.56862416,87.30252575 ,42.76800041198731,86.29974970586376 ,9819.0,10:46:53 AM,1572671813435
-1.1389008 ,9.415298 ,-0.0020599365,23.56862416,87.30252575 ,42.76800041198731,86.29974970586376 ,9819.0,10:46:53 AM,1572671813438
1.9752655 ,10.730225 ,7.7858124,23.56862416,87.30252575 ,42.76800041198731,86.29974970586376 ,9819.0,10:46:53 AM,1572671813445
2.3778687 ,1.4696198 ,-8.641464,23.56862416,87.30252575 ,42.76800041198731,86.29974970586376 ,9819.0,10:46:53 AM,1572671813447
-1.6040497 ,4.3715363 ,24.77089,23.56862416,87.30252575 ,42.76800041198731,85.67110017774915 ,9819.0,10:46:53 AM,1572671813452
-3.0947266 ,-1.7327881 ,18.364227,23.56862416,87.30252575 ,42.76800041198731,85.67110017774915 ,9819.0,10:46:53 AM,1572671813461
0.9257355 ,-3.1488342 ,9.395523,23.56862416,87.30252575 ,42.76800041198731,85.67110017774915 ,9819.0,10:46:53 AM,1572671813467
3.1454315 ,0.058563232 ,20.877457,23.56862416,87.30252575 ,42.76800041198731,85.67110017774915 ,9819.0,10:46:53 AM,1572671813471
0.15055847 ,-1.4963074 ,6.1360016,23.56862416,87.30252575 ,42.76800041198731,85.67110017774915 ,9819.0,10:46:53 AM,1572671813478
-5.2385406 ,0.25546265 ,5.8864594,23.56862416,87.30252575 ,42.76800041198731,85.67110017774915 ,9819.0,10:46:53 AM,1572671813481
-4.0970917 ,-0.7555542 ,11.442444,23.56862416,87.30252575 ,42.76800041198731,85.67110017774915 ,9819.0,10:46:53 AM,1572671813486
4.097702 ,-1.7974396 ,9.408249,23.56862416,87.30252575 ,42.76800041198731,85.67110017774915 ,13745.0,10:46:53 AM,1572671813490
7.7918396 ,-1.2450256 ,9.166336,23.56862416,87.30252575 ,42.76800041198731,85.67110017774915 ,13745.0,10:46:53 AM,1572671813495
1.4457092 ,-1.521164 ,9.20932,23.56862416,87.30252575 ,42.76800041198731,85.67110017774915 ,13745.0,10:46:53 AM,1572671813499
-6.5748596 ,-1.052063 ,11.7491455,23.56862416,87.30252575 ,42.76800041198731,85.67110017774915 ,13745.0,10:46:53 AM,1572671813506
-5.078781 ,-0.7369385 ,12.590439,23.56862416,87.30252575 ,42.76800041198731,85.67110017774915 ,13745.0,10:46:53 AM,1572671813508
2.915329 ,2.4887848 ,16.226334,23.56862416,87.30252575 ,42.76800041198731,85.67110017774915 ,13745.0,10:46:53 AM,1572671813513
6.2555237 ,4.337723 ,8.4987335,23.56862416,87.30252575 ,42.76800041198731,85.67110017774915 ,13745.0,10:46:53 AM,1572671813519
1.640152 ,7.8551483 ,8.567337,23.56862416,87.30252575 ,42.76800041198731,85.67110017774915 ,13745.0,10:46:53 AM,1572671813523
-3.0756378 ,9.477203 ,4.8857117,23.56862416,87.30252575 ,42.76800041198731,85.67110017774915 ,13745.0,10:46:53 AM,1572671813528
-3.137268 ,13.592651 ,-0.75064087,23.56862416,87.30252575 ,42.76800041198731,85.67110017774915 ,13745.0,10:46:53 AM,1572671813534
-2.1442719 ,15.845612 ,-9.483368,23.56862416,87.30252575 ,42.76800041198731,85.67110017774915 ,13745.0,10:46:53 AM,1572671813538
-3.5894318 ,12.558731 ,-17.159195,23.56862416,87.30252575 ,42.76800041198731,85.67110017774915 ,13745.0,10:46:53 AM,1572671813544
-4.2849426 ,9.8780365 ,1.5885162,23.56862416,87.30252575 ,42.76800041198731,85.67110017774915 ,13745.0,10:46:53 AM,1572671813548
-1.0975342 ,2.2609406 ,5.8446655,23.56862416,87.30252575 ,42.76800041198731,85.67110017774915 ,13745.0,10:46:53 AM,1572671813554
0.9802551 ,-1.9058228 ,9.604172,23.56862416,87.30252575 ,42.76800041198731,85.67110017774915 ,13745.0,10:46:53 AM,1572671813559
-1.8223114 ,-3.0286102 ,23.195358,23.56862416,87.30252575 ,42.76800041198731,85.67110017774915 ,13745.0,10:46:53 AM,1572671813562
-5.3592224 ,-5.787323 ,20.57483,23.56862416,87.30252575 ,42.76800041198731,85.67110017774915 ,13745.0,10:46:53 AM,1572671813567
-3.6948395 ,-4.912201 ,17.797134,23.56862416,87.30252575 ,42.76800041198731,85.67110017774915 ,13745.0,10:46:53 AM,1572671813573
0.9965515 ,-4.818207 ,20.586014,23.56862416,87.30252575 ,42.76800041198731,85.67110017774915 ,13745.0,10:46:53 AM,1572671813579
5.9652405 ,-5.3744965 ,17.719498,23.56862416,87.30252575 ,42.76800041198731,85.67110017774915 ,13745.0,10:46:53 AM,1572671813585
4.344406 ,-4.6540375 ,27.28183,23.56862416,87.30252575 ,42.76800041198731,85.67110017774915 ,13745.0,10:46:53 AM,1572671813595
0.6529846 ,-6.43869 ,21.813278,23.56862416,87.30252575 ,42.76800041198731,85.67110017774915 ,13745.0,10:46:53 AM,1572671813597
-1.259552 ,1.2284851 ,21.762146,23.56862416,87.30252575 ,42.76800041198731,85.67110017774915 ,13745.0,10:46:53 AM,1572671813604
-1.7160187 ,1.1422272 ,-4.8720245,23.56862416,87.30252575 ,42.76800041198731,85.67110017774915 ,13745.0,10:46:53 AM,1572671813608
-3.4207764 ,8.824692 ,-3.3883972,23.56862416,87.30252575 ,42.76800041198731,85.67110017774915 ,13745.0,10:46:53 AM,1572671813610
-5.1540527 ,5.962219 ,-12.26976,23.56862416,87.30252575 ,42.76800041198731,85.67110017774915 ,13745.0,10:46:53 AM,1572671813615
-2.490982 ,2.9553986 ,2.4749756,23.56862416,87.30252575 ,42.76800041198731,85.67110017774915 ,13745.0,10:46:53 AM,1572671813621
4.3927307 ,-2.627365 ,26.053848,23.56862416,87.30252575 ,42.76800041198731,85.67110017774915 ,13745.0,10:46:53 AM,1572671813624
8.594437 ,-7.784729 ,22.730759,23.56862416,87.30252575 ,42.76800041198731,85.67110017774915 ,13745.0,10:46:53 AM,1572671813628
3.7501678 ,-3.3060913 ,32.26146,23.56862416,87.30252575 ,42.76800041198731,85.67110017774915 ,13745.0,10:46:53 AM,1572671813635
-3.0529633 ,-2.2141113 ,18.876633,23.56862416,87.30252575 ,42.76800041198731,85.67110017774915 ,13745.0,10:46:53 AM,1572671813638
-6.7618256 ,3.029007 ,11.073608,23.56862416,87.30252575 ,42.76800041198731,85.67110017774915 ,13745.0,10:46:53 AM,1572671813645
-5.6498413 ,5.3673096 ,3.9611359,23.56862416,87.30252575 ,42.76800041198731,85.67110017774915 ,13745.0,10:46:53 AM,1572671813648
-1.1811981 ,7.1224213 ,-1.447525,23.56862416,87.30252575 ,42.76800041198731,85.67110017774915 ,13745.0,10:46:53 AM,1572671813655
1.8390808 ,9.395615 ,-1.8044434,23.56862416,87.30252575 ,42.76800041198731,85.67110017774915 ,13745.0,10:46:53 AM,1572671813658
0.31410217 ,10.039734 ,-1.7043457,23.56862416,87.30252575 ,42.76800041198731,85.67110017774915 ,13745.0,10:46:53 AM,1572671813664
-4.309311 ,10.726303 ,5.340622,23.56862416,87.30252575 ,42.76800041198731,85.67110017774915 ,13745.0,10:46:53 AM,1572671813670
-6.33049 ,6.558304 ,-4.309906,23.56862416,87.30252575 ,42.76800041198731,85.67110017774915 ,13745.0,10:46:53 AM,1572671813674
-4.5619965 ,5.6703644 ,0.14820862,23.56862416,87.30252575 ,42.76800041198731,85.67110017774915 ,13745.0,10:46:53 AM,1572671813679
-1.4122772 ,0.8781128 ,8.3962555,23.56862416,87.30252575 ,42.76800041198731,85.67110017774915 ,13745.0,10:46:53 AM,1572671813684
0.31985474 ,-1.6847382 ,20.639557,23.56862416,87.30252575 ,42.76800041198731,85.67110017774915 ,13745.0,10:46:53 AM,1572671813687
1.7647858 ,-2.7467804 ,27.029999,23.56862416,87.30252575 ,42.76800041198731,85.67110017774915 ,15501.0,10:46:53 AM,1572671813694
3.6865997 ,-4.164871 ,27.133911,23.56862416,87.30252575 ,42.76800041198731,85.67110017774915 ,15501.0,10:46:53 AM,1572671813697
4.550766 ,0.55825806 ,30.128937,23.56862416,87.30252575 ,42.76800041198731,85.67110017774915 ,15501.0,10:46:53 AM,1572671813703
3.7031403 ,1.9709015 ,3.0828094,23.56862416,87.30252575 ,42.76800041198731,85.67110017774915 ,15501.0,10:46:53 AM,1572671813707
-2.8993988 ,9.601837 ,0.897171,23.56862416,87.30252575 ,42.76800041198731,85.67110017774915 ,15501.0,10:46:53 AM,1572671813714
-8.146484 ,7.3693695 ,-18.517853,23.56862416,87.30252575 ,42.76800041198731,85.67110017774915 ,15501.0,10:46:53 AM,1572671813717
-6.7078247 ,10.178406 ,-3.0382385,23.56862416,87.30252575 ,42.76800041198731,85.67110017774915 ,15501.0,10:46:53 AM,1572671813729
2.9839172 ,4.8493347 ,5.05336,23.56862416,87.30252575 ,42.76800041198731,85.67110017774915 ,15501.0,10:46:53 AM,1572671813731
9.031677 ,-1.4892883 ,5.6835938,23.56862416,87.30252575 ,42.76800041198731,85.67110017774915 ,15501.0,10:46:53 AM,1572671813736
4.9181366 ,-0.3595276 ,23.62471,23.56862416,87.30252575 ,42.76800041198731,85.67110017774915 ,15501.0,10:46:53 AM,1572671813742
-2.1369324 ,-4.877304 ,16.015717,23.56862416,87.30252575 ,42.76800041198731,85.67110017774915 ,15501.0,10:46:53 AM,1572671813746
-4.9475403 ,-1.2774048 ,23.312973,23.56862416,87.30252575 ,42.76800041198731,85.67110017774915 ,15501.0,10:46:53 AM,1572671813750
-4.735977 ,0.36572266 ,21.739944,23.56862416,87.30252575 ,42.76800041198731,85.67110017774915 ,15501.0,10:46:53 AM,1572671813755
-4.811905 ,-1.2125702 ,8.210297,23.56862416,87.30252575 ,42.76800041198731,85.67110017774915 ,15501.0,10:46:53 AM,1572671813761
-4.7981415 ,2.7005768 ,17.175034,23.56862416,87.30252575 ,42.76800041198731,85.67110017774915 ,15501.0,10:46:53 AM,1572671813764
0.01109314 ,2.6268158 ,9.01944,23.56862416,87.30252575 ,42.76800041198731,85.67110017774915 ,15501.0,10:46:53 AM,1572671813771
4.3077393 ,6.2723846 ,3.9434204,23.56862416,87.30252575 ,42.76800041198731,85.67110017774915 ,15501.0,10:46:53 AM,1572671813775
1.2907715 ,6.6591034 ,-2.6160736,23.56862416,87.30252575 ,42.76800041198731,85.67110017774915 ,15501.0,10:46:53 AM,1572671813778
-5.5560455 ,8.923035 ,1.0986481,23.56862416,87.30252575 ,42.76800041198731,85.67110017774915 ,15501.0,10:46:53 AM,1572671813786
-7.701889 ,8.938889 ,-4.0138702,23.56862416,87.30252575 ,42.76800041198731,85.67110017774915 ,15501.0,10:46:53 AM,1572671813789
-3.0193634 ,4.631195 ,-11.260056,23.56862416,87.30252575 ,42.76800041198731,85.67110017774915 ,15501.0,10:46:53 AM,1572671813792
4.581665 ,2.0780182 ,8.483322,23.56862416,87.30252575 ,42.76800041198731,85.67110017774915 ,15501.0,10:46:53 AM,1572671813799
8.699295 ,-1.9419708 ,22.466522,23.56862416,87.30252575 ,42.76800041198731,85.67110017774915 ,15501.0,10:46:53 AM,1572671813803
6.823166 ,-4.4587097 ,24.575775,23.56862416,87.30252575 ,42.76800041198731,85.67110017774915 ,15501.0,10:46:53 AM,1572671813807
1.3062134 ,-6.2927704 ,27.373642,23.56862416,87.30252575 ,42.76800041198731,85.67110017774915 ,15501.0,10:46:53 AM,1572671813813
-4.8918457 ,-4.519943 ,29.532562,23.56862416,87.30252575 ,42.76800041198731,85.67110017774915 ,15501.0,10:46:53 AM,1572671813817
-6.2159424 ,-2.9098663 ,13.369278,23.56862416,87.30252575 ,42.76800041198731,85.67110017774915 ,15501.0,10:46:53 AM,1572671813822
-3.659668 ,0.5754852 ,4.308136,23.56862416,87.30252575 ,42.76800041198731,85.67110017774915 ,15501.0,10:46:53 AM,1572671813828
-3.1133728 ,5.1434937 ,9.088959,23.56862416,87.30252575 ,42.76800041198731,85.67110017774915 ,15501.0,10:46:53 AM,1572671813831
-2.6500244 ,2.1551514 ,-6.563339,23.56862416,87.30252575 ,42.76800041198731,85.67110017774915 ,15501.0,10:46:53 AM,1572671813838
1.0196991 ,6.488266 ,7.4429626,23.56862416,87.30252575 ,42.76800041198731,85.67110017774915 ,15501.0,10:46:53 AM,1572671813841
5.5672913 ,3.460556 ,3.4069061,23.56862416,87.30252575 ,42.76800041198731,85.67110017774915 ,15501.0,10:46:53 AM,1572671813846
4.230667 ,2.1629028 ,1.6789703,23.56862416,87.30252575 ,42.76800041198731,85.67110017774915 ,15501.0,10:46:53 AM,1572671813851
-1.6640015 ,2.0743866 ,19.236816,23.56862416,87.30252575 ,42.76800041198731,85.67110017774915 ,15501.0,10:46:53 AM,1572671813860
-2.8650513 ,-1.489502 ,13.224228,23.56862416,87.30252575 ,42.76800041198731,85.67110017774915 ,15501.0,10:46:53 AM,1572671813864
-0.8065796 ,3.1111603 ,18.246964,23.56862416,87.30252575 ,42.76800041198731,85.67110017774915 ,15501.0,10:46:53 AM,1572671813871
1.1854401 ,2.8431702 ,8.369385,23.56862416,87.30252575 ,42.76800041198731,85.67110017774915 ,15501.0,10:46:53 AM,1572671813876
0.2813263 ,9.814758 ,15.607834,23.56862416,87.30252575 ,42.76800041198731,85.67110017774915 ,15501.0,10:46:53 AM,1572671813881
-0.36102295 ,9.2269745 ,-1.8883972,23.56862416,87.30252575 ,42.76800041198731,85.67110017774915 ,15501.0,10:46:53 AM,1572671813885
-1.3464355 ,11.612564 ,-9.328598,23.56862416,87.30252575 ,42.76800041198731,85.67110017774915 ,11914.0,10:46:53 AM,1572671813892
-2.7443848 ,10.714203 ,-7.4508057,23.56862416,87.30252575 ,42.76800041198731,85.67110017774915 ,11914.0,10:46:53 AM,1572671813895
-1.5228119 ,5.97554 ,-3.5178986,23.56862416,87.30252575 ,42.76800041198731,85.67110017774915 ,11914.0,10:46:53 AM,1572671813898
0.7977905 ,2.0015564 ,11.254959,23.56862416,87.30252575 ,42.76800041198731,85.67110017774915 ,11914.0,10:46:53 AM,1572671813904
0.86883545 ,-4.6855927 ,14.8841095,23.56862416,87.30252575 ,42.76800041198731,85.67110017774915 ,11914.0,10:46:53 AM,1572671813910
-0.44639587 ,-7.252655 ,21.630539,23.56862416,87.30252575 ,42.76800041198731,85.67110017774915 ,11914.0,10:46:53 AM,1572671813914
-0.17204285 ,-7.183441 ,27.918625,23.56862416,87.30252575 ,42.76800041198731,85.67110017774915 ,11914.0,10:46:53 AM,1572671813917
3.022049 ,-5.9452972 ,22.470016,23.56862416,87.30252575 ,42.76800041198731,85.67110017774915 ,11914.0,10:46:53 AM,1572671813926
