x,y,z,latitude,longitude,speed,sound,light,time,timestamp
1.5042114 ,1.7479858 ,9.468033,23.55185084,87.29652697 ,0.0,66.92782353425545 ,2460.0,10:50:50 AM,1572672050208
1.4420929 ,1.6157837 ,9.568222,23.55185084,87.29652697 ,0.0,66.92782353425545 ,2460.0,10:50:50 AM,1572672050210
1.3294983 ,1.5258179 ,9.630508,23.55185084,87.29652697 ,0.0,66.92782353425545 ,2460.0,10:50:50 AM,1572672050221
1.2664337 ,1.4898376 ,9.635529,23.55185084,87.29652697 ,0.0,66.92782353425545 ,2460.0,10:50:50 AM,1572672050225
1.2875366 ,1.5270996 ,9.592224,23.55185084,87.29652697 ,0.0,66.92782353425545 ,2460.0,10:50:50 AM,1572672050231
1.3638306 ,1.5597992 ,9.544266,23.55185084,87.29652697 ,0.0,66.92782353425545 ,2460.0,10:50:50 AM,1572672050239
1.3638306 ,1.5597992 ,9.544266,23.55185084,87.29652697 ,0.0,66.92782353425545 ,2460.0,10:50:50 AM,1572672050241
1.3638306 ,1.5597992 ,9.544266,23.55185084,87.29652697 ,0.0,66.92782353425545 ,2460.0,10:50:50 AM,1572672050242
1.3638306 ,1.5597992 ,9.544266,23.55185084,87.29652697 ,0.0,66.92782353425545 ,2460.0,10:50:50 AM,1572672050255
1.3638306 ,1.5597992 ,9.544266,23.55185084,87.29652697 ,0.0,66.92782353425545 ,2460.0,10:50:50 AM,1572672050257
1.3638306 ,1.5597992 ,9.544266,23.55185084,87.29652697 ,0.0,66.92782353425545 ,2460.0,10:50:50 AM,1572672050259
1.3638306 ,1.5597992 ,9.544266,23.55185084,87.29652697 ,0.0,66.92782353425545 ,2460.0,10:50:50 AM,1572672050261
1.3638306 ,1.6421051 ,9.525986,23.55185084,87.29652697 ,0.0,66.92782353425545 ,2460.0,10:50:50 AM,1572672050265
1.2782288 ,1.7053833 ,9.399109,23.55185084,87.29652697 ,0.0,66.92782353425545 ,2460.0,10:50:50 AM,1572672050271
1.2350616 ,1.7374725 ,9.33728,23.55185084,87.29652697 ,0.0,66.92782353425545 ,2460.0,10:50:50 AM,1572672050280
1.2499695 ,1.7541656 ,9.30188,23.55185084,87.29652697 ,0.0,66.92782353425545 ,2460.0,10:50:50 AM,1572672050287
1.2607422 ,1.7245026 ,9.334244,23.55185084,87.29652697 ,0.0,66.92782353425545 ,2460.0,10:50:50 AM,1572672050290
1.2418365 ,1.6709595 ,9.432877,23.55185084,87.29652697 ,0.0,66.92782353425545 ,2460.0,10:50:50 AM,1572672050294
1.2517242 ,1.5961609 ,9.532028,23.55185084,87.29652697 ,0.0,66.92782353425545 ,2460.0,10:50:50 AM,1572672050299
1.2375488 ,1.5470428 ,9.580994,23.55185084,87.29652697 ,0.0,66.92782353425545 ,2460.0,10:50:50 AM,1572672050305
1.2667694 ,1.5663605 ,9.601379,23.55185084,87.29652697 ,0.0,66.92782353425545 ,2460.0,10:50:50 AM,1572672050309
1.3010864 ,1.6280365 ,9.55098,23.55185084,87.29652697 ,0.0,66.92782353425545 ,2460.0,10:50:50 AM,1572672050313
1.3080139 ,1.712738 ,9.45433,23.55185084,87.29652697 ,0.0,66.92782353425545 ,2460.0,10:50:50 AM,1572672050322
1.2927704 ,1.826416 ,9.354996,23.55185084,87.29652697 ,0.0,66.92782353425545 ,2460.0,10:50:50 AM,1572672050323
1.2601318 ,1.9110107 ,9.243988,23.55185084,87.29652697 ,0.0,66.92782353425545 ,2460.0,10:50:50 AM,1572672050328
1.2388763 ,1.9216919 ,9.202942,23.55185084,87.29652697 ,0.0,66.92782353425545 ,2460.0,10:50:50 AM,1572672050333
1.2418671 ,1.8999786 ,9.270645,23.55185084,87.29652697 ,0.0,66.92782353425545 ,2460.0,10:50:50 AM,1572672050339
1.219635 ,1.8194733 ,9.367264,23.55185084,87.29652697 ,0.0,66.92782353425545 ,2460.0,10:50:50 AM,1572672050342
1.1573486 ,1.7316895 ,9.450577,23.55185084,87.29652697 ,0.0,66.92782353425545 ,2460.0,10:50:50 AM,1572672050347
1.1221466 ,1.6890259 ,9.486847,23.55185084,87.29652697 ,0.0,66.92782353425545 ,2460.0,10:50:50 AM,1572672050360
1.1221466 ,1.6890259 ,9.486847,23.55185084,87.29652697 ,0.0,66.92782353425545 ,2460.0,10:50:50 AM,1572672050361
1.1221466 ,1.6890259 ,9.486847,23.55185084,87.29652697 ,0.0,66.92782353425545 ,2460.0,10:50:50 AM,1572672050364
1.1221466 ,1.6890259 ,9.486847,23.55185084,87.29652697 ,0.0,66.92782353425545 ,2460.0,10:50:50 AM,1572672050369
1.1506653 ,1.7058411 ,9.485397,23.55185084,87.29652697 ,0.0,66.92782353425545 ,2460.0,10:50:50 AM,1572672050375
1.2154694 ,1.7843628 ,9.424454,23.55185084,87.29652697 ,0.0,66.92782353425545 ,2460.0,10:50:50 AM,1572672050378
1.2017517 ,1.8896484 ,9.267929,23.55185084,87.29652697 ,0.0,66.92782353425545 ,2460.0,10:50:50 AM,1572672050383
1.1735382 ,1.9354858 ,9.218674,23.55185084,87.29652697 ,0.0,66.92782353425545 ,2460.0,10:50:50 AM,1572672050393
1.1893616 ,1.9223022 ,9.2964325,23.55185084,87.29652697 ,0.0,66.92782353425545 ,2460.0,10:50:50 AM,1572672050395
1.2284851 ,1.8925781 ,9.376389,23.55185084,87.29652697 ,0.0,66.92782353425545 ,2460.0,10:50:50 AM,1572672050397
1.2583618 ,1.8654022 ,9.344635,23.55185084,87.29652697 ,0.0,66.92782353425545 ,2460.0,10:50:50 AM,1572672050403
1.2549438 ,1.8310547 ,9.326233,23.55185084,87.29652697 ,0.0,66.92782353425545 ,2460.0,10:50:50 AM,1572672050407
1.2075348 ,1.7497253 ,9.382751,23.55185084,87.29652697 ,0.0,66.92782353425545 ,2460.0,10:50:50 AM,1572672050411
1.1575012 ,1.6173401 ,9.519226,23.55185084,87.29652697 ,0.0,66.92782353425545 ,2460.0,10:50:50 AM,1572672050417
1.1869507 ,1.5555573 ,9.656708,23.55185084,87.29652697 ,0.0,66.92782353425545 ,2460.0,10:50:50 AM,1572672050421
1.2220612 ,1.5416107 ,9.60585,23.55185084,87.29652697 ,0.0,66.92782353425545 ,2460.0,10:50:50 AM,1572672050425
1.1911621 ,1.5817871 ,9.498627,23.55185084,87.29652697 ,0.0,66.92782353425545 ,2460.0,10:50:50 AM,1572672050432
1.0938416 ,1.5957031 ,9.425354,23.55185084,87.29652697 ,0.0,66.92782353425545 ,2460.0,10:50:50 AM,1572672050438
1.0679016 ,1.6436005 ,9.440628,23.55185084,87.29652697 ,0.0,66.92782353425545 ,2460.0,10:50:50 AM,1572672050441
1.1631622 ,1.6510315 ,9.4023285,23.55185084,87.29652697 ,0.0,66.92782353425545 ,2460.0,10:50:50 AM,1572672050444
1.2687225 ,1.7618713 ,9.391571,23.55185084,87.29652697 ,0.0,66.92782353425545 ,2438.0,10:50:50 AM,1572672050449
1.25737 ,1.756958 ,9.285065,23.55185084,87.29652697 ,0.0,66.92782353425545 ,2438.0,10:50:50 AM,1572672050455
1.2021484 ,1.7442627 ,9.311539,23.55185084,87.29652697 ,0.0,66.92782353425545 ,2438.0,10:50:50 AM,1572672050458
1.1735382 ,1.6997528 ,9.397064,23.55185084,87.29652697 ,0.0,66.92782353425545 ,2438.0,10:50:50 AM,1572672050468
1.2344055 ,1.6377411 ,9.45903,23.55185084,87.29652697 ,0.0,66.92782353425545 ,2438.0,10:50:50 AM,1572672050473
1.2686768 ,1.6591644 ,9.505386,23.55185084,87.29652697 ,0.0,66.92782353425545 ,2438.0,10:50:50 AM,1572672050477
1.2436829 ,1.647049 ,9.4279785,23.55185084,87.29652697 ,0.0,66.92782353425545 ,2438.0,10:50:50 AM,1572672050482
1.1968079 ,1.6399994 ,9.407623,23.55185084,87.29652697 ,0.0,66.92782353425545 ,2438.0,10:50:50 AM,1572672050488
1.2358246 ,1.6414185 ,9.436462,23.55185084,87.29652697 ,0.0,66.92782353425545 ,2438.0,10:50:50 AM,1572672050493
1.3309174 ,1.631546 ,9.474808,23.55185084,87.29652697 ,0.0,66.92782353425545 ,2438.0,10:50:50 AM,1572672050497
1.3251648 ,1.6579132 ,9.492264,23.55185084,87.29652697 ,0.0,66.92782353425545 ,2438.0,10:50:50 AM,1572672050502
1.2824402 ,1.6760559 ,9.437683,23.55185084,87.29652697 ,0.0,66.92782353425545 ,2438.0,10:50:50 AM,1572672050508
1.2381897 ,1.6864471 ,9.400223,23.55185084,87.29652697 ,0.0,66.92782353425545 ,2438.0,10:50:50 AM,1572672050512
1.2782593 ,1.686554 ,9.387482,23.55185084,87.29652697 ,0.0,66.92782353425545 ,2438.0,10:50:50 AM,1572672050517
1.3366241 ,1.703125 ,9.43985,23.55185084,87.29652697 ,0.0,66.92782353425545 ,2438.0,10:50:50 AM,1572672050526
1.318161 ,1.7119446 ,9.442612,23.55185084,87.29652697 ,0.0,66.92782353425545 ,2438.0,10:50:50 AM,1572672050531
1.2289124 ,1.7118073 ,9.399124,23.55185084,87.29652697 ,0.0,66.92782353425545 ,2438.0,10:50:50 AM,1572672050533
1.1741028 ,1.696991 ,9.367371,23.55185084,87.29652697 ,0.0,66.92782353425545 ,2438.0,10:50:50 AM,1572672050535
1.2335052 ,1.6846313 ,9.363235,23.55185084,87.29652697 ,0.0,66.92782353425545 ,2438.0,10:50:50 AM,1572672050540
1.3189087 ,1.6567383 ,9.404541,23.55185084,87.29652697 ,0.0,66.92782353425545 ,2438.0,10:50:50 AM,1572672050545
1.316925 ,1.6102295 ,9.423859,23.55185084,87.29652697 ,0.0,66.92782353425545 ,2438.0,10:50:50 AM,1572672050550
1.273819 ,1.5772552 ,9.447388,23.55185084,87.29652697 ,0.0,66.92782353425545 ,2438.0,10:50:50 AM,1572672050557
1.2503204 ,1.5481567 ,9.45813,23.55185084,87.29652697 ,0.0,66.92782353425545 ,2438.0,10:50:50 AM,1572672050560
1.2946167 ,1.5406647 ,9.439667,23.55185084,87.29652697 ,0.0,66.92782353425545 ,2438.0,10:50:50 AM,1572672050565
1.3145905 ,1.5154877 ,9.43808,23.55185084,87.29652697 ,0.0,66.92782353425545 ,2438.0,10:50:50 AM,1572672050570
1.2429962 ,1.5176697 ,9.432907,23.55185084,87.29652697 ,0.0,66.92782353425545 ,2438.0,10:50:50 AM,1572672050580
1.2382965 ,1.4958191 ,9.433929,23.55185084,87.29652697 ,0.0,62.09451532134238 ,2438.0,10:50:50 AM,1572672050582
1.2615051 ,1.4972229 ,9.462936,23.55185084,87.29652697 ,0.0,62.09451532134238 ,2438.0,10:50:50 AM,1572672050583
1.3392792 ,1.5252075 ,9.532059,23.55185084,87.29652697 ,0.0,62.09451532134238 ,2438.0,10:50:50 AM,1572672050589
1.3542633 ,1.5478363 ,9.491623,23.55185084,87.29652697 ,0.0,62.09451532134238 ,2438.0,10:50:50 AM,1572672050592
1.3320923 ,1.5960388 ,9.45549,23.55185084,87.29652697 ,0.0,62.09451532134238 ,2438.0,10:50:50 AM,1572672050603
1.2508392 ,1.6689148 ,9.384354,23.55185084,87.29652697 ,0.0,62.09451532134238 ,2438.0,10:50:50 AM,1572672050607
1.188385 ,1.7194519 ,9.334045,23.55185084,87.29652697 ,0.0,62.09451532134238 ,2438.0,10:50:50 AM,1572672050612
1.1981964 ,1.751236 ,9.35379,23.55185084,87.29652697 ,0.0,62.09451532134238 ,2438.0,10:50:50 AM,1572672050617
1.1683502 ,1.7433167 ,9.351822,23.55185084,87.29652697 ,0.0,62.09451532134238 ,2438.0,10:50:50 AM,1572672050623
1.1083069 ,1.6920929 ,9.383835,23.55185084,87.29652697 ,0.0,62.09451532134238 ,2438.0,10:50:50 AM,1572672050627
1.1369934 ,1.6370239 ,9.422043,23.55185084,87.29652697 ,0.0,62.09451532134238 ,2438.0,10:50:50 AM,1572672050632
1.2498169 ,1.6368256 ,9.499176,23.55185084,87.29652697 ,0.0,62.09451532134238 ,2438.0,10:50:50 AM,1572672050636
1.3121033 ,1.60849 ,9.555313,23.55185084,87.29652697 ,0.0,62.09451532134238 ,2438.0,10:50:50 AM,1572672050641
1.236023 ,1.6071777 ,9.576584,23.55185084,87.29652697 ,0.0,62.09451532134238 ,2438.0,10:50:50 AM,1572672050646
1.1752319 ,1.6589813 ,9.507736,23.55185084,87.29652697 ,0.0,62.09451532134238 ,2438.0,10:50:50 AM,1572672050650
1.1820068 ,1.7366943 ,9.418671,23.55185084,87.29652697 ,0.0,62.09451532134238 ,2438.0,10:50:50 AM,1572672050657
1.1997223 ,1.7983246 ,9.366135,23.55185084,87.29652697 ,0.0,62.09451532134238 ,2438.0,10:50:50 AM,1572672050660
1.1921539 ,1.835495 ,9.379913,23.55185084,87.29652697 ,0.0,62.09451532134238 ,2438.0,10:50:50 AM,1572672050665
1.1661682 ,1.8509674 ,9.417389,23.55185084,87.29652697 ,0.0,62.09451532134238 ,2438.0,10:50:50 AM,1572672050670
1.1314392 ,1.8797455 ,9.44133,23.55185084,87.29652697 ,0.0,62.09451532134238 ,2438.0,10:50:50 AM,1572672050675
1.0772552 ,1.8972015 ,9.429581,23.55185084,87.29652697 ,0.0,62.09451532134238 ,2438.0,10:50:50 AM,1572672050679
1.0839539 ,1.9083862 ,9.408646,23.55185084,87.29652697 ,0.0,62.09451532134238 ,2438.0,10:50:50 AM,1572672050684
1.1202087 ,1.9139404 ,9.421707,23.55185084,87.29652697 ,0.0,62.09451532134238 ,2438.0,10:50:50 AM,1572672050691
1.1079254 ,1.9085846 ,9.463303,23.55185084,87.29652697 ,0.0,62.09451532134238 ,2438.0,10:50:50 AM,1572672050694
1.0499878 ,1.8955078 ,9.456131,23.55185084,87.29652697 ,0.0,62.09451532134238 ,2438.0,10:50:50 AM,1572672050698
