x,y,z,latitude,longitude,speed,sound,light,time,timestamp
0.8103485 ,2.741043 ,22.065826,23.56268409,87.29880958 ,29.951998901367187,82.7298474137863 ,20391.0,10:48:27 AM,1572671907945
0.9602356 ,1.7145233 ,19.876389,23.56268409,87.29880958 ,29.951998901367187,82.7298474137863 ,20391.0,10:48:27 AM,1572671907948
-0.23936462 ,0.27235413 ,-0.71551514,23.56268409,87.29880958 ,29.951998901367187,82.7298474137863 ,20391.0,10:48:27 AM,1572671907955
-2.8748322 ,8.453278 ,18.115433,23.56268409,87.29880958 ,29.951998901367187,82.7298474137863 ,20391.0,10:48:27 AM,1572671907958
-3.528366 ,4.4998474 ,5.5480194,23.56268409,87.29880958 ,29.951998901367187,82.7298474137863 ,20391.0,10:48:27 AM,1572671907964
-0.1729126 ,1.1932678 ,-6.25264,23.56268409,87.29880958 ,29.951998901367187,82.7298474137863 ,20391.0,10:48:27 AM,1572671907966
2.05661 ,5.312561 ,27.892776,23.56268409,87.29880958 ,29.951998901367187,82.7298474137863 ,20391.0,10:48:27 AM,1572671907971
0.78230286 ,-3.5779572 ,10.08844,23.56268409,87.29880958 ,29.951998901367187,82.7298474137863 ,20391.0,10:48:27 AM,1572671907977
-1.6908417 ,-3.313858 ,6.450226,23.56268409,87.29880958 ,29.951998901367187,82.7298474137863 ,20391.0,10:48:27 AM,1572671907983
-1.2711792 ,0.83265686 ,27.388824,23.56268409,87.29880958 ,29.951998901367187,82.7298474137863 ,20391.0,10:48:27 AM,1572671907990
0.040359497 ,-2.590805 ,3.3364716,23.56268409,87.29880958 ,29.951998901367187,82.7298474137863 ,20391.0,10:48:27 AM,1572671907996
-2.3173676 ,-0.36012268 ,-1.681961,23.56268409,87.29880958 ,29.951998901367187,82.7298474137863 ,20391.0,10:48:28 AM,1572671908000
-2.8477783 ,0.46983337 ,13.075806,23.56268409,87.29880958 ,29.951998901367187,82.7298474137863 ,20391.0,10:48:28 AM,1572671908006
1.512207 ,-4.873352 ,8.74353,23.56268409,87.29880958 ,29.951998901367187,82.7298474137863 ,20391.0,10:48:28 AM,1572671908009
5.099777 ,-4.192032 ,21.726624,23.56268409,87.29880958 ,29.951998901367187,82.7298474137863 ,20391.0,10:48:28 AM,1572671908017
3.6739655 ,-1.9006195 ,29.374619,23.56268409,87.29880958 ,29.951998901367187,82.7298474137863 ,20391.0,10:48:28 AM,1572671908019
0.543808 ,-1.0736389 ,14.214279,23.56268409,87.29880958 ,29.951998901367187,82.7298474137863 ,20391.0,10:48:28 AM,1572671908026
-0.30740356 ,4.9571075 ,7.7457123,23.56268409,87.29880958 ,29.951998901367187,83.29059130692568 ,20391.0,10:48:28 AM,1572671908029
-0.6843109 ,9.4904785 ,-0.5501404,23.56268409,87.29880958 ,29.951998901367187,83.29059130692568 ,20391.0,10:48:28 AM,1572671908034
-2.0957794 ,9.702423 ,-9.949066,23.56268409,87.29880958 ,29.951998901367187,83.29059130692568 ,20391.0,10:48:28 AM,1572671908039
-1.89888 ,9.916534 ,1.092041,23.56268409,87.29880958 ,29.951998901367187,83.29059130692568 ,20391.0,10:48:28 AM,1572671908043
1.2303772 ,4.7741394 ,5.0594025,23.56268409,87.29880958 ,29.951998901367187,83.29059130692568 ,20391.0,10:48:28 AM,1572671908047
3.520172 ,-0.008987427 ,10.3246765,23.56268409,87.29880958 ,29.951998901367187,83.29059130692568 ,20391.0,10:48:28 AM,1572671908052
2.3705902 ,-0.9759674 ,23.067886,23.56268409,87.29880958 ,29.951998901367187,83.29059130692568 ,20391.0,10:48:28 AM,1572671908056
-0.3274231 ,-3.8384247 ,14.995178,23.56268409,87.29880958 ,29.951998901367187,83.29059130692568 ,20391.0,10:48:28 AM,1572671908062
-2.7025146 ,-1.8561401 ,11.980713,23.56268409,87.29880958 ,29.951998901367187,83.29059130692568 ,20391.0,10:48:28 AM,1572671908066
-4.370163 ,1.9824829 ,13.941177,23.56260342,87.29881403 ,34.236000823974614,83.29059130692568 ,20391.0,10:48:28 AM,1572671908069
-3.7976837 ,1.9955597 ,0.5142212,23.56260342,87.29881403 ,34.236000823974614,83.29059130692568 ,20391.0,10:48:28 AM,1572671908074
-0.4309845 ,5.3854065 ,3.7459106,23.56260342,87.29881403 ,34.236000823974614,83.29059130692568 ,20391.0,10:48:28 AM,1572671908079
3.845993 ,7.7412415 ,9.319412,23.56260342,87.29881403 ,34.236000823974614,83.29059130692568 ,20391.0,10:48:28 AM,1572671908083
4.1790466 ,5.270752 ,-2.4862976,23.56260342,87.29881403 ,34.236000823974614,83.29059130692568 ,20391.0,10:48:28 AM,1572671908088
0.28988647 ,5.4104004 ,2.295639,23.56260342,87.29881403 ,34.236000823974614,83.29059130692568 ,20391.0,10:48:28 AM,1572671908094
-1.8470917 ,4.6445923 ,13.358032,23.56260342,87.29881403 ,34.236000823974614,83.29059130692568 ,20391.0,10:48:28 AM,1572671908100
0.5372772 ,-0.8487854 ,5.3605347,23.56260342,87.29881403 ,34.236000823974614,83.29059130692568 ,20391.0,10:48:28 AM,1572671908105
2.9535522 ,-0.6997528 ,15.97113,23.56260342,87.29881403 ,34.236000823974614,83.29059130692568 ,20391.0,10:48:28 AM,1572671908110
1.990387 ,-0.49673462 ,27.265991,23.56260342,87.29881403 ,34.236000823974614,83.29059130692568 ,20391.0,10:48:28 AM,1572671908115
-0.6364136 ,-4.2246094 ,10.830948,23.56260342,87.29881403 ,34.236000823974614,83.29059130692568 ,20391.0,10:48:28 AM,1572671908125
-1.4526672 ,0.14724731 ,16.14177,23.56260342,87.29881403 ,34.236000823974614,83.29059130692568 ,20391.0,10:48:28 AM,1572671908128
0.20687866 ,4.440506 ,18.092987,23.56260342,87.29881403 ,34.236000823974614,83.29059130692568 ,20391.0,10:48:28 AM,1572671908136
0.0093688965 ,4.26149 ,-1.8403473,23.56260342,87.29881403 ,34.236000823974614,83.29059130692568 ,20391.0,10:48:28 AM,1572671908140
-1.3491974 ,7.660034 ,-2.7132568,23.56260342,87.29881403 ,34.236000823974614,83.29059130692568 ,20391.0,10:48:28 AM,1572671908144
-2.3386078 ,7.953964 ,3.376068,23.56260342,87.29881403 ,34.236000823974614,83.29059130692568 ,20391.0,10:48:28 AM,1572671908149
-2.0172424 ,2.360199 ,-3.2992096,23.56260342,87.29881403 ,34.236000823974614,83.29059130692568 ,20391.0,10:48:28 AM,1572671908154
-0.21456909 ,-0.8106384 ,9.186493,23.56260342,87.29881403 ,34.236000823974614,83.29059130692568 ,20391.0,10:48:28 AM,1572671908159
2.0378876 ,-3.488739 ,22.6913,23.56260342,87.29881403 ,34.236000823974614,83.29059130692568 ,20391.0,10:48:28 AM,1572671908164
3.0364227 ,-6.4278564 ,17.152878,23.56260342,87.29881403 ,34.236000823974614,83.29059130692568 ,20391.0,10:48:28 AM,1572671908166
2.0652313 ,-3.8167114 ,19.596588,23.56260342,87.29881403 ,34.236000823974614,83.29059130692568 ,20391.0,10:48:28 AM,1572671908173
0.17111206 ,-2.0536652 ,15.694702,23.56260342,87.29881403 ,34.236000823974614,83.29059130692568 ,20391.0,10:48:28 AM,1572671908179
-0.30838013 ,-2.728363 ,1.5305481,23.56260342,87.29881403 ,34.236000823974614,83.29059130692568 ,20391.0,10:48:28 AM,1572671908181
0.14135742 ,-0.30403137 ,14.377548,23.56260342,87.29881403 ,34.236000823974614,83.29059130692568 ,20391.0,10:48:28 AM,1572671908188
0.56085205 ,-0.90164185 ,18.951553,23.56260342,87.29881403 ,34.236000823974614,83.29059130692568 ,20391.0,10:48:28 AM,1572671908191
1.6005249 ,-0.2919464 ,11.118317,23.56260342,87.29881403 ,34.236000823974614,83.29059130692568 ,20391.0,10:48:28 AM,1572671908198
3.5535736 ,5.0485077 ,17.549118,23.56260342,87.29881403 ,34.236000823974614,83.29059130692568 ,20391.0,10:48:28 AM,1572671908202
4.0472107 ,6.2089386 ,5.6108856,23.56260342,87.29881403 ,34.236000823974614,83.29059130692568 ,20391.0,10:48:28 AM,1572671908208
1.7516632 ,8.002045 ,-8.827713,23.56260342,87.29881403 ,34.236000823974614,83.29059130692568 ,20391.0,10:48:28 AM,1572671908211
-1.0538025 ,11.833664 ,2.6275635,23.56260342,87.29881403 ,34.236000823974614,83.29059130692568 ,20391.0,10:48:28 AM,1572671908219
-1.6647491 ,8.758194 ,0.48779297,23.56260342,87.29881403 ,34.236000823974614,83.29059130692568 ,20391.0,10:48:28 AM,1572671908221
0.124572754 ,4.363449 ,-2.2931976,23.56260342,87.29881403 ,34.236000823974614,83.29059130692568 ,20391.0,10:48:28 AM,1572671908225
1.3514099 ,5.0779114 ,19.381271,23.56260342,87.29881403 ,34.236000823974614,83.29059130692568 ,20391.0,10:48:28 AM,1572671908230
0.01222229 ,-0.0146484375 ,11.843262,23.56260342,87.29881403 ,34.236000823974614,83.29059130692568 ,20391.0,10:48:28 AM,1572671908238
-2.8399963 ,-1.6399841 ,3.6547852,23.56260342,87.29881403 ,34.236000823974614,83.29059130692568 ,20391.0,10:48:28 AM,1572671908240
-4.1533356 ,1.7057648 ,22.651688,23.56260342,87.29881403 ,34.236000823974614,83.29059130692568 ,20391.0,10:48:28 AM,1572671908247
-1.995697 ,-0.4884491 ,12.583145,23.56260342,87.29881403 ,34.236000823974614,83.29059130692568 ,20391.0,10:48:28 AM,1572671908250
-0.46697998 ,-1.47995 ,0.11250305,23.56260342,87.29881403 ,34.236000823974614,83.29059130692568 ,20391.0,10:48:28 AM,1572671908260
-2.3201294 ,0.97927856 ,18.73648,23.56260342,87.29881403 ,34.236000823974614,83.29059130692568 ,20391.0,10:48:28 AM,1572671908265
-2.3854218 ,-2.6800232 ,14.018341,23.56260342,87.29881403 ,34.236000823974614,83.29059130692568 ,20391.0,10:48:28 AM,1572671908267
1.1401062 ,-3.5203552 ,7.992798,23.56260342,87.29881403 ,34.236000823974614,83.29059130692568 ,20391.0,10:48:28 AM,1572671908276
2.648941 ,-0.6882477 ,21.01416,23.56260342,87.29881403 ,34.236000823974614,83.29059130692568 ,20391.0,10:48:28 AM,1572671908279
0.9470825 ,-0.6921997 ,14.69043,23.56260342,87.29881403 ,34.236000823974614,83.29059130692568 ,20391.0,10:48:28 AM,1572671908284
-0.45510864 ,-1.225769 ,0.51182556,23.56260342,87.29881403 ,34.236000823974614,83.29059130692568 ,20391.0,10:48:28 AM,1572671908288
0.15939331 ,2.5481567 ,10.13327,23.56260342,87.29881403 ,34.236000823974614,83.29059130692568 ,20391.0,10:48:28 AM,1572671908294
1.5662842 ,2.0809631 ,10.241394,23.56260342,87.29881403 ,34.236000823974614,83.29059130692568 ,20391.0,10:48:28 AM,1572671908296
1.8824921 ,1.0132599 ,5.0850983,23.56260342,87.29881403 ,34.236000823974614,83.29059130692568 ,20391.0,10:48:28 AM,1572671908302
2.396286 ,3.7113342 ,12.110138,23.56260342,87.29881403 ,34.236000823974614,83.29059130692568 ,20391.0,10:48:28 AM,1572671908307
2.5256195 ,6.179199 ,7.953232,23.56260342,87.29881403 ,34.236000823974614,83.29059130692568 ,20391.0,10:48:28 AM,1572671908314
-1.3307343 ,6.8878784 ,-3.3140411,23.56260342,87.29881403 ,34.236000823974614,83.29059130692568 ,20391.0,10:48:28 AM,1572671908315
-6.305374 ,7.332199 ,1.7689819,23.56260342,87.29881403 ,34.236000823974614,83.29059130692568 ,20391.0,10:48:28 AM,1572671908322
-4.6975403 ,4.2003326 ,6.778412,23.56260342,87.29881403 ,34.236000823974614,83.29059130692568 ,20391.0,10:48:28 AM,1572671908324
3.3769226 ,1.9866638 ,10.332535,23.56260342,87.29881403 ,34.236000823974614,83.29059130692568 ,20391.0,10:48:28 AM,1572671908333
7.1956177 ,2.9812012 ,20.37616,23.56260342,87.29881403 ,34.236000823974614,83.29059130692568 ,20391.0,10:48:28 AM,1572671908337
0.69714355 ,0.27378845 ,11.716995,23.56260342,87.29881403 ,34.236000823974614,83.29059130692568 ,20391.0,10:48:28 AM,1572671908339
-7.7266083 ,-0.8639679 ,6.1256256,23.56260342,87.29881403 ,34.236000823974614,83.29059130692568 ,20229.0,10:48:28 AM,1572671908347
-7.074997 ,2.4050598 ,21.04123,23.56260342,87.29881403 ,34.236000823974614,83.29059130692568 ,20229.0,10:48:28 AM,1572671908349
-0.41096497 ,-1.4859772 ,9.73851,23.56260342,87.29881403 ,34.236000823974614,83.29059130692568 ,20229.0,10:48:28 AM,1572671908356
3.1553802 ,-0.87327576 ,5.9232025,23.56260342,87.29881403 ,34.236000823974614,83.29059130692568 ,20229.0,10:48:28 AM,1572671908361
-0.15794373 ,2.858902 ,21.671722,23.56260342,87.29881403 ,34.236000823974614,83.29059130692568 ,20229.0,10:48:28 AM,1572671908365
-4.214752 ,-1.5110931 ,3.1987762,23.56260342,87.29881403 ,34.236000823974614,83.29059130692568 ,20229.0,10:48:28 AM,1572671908369
-3.862793 ,-0.8744049 ,2.3569946,23.56260342,87.29881403 ,34.236000823974614,83.29059130692568 ,20229.0,10:48:28 AM,1572671908375
-0.75135803 ,2.418274 ,24.401901,23.56260342,87.29881403 ,34.236000823974614,83.29059130692568 ,20229.0,10:48:28 AM,1572671908379
2.273819 ,-2.3032532 ,5.732376,23.56260342,87.29881403 ,34.236000823974614,83.29059130692568 ,20229.0,10:48:28 AM,1572671908389
2.9692078 ,-1.1128998 ,4.396347,23.56260342,87.29881403 ,34.236000823974614,83.29059130692568 ,20229.0,10:48:28 AM,1572671908392
1.5236816 ,2.8522644 ,23.444717,23.56260342,87.29881403 ,34.236000823974614,83.29059130692568 ,20229.0,10:48:28 AM,1572671908399
0.2290039 ,-0.14802551 ,8.05014,23.56260342,87.29881403 ,34.236000823974614,83.29059130692568 ,20229.0,10:48:28 AM,1572671908404
0.76838684 ,1.5670929 ,5.017029,23.56260342,87.29881403 ,34.236000823974614,83.29059130692568 ,20229.0,10:48:28 AM,1572671908407
0.843338 ,6.077774 ,18.765442,23.56260342,87.29881403 ,34.236000823974614,83.29059130692568 ,20229.0,10:48:28 AM,1572671908413
1.4497833 ,3.892807 ,1.8147888,23.56260342,87.29881403 ,34.236000823974614,83.29059130692568 ,20229.0,10:48:28 AM,1572671908416
2.598465 ,6.7239227 ,4.210678,23.56260342,87.29881403 ,34.236000823974614,83.29059130692568 ,20229.0,10:48:28 AM,1572671908421
1.9060364 ,7.240082 ,12.805878,23.56260342,87.29881403 ,34.236000823974614,83.29059130692568 ,20229.0,10:48:28 AM,1572671908429
-0.43614197 ,3.3622437 ,1.3882904,23.56260342,87.29881403 ,34.236000823974614,83.29059130692568 ,20229.0,10:48:28 AM,1572671908431
-2.2071075 ,3.3128815 ,7.1285706,23.56260342,87.29881403 ,34.236000823974614,83.29059130692568 ,20229.0,10:48:28 AM,1572671908439
