x,y,z,latitude,longitude,speed,sound,light,time,timestamp
3.8546906 ,3.9108276 ,11.509048,23.56785452,87.30225314 ,30.41999931335449,84.6605873624972 ,8388.0,10:47:06 AM,1572671826862
0.13438416 ,1.0676575 ,11.86055,23.56785452,87.30225314 ,30.41999931335449,84.6605873624972 ,7172.0,10:47:06 AM,1572671826865
-6.1128387 ,0.91926575 ,11.572647,23.56785452,87.30225314 ,30.41999931335449,84.6605873624972 ,7172.0,10:47:06 AM,1572671826869
-5.9923096 ,3.690384 ,22.070816,23.56785452,87.30225314 ,30.41999931335449,84.6605873624972 ,7172.0,10:47:06 AM,1572671826875
1.6812897 ,2.6016388 ,13.2771,23.56785452,87.30225314 ,30.41999931335449,84.6605873624972 ,7172.0,10:47:06 AM,1572671826878
8.004776 ,7.0365906 ,6.5930176,23.56785452,87.30225314 ,30.41999931335449,84.6605873624972 ,7172.0,10:47:06 AM,1572671826883
4.5500336 ,10.448746 ,-0.3678894,23.56785452,87.30225314 ,30.41999931335449,84.6605873624972 ,7172.0,10:47:06 AM,1572671826888
-4.693802 ,13.251251 ,-7.857834,23.56785452,87.30225314 ,30.41999931335449,84.6605873624972 ,7172.0,10:47:06 AM,1572671826893
-10.015198 ,15.407059 ,1.9029236,23.56785452,87.30225314 ,30.41999931335449,84.6605873624972 ,7172.0,10:47:06 AM,1572671826899
-4.6262817 ,7.9032288 ,-3.0828857,23.56785452,87.30225314 ,30.41999931335449,84.6605873624972 ,7172.0,10:47:06 AM,1572671826903
5.499176 ,5.209488 ,4.424835,23.56785452,87.30225314 ,30.41999931335449,84.04526725453009 ,7172.0,10:47:06 AM,1572671826916
8.854431 ,0.8704071 ,10.303421,23.56785452,87.30225314 ,30.41999931335449,84.04526725453009 ,7172.0,10:47:06 AM,1572671826921
3.2662964 ,-0.21321106 ,17.292038,23.56785452,87.30225314 ,30.41999931335449,84.04526725453009 ,7172.0,10:47:06 AM,1572671826925
-3.697647 ,-2.0332794 ,22.650482,23.56785452,87.30225314 ,30.41999931335449,84.04526725453009 ,7172.0,10:47:06 AM,1572671826928
-2.5203094 ,-3.7891998 ,22.112732,23.56785452,87.30225314 ,30.41999931335449,84.04526725453009 ,7172.0,10:47:06 AM,1572671826932
3.823349 ,-0.35636902 ,19.242844,23.56785452,87.30225314 ,30.41999931335449,84.04526725453009 ,7172.0,10:47:06 AM,1572671826938
4.791504 ,4.22966 ,7.0806885,23.56785452,87.30225314 ,30.41999931335449,84.04526725453009 ,7172.0,10:47:06 AM,1572671826939
-2.2425995 ,11.42688 ,2.224701,23.56785452,87.30225314 ,30.41999931335449,84.04526725453009 ,7172.0,10:47:06 AM,1572671826946
-8.699356 ,16.750244 ,-0.37854004,23.56785452,87.30225314 ,30.41999931335449,84.04526725453009 ,7172.0,10:47:06 AM,1572671826950
-6.2322845 ,15.1471405 ,-16.449707,23.56785452,87.30225314 ,30.41999931335449,84.04526725453009 ,7172.0,10:47:06 AM,1572671826956
1.8848114 ,12.751251 ,-13.203583,23.56785452,87.30225314 ,30.41999931335449,84.04526725453009 ,7172.0,10:47:06 AM,1572671826959
6.3572235 ,6.7229004 ,-0.2627716,23.56785452,87.30225314 ,30.41999931335449,84.04526725453009 ,7172.0,10:47:06 AM,1572671826964
4.1354523 ,1.6100311 ,15.951553,23.56785452,87.30225314 ,30.41999931335449,84.04526725453009 ,7172.0,10:47:06 AM,1572671826969
0.08995056 ,-3.6280518 ,26.101532,23.56785452,87.30225314 ,30.41999931335449,84.04526725453009 ,7172.0,10:47:06 AM,1572671826974
-0.041625977 ,-8.043076 ,25.793518,23.56785452,87.30225314 ,30.41999931335449,84.04526725453009 ,7172.0,10:47:06 AM,1572671826979
3.2039795 ,-6.9138947 ,27.913467,23.56785452,87.30225314 ,30.41999931335449,84.04526725453009 ,7172.0,10:47:06 AM,1572671826984
3.8103485 ,-4.0507812 ,23.261017,23.56785452,87.30225314 ,30.41999931335449,84.04526725453009 ,7172.0,10:47:06 AM,1572671826989
-1.8991852 ,0.07237244 ,17.9814,23.56785452,87.30225314 ,30.41999931335449,84.04526725453009 ,7172.0,10:47:06 AM,1572671826993
-7.981125 ,1.6043091 ,8.752014,23.56785452,87.30225314 ,30.41999931335449,84.04526725453009 ,7172.0,10:47:06 AM,1572671826999
-7.1217957 ,2.4695892 ,2.3384247,23.56785452,87.30225314 ,30.41999931335449,84.04526725453009 ,7172.0,10:47:07 AM,1572671827004
-0.6822052 ,3.1771698 ,2.102829,23.56785452,87.30225314 ,30.41999931335449,84.04526725453009 ,7172.0,10:47:07 AM,1572671827008
3.948761 ,3.3512726 ,4.628128,23.56785452,87.30225314 ,30.41999931335449,84.04526725453009 ,7172.0,10:47:07 AM,1572671827014
2.5056458 ,3.304016 ,15.689621,23.56785452,87.30225314 ,30.41999931335449,84.04526725453009 ,7172.0,10:47:07 AM,1572671827018
0.52700806 ,-1.4758759 ,11.441345,23.56785452,87.30225314 ,30.41999931335449,84.04526725453009 ,7172.0,10:47:07 AM,1572671827022
1.4017334 ,-2.0884247 ,10.1262665,23.56785452,87.30225314 ,30.41999931335449,84.04526725453009 ,7172.0,10:47:07 AM,1572671827027
1.9597168 ,0.55830383 ,12.45578,23.56785452,87.30225314 ,30.41999931335449,84.04526725453009 ,7172.0,10:47:07 AM,1572671827036
0.12423706 ,2.7771912 ,6.230133,23.56785452,87.30225314 ,30.41999931335449,84.04526725453009 ,7172.0,10:47:07 AM,1572671827039
-4.3505707 ,8.033829 ,14.735321,23.56784506,87.30217095 ,30.41999931335449,84.04526725453009 ,7172.0,10:47:07 AM,1572671827046
-5.5340576 ,6.210037 ,0.5087433,23.56784506,87.30217095 ,30.41999931335449,84.04526725453009 ,7172.0,10:47:07 AM,1572671827051
-2.146881 ,11.123444 ,-2.3224792,23.56784506,87.30217095 ,30.41999931335449,84.04526725453009 ,7172.0,10:47:07 AM,1572671827055
1.7103119 ,13.4952545 ,-5.5195465,23.56784506,87.30217095 ,30.41999931335449,84.04526725453009 ,7172.0,10:47:07 AM,1572671827060
1.7958527 ,14.192657 ,-7.754486,23.56784506,87.30217095 ,30.41999931335449,84.04526725453009 ,7997.0,10:47:07 AM,1572671827065
-2.0155334 ,12.2760315 ,-0.4174347,23.56784506,87.30217095 ,30.41999931335449,84.04526725453009 ,7997.0,10:47:07 AM,1572671827069
-2.908844 ,4.031616 ,2.7342834,23.56784506,87.30217095 ,30.41999931335449,84.04526725453009 ,7997.0,10:47:07 AM,1572671827074
3.0101013 ,-2.4757538 ,7.0178223,23.56784506,87.30217095 ,30.41999931335449,84.04526725453009 ,7997.0,10:47:07 AM,1572671827080
10.534561 ,-4.8648987 ,16.308502,23.56784506,87.30217095 ,30.41999931335449,84.04526725453009 ,7997.0,10:47:07 AM,1572671827085
12.049133 ,-4.516617 ,20.70726,23.56784506,87.30217095 ,30.41999931335449,84.04526725453009 ,7997.0,10:47:07 AM,1572671827088
4.9438324 ,-4.013031 ,17.716064,23.56784506,87.30217095 ,30.41999931335449,84.04526725453009 ,7997.0,10:47:07 AM,1572671827094
-3.8016052 ,-7.143524 ,10.793259,23.56784506,87.30217095 ,30.41999931335449,84.04526725453009 ,7997.0,10:47:07 AM,1572671827098
-6.0042877 ,-7.576462 ,18.256393,23.56784506,87.30217095 ,30.41999931335449,84.04526725453009 ,7997.0,10:47:07 AM,1572671827105
-2.645523 ,-5.845993 ,26.301346,23.56784506,87.30217095 ,30.41999931335449,84.04526725453009 ,7997.0,10:47:07 AM,1572671827109
-1.282547 ,-2.2104034 ,23.02687,23.56784506,87.30217095 ,30.41999931335449,84.04526725453009 ,7997.0,10:47:07 AM,1572671827114
-3.884964 ,2.9370728 ,14.514389,23.56784506,87.30217095 ,30.41999931335449,84.04526725453009 ,7997.0,10:47:07 AM,1572671827119
-6.8993835 ,4.4447784 ,1.9046326,23.56784506,87.30217095 ,30.41999931335449,84.04526725453009 ,7997.0,10:47:07 AM,1572671827123
-4.0609283 ,7.3582306 ,-3.1803894,23.56784506,87.30217095 ,30.41999931335449,84.04526725453009 ,7997.0,10:47:07 AM,1572671827127
4.5117493 ,9.609909 ,-4.959656,23.56784506,87.30217095 ,30.41999931335449,84.04526725453009 ,7997.0,10:47:07 AM,1572671827133
10.501801 ,8.59906 ,-2.4611053,23.56784506,87.30217095 ,30.41999931335449,84.04526725453009 ,7997.0,10:47:07 AM,1572671827139
5.9246826 ,6.225464 ,13.566025,23.56784506,87.30217095 ,30.41999931335449,84.04526725453009 ,7997.0,10:47:07 AM,1572671827143
-1.8916168 ,-2.342453 ,10.992462,23.56784506,87.30217095 ,30.41999931335449,84.04526725453009 ,7997.0,10:47:07 AM,1572671827151
-3.3819275 ,-3.9655914 ,20.597443,23.56784506,87.30217095 ,30.41999931335449,84.04526725453009 ,7997.0,10:47:07 AM,1572671827155
1.2500153 ,-1.5307617 ,21.94748,23.56784506,87.30217095 ,30.41999931335449,84.04526725453009 ,7997.0,10:47:07 AM,1572671827159
2.715088 ,2.4483795 ,12.502319,23.56784506,87.30217095 ,30.41999931335449,84.04526725453009 ,7997.0,10:47:07 AM,1572671827165
-3.7933044 ,7.28685 ,11.499298,23.56784506,87.30217095 ,30.41999931335449,84.04526725453009 ,7997.0,10:47:07 AM,1572671827168
-9.91803 ,6.1880493 ,-4.1513214,23.56784506,87.30217095 ,30.41999931335449,84.04526725453009 ,7997.0,10:47:07 AM,1572671827174
-5.485214 ,7.7852325 ,-6.1868896,23.56784506,87.30217095 ,30.41999931335449,84.04526725453009 ,7997.0,10:47:07 AM,1572671827183
3.895401 ,9.819717 ,2.9689636,23.56784506,87.30217095 ,30.41999931335449,84.04526725453009 ,7997.0,10:47:07 AM,1572671827187
6.826706 ,7.2773895 ,-0.8708496,23.56784506,87.30217095 ,30.41999931335449,84.04526725453009 ,7997.0,10:47:07 AM,1572671827189
2.0747528 ,4.287094 ,4.4397125,23.56784506,87.30217095 ,30.41999931335449,84.04526725453009 ,7997.0,10:47:07 AM,1572671827199
-0.69241333 ,-2.1118622 ,8.048874,23.56784506,87.30217095 ,30.41999931335449,84.04526725453009 ,7997.0,10:47:07 AM,1572671827203
1.3054047 ,-4.506363 ,15.691956,23.56784506,87.30217095 ,30.41999931335449,84.04526725453009 ,7997.0,10:47:07 AM,1572671827206
4.150223 ,-5.645752 ,17.627869,23.56784506,87.30217095 ,30.41999931335449,84.04526725453009 ,7997.0,10:47:07 AM,1572671827210
5.41127 ,-6.157135 ,17.589493,23.56784506,87.30217095 ,30.41999931335449,84.04526725453009 ,7997.0,10:47:07 AM,1572671827215
4.2602386 ,-4.5574493 ,28.480453,23.56784506,87.30217095 ,30.41999931335449,84.04526725453009 ,7997.0,10:47:07 AM,1572671827219
0.9741211 ,-5.311859 ,22.211166,23.56784506,87.30217095 ,30.41999931335449,84.04526725453009 ,7997.0,10:47:07 AM,1572671827223
-4.5490265 ,-1.2640381 ,13.157013,23.56784506,87.30217095 ,30.41999931335449,84.04526725453009 ,7997.0,10:47:07 AM,1572671827228
-8.787674 ,3.795166 ,3.8351746,23.56784506,87.30217095 ,30.41999931335449,84.04526725453009 ,7997.0,10:47:07 AM,1572671827234
-8.295334 ,8.755951 ,1.6240082,23.56784506,87.30217095 ,30.41999931335449,84.04526725453009 ,7997.0,10:47:07 AM,1572671827238
-3.4959717 ,10.175781 ,2.314331,23.56784506,87.30217095 ,30.41999931335449,84.04526725453009 ,7997.0,10:47:07 AM,1572671827244
3.8159943 ,7.644928 ,-5.7664948,23.56784506,87.30217095 ,30.41999931335449,84.04526725453009 ,7997.0,10:47:07 AM,1572671827248
7.25972 ,7.122696 ,0.8042755,23.56784506,87.30217095 ,30.41999931335449,84.04526725453009 ,7997.0,10:47:07 AM,1572671827253
3.9430695 ,6.6987 ,8.264999,23.56784506,87.30217095 ,30.41999931335449,84.04526725453009 ,7997.0,10:47:07 AM,1572671827258
-3.305603 ,7.050125 ,11.433105,23.56784506,87.30217095 ,30.41999931335449,84.04526725453009 ,7997.0,10:47:07 AM,1572671827263
-7.163788 ,3.8271484 ,5.951126,23.56784506,87.30217095 ,30.41999931335449,84.04526725453009 ,8354.0,10:47:07 AM,1572671827267
-1.7805481 ,5.2173004 ,9.466202,23.56784506,87.30217095 ,30.41999931335449,84.04526725453009 ,8354.0,10:47:07 AM,1572671827272
4.861908 ,7.922241 ,8.367813,23.56784506,87.30217095 ,30.41999931335449,84.04526725453009 ,8354.0,10:47:07 AM,1572671827278
2.4294891 ,9.799377 ,3.6968842,23.56784506,87.30217095 ,30.41999931335449,84.04526725453009 ,8354.0,10:47:07 AM,1572671827282
-4.8456573 ,13.007538 ,12.372452,23.56784506,87.30217095 ,30.41999931335449,84.04526725453009 ,8354.0,10:47:07 AM,1572671827286
-6.4495544 ,8.26619 ,-2.018341,23.56784506,87.30217095 ,30.41999931335449,84.04526725453009 ,8354.0,10:47:07 AM,1572671827292
-0.07637024 ,9.058624 ,-2.0379333,23.56784506,87.30217095 ,30.41999931335449,84.04526725453009 ,8354.0,10:47:07 AM,1572671827297
5.5463867 ,5.14711 ,4.5762634,23.56784506,87.30217095 ,30.41999931335449,84.04526725453009 ,8354.0,10:47:07 AM,1572671827301
6.955475 ,-0.029647827 ,5.526062,23.56784506,87.30217095 ,30.41999931335449,84.04526725453009 ,8354.0,10:47:07 AM,1572671827306
4.9263 ,-0.7732239 ,23.23523,23.56784506,87.30217095 ,30.41999931335449,84.04526725453009 ,8354.0,10:47:07 AM,1572671827319
3.563736 ,-4.4658813 ,22.520355,23.56784506,87.30217095 ,30.41999931335449,84.04526725453009 ,8354.0,10:47:07 AM,1572671827321
2.2387085 ,-2.7881317 ,16.613312,23.56784506,87.30217095 ,30.41999931335449,84.04526725453009 ,8354.0,10:47:07 AM,1572671827325
-1.8007355 ,-0.059127808 ,7.3877106,23.56784506,87.30217095 ,30.41999931335449,84.04526725453009 ,8354.0,10:47:07 AM,1572671827330
-4.1035004 ,2.496704 ,-3.8287354,23.56784506,87.30217095 ,30.41999931335449,84.04526725453009 ,8354.0,10:47:07 AM,1572671827336
-5.7141724 ,7.5792694 ,17.73764,23.56784506,87.30217095 ,30.41999931335449,84.04526725453009 ,8354.0,10:47:07 AM,1572671827342
-3.0787354 ,-0.57388306 ,8.481155,23.56784506,87.30217095 ,30.41999931335449,84.04526725453009 ,8354.0,10:47:07 AM,1572671827346
2.6128998 ,-2.7873688 ,16.606186,23.56784506,87.30217095 ,30.41999931335449,84.04526725453009 ,8354.0,10:47:07 AM,1572671827350
6.8894653 ,-1.2674866 ,32.126938,23.56784506,87.30217095 ,30.41999931335449,84.04526725453009 ,8354.0,10:47:07 AM,1572671827355
