x,y,z,latitude,longitude,speed,sound,light,time,timestamp
1.9486237 ,-2.2134552 ,14.433655,23.5575492,87.29877034 ,51.012000274658206,82.52177844164652 ,19141.0,10:49:18 AM,1572671958184
3.9767303 ,-5.070862 ,23.520218,23.5575492,87.29877034 ,51.012000274658206,82.52177844164652 ,19141.0,10:49:18 AM,1572671958189
1.539444 ,-7.330551 ,24.269287,23.5575492,87.29877034 ,51.012000274658206,82.52177844164652 ,19141.0,10:49:18 AM,1572671958191
0.60705566 ,-7.343231 ,26.134216,23.5575492,87.29877034 ,51.012000274658206,82.52177844164652 ,19141.0,10:49:18 AM,1572671958198
3.9468842 ,-3.588623 ,22.809082,23.5575492,87.29877034 ,51.012000274658206,82.52177844164652 ,19141.0,10:49:18 AM,1572671958203
4.0852203 ,1.6404724 ,14.179108,23.5575492,87.29877034 ,51.012000274658206,82.52177844164652 ,19141.0,10:49:18 AM,1572671958207
-2.8166504 ,3.4162903 ,2.8535004,23.5575492,87.29877034 ,51.012000274658206,82.52177844164652 ,19141.0,10:49:18 AM,1572671958211
-7.5798492 ,5.958618 ,-1.8136139,23.5575492,87.29877034 ,51.012000274658206,82.52177844164652 ,19141.0,10:49:18 AM,1572671958216
-2.0784454 ,5.7850647 ,-7.395981,23.5575492,87.29877034 ,51.012000274658206,82.52177844164652 ,19141.0,10:49:18 AM,1572671958221
4.1725006 ,6.366165 ,8.600616,23.5575492,87.29877034 ,51.012000274658206,82.52177844164652 ,19141.0,10:49:18 AM,1572671958229
2.4384155 ,-2.9663239 ,6.2050934,23.5575492,87.29877034 ,51.012000274658206,82.52177844164652 ,19141.0,10:49:18 AM,1572671958231
-2.0818481 ,-6.889084 ,17.075165,23.5575492,87.29877034 ,51.012000274658206,82.52177844164652 ,19141.0,10:49:18 AM,1572671958241
-1.7300568 ,-7.9480133 ,27.709412,23.5575492,87.29877034 ,51.012000274658206,82.52177844164652 ,19141.0,10:49:18 AM,1572671958244
1.9876251 ,-6.6942444 ,26.058228,23.5575492,87.29877034 ,51.012000274658206,82.52177844164652 ,19141.0,10:49:18 AM,1572671958251
3.764511 ,-3.1989136 ,19.321884,23.5575492,87.29877034 ,51.012000274658206,82.52177844164652 ,19141.0,10:49:18 AM,1572671958255
1.7542267 ,2.3144379 ,11.234161,23.5575492,87.29877034 ,51.012000274658206,82.52177844164652 ,19141.0,10:49:18 AM,1572671958259
-1.8730774 ,5.8078003 ,-6.8196106,23.5575492,87.29877034 ,51.012000274658206,82.52177844164652 ,19141.0,10:49:18 AM,1572671958266
-5.493408 ,10.7890625 ,-8.085007,23.5575492,87.29877034 ,51.012000274658206,82.52177844164652 ,19141.0,10:49:18 AM,1572671958268
-5.837509 ,10.078949 ,-7.3549194,23.5575492,87.29877034 ,51.012000274658206,82.52177844164652 ,19141.0,10:49:18 AM,1572671958276
-0.39178467 ,6.36528 ,-4.434067,23.5575492,87.29877034 ,51.012000274658206,82.52177844164652 ,19141.0,10:49:18 AM,1572671958279
6.730362 ,2.4481812 ,7.2840576,23.5575492,87.29877034 ,51.012000274658206,82.52177844164652 ,19141.0,10:49:18 AM,1572671958286
6.1505585 ,-0.693985 ,19.411972,23.5575492,87.29877034 ,51.012000274658206,82.52177844164652 ,19141.0,10:49:18 AM,1572671958289
-1.3359833 ,-3.8059845 ,20.92395,23.5575492,87.29877034 ,51.012000274658206,82.52177844164652 ,19141.0,10:49:18 AM,1572671958296
-5.384659 ,-6.202881 ,17.342026,23.5575492,87.29877034 ,51.012000274658206,82.52177844164652 ,19141.0,10:49:18 AM,1572671958298
-1.5313416 ,-2.5373688 ,19.698288,23.5575492,87.29877034 ,51.012000274658206,82.52177844164652 ,19141.0,10:49:18 AM,1572671958304
2.9988403 ,1.4227142 ,14.96109,23.5575492,87.29877034 ,51.012000274658206,82.52177844164652 ,19141.0,10:49:18 AM,1572671958308
0.8860016 ,4.568878 ,9.848007,23.5575492,87.29877034 ,51.012000274658206,82.52177844164652 ,19141.0,10:49:18 AM,1572671958314
-4.89505 ,6.495224 ,2.389206,23.5575492,87.29877034 ,51.012000274658206,82.52177844164652 ,19141.0,10:49:18 AM,1572671958318
-6.260727 ,7.6246796 ,-11.342361,23.5575492,87.29877034 ,51.012000274658206,82.52177844164652 ,19141.0,10:49:18 AM,1572671958322
-4.3766327 ,10.162125 ,-3.6066132,23.5575492,87.29877034 ,51.012000274658206,82.52177844164652 ,19141.0,10:49:18 AM,1572671958330
-1.3177948 ,3.9432678 ,3.4490356,23.5575492,87.29877034 ,51.012000274658206,82.52177844164652 ,19141.0,10:49:18 AM,1572671958335
3.1814423 ,-2.5953522 ,15.805298,23.5575492,87.29877034 ,51.012000274658206,82.52177844164652 ,19141.0,10:49:18 AM,1572671958337
8.487686 ,-6.6414185 ,23.705933,23.5575492,87.29877034 ,51.012000274658206,82.52177844164652 ,19141.0,10:49:18 AM,1572671958342
8.907364 ,-4.6086273 ,32.34967,23.5575492,87.29877034 ,51.012000274658206,82.52177844164652 ,19141.0,10:49:18 AM,1572671958347
1.6043396 ,-0.564621 ,27.985779,23.5575492,87.29877034 ,51.012000274658206,82.52177844164652 ,19141.0,10:49:18 AM,1572671958350
-6.315918 ,0.93904114 ,-2.733429,23.5575492,87.29877034 ,51.012000274658206,82.52177844164652 ,19141.0,10:49:18 AM,1572671958356
-9.347382 ,6.6329346 ,-6.8795776,23.5575492,87.29877034 ,51.012000274658206,82.52177844164652 ,19184.0,10:49:18 AM,1572671958362
-4.287979 ,8.082138 ,-2.706787,23.5575492,87.29877034 ,51.012000274658206,82.52177844164652 ,19184.0,10:49:18 AM,1572671958365
1.8322601 ,3.768631 ,4.821289,23.5575492,87.29877034 ,51.012000274658206,82.52177844164652 ,19184.0,10:49:18 AM,1572671958376
7.603836 ,-1.5037384 ,9.56723,23.5575492,87.29877034 ,51.012000274658206,82.52177844164652 ,19184.0,10:49:18 AM,1572671958382
8.902512 ,-1.0471039 ,24.589401,23.5575492,87.29877034 ,51.012000274658206,82.52177844164652 ,19184.0,10:49:18 AM,1572671958385
3.4655151 ,0.5926666 ,18.181625,23.5575492,87.29877034 ,51.012000274658206,82.52177844164652 ,19184.0,10:49:18 AM,1572671958391
-6.5075684 ,6.857422 ,13.222046,23.5575492,87.29877034 ,51.012000274658206,82.52177844164652 ,19184.0,10:49:18 AM,1572671958395
-10.814163 ,9.981171 ,-3.0288544,23.5575492,87.29877034 ,51.012000274658206,82.52177844164652 ,19184.0,10:49:18 AM,1572671958401
-5.1403656 ,12.228012 ,-14.281235,23.5575492,87.29877034 ,51.012000274658206,82.52177844164652 ,19184.0,10:49:18 AM,1572671958404
3.3842468 ,11.821732 ,-4.2533417,23.5575492,87.29877034 ,51.012000274658206,82.52177844164652 ,19184.0,10:49:18 AM,1572671958411
5.4384155 ,6.8166504 ,11.832947,23.5575492,87.29877034 ,51.012000274658206,82.52177844164652 ,19184.0,10:49:18 AM,1572671958415
2.4274597 ,-1.8443756 ,8.555786,23.5575492,87.29877034 ,51.012000274658206,82.52177844164652 ,19184.0,10:49:18 AM,1572671958418
-1.6195984 ,-1.8916779 ,25.0802,23.5575492,87.29877034 ,51.012000274658206,82.52177844164652 ,19184.0,10:49:18 AM,1572671958423
-3.9369965 ,-1.5867157 ,24.940216,23.5575492,87.29877034 ,51.012000274658206,82.52177844164652 ,19184.0,10:49:18 AM,1572671958428
-4.0936584 ,-0.381073 ,8.0217285,23.5575492,87.29877034 ,51.012000274658206,86.89838473766672 ,19184.0,10:49:18 AM,1572671958435
-1.4004364 ,2.3319244 ,6.271942,23.5575492,87.29877034 ,51.012000274658206,86.89838473766672 ,19184.0,10:49:18 AM,1572671958438
3.7212524 ,3.4805145 ,5.1792297,23.5575492,87.29877034 ,51.012000274658206,86.89838473766672 ,19184.0,10:49:18 AM,1572671958441
4.4085236 ,4.1995087 ,4.643524,23.5575492,87.29877034 ,51.012000274658206,86.89838473766672 ,19184.0,10:49:18 AM,1572671958446
-1.2411499 ,2.1673431 ,15.789352,23.5575492,87.29877034 ,51.012000274658206,86.89838473766672 ,19184.0,10:49:18 AM,1572671958451
-5.3320465 ,-0.84017944 ,18.893845,23.5575492,87.29877034 ,51.012000274658206,86.89838473766672 ,19184.0,10:49:18 AM,1572671958459
-2.5917969 ,-0.5609436 ,10.124939,23.5575492,87.29877034 ,51.012000274658206,86.89838473766672 ,19184.0,10:49:18 AM,1572671958461
1.9909363 ,5.5721283 ,15.48291,23.5575492,87.29877034 ,51.012000274658206,86.89838473766672 ,19184.0,10:49:18 AM,1572671958466
3.9068146 ,8.80722 ,14.446579,23.5575492,87.29877034 ,51.012000274658206,86.89838473766672 ,19184.0,10:49:18 AM,1572671958470
3.3530579 ,9.815643 ,3.5021667,23.5575492,87.29877034 ,51.012000274658206,86.89838473766672 ,19184.0,10:49:18 AM,1572671958477
1.1104279 ,9.981247 ,-6.226364,23.5575492,87.29877034 ,51.012000274658206,86.89838473766672 ,19184.0,10:49:18 AM,1572671958480
-2.2744446 ,9.843094 ,-6.406616,23.5575492,87.29877034 ,51.012000274658206,86.89838473766672 ,19184.0,10:49:18 AM,1572671958485
-4.013855 ,6.4765472 ,3.6133575,23.5575492,87.29877034 ,51.012000274658206,86.89838473766672 ,19184.0,10:49:18 AM,1572671958491
-0.18450928 ,-3.1773834 ,3.3094482,23.5575492,87.29877034 ,51.012000274658206,86.89838473766672 ,19184.0,10:49:18 AM,1572671958496
3.8523712 ,-5.494232 ,24.841583,23.5575492,87.29877034 ,51.012000274658206,86.89838473766672 ,19184.0,10:49:18 AM,1572671958501
4.5588226 ,-10.108505 ,25.012573,23.5575492,87.29877034 ,51.012000274658206,86.89838473766672 ,19184.0,10:49:18 AM,1572671958510
0.09623718 ,-7.7305756 ,30.808594,23.5575492,87.29877034 ,51.012000274658206,86.89838473766672 ,19184.0,10:49:18 AM,1572671958513
-3.5212402 ,-7.0318604 ,20.040329,23.5575492,87.29877034 ,51.012000274658206,86.89838473766672 ,19184.0,10:49:18 AM,1572671958519
-3.4514313 ,-3.118454 ,13.908737,23.5575492,87.29877034 ,51.012000274658206,86.89838473766672 ,19184.0,10:49:18 AM,1572671958524
0.3790741 ,1.3761292 ,9.073868,23.5575492,87.29877034 ,51.012000274658206,86.89838473766672 ,19184.0,10:49:18 AM,1572671958527
2.5329285 ,6.0748444 ,8.357498,23.5575492,87.29877034 ,51.012000274658206,86.89838473766672 ,19184.0,10:49:18 AM,1572671958534
1.6832428 ,7.4631653 ,-1.1096039,23.5575492,87.29877034 ,51.012000274658206,86.89838473766672 ,19184.0,10:49:18 AM,1572671958538
-0.88887024 ,9.520035 ,0.12756348,23.5575492,87.29877034 ,51.012000274658206,86.89838473766672 ,19184.0,10:49:18 AM,1572671958546
-2.402069 ,10.093964 ,2.987671,23.5575492,87.29877034 ,51.012000274658206,86.89838473766672 ,19184.0,10:49:18 AM,1572671958549
-1.8317871 ,10.634781 ,2.735672,23.5575492,87.29877034 ,51.012000274658206,86.89838473766672 ,19184.0,10:49:18 AM,1572671958552
-0.16783142 ,5.6008606 ,-0.46080017,23.5575492,87.29877034 ,51.012000274658206,86.89838473766672 ,19184.0,10:49:18 AM,1572671958558
3.281433 ,1.6585846 ,7.421158,23.5575492,87.29877034 ,51.012000274658206,86.89838473766672 ,19184.0,10:49:18 AM,1572671958561
5.1666107 ,-1.2595215 ,11.197144,23.5575492,87.29877034 ,51.012000274658206,86.89838473766672 ,19095.0,10:49:18 AM,1572671958567
0.7909546 ,-2.5347748 ,17.250122,23.5575492,87.29877034 ,51.012000274658206,86.89838473766672 ,19095.0,10:49:18 AM,1572671958571
-3.8392334 ,-5.096512 ,19.6512,23.5575492,87.29877034 ,51.012000274658206,86.89838473766672 ,19095.0,10:49:18 AM,1572671958579
-1.615982 ,-6.1374817 ,16.639923,23.5575492,87.29877034 ,51.012000274658206,86.89838473766672 ,19095.0,10:49:18 AM,1572671958581
3.746109 ,-2.762909 ,13.9841,23.5575492,87.29877034 ,51.012000274658206,86.89838473766672 ,19095.0,10:49:18 AM,1572671958588
2.0102692 ,1.5035706 ,11.785004,23.5575492,87.29877034 ,51.012000274658206,86.89838473766672 ,19095.0,10:49:18 AM,1572671958590
-4.3886414 ,4.0430756 ,6.567505,23.5575492,87.29877034 ,51.012000274658206,86.89838473766672 ,19095.0,10:49:18 AM,1572671958598
-5.3911896 ,6.49617 ,1.9571991,23.5575492,87.29877034 ,51.012000274658206,86.89838473766672 ,19095.0,10:49:18 AM,1572671958601
-0.0036315918 ,8.601425 ,-4.3631287,23.5575492,87.29877034 ,51.012000274658206,86.89838473766672 ,19095.0,10:49:18 AM,1572671958605
2.3885345 ,10.094421 ,2.1221924,23.5575492,87.29877034 ,51.012000274658206,86.89838473766672 ,19095.0,10:49:18 AM,1572671958611
1.0623627 ,4.7130737 ,1.8071442,23.5575492,87.29877034 ,51.012000274658206,86.89838473766672 ,19095.0,10:49:18 AM,1572671958615
1.7309723 ,2.1799774 ,12.068558,23.5575492,87.29877034 ,51.012000274658206,86.89838473766672 ,19095.0,10:49:18 AM,1572671958623
4.9137115 ,-3.2950745 ,12.516388,23.5575492,87.29877034 ,51.012000274658206,86.89838473766672 ,19095.0,10:49:18 AM,1572671958626
3.794754 ,-3.0342865 ,21.197357,23.5575492,87.29877034 ,51.012000274658206,86.89838473766672 ,19095.0,10:49:18 AM,1572671958629
-1.5809326 ,-6.138275 ,14.837158,23.5575492,87.29877034 ,51.012000274658206,86.89838473766672 ,19095.0,10:49:18 AM,1572671958641
-5.3375397 ,-4.8320465 ,19.395767,23.5575492,87.29877034 ,51.012000274658206,86.89838473766672 ,19095.0,10:49:18 AM,1572671958644
-2.6465302 ,-6.49971 ,12.130768,23.5575492,87.29877034 ,51.012000274658206,86.89838473766672 ,19095.0,10:49:18 AM,1572671958650
2.821289 ,-2.1150208 ,21.491669,23.5575492,87.29877034 ,51.012000274658206,86.89838473766672 ,19095.0,10:49:18 AM,1572671958654
6.270706 ,-1.1920776 ,14.42717,23.5575492,87.29877034 ,51.012000274658206,86.89838473766672 ,19095.0,10:49:18 AM,1572671958660
3.5260925 ,4.6230774 ,7.0615234,23.5575492,87.29877034 ,51.012000274658206,86.89838473766672 ,19095.0,10:49:18 AM,1572671958663
-3.4738617 ,6.9305725 ,-3.908249,23.5575492,87.29877034 ,51.012000274658206,86.89838473766672 ,19095.0,10:49:18 AM,1572671958669
-7.7168274 ,7.852188 ,-3.2997742,23.5575492,87.29877034 ,51.012000274658206,86.89838473766672 ,19095.0,10:49:18 AM,1572671958672
-3.354721 ,5.4442596 ,3.0962677,23.5575492,87.29877034 ,51.012000274658206,86.89838473766672 ,19095.0,10:49:18 AM,1572671958679
