x,y,z,latitude,longitude,speed,sound,light,time,timestamp
4.7875366 ,-2.1110535 ,15.828262,23.56063053,87.29879147 ,48.78000068664551,83.08025636199267 ,13265.0,10:48:46 AM,1572671926846
0.15309143 ,-0.602478 ,18.558777,23.56063053,87.29879147 ,48.78000068664551,83.08025636199267 ,13265.0,10:48:46 AM,1572671926851
-2.3321533 ,-1.8103485 ,5.501297,23.56063053,87.29879147 ,48.78000068664551,83.08025636199267 ,13265.0,10:48:46 AM,1572671926856
-1.2306061 ,3.5302277 ,8.400986,23.56063053,87.29879147 ,48.78000068664551,83.08025636199267 ,13265.0,10:48:46 AM,1572671926861
0.394516 ,3.4087067 ,4.774582,23.56063053,87.29879147 ,48.78000068664551,83.08025636199267 ,13265.0,10:48:46 AM,1572671926867
-1.2729797 ,4.1214905 ,13.54863,23.56063053,87.29879147 ,48.78000068664551,83.08025636199267 ,13265.0,10:48:46 AM,1572671926873
-3.3518372 ,1.0716095 ,9.3854065,23.56063053,87.29879147 ,48.78000068664551,83.08025636199267 ,13265.0,10:48:46 AM,1572671926877
-3.1585693 ,3.8640747 ,11.028473,23.56063053,87.29879147 ,48.78000068664551,83.08025636199267 ,13265.0,10:48:46 AM,1572671926881
-1.0657043 ,7.4048615 ,4.594803,23.56063053,87.29879147 ,48.78000068664551,83.08025636199267 ,13265.0,10:48:46 AM,1572671926886
-0.9015808 ,9.943802 ,-2.1306305,23.56063053,87.29879147 ,48.78000068664551,83.08025636199267 ,13265.0,10:48:46 AM,1572671926891
-1.0462952 ,8.565598 ,-3.5227356,23.56063053,87.29879147 ,48.78000068664551,83.08025636199267 ,13265.0,10:48:46 AM,1572671926897
0.8111572 ,6.6872406 ,1.3946381,23.56063053,87.29879147 ,48.78000068664551,83.08025636199267 ,11499.0,10:48:46 AM,1572671926904
2.7638245 ,4.7538605 ,3.2405853,23.56063053,87.29879147 ,48.78000068664551,83.08025636199267 ,11499.0,10:48:46 AM,1572671926906
0.91127014 ,3.6476135 ,9.581558,23.56063053,87.29879147 ,48.78000068664551,83.08025636199267 ,11499.0,10:48:46 AM,1572671926913
-2.5793762 ,0.18702698 ,12.035385,23.56063053,87.29879147 ,48.78000068664551,83.08025636199267 ,11499.0,10:48:46 AM,1572671926916
-1.7588043 ,-2.914444 ,11.11795,23.56063053,87.29879147 ,48.78000068664551,83.08025636199267 ,11499.0,10:48:46 AM,1572671926919
3.0536346 ,-2.912796 ,18.270859,23.56063053,87.29879147 ,48.78000068664551,83.08025636199267 ,11499.0,10:48:46 AM,1572671926927
5.916931 ,-3.5775452 ,14.633438,23.56063053,87.29879147 ,48.78000068664551,83.08025636199267 ,11499.0,10:48:46 AM,1572671926929
2.6410675 ,-0.32736206 ,16.178513,23.56063053,87.29879147 ,48.78000068664551,83.08025636199267 ,11499.0,10:48:46 AM,1572671926936
-1.2115631 ,-1.6184845 ,7.7330475,23.56063053,87.29879147 ,48.78000068664551,83.08025636199267 ,11499.0,10:48:46 AM,1572671926939
-1.3700409 ,1.4015503 ,10.897354,23.56063053,87.29879147 ,48.78000068664551,83.08025636199267 ,11499.0,10:48:46 AM,1572671926946
1.3774109 ,0.26867676 ,2.6701355,23.56063053,87.29879147 ,48.78000068664551,83.08025636199267 ,11499.0,10:48:46 AM,1572671926948
0.45463562 ,4.0760956 ,17.982574,23.56063053,87.29879147 ,48.78000068664551,83.08025636199267 ,11499.0,10:48:46 AM,1572671926955
-2.2373657 ,-0.6679077 ,8.132507,23.56063053,87.29879147 ,48.78000068664551,83.08025636199267 ,11499.0,10:48:46 AM,1572671926958
-2.2901764 ,0.2448883 ,12.515259,23.56063053,87.29879147 ,48.78000068664551,83.08025636199267 ,11499.0,10:48:46 AM,1572671926970
1.4360199 ,-0.26167297 ,12.667175,23.56063053,87.29879147 ,48.78000068664551,83.08025636199267 ,11499.0,10:48:46 AM,1572671926973
2.2446136 ,2.4650116 ,15.271744,23.56063053,87.29879147 ,48.78000068664551,83.08025636199267 ,11499.0,10:48:46 AM,1572671926976
-1.5858002 ,4.2307434 ,14.220612,23.56063053,87.29879147 ,48.78000068664551,83.08025636199267 ,11499.0,10:48:46 AM,1572671926981
-2.181656 ,3.1820679 ,-2.2311096,23.56063053,87.29879147 ,48.78000068664551,83.08025636199267 ,11499.0,10:48:46 AM,1572671926990
2.3795624 ,7.667801 ,-1.5736084,23.56063053,87.29879147 ,48.78000068664551,83.08025636199267 ,11499.0,10:48:46 AM,1572671926993
4.386139 ,8.7621765 ,1.2957458,23.56063053,87.29879147 ,48.78000068664551,83.08025636199267 ,11499.0,10:48:46 AM,1572671926996
-0.082458496 ,8.352417 ,8.483231,23.56063053,87.29879147 ,48.78000068664551,83.08025636199267 ,11499.0,10:48:47 AM,1572671927010
-3.0468292 ,3.4450226 ,3.5464478,23.56063053,87.29879147 ,48.78000068664551,83.08025636199267 ,11499.0,10:48:47 AM,1572671927013
-0.62731934 ,2.6491547 ,6.5943756,23.56063053,87.29879147 ,48.78000068664551,83.08025636199267 ,11499.0,10:48:47 AM,1572671927017
0.73020935 ,1.0303802 ,10.330963,23.56063053,87.29879147 ,48.78000068664551,83.08025636199267 ,11499.0,10:48:47 AM,1572671927020
-0.6709595 ,-0.5432434 ,17.998047,23.56063053,87.29879147 ,48.78000068664551,83.08025636199267 ,11499.0,10:48:47 AM,1572671927023
1.1876221 ,-3.9221344 ,15.726868,23.56063053,87.29879147 ,48.78000068664551,83.08025636199267 ,11499.0,10:48:47 AM,1572671927025
6.2142944 ,-2.9487305 ,14.3389435,23.56063053,87.29879147 ,48.78000068664551,83.08025636199267 ,11499.0,10:48:47 AM,1572671927028
6.1957703 ,-0.49545288 ,12.025879,23.56063053,87.29879147 ,48.78000068664551,83.08025636199267 ,11499.0,10:48:47 AM,1572671927034
-1.2169495 ,1.4235077 ,11.093536,23.56063053,87.29879147 ,48.78000068664551,83.08025636199267 ,11499.0,10:48:47 AM,1572671927040
-6.060425 ,0.028823853 ,8.952469,23.56063053,87.29879147 ,48.78000068664551,83.08025636199267 ,11499.0,10:48:47 AM,1572671927041
-1.4305573 ,-0.20826721 ,12.405548,23.56063053,87.29879147 ,48.78000068664551,83.08025636199267 ,11499.0,10:48:47 AM,1572671927047
5.226242 ,-0.005996704 ,16.272186,23.56063053,87.29879147 ,48.78000068664551,83.08025636199267 ,11499.0,10:48:47 AM,1572671927053
3.7736206 ,0.25230408 ,16.71724,23.56051326,87.29877587 ,47.91600151062012,83.08025636199267 ,11499.0,10:48:47 AM,1572671927057
-2.7737427 ,1.7338104 ,15.454178,23.56051326,87.29877587 ,47.91600151062012,83.08025636199267 ,11499.0,10:48:47 AM,1572671927061
-4.2955475 ,1.6980743 ,3.810501,23.56051326,87.29877587 ,47.91600151062012,83.08025636199267 ,11499.0,10:48:47 AM,1572671927066
-0.8406677 ,6.0533295 ,8.306168,23.56051326,87.29877587 ,47.91600151062012,83.08025636199267 ,11499.0,10:48:47 AM,1572671927071
2.1493835 ,7.742859 ,4.379654,23.56051326,87.29877587 ,47.91600151062012,83.08025636199267 ,11499.0,10:48:47 AM,1572671927076
-0.78811646 ,11.929596 ,8.537918,23.56051326,87.29877587 ,47.91600151062012,83.08025636199267 ,11499.0,10:48:47 AM,1572671927086
-2.6159668 ,7.4597015 ,-17.376938,23.56051326,87.29877587 ,47.91600151062012,83.08025636199267 ,11499.0,10:48:47 AM,1572671927088
-1.6032715 ,12.444763 ,0.836792,23.56051326,87.29877587 ,47.91600151062012,83.08025636199267 ,11499.0,10:48:47 AM,1572671927090
0.9653168 ,8.2105255 ,5.817688,23.56051326,87.29877587 ,47.91600151062012,83.08025636199267 ,9488.0,10:48:47 AM,1572671927101
-0.02305603 ,6.3731995 ,15.00296,23.56051326,87.29877587 ,47.91600151062012,83.08025636199267 ,9488.0,10:48:47 AM,1572671927108
-2.902771 ,0.27641296 ,11.086212,23.56051326,87.29877587 ,47.91600151062012,83.08025636199267 ,9488.0,10:48:47 AM,1572671927111
-2.8575134 ,-1.7819824 ,10.700989,23.56051326,87.29877587 ,47.91600151062012,83.08025636199267 ,9488.0,10:48:47 AM,1572671927117
0.940094 ,-0.7714386 ,17.428665,23.56051326,87.29877587 ,47.91600151062012,83.08025636199267 ,9488.0,10:48:47 AM,1572671927120
5.7235107 ,-1.9709015 ,12.748459,23.56051326,87.29877587 ,47.91600151062012,83.08025636199267 ,9488.0,10:48:47 AM,1572671927126
5.855606 ,-0.027008057 ,21.172668,23.56051326,87.29877587 ,47.91600151062012,83.08025636199267 ,9488.0,10:48:47 AM,1572671927129
3.6324158 ,-2.7711945 ,12.053268,23.56051326,87.29877587 ,47.91600151062012,83.08025636199267 ,9488.0,10:48:47 AM,1572671927135
2.2105255 ,-0.31681824 ,10.761154,23.56051326,87.29877587 ,47.91600151062012,83.08025636199267 ,9488.0,10:48:47 AM,1572671927140
1.6335144 ,1.6940002 ,11.19194,23.56051326,87.29877587 ,47.91600151062012,83.08025636199267 ,9488.0,10:48:47 AM,1572671927147
-1.1865692 ,3.5447235 ,14.82016,23.56051326,87.29877587 ,47.91600151062012,83.08025636199267 ,9488.0,10:48:47 AM,1572671927150
-3.578888 ,1.471878 ,7.953018,23.56051326,87.29877587 ,47.91600151062012,83.08025636199267 ,9488.0,10:48:47 AM,1572671927157
-2.5528564 ,2.4615936 ,11.953995,23.56051326,87.29877587 ,47.91600151062012,83.08025636199267 ,9488.0,10:48:47 AM,1572671927160
1.1541901 ,2.6771545 ,8.886215,23.56051326,87.29877587 ,47.91600151062012,83.08025636199267 ,9488.0,10:48:47 AM,1572671927164
2.0495148 ,5.6775208 ,14.807419,23.56051326,87.29877587 ,47.91600151062012,83.08025636199267 ,9488.0,10:48:47 AM,1572671927169
-0.08798218 ,5.6058197 ,10.321472,23.56051326,87.29877587 ,47.91600151062012,83.08025636199267 ,9488.0,10:48:47 AM,1572671927174
-2.4916687 ,7.711731 ,2.901596,23.56051326,87.29877587 ,47.91600151062012,83.08025636199267 ,9488.0,10:48:47 AM,1572671927178
-2.1518097 ,8.44162 ,-4.744644,23.56051326,87.29877587 ,47.91600151062012,83.08025636199267 ,9488.0,10:48:47 AM,1572671927185
-0.25372314 ,12.39827 ,4.025223,23.56051326,87.29877587 ,47.91600151062012,83.08025636199267 ,9488.0,10:48:47 AM,1572671927187
1.7971191 ,9.05455 ,-3.29776,23.56051326,87.29877587 ,47.91600151062012,83.08025636199267 ,9488.0,10:48:47 AM,1572671927195
0.40904236 ,7.9801483 ,4.458023,23.56051326,87.29877587 ,47.91600151062012,83.08025636199267 ,9488.0,10:48:47 AM,1572671927198
-3.707306 ,3.9155884 ,9.536285,23.56051326,87.29877587 ,47.91600151062012,83.08025636199267 ,9488.0,10:48:47 AM,1572671927201
-6.1969604 ,1.7158203 ,14.283279,23.56051326,87.29877587 ,47.91600151062012,83.08025636199267 ,9488.0,10:48:47 AM,1572671927210
-2.9010162 ,-1.2041626 ,15.722748,23.56051326,87.29877587 ,47.91600151062012,84.08437046069494 ,9488.0,10:48:47 AM,1572671927214
5.1492004 ,-5.084305 ,6.4609985,23.56051326,87.29877587 ,47.91600151062012,84.08437046069494 ,9488.0,10:48:47 AM,1572671927217
10.300705 ,-0.7775879 ,22.876526,23.56051326,87.29877587 ,47.91600151062012,84.08437046069494 ,9488.0,10:48:47 AM,1572671927222
8.051086 ,-3.414856 ,17.634262,23.56051326,87.29877587 ,47.91600151062012,84.08437046069494 ,9488.0,10:48:47 AM,1572671927232
0.26167297 ,-0.81233215 ,23.64087,23.56051326,87.29877587 ,47.91600151062012,84.08437046069494 ,9488.0,10:48:47 AM,1572671927235
-1.9156342 ,-3.6817474 ,8.334915,23.56051326,87.29877587 ,47.91600151062012,84.08437046069494 ,9488.0,10:48:47 AM,1572671927243
2.0957947 ,1.6687317 ,12.143127,23.56051326,87.29877587 ,47.91600151062012,84.08437046069494 ,9488.0,10:48:47 AM,1572671927246
4.751358 ,4.3069305 ,11.767197,23.56051326,87.29877587 ,47.91600151062012,84.08437046069494 ,9488.0,10:48:47 AM,1572671927252
0.08406067 ,5.2355957 ,10.37561,23.56051326,87.29877587 ,47.91600151062012,84.08437046069494 ,9488.0,10:48:47 AM,1572671927255
-5.618637 ,3.9882812 ,6.944809,23.56051326,87.29877587 ,47.91600151062012,84.08437046069494 ,9488.0,10:48:47 AM,1572671927261
-4.2685547 ,3.6085815 ,2.3531342,23.56051326,87.29877587 ,47.91600151062012,84.08437046069494 ,9488.0,10:48:47 AM,1572671927264
0.92640686 ,6.106369 ,9.774078,23.56051326,87.29877587 ,47.91600151062012,84.08437046069494 ,9488.0,10:48:47 AM,1572671927270
2.976303 ,5.457489 ,6.027954,23.56051326,87.29877587 ,47.91600151062012,84.08437046069494 ,9488.0,10:48:47 AM,1572671927275
-0.92282104 ,5.081421 ,8.213806,23.56051326,87.29877587 ,47.91600151062012,84.08437046069494 ,9488.0,10:48:47 AM,1572671927278
-2.1804352 ,2.9703674 ,7.2883453,23.56051326,87.29877587 ,47.91600151062012,84.08437046069494 ,9488.0,10:48:47 AM,1572671927284
1.0586548 ,4.7391663 ,10.281357,23.56051326,87.29877587 ,47.91600151062012,84.08437046069494 ,9488.0,10:48:47 AM,1572671927287
2.3692627 ,7.8025665 ,6.5892944,23.56051326,87.29877587 ,47.91600151062012,84.08437046069494 ,9488.0,10:48:47 AM,1572671927294
-2.624237 ,9.020264 ,4.1062775,23.56051326,87.29877587 ,47.91600151062012,84.08437046069494 ,9488.0,10:48:47 AM,1572671927297
-6.0620575 ,6.3887634 ,-0.23677063,23.56051326,87.29877587 ,47.91600151062012,84.08437046069494 ,9843.0,10:48:47 AM,1572671927303
-1.2028809 ,4.138916 ,3.6051788,23.56051326,87.29877587 ,47.91600151062012,84.08437046069494 ,9843.0,10:48:47 AM,1572671927309
4.9253387 ,0.33648682 ,8.085876,23.56051326,87.29877587 ,47.91600151062012,84.08437046069494 ,9843.0,10:48:47 AM,1572671927312
4.0183563 ,-1.4821777 ,18.665314,23.56051326,87.29877587 ,47.91600151062012,84.08437046069494 ,9843.0,10:48:47 AM,1572671927318
1.0933075 ,-5.79541 ,16.775177,23.56051326,87.29877587 ,47.91600151062012,84.08437046069494 ,9843.0,10:48:47 AM,1572671927324
3.3382416 ,-4.760681 ,22.735626,23.56051326,87.29877587 ,47.91600151062012,84.08437046069494 ,9843.0,10:48:47 AM,1572671927326
7.771744 ,-4.323639 ,18.281662,23.56051326,87.29877587 ,47.91600151062012,84.08437046069494 ,9843.0,10:48:47 AM,1572671927330
5.4023285 ,0.9616699 ,19.091003,23.56051326,87.29877587 ,47.91600151062012,84.08437046069494 ,9843.0,10:48:47 AM,1572671927337
