x,y,z,latitude,longitude,speed,sound,light,time,timestamp
1.2438507 ,4.0153046 ,5.307953,23.554585,87.29858438 ,44.2439998626709,86.71448273656283 ,2315.0,10:49:46 AM,1572671986540
0.5381775 ,7.3456573 ,-2.448639,23.554585,87.29858438 ,44.2439998626709,86.71448273656283 ,2315.0,10:49:46 AM,1572671986545
-1.4410248 ,8.364609 ,-3.4187317,23.554585,87.29858438 ,44.2439998626709,86.71448273656283 ,2315.0,10:49:46 AM,1572671986550
-0.89201355 ,6.0754395 ,6.258774,23.554585,87.29858438 ,44.2439998626709,86.71448273656283 ,2315.0,10:49:46 AM,1572671986556
4.301834 ,2.2697754 ,8.630615,23.554585,87.29858438 ,44.2439998626709,86.71448273656283 ,2315.0,10:49:46 AM,1572671986558
7.4544373 ,1.6488495 ,12.025589,23.554585,87.29858438 ,44.2439998626709,86.71448273656283 ,1533.0,10:49:46 AM,1572671986564
2.9598694 ,2.8980865 ,14.417801,23.554585,87.29858438 ,44.2439998626709,86.71448273656283 ,1533.0,10:49:46 AM,1572671986566
-5.474228 ,4.556778 ,13.116821,23.554585,87.29858438 ,44.2439998626709,86.71448273656283 ,1533.0,10:49:46 AM,1572671986574
-6.4465637 ,3.697235 ,4.308441,23.554585,87.29858438 ,44.2439998626709,86.71448273656283 ,1533.0,10:49:46 AM,1572671986577
1.8143921 ,3.6810303 ,6.716934,23.554585,87.29858438 ,44.2439998626709,86.71448273656283 ,1533.0,10:49:46 AM,1572671986585
7.9345856 ,4.121811 ,13.613266,23.554585,87.29858438 ,44.2439998626709,86.71448273656283 ,1533.0,10:49:46 AM,1572671986587
3.5607605 ,3.811798 ,12.984879,23.554585,87.29858438 ,44.2439998626709,86.71448273656283 ,1533.0,10:49:46 AM,1572671986595
-5.167511 ,0.50390625 ,5.194336,23.554585,87.29858438 ,44.2439998626709,86.71448273656283 ,1533.0,10:49:46 AM,1572671986597
-7.4231415 ,1.7278137 ,13.30368,23.554585,87.29858438 ,44.2439998626709,86.71448273656283 ,1533.0,10:49:46 AM,1572671986605
-1.9551392 ,0.31391907 ,9.479233,23.554585,87.29858438 ,44.2439998626709,86.71448273656283 ,1533.0,10:49:46 AM,1572671986607
0.7681732 ,2.7853394 ,19.87793,23.554585,87.29858438 ,44.2439998626709,86.71448273656283 ,1533.0,10:49:46 AM,1572671986614
-0.26287842 ,-0.9708557 ,14.523575,23.554585,87.29858438 ,44.2439998626709,86.71448273656283 ,1533.0,10:49:46 AM,1572671986616
0.41886902 ,0.8869934 ,14.490631,23.554585,87.29858438 ,44.2439998626709,86.71448273656283 ,1533.0,10:49:46 AM,1572671986620
4.1023407 ,2.2003021 ,12.726303,23.554585,87.29858438 ,44.2439998626709,86.71448273656283 ,1533.0,10:49:46 AM,1572671986627
4.7329865 ,4.670639 ,9.534409,23.554585,87.29858438 ,44.2439998626709,86.71448273656283 ,1533.0,10:49:46 AM,1572671986630
1.102478 ,7.36174 ,11.102295,23.554585,87.29858438 ,44.2439998626709,86.71448273656283 ,1533.0,10:49:46 AM,1572671986641
-0.4407959 ,6.744995 ,1.7814484,23.554585,87.29858438 ,44.2439998626709,86.71448273656283 ,1533.0,10:49:46 AM,1572671986643
0.11138916 ,11.836441 ,0.23991394,23.554585,87.29858438 ,44.2439998626709,86.71448273656283 ,1533.0,10:49:46 AM,1572671986651
-2.1323395 ,13.670883 ,-9.931274,23.554585,87.29858438 ,44.2439998626709,86.71448273656283 ,1533.0,10:49:46 AM,1572671986654
-5.6832886 ,16.23497 ,-2.6943512,23.554585,87.29858438 ,44.2439998626709,86.71448273656283 ,1533.0,10:49:46 AM,1572671986660
-2.6795502 ,7.7211914 ,-10.847412,23.554585,87.29858438 ,44.2439998626709,86.71448273656283 ,1533.0,10:49:46 AM,1572671986664
4.175522 ,2.2826233 ,4.651886,23.554585,87.29858438 ,44.2439998626709,86.71448273656283 ,1533.0,10:49:46 AM,1572671986669
6.9342194 ,-2.1949615 ,23.023651,23.554585,87.29858438 ,44.2439998626709,86.71448273656283 ,1533.0,10:49:46 AM,1572671986673
2.6971893 ,-6.7512054 ,25.09349,23.554585,87.29858438 ,44.2439998626709,86.71448273656283 ,1533.0,10:49:46 AM,1572671986681
-3.7153473 ,-8.435364 ,25.217133,23.554585,87.29858438 ,44.2439998626709,86.71448273656283 ,1533.0,10:49:46 AM,1572671986683
-5.269287 ,-7.7801514 ,24.282593,23.554585,87.29858438 ,44.2439998626709,86.71448273656283 ,1533.0,10:49:46 AM,1572671986688
-1.4886017 ,-3.808731 ,19.675735,23.554585,87.29858438 ,44.2439998626709,86.71448273656283 ,1533.0,10:49:46 AM,1572671986694
0.91423035 ,1.8627167 ,14.794083,23.554585,87.29858438 ,44.2439998626709,86.71448273656283 ,1533.0,10:49:46 AM,1572671986697
-2.474701 ,5.7332764 ,6.5046387,23.554585,87.29858438 ,44.2439998626709,86.71448273656283 ,1533.0,10:49:46 AM,1572671986705
-7.182663 ,7.376709 ,-3.4470215,23.554585,87.29858438 ,44.2439998626709,86.71448273656283 ,1533.0,10:49:46 AM,1572671986707
-5.8152313 ,8.086136 ,-3.8320312,23.554585,87.29858438 ,44.2439998626709,86.71448273656283 ,1533.0,10:49:46 AM,1572671986715
0.7727661 ,7.8413696 ,7.251114,23.554585,87.29858438 ,44.2439998626709,86.71448273656283 ,1533.0,10:49:46 AM,1572671986717
5.298294 ,4.6870117 ,18.8143,23.554585,87.29858438 ,44.2439998626709,86.71448273656283 ,1533.0,10:49:46 AM,1572671986720
6.1873474 ,2.7558289 ,17.606003,23.554585,87.29858438 ,44.2439998626709,86.71448273656283 ,1533.0,10:49:46 AM,1572671986727
3.3701935 ,5.7592926 ,9.991455,23.554585,87.29858438 ,44.2439998626709,86.71448273656283 ,1533.0,10:49:46 AM,1572671986734
-0.6845856 ,8.715408 ,0.1822815,23.554585,87.29858438 ,44.2439998626709,86.71448273656283 ,1533.0,10:49:46 AM,1572671986736
-2.2078247 ,11.718597 ,3.3456573,23.554585,87.29858438 ,44.2439998626709,86.71448273656283 ,1533.0,10:49:46 AM,1572671986740
0.9017792 ,7.4878235 ,-7.2782593,23.554585,87.29858438 ,44.2439998626709,85.41498062630696 ,1533.0,10:49:46 AM,1572671986747
1.8257751 ,6.760849 ,3.490799,23.554585,87.29858438 ,44.2439998626709,85.41498062630696 ,1533.0,10:49:46 AM,1572671986751
-1.1805573 ,2.510498 ,5.8782654,23.554585,87.29858438 ,44.2439998626709,85.41498062630696 ,1533.0,10:49:46 AM,1572671986754
-6.338608 ,2.9289703 ,15.298248,23.554585,87.29858438 ,44.2439998626709,85.41498062630696 ,2091.0,10:49:46 AM,1572671986759
-4.3600006 ,-1.8357697 ,5.414322,23.554585,87.29858438 ,44.2439998626709,85.41498062630696 ,2091.0,10:49:46 AM,1572671986764
3.7297668 ,-3.1106415 ,11.334137,23.554585,87.29858438 ,44.2439998626709,85.41498062630696 ,2091.0,10:49:46 AM,1572671986773
8.312408 ,-2.5398407 ,18.87761,23.554585,87.29858438 ,44.2439998626709,85.41498062630696 ,2091.0,10:49:46 AM,1572671986780
2.1847534 ,-2.3093262 ,17.388046,23.554585,87.29858438 ,44.2439998626709,85.41498062630696 ,2091.0,10:49:46 AM,1572671986784
-8.416321 ,-1.7314911 ,21.3414,23.554585,87.29858438 ,44.2439998626709,85.41498062630696 ,2091.0,10:49:46 AM,1572671986789
-8.540634 ,-2.8459778 ,10.968124,23.554585,87.29858438 ,44.2439998626709,85.41498062630696 ,2091.0,10:49:46 AM,1572671986793
0.6667633 ,2.1598816 ,12.269302,23.554585,87.29858438 ,44.2439998626709,85.41498062630696 ,2091.0,10:49:46 AM,1572671986800
5.5685883 ,5.533386 ,8.125671,23.554585,87.29858438 ,44.2439998626709,85.41498062630696 ,2091.0,10:49:46 AM,1572671986802
-0.35188293 ,7.9973297 ,9.4135895,23.554585,87.29858438 ,44.2439998626709,85.41498062630696 ,2091.0,10:49:46 AM,1572671986808
-5.17807 ,6.167877 ,1.5508423,23.554585,87.29858438 ,44.2439998626709,85.41498062630696 ,2091.0,10:49:46 AM,1572671986812
-2.1908112 ,9.968277 ,6.036194,23.554585,87.29858438 ,44.2439998626709,85.41498062630696 ,2091.0,10:49:46 AM,1572671986817
3.0028992 ,12.477966 ,-1.5746155,23.554585,87.29858438 ,44.2439998626709,85.41498062630696 ,2091.0,10:49:46 AM,1572671986822
0.60289 ,12.0616 ,-4.2145233,23.554585,87.29858438 ,44.2439998626709,85.41498062630696 ,2091.0,10:49:46 AM,1572671986828
-2.8619232 ,5.4277496 ,-2.1457367,23.554585,87.29858438 ,44.2439998626709,85.41498062630696 ,2091.0,10:49:46 AM,1572671986834
0.38223267 ,0.90470886 ,9.170563,23.554585,87.29858438 ,44.2439998626709,85.41498062630696 ,2091.0,10:49:46 AM,1572671986836
4.795578 ,-1.7859802 ,15.131363,23.554585,87.29858438 ,44.2439998626709,85.41498062630696 ,2091.0,10:49:46 AM,1572671986841
0.8429718 ,-3.7258148 ,17.112244,23.554585,87.29858438 ,44.2439998626709,85.41498062630696 ,2091.0,10:49:46 AM,1572671986846
-6.683014 ,-7.1971436 ,13.140457,23.554585,87.29858438 ,44.2439998626709,85.41498062630696 ,2091.0,10:49:46 AM,1572671986852
-4.443939 ,-5.7128754 ,20.71251,23.554585,87.29858438 ,44.2439998626709,85.41498062630696 ,2091.0,10:49:46 AM,1572671986856
7.270111 ,-2.5613708 ,21.521912,23.554585,87.29858438 ,44.2439998626709,85.41498062630696 ,2091.0,10:49:46 AM,1572671986862
10.68988 ,1.9362183 ,13.312134,23.554585,87.29858438 ,44.2439998626709,85.41498062630696 ,2091.0,10:49:46 AM,1572671986865
-0.3310547 ,3.8220825 ,2.3726196,23.554585,87.29858438 ,44.2439998626709,85.41498062630696 ,2091.0,10:49:46 AM,1572671986872
-8.949036 ,6.0753937 ,-3.5901337,23.554585,87.29858438 ,44.2439998626709,85.41498062630696 ,2091.0,10:49:46 AM,1572671986875
-4.7073517 ,7.2481384 ,-6.0059814,23.554585,87.29858438 ,44.2439998626709,85.41498062630696 ,2091.0,10:49:46 AM,1572671986881
1.4725494 ,5.7891846 ,1.3639221,23.554585,87.29858438 ,44.2439998626709,85.41498062630696 ,2091.0,10:49:46 AM,1572671986884
-1.1599731 ,2.8618927 ,21.635727,23.554585,87.29858438 ,44.2439998626709,85.41498062630696 ,2091.0,10:49:46 AM,1572671986893
-2.5472412 ,-3.5656128 ,12.189285,23.554585,87.29858438 ,44.2439998626709,85.41498062630696 ,2091.0,10:49:46 AM,1572671986895
1.5528564 ,1.1123505 ,14.215057,23.554585,87.29858438 ,44.2439998626709,85.41498062630696 ,2091.0,10:49:46 AM,1572671986902
4.895569 ,4.1622925 ,5.6492004,23.554585,87.29858438 ,44.2439998626709,85.41498062630696 ,2091.0,10:49:46 AM,1572671986911
-1.2908783 ,9.647842 ,13.126511,23.554585,87.29858438 ,44.2439998626709,85.41498062630696 ,2091.0,10:49:46 AM,1572671986915
-6.5944366 ,5.6296387 ,-0.5983887,23.554585,87.29858438 ,44.2439998626709,85.41498062630696 ,2091.0,10:49:46 AM,1572671986919
-2.9812317 ,5.2459717 ,-0.30804443,23.554585,87.29858438 ,44.2439998626709,85.41498062630696 ,2091.0,10:49:46 AM,1572671986925
3.1258392 ,2.9769897 ,0.5230713,23.554585,87.29858438 ,44.2439998626709,85.41498062630696 ,2091.0,10:49:46 AM,1572671986927
0.7185669 ,0.33166504 ,14.821289,23.554585,87.29858438 ,44.2439998626709,85.41498062630696 ,2091.0,10:49:46 AM,1572671986935
-2.5434723 ,-5.2601166 ,17.310104,23.554585,87.29858438 ,44.2439998626709,85.41498062630696 ,2091.0,10:49:46 AM,1572671986938
2.0429077 ,-5.106949 ,19.996857,23.554585,87.29858438 ,44.2439998626709,85.41498062630696 ,2091.0,10:49:46 AM,1572671986943
7.4265137 ,-1.1785431 ,16.284653,23.554585,87.29858438 ,44.2439998626709,85.41498062630696 ,2091.0,10:49:46 AM,1572671986951
1.9956207 ,3.8212433 ,5.2072144,23.554585,87.29858438 ,44.2439998626709,85.41498062630696 ,2091.0,10:49:46 AM,1572671986954
-9.814026 ,6.4492645 ,1.648529,23.554585,87.29858438 ,44.2439998626709,85.41498062630696 ,2091.0,10:49:46 AM,1572671986957
-10.2747345 ,4.461197 ,-5.313904,23.554585,87.29858438 ,44.2439998626709,85.41498062630696 ,2091.0,10:49:46 AM,1572671986962
1.8792725 ,2.7546692 ,2.9433136,23.554585,87.29858438 ,44.2439998626709,85.41498062630696 ,8676.0,10:49:46 AM,1572671986969
10.913132 ,-0.26203918 ,14.248642,23.554585,87.29858438 ,44.2439998626709,85.41498062630696 ,8676.0,10:49:46 AM,1572671986972
7.4706726 ,-1.4003754 ,23.977783,23.554585,87.29858438 ,44.2439998626709,85.41498062630696 ,8676.0,10:49:46 AM,1572671986975
-0.081344604 ,-3.5947723 ,18.453552,23.554585,87.29858438 ,44.2439998626709,85.41498062630696 ,8676.0,10:49:46 AM,1572671986981
-3.1192627 ,-0.6105957 ,9.694687,23.554585,87.29858438 ,44.2439998626709,85.41498062630696 ,8676.0,10:49:46 AM,1572671986985
-4.0497894 ,4.8488617 ,5.681793,23.554585,87.29858438 ,44.2439998626709,85.41498062630696 ,8676.0,10:49:46 AM,1572671986990
-7.0377502 ,7.523636 ,5.245407,23.554585,87.29858438 ,44.2439998626709,85.41498062630696 ,8676.0,10:49:46 AM,1572671986994
-6.032791 ,5.628006 ,-3.0168,23.554585,87.29858438 ,44.2439998626709,85.41498062630696 ,8676.0,10:49:47 AM,1572671987001
0.7907715 ,4.913681 ,1.5018463,23.554585,87.29858438 ,44.2439998626709,85.41498062630696 ,8676.0,10:49:47 AM,1572671987004
5.623642 ,2.3397522 ,8.567444,23.554585,87.29858438 ,44.2439998626709,85.41498062630696 ,8676.0,10:49:47 AM,1572671987011
1.4089661 ,1.5506744 ,23.441238,23.554585,87.29858438 ,44.2439998626709,85.41498062630696 ,8676.0,10:49:47 AM,1572671987014
-3.0171356 ,-5.1906586 ,12.506226,23.554585,87.29858438 ,44.2439998626709,85.41498062630696 ,8676.0,10:49:47 AM,1572671987020
-0.3509369 ,-2.930191 ,16.710922,23.554585,87.29858438 ,44.2439998626709,85.41498062630696 ,8676.0,10:49:47 AM,1572671987023
3.7075348 ,1.1652985 ,19.022125,23.554585,87.29858438 ,44.2439998626709,85.41498062630696 ,8676.0,10:49:47 AM,1572671987027
