x,y,z,latitude,longitude,speed,sound,light,time,timestamp
-5.5311737 ,13.221771 ,-6.611557,23.57193579,87.3025513 ,42.012000274658206,85.53208649262422 ,10632.0,10:46:21 AM,1572671781095
-2.506256 ,12.425018 ,-9.043411,23.57193579,87.3025513 ,42.012000274658206,85.53208649262422 ,10632.0,10:46:21 AM,1572671781100
2.3780212 ,9.363937 ,0.41732788,23.57193579,87.3025513 ,42.012000274658206,85.53208649262422 ,10632.0,10:46:21 AM,1572671781105
2.1422882 ,5.1245117 ,12.692352,23.57193579,87.3025513 ,42.012000274658206,85.53208649262422 ,10632.0,10:46:21 AM,1572671781110
-1.4320526 ,1.0537415 ,15.513229,23.57193579,87.3025513 ,42.012000274658206,85.53208649262422 ,10632.0,10:46:21 AM,1572671781117
-3.5123901 ,-2.1754303 ,12.578308,23.57193579,87.3025513 ,42.012000274658206,85.53208649262422 ,10632.0,10:46:21 AM,1572671781121
-1.4509735 ,-1.6742096 ,18.611359,23.57193579,87.3025513 ,42.012000274658206,85.53208649262422 ,10632.0,10:46:21 AM,1572671781125
2.3440857 ,-0.26531982 ,20.25145,23.57193579,87.3025513 ,42.012000274658206,85.53208649262422 ,10632.0,10:46:21 AM,1572671781130
2.0711212 ,2.7723846 ,17.69017,23.57193579,87.3025513 ,42.012000274658206,85.53208649262422 ,10632.0,10:46:21 AM,1572671781137
-2.4480286 ,3.5358124 ,5.127426,23.57193579,87.3025513 ,42.012000274658206,85.53208649262422 ,10632.0,10:46:21 AM,1572671781140
-4.2792206 ,6.960968 ,2.565033,23.57193579,87.3025513 ,42.012000274658206,85.53208649262422 ,10632.0,10:46:21 AM,1572671781145
0.6047516 ,8.495575 ,0.47673035,23.57193579,87.3025513 ,42.012000274658206,85.53208649262422 ,10632.0,10:46:21 AM,1572671781151
4.004776 ,9.289993 ,8.449814,23.57193579,87.3025513 ,42.012000274658206,85.53208649262422 ,10632.0,10:46:21 AM,1572671781156
0.78089905 ,4.7279205 ,10.699417,23.57193579,87.3025513 ,42.012000274658206,85.53208649262422 ,10632.0,10:46:21 AM,1572671781164
-3.1413574 ,0.30038452 ,11.336487,23.57193579,87.3025513 ,42.012000274658206,85.53208649262422 ,10632.0,10:46:21 AM,1572671781168
-1.1827545 ,0.4139557 ,14.371353,23.57193579,87.3025513 ,42.012000274658206,85.53208649262422 ,10632.0,10:46:21 AM,1572671781170
4.0770264 ,2.112854 ,12.777725,23.57193579,87.3025513 ,42.012000274658206,85.53208649262422 ,10632.0,10:46:21 AM,1572671781175
3.5540314 ,7.2523804 ,15.932205,23.57193579,87.3025513 ,42.012000274658206,85.53208649262422 ,10632.0,10:46:21 AM,1572671781180
-1.3261871 ,6.2482758 ,0.10368347,23.57193579,87.3025513 ,42.012000274658206,85.53208649262422 ,10632.0,10:46:21 AM,1572671781189
-3.1833344 ,10.521133 ,0.93144226,23.57193579,87.3025513 ,42.012000274658206,85.53208649262422 ,10632.0,10:46:21 AM,1572671781194
-1.3034363 ,11.021454 ,-1.9575348,23.57193579,87.3025513 ,42.012000274658206,85.53208649262422 ,10632.0,10:46:21 AM,1572671781199
-0.6768036 ,12.551758 ,2.6687775,23.57193579,87.3025513 ,42.012000274658206,85.53208649262422 ,10632.0,10:46:21 AM,1572671781208
0.07926941 ,11.556442 ,4.809311,23.57193579,87.3025513 ,42.012000274658206,85.53208649262422 ,10632.0,10:46:21 AM,1572671781215
1.7592163 ,6.050583 ,-4.886963,23.57193579,87.3025513 ,42.012000274658206,85.53208649262422 ,10632.0,10:46:21 AM,1572671781221
1.0898438 ,5.925949 ,6.4888763,23.57193579,87.3025513 ,42.012000274658206,85.53208649262422 ,10632.0,10:46:21 AM,1572671781228
-1.3995819 ,2.7131653 ,10.161179,23.57193579,87.3025513 ,42.012000274658206,85.53208649262422 ,10632.0,10:46:21 AM,1572671781234
-3.2656555 ,1.5717621 ,14.8680725,23.57193579,87.3025513 ,42.012000274658206,85.53208649262422 ,10632.0,10:46:21 AM,1572671781237
-2.474884 ,-0.66667175 ,12.70752,23.57193579,87.3025513 ,42.012000274658206,85.53208649262422 ,10632.0,10:46:21 AM,1572671781240
-0.30177307 ,-1.0162659 ,14.458939,23.57193579,87.3025513 ,42.012000274658206,85.53208649262422 ,10632.0,10:46:21 AM,1572671781242
2.304596 ,0.35739136 ,15.736481,23.57193579,87.3025513 ,42.012000274658206,85.53208649262422 ,10632.0,10:46:21 AM,1572671781244
2.5283508 ,3.9266052 ,14.469299,23.57193579,87.3025513 ,42.012000274658206,85.53208649262422 ,10632.0,10:46:21 AM,1572671781245
-0.914978 ,6.528122 ,8.808029,23.57193579,87.3025513 ,42.012000274658206,85.53208649262422 ,10632.0,10:46:21 AM,1572671781249
-3.1336212 ,7.7235413 ,0.31570435,23.57193579,87.3025513 ,42.012000274658206,85.53208649262422 ,10632.0,10:46:21 AM,1572671781254
-0.1577301 ,10.723145 ,0.1932373,23.57193579,87.3025513 ,42.012000274658206,85.53208649262422 ,10632.0,10:46:21 AM,1572671781258
3.441986 ,12.549438 ,0.41912842,23.57193579,87.3025513 ,42.012000274658206,85.53208649262422 ,10632.0,10:46:21 AM,1572671781263
1.5884247 ,11.477386 ,3.9444275,23.57193579,87.3025513 ,42.012000274658206,85.53208649262422 ,10632.0,10:46:21 AM,1572671781268
-1.4688263 ,5.2949524 ,2.5576172,23.57193579,87.3025513 ,42.012000274658206,85.53208649262422 ,10632.0,10:46:21 AM,1572671781274
-0.6283417 ,2.8659973 ,10.987671,23.57193579,87.3025513 ,42.012000274658206,85.53208649262422 ,10632.0,10:46:21 AM,1572671781279
1.4026184 ,0.51408386 ,14.255707,23.57193579,87.3025513 ,42.012000274658206,85.53208649262422 ,10632.0,10:46:21 AM,1572671781285
-0.38034058 ,2.66333 ,22.446411,23.57193579,87.3025513 ,42.012000274658206,85.53208649262422 ,10457.0,10:46:21 AM,1572671781291
-3.9164124 ,2.1131287 ,15.350372,23.57193579,87.3025513 ,42.012000274658206,85.53208649262422 ,10457.0,10:46:21 AM,1572671781294
-2.0296326 ,4.8503723 ,3.2987213,23.57193579,87.3025513 ,42.012000274658206,85.78040501384987 ,10457.0,10:46:21 AM,1572671781301
3.0827026 ,10.296173 ,1.7728271,23.57193579,87.3025513 ,42.012000274658206,85.78040501384987 ,10457.0,10:46:21 AM,1572671781304
3.0563965 ,13.143478 ,-1.7258453,23.57193579,87.3025513 ,42.012000274658206,85.78040501384987 ,10457.0,10:46:21 AM,1572671781308
-2.5053406 ,14.408905 ,-1.0681,23.57193579,87.3025513 ,42.012000274658206,85.78040501384987 ,10457.0,10:46:21 AM,1572671781313
-4.6337433 ,9.182251 ,-8.083405,23.57193579,87.3025513 ,42.012000274658206,85.78040501384987 ,10457.0,10:46:21 AM,1572671781323
-1.1578522 ,6.8542633 ,6.9826355,23.57193579,87.3025513 ,42.012000274658206,85.78040501384987 ,10457.0,10:46:21 AM,1572671781327
2.3728485 ,1.5249786 ,12.518448,23.57193579,87.3025513 ,42.012000274658206,85.78040501384987 ,10457.0,10:46:21 AM,1572671781332
1.4284973 ,-1.1532288 ,17.763245,23.57193579,87.3025513 ,42.012000274658206,85.78040501384987 ,10457.0,10:46:21 AM,1572671781336
-1.3868866 ,-1.9489441 ,22.746109,23.57193579,87.3025513 ,42.012000274658206,85.78040501384987 ,10457.0,10:46:21 AM,1572671781340
-1.0545044 ,-3.5709534 ,14.490509,23.57193579,87.3025513 ,42.012000274658206,85.78040501384987 ,10457.0,10:46:21 AM,1572671781347
3.0792847 ,1.2675629 ,16.919968,23.57193579,87.3025513 ,42.012000274658206,85.78040501384987 ,10457.0,10:46:21 AM,1572671781351
4.7558594 ,4.4199066 ,9.728363,23.57193579,87.3025513 ,42.012000274658206,85.78040501384987 ,10457.0,10:46:21 AM,1572671781356
0.044174194 ,8.913162 ,8.564377,23.57193579,87.3025513 ,42.012000274658206,85.78040501384987 ,10457.0,10:46:21 AM,1572671781360
-4.0166016 ,7.679535 ,-3.332199,23.57193579,87.3025513 ,42.012000274658206,85.78040501384987 ,10457.0,10:46:21 AM,1572671781366
-2.1152039 ,8.496628 ,-2.6858368,23.57193579,87.3025513 ,42.012000274658206,85.78040501384987 ,10457.0,10:46:21 AM,1572671781370
1.3668823 ,9.876099 ,5.9117126,23.57193579,87.3025513 ,42.012000274658206,85.78040501384987 ,10457.0,10:46:21 AM,1572671781378
0.94810486 ,10.1319275 ,7.2762604,23.57193579,87.3025513 ,42.012000274658206,85.78040501384987 ,10457.0,10:46:21 AM,1572671781384
-1.1718597 ,6.755554 ,1.4588776,23.57193579,87.3025513 ,42.012000274658206,85.78040501384987 ,10457.0,10:46:21 AM,1572671781388
0.8888855 ,4.2525635 ,3.1496735,23.57193579,87.3025513 ,42.012000274658206,85.78040501384987 ,10457.0,10:46:21 AM,1572671781394
3.2851562 ,3.4933167 ,10.323471,23.57193579,87.3025513 ,42.012000274658206,85.78040501384987 ,10457.0,10:46:21 AM,1572671781397
-0.51971436 ,2.7732697 ,15.503677,23.57193579,87.3025513 ,42.012000274658206,85.78040501384987 ,10457.0,10:46:21 AM,1572671781398
-5.5278015 ,1.2472839 ,16.744293,23.57193579,87.3025513 ,42.012000274658206,85.78040501384987 ,10457.0,10:46:21 AM,1572671781403
-2.7596588 ,1.2987976 ,12.708206,23.57193579,87.3025513 ,42.012000274658206,85.78040501384987 ,10457.0,10:46:21 AM,1572671781412
5.155945 ,6.090561 ,7.4008484,23.57193579,87.3025513 ,42.012000274658206,85.78040501384987 ,10457.0,10:46:21 AM,1572671781415
4.9170074 ,10.435837 ,-1.2996674,23.57193579,87.3025513 ,42.012000274658206,85.78040501384987 ,10457.0,10:46:21 AM,1572671781417
-4.3182526 ,14.023666 ,-0.9621124,23.57193579,87.3025513 ,42.012000274658206,85.78040501384987 ,10457.0,10:46:21 AM,1572671781423
-8.957489 ,10.257141 ,-5.1833344,23.57193579,87.3025513 ,42.012000274658206,85.78040501384987 ,10457.0,10:46:21 AM,1572671781427
-1.3930206 ,5.7032013 ,2.9520874,23.57193579,87.3025513 ,42.012000274658206,85.78040501384987 ,10457.0,10:46:21 AM,1572671781432
8.693512 ,2.2741852 ,17.534302,23.57193579,87.3025513 ,42.012000274658206,85.78040501384987 ,10457.0,10:46:21 AM,1572671781437
10.029694 ,-1.8382416 ,16.941422,23.57193579,87.3025513 ,42.012000274658206,85.78040501384987 ,10457.0,10:46:21 AM,1572671781442
1.8029175 ,-0.014556885 ,21.914291,23.57193579,87.3025513 ,42.012000274658206,85.78040501384987 ,10457.0,10:46:21 AM,1572671781447
-5.5379944 ,-2.7166595 ,11.630753,23.57193579,87.3025513 ,42.012000274658206,85.78040501384987 ,10457.0,10:46:21 AM,1572671781457
-3.24794 ,2.3063507 ,13.455872,23.57193579,87.3025513 ,42.012000274658206,85.78040501384987 ,10457.0,10:46:21 AM,1572671781461
4.119049 ,5.612671 ,6.547409,23.57193579,87.3025513 ,42.012000274658206,85.78040501384987 ,10457.0,10:46:21 AM,1572671781470
4.0843506 ,10.12175 ,4.3909454,23.57193579,87.3025513 ,42.012000274658206,85.78040501384987 ,10457.0,10:46:21 AM,1572671781476
-1.995575 ,11.391876 ,-2.6820526,23.57193579,87.3025513 ,42.012000274658206,85.78040501384987 ,10457.0,10:46:21 AM,1572671781480
-4.56958 ,12.381882 ,-9.727509,23.57193579,87.3025513 ,42.012000274658206,85.78040501384987 ,10457.0,10:46:21 AM,1572671781486
-2.3492584 ,11.084076 ,-5.2917023,23.57193579,87.3025513 ,42.012000274658206,85.78040501384987 ,10457.0,10:46:21 AM,1572671781491
1.3661804 ,7.211319 ,7.4536896,23.57193579,87.3025513 ,42.012000274658206,85.78040501384987 ,10457.0,10:46:21 AM,1572671781495
3.470398 ,3.1310425 ,19.28566,23.57193579,87.3025513 ,42.012000274658206,85.78040501384987 ,10457.0,10:46:21 AM,1572671781496
3.362381 ,-2.780014 ,12.903992,23.57193579,87.3025513 ,42.012000274658206,85.78040501384987 ,10457.0,10:46:21 AM,1572671781499
0.43139648 ,-2.4042053 ,15.915939,23.57193579,87.3025513 ,42.012000274658206,85.78040501384987 ,10457.0,10:46:21 AM,1572671781503
-3.9170227 ,-0.10797119 ,21.402847,23.57193579,87.3025513 ,42.012000274658206,85.78040501384987 ,10457.0,10:46:21 AM,1572671781508
-4.5090637 ,1.5444641 ,18.52629,23.57193579,87.3025513 ,42.012000274658206,85.78040501384987 ,10457.0,10:46:21 AM,1572671781513
0.96995544 ,3.4213562 ,6.6934814,23.57193579,87.3025513 ,42.012000274658206,85.78040501384987 ,10457.0,10:46:21 AM,1572671781518
5.370804 ,8.3029785 ,1.9671173,23.57193579,87.3025513 ,42.012000274658206,85.78040501384987 ,10457.0,10:46:21 AM,1572671781524
1.4125519 ,11.386322 ,-2.6782684,23.57193579,87.3025513 ,42.012000274658206,85.78040501384987 ,10457.0,10:46:21 AM,1572671781527
-5.5762177 ,14.575348 ,-2.7147675,23.57193579,87.3025513 ,42.012000274658206,85.78040501384987 ,10457.0,10:46:21 AM,1572671781533
-5.8976135 ,13.160309 ,-4.8967896,23.57193579,87.3025513 ,42.012000274658206,85.78040501384987 ,10457.0,10:46:21 AM,1572671781537
1.0979156 ,8.066757 ,-2.4412231,23.57193579,87.3025513 ,42.012000274658206,85.78040501384987 ,10457.0,10:46:21 AM,1572671781543
6.9934387 ,4.0050507 ,10.691055,23.57193579,87.3025513 ,42.012000274658206,85.78040501384987 ,10457.0,10:46:21 AM,1572671781547
6.1414795 ,-0.54415894 ,14.062439,23.57193579,87.3025513 ,42.012000274658206,85.78040501384987 ,10457.0,10:46:21 AM,1572671781552
0.20335388 ,0.31097412 ,23.1716,23.57193579,87.3025513 ,42.012000274658206,85.78040501384987 ,10457.0,10:46:21 AM,1572671781556
-2.7008667 ,-2.6548615 ,14.246048,23.57193579,87.3025513 ,42.012000274658206,85.78040501384987 ,10457.0,10:46:21 AM,1572671781561
0.90509033 ,0.57943726 ,12.54335,23.57193579,87.3025513 ,42.012000274658206,85.78040501384987 ,10457.0,10:46:21 AM,1572671781566
4.8650208 ,3.762085 ,7.6354523,23.57193579,87.3025513 ,42.012000274658206,85.78040501384987 ,10457.0,10:46:21 AM,1572671781571
0.23269653 ,8.053497 ,9.091721,23.57193579,87.3025513 ,42.012000274658206,85.78040501384987 ,10457.0,10:46:21 AM,1572671781578
-5.6184235 ,7.249939 ,0.7793579,23.57193579,87.3025513 ,42.012000274658206,85.78040501384987 ,10457.0,10:46:21 AM,1572671781580
-2.6766815 ,6.722687 ,-5.535431,23.57193579,87.3025513 ,42.012000274658206,85.78040501384987 ,10457.0,10:46:21 AM,1572671781590
