x,y,z,latitude,longitude,speed,sound,light,time,timestamp
-0.50180054 ,-1.9910126 ,17.313553,23.57265266,87.30257146 ,30.02400054931641,83.3027565134125 ,9438.0,10:46:12 AM,1572671772140
0.2501831 ,-0.058029175 ,25.727432,23.57265266,87.30257146 ,30.02400054931641,83.3027565134125 ,9438.0,10:46:12 AM,1572671772145
0.12315369 ,-0.5556488 ,4.173172,23.57265266,87.30257146 ,30.02400054931641,83.3027565134125 ,9438.0,10:46:12 AM,1572671772160
-1.5420227 ,5.263336 ,2.6334991,23.57265266,87.30257146 ,30.02400054931641,83.3027565134125 ,9438.0,10:46:12 AM,1572671772164
-3.1524658 ,10.313721 ,5.983841,23.57265266,87.30257146 ,30.02400054931641,82.20337293863278 ,9438.0,10:46:12 AM,1572671772168
-2.3111725 ,10.060776 ,-7.9359894,23.57265266,87.30257146 ,30.02400054931641,82.20337293863278 ,9438.0,10:46:12 AM,1572671772171
-0.015090942 ,9.708939 ,-3.8344269,23.57265266,87.30257146 ,30.02400054931641,82.20337293863278 ,9438.0,10:46:12 AM,1572671772175
2.5386658 ,8.365463 ,11.816635,23.57265266,87.30257146 ,30.02400054931641,82.20337293863278 ,9438.0,10:46:12 AM,1572671772176
4.0538635 ,2.803833 ,11.481613,23.57265266,87.30257146 ,30.02400054931641,82.20337293863278 ,9438.0,10:46:12 AM,1572671772182
2.5023804 ,-0.9735565 ,13.39772,23.57265266,87.30257146 ,30.02400054931641,82.20337293863278 ,9438.0,10:46:12 AM,1572671772187
1.3621674 ,-1.2442017 ,20.128479,23.57265266,87.30257146 ,30.02400054931641,82.20337293863278 ,9438.0,10:46:12 AM,1572671772191
2.5593872 ,-2.064392 ,14.204025,23.57265266,87.30257146 ,30.02400054931641,82.20337293863278 ,9438.0,10:46:12 AM,1572671772197
1.8685455 ,-0.06291199 ,13.582214,23.57265266,87.30257146 ,30.02400054931641,82.20337293863278 ,9438.0,10:46:12 AM,1572671772202
-2.3547363 ,3.4217682 ,12.822647,23.57265266,87.30257146 ,30.02400054931641,82.20337293863278 ,9438.0,10:46:12 AM,1572671772207
-5.532181 ,6.0510254 ,2.7673492,23.57265266,87.30257146 ,30.02400054931641,82.20337293863278 ,9438.0,10:46:12 AM,1572671772211
-4.6026917 ,7.486313 ,-2.2008057,23.57265266,87.30257146 ,30.02400054931641,82.20337293863278 ,9438.0,10:46:12 AM,1572671772216
-0.13798523 ,8.225937 ,3.1156769,23.57265266,87.30257146 ,30.02400054931641,82.20337293863278 ,9438.0,10:46:12 AM,1572671772222
5.36467 ,5.6892242 ,3.4187775,23.57265266,87.30257146 ,30.02400054931641,82.20337293863278 ,9438.0,10:46:12 AM,1572671772227
6.9882355 ,4.632431 ,7.4944,23.57265266,87.30257146 ,30.02400054931641,82.20337293863278 ,9438.0,10:46:12 AM,1572671772232
1.0987854 ,4.430435 ,11.376541,23.57265266,87.30257146 ,30.02400054931641,82.20337293863278 ,9438.0,10:46:12 AM,1572671772237
-7.5111237 ,2.2845612 ,4.5319977,23.57265266,87.30257146 ,30.02400054931641,82.20337293863278 ,9438.0,10:46:12 AM,1572671772241
-7.8185577 ,3.1409607 ,7.3652496,23.57265266,87.30257146 ,30.02400054931641,82.20337293863278 ,9438.0,10:46:12 AM,1572671772246
2.0503845 ,4.3921356 ,13.257309,23.57265266,87.30257146 ,30.02400054931641,82.20337293863278 ,9438.0,10:46:12 AM,1572671772253
10.655334 ,3.6017914 ,9.656097,23.57265266,87.30257146 ,30.02400054931641,82.20337293863278 ,9438.0,10:46:12 AM,1572671772256
7.071274 ,1.1157227 ,10.792145,23.57265266,87.30257146 ,30.02400054931641,82.20337293863278 ,9438.0,10:46:12 AM,1572671772261
-2.7276 ,-0.51994324 ,17.700165,23.57265266,87.30257146 ,30.02400054931641,82.20337293863278 ,9438.0,10:46:12 AM,1572671772267
-8.020905 ,-2.9868317 ,15.019348,23.57265266,87.30257146 ,30.02400054931641,82.20337293863278 ,9438.0,10:46:12 AM,1572671772270
-3.6687317 ,0.32667542 ,13.255463,23.57265266,87.30257146 ,30.02400054931641,82.20337293863278 ,9438.0,10:46:12 AM,1572671772279
2.4209595 ,6.556137 ,10.852844,23.57265266,87.30257146 ,30.02400054931641,82.20337293863278 ,9438.0,10:46:12 AM,1572671772281
-1.3571014 ,8.423111 ,0.41209412,23.57265266,87.30257146 ,30.02400054931641,82.20337293863278 ,9438.0,10:46:12 AM,1572671772288
-6.479904 ,9.184097 ,-7.37912,23.57265266,87.30257146 ,30.02400054931641,82.20337293863278 ,9438.0,10:46:12 AM,1572671772293
-2.7212677 ,10.977173 ,3.4619598,23.57265266,87.30257146 ,30.02400054931641,82.20337293863278 ,9438.0,10:46:12 AM,1572671772298
6.0723877 ,9.969528 ,7.9120026,23.57265266,87.30257146 ,30.02400054931641,82.20337293863278 ,9438.0,10:46:12 AM,1572671772303
7.424301 ,5.292404 ,1.9523468,23.57265266,87.30257146 ,30.02400054931641,82.20337293863278 ,9438.0,10:46:12 AM,1572671772307
0.12890625 ,5.1844635 ,11.328552,23.57265266,87.30257146 ,30.02400054931641,82.20337293863278 ,9438.0,10:46:12 AM,1572671772312
-5.775696 ,3.0800629 ,15.400879,23.57265266,87.30257146 ,30.02400054931641,82.20337293863278 ,9438.0,10:46:12 AM,1572671772319
-4.632538 ,0.64183044 ,10.2146,23.57265266,87.30257146 ,30.02400054931641,82.20337293863278 ,9542.0,10:46:12 AM,1572671772323
1.5858002 ,2.6714325 ,13.774567,23.57265266,87.30257146 ,30.02400054931641,82.20337293863278 ,9542.0,10:46:12 AM,1572671772330
5.9099426 ,4.3258057 ,14.212616,23.57265266,87.30257146 ,30.02400054931641,82.20337293863278 ,9542.0,10:46:12 AM,1572671772333
4.1074524 ,1.7485962 ,8.516418,23.57265266,87.30257146 ,30.02400054931641,82.20337293863278 ,9542.0,10:46:12 AM,1572671772337
-1.6097107 ,-2.2618713 ,15.592743,23.57265266,87.30257146 ,30.02400054931641,82.20337293863278 ,9542.0,10:46:12 AM,1572671772343
-2.7643585 ,-2.763214 ,22.41861,23.57265266,87.30257146 ,30.02400054931641,82.20337293863278 ,9542.0,10:46:12 AM,1572671772349
-0.7842865 ,-1.0870667 ,17.877762,23.57265266,87.30257146 ,30.02400054931641,82.20337293863278 ,9542.0,10:46:12 AM,1572671772351
-0.39344788 ,3.088974 ,8.865829,23.57265266,87.30257146 ,30.02400054931641,82.20337293863278 ,9542.0,10:46:12 AM,1572671772357
-2.7717285 ,8.361008 ,2.718338,23.57265266,87.30257146 ,30.02400054931641,82.20337293863278 ,9542.0,10:46:12 AM,1572671772361
-4.702606 ,10.329758 ,-5.0121,23.57265266,87.30257146 ,30.02400054931641,82.20337293863278 ,9542.0,10:46:12 AM,1572671772365
-1.5062256 ,9.939087 ,-2.6797333,23.57265266,87.30257146 ,30.02400054931641,82.20337293863278 ,9542.0,10:46:12 AM,1572671772371
5.427704 ,9.007156 ,7.5368805,23.57265266,87.30257146 ,30.02400054931641,82.20337293863278 ,9542.0,10:46:12 AM,1572671772376
8.772812 ,6.2629547 ,8.809616,23.57265266,87.30257146 ,30.02400054931641,82.20337293863278 ,9542.0,10:46:12 AM,1572671772382
3.7866516 ,4.798767 ,8.9496765,23.57265266,87.30257146 ,30.02400054931641,82.20337293863278 ,9542.0,10:46:12 AM,1572671772385
-3.6589813 ,4.8949585 ,5.890869,23.57265266,87.30257146 ,30.02400054931641,82.20337293863278 ,9542.0,10:46:12 AM,1572671772390
-6.871826 ,5.689377 ,3.961029,23.57265266,87.30257146 ,30.02400054931641,82.20337293863278 ,9542.0,10:46:12 AM,1572671772395
-1.7219849 ,4.988861 ,0.57380676,23.57265266,87.30257146 ,30.02400054931641,82.20337293863278 ,9542.0,10:46:12 AM,1572671772401
5.5690155 ,4.9447174 ,9.079773,23.57265266,87.30257146 ,30.02400054931641,82.20337293863278 ,9542.0,10:46:12 AM,1572671772405
9.595108 ,2.9363403 ,13.946304,23.57265266,87.30257146 ,30.02400054931641,82.20337293863278 ,9542.0,10:46:12 AM,1572671772410
5.6612396 ,-1.613266 ,18.399124,23.57265266,87.30257146 ,30.02400054931641,82.20337293863278 ,9542.0,10:46:12 AM,1572671772414
-0.8062897 ,-3.9479065 ,19.786057,23.57265266,87.30257146 ,30.02400054931641,82.20337293863278 ,9542.0,10:46:12 AM,1572671772425
-4.9523163 ,-2.896576 ,23.412598,23.57265266,87.30257146 ,30.02400054931641,82.20337293863278 ,9542.0,10:46:12 AM,1572671772428
-3.508606 ,0.49325562 ,20.201462,23.57265266,87.30257146 ,30.02400054931641,82.20337293863278 ,9542.0,10:46:12 AM,1572671772435
0.82307434 ,3.4389954 ,4.6459503,23.57265266,87.30257146 ,30.02400054931641,82.20337293863278 ,9542.0,10:46:12 AM,1572671772438
-0.6334381 ,6.686447 ,5.0348663,23.57265266,87.30257146 ,30.02400054931641,82.20337293863278 ,9542.0,10:46:12 AM,1572671772444
-3.4763336 ,6.478653 ,4.2535706,23.57265266,87.30257146 ,30.02400054931641,82.20337293863278 ,9542.0,10:46:12 AM,1572671772448
-1.817749 ,5.4637756 ,6.841202,23.57265266,87.30257146 ,30.02400054931641,82.20337293863278 ,9542.0,10:46:12 AM,1572671772453
3.1868896 ,4.355957 ,9.793808,23.57265266,87.30257146 ,30.02400054931641,82.20337293863278 ,9542.0,10:46:12 AM,1572671772458
4.9018707 ,2.602707 ,10.266907,23.57265266,87.30257146 ,30.02400054931641,82.20337293863278 ,9542.0,10:46:12 AM,1572671772465
1.8803711 ,2.4001923 ,10.019989,23.57265266,87.30257146 ,30.02400054931641,82.20337293863278 ,9542.0,10:46:12 AM,1572671772467
-1.437912 ,2.5594635 ,8.5177765,23.57265266,87.30257146 ,30.02400054931641,82.20337293863278 ,9542.0,10:46:12 AM,1572671772470
-2.5165558 ,2.1513062 ,5.688797,23.57265266,87.30257146 ,30.02400054931641,82.20337293863278 ,9542.0,10:46:12 AM,1572671772478
-1.0301056 ,3.0726013 ,6.784073,23.57265266,87.30257146 ,30.02400054931641,82.20337293863278 ,9542.0,10:46:12 AM,1572671772480
0.9693146 ,5.044647 ,12.118759,23.57265266,87.30257146 ,30.02400054931641,82.20337293863278 ,9542.0,10:46:12 AM,1572671772486
1.6724396 ,6.201248 ,6.3772736,23.57265266,87.30257146 ,30.02400054931641,82.20337293863278 ,9542.0,10:46:12 AM,1572671772489
0.6381531 ,6.977234 ,3.2052155,23.57265266,87.30257146 ,30.02400054931641,82.20337293863278 ,9542.0,10:46:12 AM,1572671772495
2.8622437 ,8.718933 ,7.547043,23.57265266,87.30257146 ,30.02400054931641,82.20337293863278 ,9542.0,10:46:12 AM,1572671772498
7.188858 ,9.545517 ,6.429947,23.57265266,87.30257146 ,30.02400054931641,82.20337293863278 ,9542.0,10:46:12 AM,1572671772504
6.3249817 ,9.091766 ,-2.0815887,23.57265266,87.30257146 ,30.02400054931641,82.20337293863278 ,9542.0,10:46:12 AM,1572671772509
-1.8474121 ,10.18515 ,1.4943085,23.57265266,87.30257146 ,30.02400054931641,82.20337293863278 ,9542.0,10:46:12 AM,1572671772515
-7.2671356 ,10.23468 ,6.3982697,23.57265266,87.30257146 ,30.02400054931641,82.20337293863278 ,9542.0,10:46:12 AM,1572671772520
-2.0659943 ,6.2484283 ,-4.2978973,23.57265266,87.30257146 ,30.02400054931641,82.20337293863278 ,9542.0,10:46:12 AM,1572671772524
6.9410095 ,8.25322 ,1.4938965,23.57265266,87.30257146 ,30.02400054931641,82.20337293863278 ,9836.0,10:46:12 AM,1572671772529
6.042206 ,6.547943 ,11.572418,23.57265266,87.30257146 ,30.02400054931641,82.20337293863278 ,9836.0,10:46:12 AM,1572671772534
-4.248337 ,1.136261 ,10.50087,23.57265266,87.30257146 ,30.02400054931641,82.20337293863278 ,9836.0,10:46:12 AM,1572671772537
-8.158722 ,-1.6606598 ,9.400543,23.57265266,87.30257146 ,30.02400054931641,82.20337293863278 ,9836.0,10:46:12 AM,1572671772543
0.3947296 ,0.8922119 ,14.920944,23.57265266,87.30257146 ,30.02400054931641,82.20337293863278 ,9836.0,10:46:12 AM,1572671772548
4.0570374 ,-3.2990417 ,14.579742,23.57265266,87.30257146 ,30.02400054931641,82.20337293863278 ,9836.0,10:46:12 AM,1572671772560
-0.46850586 ,-8.26593 ,15.12381,23.57265266,87.30257146 ,30.02400054931641,82.20337293863278 ,9836.0,10:46:12 AM,1572671772563
-5.3823395 ,-6.4047546 ,33.05104,23.57265266,87.30257146 ,30.02400054931641,82.20337293863278 ,9836.0,10:46:12 AM,1572671772570
-4.9913177 ,-3.8600464 ,29.25534,23.57265266,87.30257146 ,30.02400054931641,82.20337293863278 ,9836.0,10:46:12 AM,1572671772573
-1.1318512 ,-2.652176 ,7.46994,23.57265266,87.30257146 ,30.02400054931641,82.20337293863278 ,9836.0,10:46:12 AM,1572671772577
0.0914917 ,5.2211 ,4.6090546,23.57265266,87.30257146 ,30.02400054931641,82.20337293863278 ,9836.0,10:46:12 AM,1572671772583
1.9863739 ,8.60791 ,0.20193481,23.57265266,87.30257146 ,30.02400054931641,82.20337293863278 ,9836.0,10:46:12 AM,1572671772588
5.011673 ,6.7931213 ,-0.5626068,23.57265266,87.30257146 ,30.02400054931641,82.20337293863278 ,9836.0,10:46:12 AM,1572671772591
4.9521637 ,5.522522 ,8.180328,23.57265266,87.30257146 ,30.02400054931641,82.20337293863278 ,9836.0,10:46:12 AM,1572671772596
1.755188 ,6.1349487 ,11.591248,23.57265266,87.30257146 ,30.02400054931641,82.20337293863278 ,9836.0,10:46:12 AM,1572671772600
-1.554596 ,6.900055 ,5.363144,23.57265266,87.30257146 ,30.02400054931641,82.20337293863278 ,9836.0,10:46:12 AM,1572671772608
-1.2281799 ,8.541153 ,-3.2148132,23.57265266,87.30257146 ,30.02400054931641,82.20337293863278 ,9836.0,10:46:12 AM,1572671772612
2.1183167 ,10.50737 ,-0.7713928,23.57265266,87.30257146 ,30.02400054931641,82.20337293863278 ,9836.0,10:46:12 AM,1572671772614
5.37648 ,9.293533 ,6.766739,23.57265266,87.30257146 ,30.02400054931641,82.20337293863278 ,9836.0,10:46:12 AM,1572671772619
4.653015 ,5.570236 ,10.679306,23.57265266,87.30257146 ,30.02400054931641,82.20337293863278 ,9836.0,10:46:12 AM,1572671772624
-0.065322876 ,4.904022 ,14.329178,23.57265266,87.30257146 ,30.02400054931641,82.20337293863278 ,9836.0,10:46:12 AM,1572671772629
-4.2311554 ,5.222183 ,10.115189,23.57265266,87.30257146 ,30.02400054931641,82.20337293863278 ,9836.0,10:46:12 AM,1572671772634
