x,y,z,latitude,longitude,speed,sound,light,time,timestamp
-5.022 ,-0.245 ,8.845,23.55970166666667,87.29859 ,35.66469039916992,85.02227134507149 ,50920.0,10:16:12 AM,1572669972898
-3.376 ,2.997 ,11.594,23.55970166666667,87.29859 ,35.66469039916992,85.02227134507149 ,50920.0,10:16:12 AM,1572669972898
-2.836 ,5.527 ,11.569,23.55970166666667,87.29859 ,35.66469039916992,85.02227134507149 ,50920.0,10:16:12 AM,1572669972902
-0.218 ,3.706 ,10.608,23.55970166666667,87.29859 ,35.66469039916992,85.02227134507149 ,50920.0,10:16:12 AM,1572669972903
0.601 ,1.376 ,8.034,23.55970166666667,87.29859 ,35.66469039916992,85.02227134507149 ,50920.0,10:16:12 AM,1572669972908
0.544 ,1.332 ,10.369,23.55970166666667,87.29859 ,35.66469039916992,85.02227134507149 ,50920.0,10:16:12 AM,1572669972909
1.297 ,4.058 ,15.931,23.55970166666667,87.29859 ,35.66469039916992,85.02227134507149 ,50920.0,10:16:12 AM,1572669972912
-1.611 ,5.569 ,16.219,23.55970166666667,87.29859 ,35.66469039916992,85.02227134507149 ,50920.0,10:16:12 AM,1572669972913
-1.018 ,3.471 ,16.676,23.55970166666667,87.29859 ,35.66469039916992,85.02227134507149 ,50920.0,10:16:12 AM,1572669972917
-3.154 ,2.337 ,11.345,23.55970166666667,87.29859 ,35.66469039916992,85.02227134507149 ,50920.0,10:16:12 AM,1572669972918
-3.397 ,3.19 ,12.567,23.55970166666667,87.29859 ,35.66469039916992,85.02227134507149 ,50920.0,10:16:12 AM,1572669972922
-1.478 ,7.209 ,17.658,23.55970166666667,87.29859 ,35.66469039916992,85.02227134507149 ,50920.0,10:16:12 AM,1572669972923
-2.85 ,8.357 ,11.523,23.55970166666667,87.29859 ,35.66469039916992,85.02227134507149 ,50920.0,10:16:12 AM,1572669972928
0.938 ,7.336 ,12.169,23.55970166666667,87.29859 ,35.66469039916992,85.02227134507149 ,50920.0,10:16:12 AM,1572669972929
-0.287 ,6.714 ,7.289,23.55970166666667,87.29859 ,35.66469039916992,85.02227134507149 ,50920.0,10:16:12 AM,1572669972933
1.064 ,7.004 ,10.436,23.55970166666667,87.29859 ,35.66469039916992,85.02227134507149 ,50920.0,10:16:12 AM,1572669972933
0.451 ,8.164 ,9.043,23.55970166666667,87.29859 ,35.66469039916992,85.02227134507149 ,50920.0,10:16:12 AM,1572669972937
-1.503 ,7.301 ,7.128,23.55970166666667,87.29859 ,35.66469039916992,85.02227134507149 ,50920.0,10:16:12 AM,1572669972937
-1.326 ,7.816 ,7.14,23.55970166666667,87.29859 ,35.66469039916992,85.02227134507149 ,50920.0,10:16:12 AM,1572669972942
-3.191 ,9.532 ,5.424,23.55970166666667,87.29859 ,35.66469039916992,85.02227134507149 ,50920.0,10:16:12 AM,1572669972943
-2.894 ,11.82 ,5.44,23.55970166666667,87.29859 ,35.66469039916992,85.02227134507149 ,50920.0,10:16:12 AM,1572669972947
-3.302 ,13.672 ,1.588,23.55970166666667,87.29859 ,35.66469039916992,85.02227134507149 ,50920.0,10:16:12 AM,1572669972948
-1.931 ,11.682 ,-3.789,23.55970166666667,87.29859 ,35.66469039916992,85.02227134507149 ,50920.0,10:16:12 AM,1572669972952
0.42 ,10.593 ,-5.388,23.55970166666667,87.29859 ,35.66469039916992,85.02227134507149 ,50920.0,10:16:12 AM,1572669972952
-0.125 ,11.508 ,-5.887,23.55970166666667,87.29859 ,35.66469039916992,85.02227134507149 ,50920.0,10:16:12 AM,1572669972957
3.208 ,12.926 ,2.643,23.55970166666667,87.29859 ,35.66469039916992,85.02227134507149 ,50920.0,10:16:12 AM,1572669972958
1.876 ,12.834 ,0.88,23.55970166666667,87.29859 ,35.66469039916992,85.02227134507149 ,50920.0,10:16:12 AM,1572669972962
0.14 ,7.369 ,-3.071,23.55970166666667,87.29859 ,35.66469039916992,85.02227134507149 ,50920.0,10:16:12 AM,1572669972963
-0.567 ,4.438 ,-3.713,23.55970166666667,87.29859 ,35.66469039916992,85.02227134507149 ,50920.0,10:16:12 AM,1572669972967
-3.981 ,4.418 ,-4.046,23.55970166666667,87.29859 ,35.66469039916992,85.02227134507149 ,50920.0,10:16:12 AM,1572669972968
-2.816 ,7.182 ,2.224,23.55970166666667,87.29859 ,35.66469039916992,85.02227134507149 ,50920.0,10:16:12 AM,1572669972972
-4.029 ,8.832 ,1.265,23.55970166666667,87.29859 ,35.66469039916992,85.02227134507149 ,50920.0,10:16:12 AM,1572669972973
-2.486 ,7.89 ,3.805,23.55970166666667,87.29859 ,35.66469039916992,85.02227134507149 ,50920.0,10:16:12 AM,1572669972977
0.637 ,8.129 ,5.924,23.55970166666667,87.29859 ,35.66469039916992,85.02227134507149 ,50920.0,10:16:12 AM,1572669972978
2.34 ,7.07 ,2.936,23.55970166666667,87.29859 ,35.66469039916992,85.02227134507149 ,50920.0,10:16:12 AM,1572669972982
5.811 ,5.12 ,6.752,23.55970166666667,87.29859 ,35.66469039916992,85.02227134507149 ,50920.0,10:16:12 AM,1572669972983
3.375 ,2.886 ,3.755,23.55970166666667,87.29859 ,35.66469039916992,85.02227134507149 ,50920.0,10:16:12 AM,1572669972987
3.779 ,1.916 ,5.425,23.55970166666667,87.29859 ,35.66469039916992,85.02227134507149 ,50920.0,10:16:12 AM,1572669972987
1.409 ,3.059 ,5.012,23.55970166666667,87.29859 ,35.66469039916992,85.02227134507149 ,50920.0,10:16:12 AM,1572669972993
-1.15 ,1.759 ,6.181,23.55970166666667,87.29859 ,35.66469039916992,85.02227134507149 ,50920.0,10:16:12 AM,1572669972993
-2.346 ,1.915 ,9.343,23.55970166666667,87.29859 ,35.66469039916992,85.02227134507149 ,50920.0,10:16:12 AM,1572669972997
-6.154 ,3.433 ,7.89,23.55970166666667,87.29859 ,35.66469039916992,85.02227134507149 ,50920.0,10:16:12 AM,1572669972998
-5.13 ,4.454 ,12.175,23.55970166666667,87.29859 ,35.66469039916992,85.02227134507149 ,50920.0,10:16:13 AM,1572669973001
-5.404 ,4.022 ,8.88,23.55970166666667,87.29859 ,35.66469039916992,85.02227134507149 ,50920.0,10:16:13 AM,1572669973002
-5.547 ,1.61 ,8.626,23.55970166666667,87.29859 ,35.66469039916992,85.02227134507149 ,50920.0,10:16:13 AM,1572669973008
-3.075 ,0.811 ,12.986,23.55970166666667,87.29859 ,35.66469039916992,85.02227134507149 ,50920.0,10:16:13 AM,1572669973008
-4.533 ,2.138 ,10.717,23.55970166666667,87.29859 ,35.66469039916992,85.02227134507149 ,50920.0,10:16:13 AM,1572669973012
-1.19 ,2.214 ,15.223,23.55970166666667,87.29859 ,35.66469039916992,85.02227134507149 ,50920.0,10:16:13 AM,1572669973013
-0.412 ,2.287 ,15.451,23.55970166666667,87.29859 ,35.66469039916992,85.02227134507149 ,50920.0,10:16:13 AM,1572669973016
-0.786 ,1.144 ,14.591,23.55970166666667,87.29859 ,35.66469039916992,85.02227134507149 ,50920.0,10:16:13 AM,1572669973017
1.879 ,3.181 ,18.623,23.55970166666667,87.29859 ,35.66469039916992,85.02227134507149 ,50920.0,10:16:13 AM,1572669973025
-0.786 ,3.567 ,13.615,23.55970166666667,87.29859 ,35.66469039916992,85.02227134507149 ,50920.0,10:16:13 AM,1572669973025
1.082 ,1.994 ,15.207,23.55970166666667,87.29859 ,35.66469039916992,85.02227134507149 ,50920.0,10:16:13 AM,1572669973027
-2.371 ,1.552 ,7.64,23.55970166666667,87.29859 ,35.66469039916992,85.02227134507149 ,50920.0,10:16:13 AM,1572669973028
-2.801 ,1.142 ,12.858,23.55970166666667,87.29859 ,35.66469039916992,85.02227134507149 ,50920.0,10:16:13 AM,1572669973032
-5.471 ,3.992 ,12.478,23.55970166666667,87.29859 ,35.66469039916992,85.02227134507149 ,50920.0,10:16:13 AM,1572669973033
-8.267 ,3.714 ,12.019,23.55970166666667,87.29859 ,35.66469039916992,85.02227134507149 ,50920.0,10:16:13 AM,1572669973037
-8.384 ,2.509 ,10.917,23.55970166666667,87.29859 ,35.66469039916992,85.02227134507149 ,50920.0,10:16:13 AM,1572669973037
-9.91 ,1.515 ,9.226,23.55970166666667,87.29859 ,35.66469039916992,85.02227134507149 ,50920.0,10:16:13 AM,1572669973043
-8.495 ,2.294 ,12.141,23.55970166666667,87.29859 ,35.66469039916992,85.02227134507149 ,50920.0,10:16:13 AM,1572669973044
-6.355 ,5.642 ,11.397,23.55970166666667,87.29859 ,35.66469039916992,85.02227134507149 ,50920.0,10:16:13 AM,1572669973047
-3.275 ,5.181 ,9.808,23.55970166666667,87.29859 ,35.66469039916992,85.02227134507149 ,50920.0,10:16:13 AM,1572669973048
0.668 ,5.345 ,6.656,23.55970166666667,87.29859 ,35.66469039916992,85.02227134507149 ,50920.0,10:16:13 AM,1572669973053
1.876 ,4.972 ,4.355,23.55970166666667,87.29859 ,35.66469039916992,85.02227134507149 ,50920.0,10:16:13 AM,1572669973053
5.444 ,6.243 ,9.396,23.55970166666667,87.29859 ,35.66469039916992,85.02227134507149 ,50920.0,10:16:13 AM,1572669973058
3.882 ,7.619 ,7.768,23.55970166666667,87.29859 ,35.66469039916992,85.02227134507149 ,50920.0,10:16:13 AM,1572669973059
3.664 ,6.591 ,7.207,23.55970166666667,87.29859 ,35.66469039916992,85.02227134507149 ,50920.0,10:16:13 AM,1572669973062
3.213 ,5.883 ,8.671,23.55970166666667,87.29859 ,35.66469039916992,85.02227134507149 ,50920.0,10:16:13 AM,1572669973063
-0.451 ,5.154 ,6.837,23.55970166666667,87.29859 ,35.66469039916992,85.02227134507149 ,50920.0,10:16:13 AM,1572669973067
-1.898 ,6.173 ,10.287,23.55970166666667,87.29859 ,35.66469039916992,85.02227134507149 ,50920.0,10:16:13 AM,1572669973067
-4.399 ,7.447 ,8.017,23.55970166666667,87.29859 ,35.66469039916992,85.02227134507149 ,50920.0,10:16:13 AM,1572669973072
-3.797 ,6.624 ,7.689,23.55970166666667,87.29859 ,35.66469039916992,85.02227134507149 ,50920.0,10:16:13 AM,1572669973072
-3.387 ,6.932 ,9.413,23.55970166666667,87.29859 ,35.66469039916992,85.02227134507149 ,50920.0,10:16:13 AM,1572669973077
-3.101 ,8.699 ,11.183,23.55970166666667,87.29859 ,35.66469039916992,85.02227134507149 ,50920.0,10:16:13 AM,1572669973078
-0.045 ,10.107 ,15.889,23.55970166666667,87.29859 ,35.66469039916992,85.02227134507149 ,50920.0,10:16:13 AM,1572669973082
-0.363 ,7.485 ,8.952,23.55970166666667,87.29859 ,35.66469039916992,85.02227134507149 ,50920.0,10:16:13 AM,1572669973082
2.624 ,2.142 ,4.306,23.55970166666667,87.29859 ,35.66469039916992,85.02227134507149 ,50920.0,10:16:13 AM,1572669973088
2.77 ,0.304 ,0.984,23.55970166666667,87.29859 ,35.66469039916992,85.02227134507149 ,50920.0,10:16:13 AM,1572669973089
3.349 ,2.718 ,6.164,23.55970166666667,87.29859 ,35.66469039916992,85.02227134507149 ,50920.0,10:16:13 AM,1572669973093
2.727 ,6.569 ,14.049,23.55970166666667,87.29859 ,35.66469039916992,85.02227134507149 ,50920.0,10:16:13 AM,1572669973094
0.268 ,7.166 ,11.479,23.55970166666667,87.29859 ,35.66469039916992,85.02227134507149 ,50920.0,10:16:13 AM,1572669973097
0.075 ,3.696 ,10.859,23.55970166666667,87.29859 ,35.66469039916992,85.02227134507149 ,50920.0,10:16:13 AM,1572669973097
-2.792 ,2.214 ,6.669,23.55970166666667,87.29859 ,35.66469039916992,85.02227134507149 ,50920.0,10:16:13 AM,1572669973102
-1.699 ,4.209 ,13.161,23.55970166666667,87.29859 ,35.66469039916992,85.02227134507149 ,50920.0,10:16:13 AM,1572669973102
-2.246 ,7.243 ,15.03,23.55970166666667,87.29859 ,35.66469039916992,85.02227134507149 ,50920.0,10:16:13 AM,1572669973108
-2.664 ,5.971 ,11.965,23.55970166666667,87.29859 ,35.66469039916992,85.02227134507149 ,50920.0,10:16:13 AM,1572669973108
-1.456 ,2.11 ,6.048,23.55970166666667,87.29859 ,35.66469039916992,85.02227134507149 ,50920.0,10:16:13 AM,1572669973113
-1.364 ,0.632 ,-1.605,23.55970166666667,87.29859 ,35.66469039916992,85.02227134507149 ,50920.0,10:16:13 AM,1572669973114
0.029 ,1.714 ,-0.786,23.55970166666667,87.29859 ,35.66469039916992,85.02227134507149 ,50920.0,10:16:13 AM,1572669973116
-0.478 ,5.089 ,1.325,23.55970166666667,87.29859 ,35.66469039916992,85.02227134507149 ,50920.0,10:16:13 AM,1572669973117
-2.526 ,5.967 ,1.447,23.55970166666667,87.29859 ,35.66469039916992,85.02227134507149 ,50920.0,10:16:13 AM,1572669973121
-1.425 ,5.676 ,4.211,23.55970166666667,87.29859 ,35.66469039916992,85.02227134507149 ,50920.0,10:16:13 AM,1572669973122
-3.4 ,5.183 ,0.087,23.55970166666667,87.29859 ,35.66469039916992,85.02227134507149 ,50920.0,10:16:13 AM,1572669973127
-1.04 ,4.605 ,7.213,23.55970166666667,87.29859 ,35.66469039916992,85.02227134507149 ,50920.0,10:16:13 AM,1572669973128
-1.108 ,6.65 ,8.036,23.55970166666667,87.29859 ,35.66469039916992,85.02227134507149 ,50920.0,10:16:13 AM,1572669973131
-0.497 ,7.093 ,9.358,23.55970166666667,87.29859 ,35.66469039916992,85.02227134507149 ,50920.0,10:16:13 AM,1572669973132
1.311 ,5.839 ,7.316,23.55970166666667,87.29859 ,35.66469039916992,85.02227134507149 ,50920.0,10:16:13 AM,1572669973136
0.856 ,2.469 ,1.869,23.55970166666667,87.29859 ,35.66469039916992,85.02227134507149 ,50920.0,10:16:13 AM,1572669973137
1.811 ,0.74 ,4.11,23.55970166666667,87.29859 ,35.66469039916992,85.02227134507149 ,50920.0,10:16:13 AM,1572669973142
0.358 ,2.948 ,8.161,23.55970166666667,87.29859 ,35.66469039916992,85.02227134507149 ,50920.0,10:16:13 AM,1572669973142
