x,y,z,latitude,longitude,speed,sound,light,time,timestamp
0.218 ,6.014 ,16.986,23.56824,87.30250166666669 ,33.530036544799806,85.0672567588294 ,50920.0,10:18:24 AM,1572670104693
4.496 ,9.596 ,24.218,23.56824,87.30250166666669 ,33.530036544799806,85.0672567588294 ,50920.0,10:18:24 AM,1572670104694
3.846 ,7.412 ,16.037,23.56824,87.30250166666669 ,33.530036544799806,85.0672567588294 ,50920.0,10:18:24 AM,1572670104699
3.386 ,-0.19 ,10.914,23.56824,87.30250166666669 ,33.530036544799806,85.0672567588294 ,50920.0,10:18:24 AM,1572670104699
1.54 ,0.61 ,10.787,23.56824,87.30250166666669 ,33.530036544799806,85.0672567588294 ,50920.0,10:18:24 AM,1572670104706
0.963 ,5.366 ,13.572,23.56824,87.30250166666669 ,33.530036544799806,85.0672567588294 ,50920.0,10:18:24 AM,1572670104706
0.418 ,7.444 ,13.025,23.56824,87.30250166666669 ,33.530036544799806,85.0672567588294 ,50920.0,10:18:24 AM,1572670104710
-0.111 ,3.635 ,6.412,23.56824,87.30250166666669 ,33.530036544799806,85.0672567588294 ,50920.0,10:18:24 AM,1572670104710
0.796 ,0.365 ,5.073,23.56824,87.30250166666669 ,33.530036544799806,85.0672567588294 ,50920.0,10:18:24 AM,1572670104714
0.001 ,3.76 ,4.327,23.56824,87.30250166666669 ,33.530036544799806,85.0672567588294 ,50920.0,10:18:24 AM,1572670104714
-0.352 ,6.835 ,5.079,23.56824,87.30250166666669 ,33.530036544799806,85.0672567588294 ,50920.0,10:18:24 AM,1572670104718
0.062 ,6.597 ,5.483,23.56824,87.30250166666669 ,33.530036544799806,85.0672567588294 ,50920.0,10:18:24 AM,1572670104719
-1.757 ,5.582 ,6.334,23.56824,87.30250166666669 ,33.530036544799806,85.0672567588294 ,50920.0,10:18:24 AM,1572670104725
-1.65 ,4.786 ,12.002,23.56824,87.30250166666669 ,33.530036544799806,85.0672567588294 ,50920.0,10:18:24 AM,1572670104726
-3.799 ,8.111 ,15.023,23.56824,87.30250166666669 ,33.530036544799806,85.0672567588294 ,50920.0,10:18:24 AM,1572670104729
-3.732 ,8.122 ,13.638,23.56824,87.30250166666669 ,33.530036544799806,85.0672567588294 ,50920.0,10:18:24 AM,1572670104729
-1.621 ,4.927 ,10.476,23.56824,87.30250166666669 ,33.530036544799806,85.0672567588294 ,50920.0,10:18:24 AM,1572670104734
-1.205 ,2.23 ,1.815,23.56824,87.30250166666669 ,33.530036544799806,85.0672567588294 ,50920.0,10:18:24 AM,1572670104735
1.914 ,2.733 ,8.392,23.56824,87.30250166666669 ,33.530036544799806,85.0672567588294 ,50920.0,10:18:24 AM,1572670104743
0.65 ,8.698 ,5.793,23.56824,87.30250166666669 ,33.530036544799806,85.0672567588294 ,50920.0,10:18:24 AM,1572670104744
2.03 ,7.494 ,6.181,23.56824,87.30250166666669 ,33.530036544799806,85.0672567588294 ,50920.0,10:18:24 AM,1572670104744
1.248 ,4.813 ,1.543,23.56824,87.30250166666669 ,33.530036544799806,85.0672567588294 ,50920.0,10:18:24 AM,1572670104745
-1.127 ,2.189 ,1.19,23.56824,87.30250166666669 ,33.530036544799806,85.0672567588294 ,50920.0,10:18:24 AM,1572670104749
-1.553 ,5.733 ,14.424,23.56824,87.30250166666669 ,33.530036544799806,85.0672567588294 ,50920.0,10:18:24 AM,1572670104749
-5.872 ,12.365 ,16.474,23.56824,87.30250166666669 ,33.530036544799806,85.0672567588294 ,50920.0,10:18:24 AM,1572670104753
-4.558 ,10.257 ,19.04,23.56824,87.30250166666669 ,33.530036544799806,85.0672567588294 ,50920.0,10:18:24 AM,1572670104754
-3.327 ,4.951 ,9.197,23.56824,87.30250166666669 ,33.530036544799806,85.0672567588294 ,50920.0,10:18:24 AM,1572670104759
-1.338 ,-0.7 ,4.142,23.56824,87.30250166666669 ,33.530036544799806,85.0672567588294 ,50920.0,10:18:24 AM,1572670104760
2.237 ,0.869 ,6.841,23.56824,87.30250166666669 ,33.530036544799806,85.0672567588294 ,50920.0,10:18:24 AM,1572670104764
3.021 ,4.611 ,5.985,23.56824,87.30250166666669 ,33.530036544799806,85.0672567588294 ,50920.0,10:18:24 AM,1572670104765
5.681 ,3.256 ,7.372,23.56824,87.30250166666669 ,33.530036544799806,85.0672567588294 ,50920.0,10:18:24 AM,1572670104769
5.473 ,2.098 ,6.521,23.56824,87.30250166666669 ,33.530036544799806,85.0672567588294 ,50920.0,10:18:24 AM,1572670104770
3.245 ,1.158 ,10.641,23.56824,87.30250166666669 ,33.530036544799806,85.0672567588294 ,50920.0,10:18:24 AM,1572670104774
0.968 ,3.78 ,17.597,23.56824,87.30250166666669 ,33.530036544799806,85.0672567588294 ,50920.0,10:18:24 AM,1572670104774
-3.68 ,4.863 ,17.884,23.56824,87.30250166666669 ,33.530036544799806,85.0672567588294 ,50920.0,10:18:24 AM,1572670104779
-3.764 ,0.746 ,17.033,23.56824,87.30250166666669 ,33.530036544799806,85.0672567588294 ,50920.0,10:18:24 AM,1572670104780
-4.702 ,-2.553 ,9.214,23.56824,87.30250166666669 ,33.530036544799806,85.0672567588294 ,50920.0,10:18:24 AM,1572670104783
-3.829 ,-3.998 ,9.964,23.56824,87.30250166666669 ,33.530036544799806,85.0672567588294 ,50920.0,10:18:24 AM,1572670104784
-2.113 ,1.253 ,15.072,23.56824,87.30250166666669 ,33.530036544799806,85.0672567588294 ,50920.0,10:18:24 AM,1572670104791
-0.923 ,4.334 ,16.713,23.56824,87.30250166666669 ,33.530036544799806,85.0672567588294 ,50920.0,10:18:24 AM,1572670104792
0.77 ,1.813 ,12.722,23.56824,87.30250166666669 ,33.530036544799806,85.0672567588294 ,50920.0,10:18:24 AM,1572670104794
0.872 ,-0.666 ,9.505,23.56824,87.30250166666669 ,33.530036544799806,85.0672567588294 ,50920.0,10:18:24 AM,1572670104794
1.63 ,-1.999 ,13.693,23.56824,87.30250166666669 ,33.530036544799806,85.0672567588294 ,50920.0,10:18:24 AM,1572670104799
0.463 ,1.678 ,16.629,23.56824,87.30250166666669 ,33.530036544799806,85.0672567588294 ,50920.0,10:18:24 AM,1572670104799
-0.17 ,3.452 ,15.075,23.56824,87.30250166666669 ,33.530036544799806,85.0672567588294 ,50920.0,10:18:24 AM,1572670104807
1.036 ,0.737 ,15.261,23.56824,87.30250166666669 ,33.530036544799806,85.0672567588294 ,50920.0,10:18:24 AM,1572670104808
0.371 ,-2.348 ,10.372,23.56824,87.30250166666669 ,33.530036544799806,85.0672567588294 ,50920.0,10:18:24 AM,1572670104808
0.368 ,-2.549 ,11.298,23.56824,87.30250166666669 ,33.530036544799806,85.0672567588294 ,50920.0,10:18:24 AM,1572670104809
0.121 ,3.083 ,13.522,23.56824,87.30250166666669 ,33.530036544799806,85.0672567588294 ,50920.0,10:18:24 AM,1572670104814
0.407 ,3.839 ,11.927,23.56824,87.30250166666669 ,33.530036544799806,85.0672567588294 ,50920.0,10:18:24 AM,1572670104814
0.347 ,1.636 ,7.361,23.56824,87.30250166666669 ,33.530036544799806,85.0672567588294 ,50920.0,10:18:24 AM,1572670104819
-0.816 ,1.981 ,7.198,23.56824,87.30250166666669 ,33.530036544799806,85.0672567588294 ,50920.0,10:18:24 AM,1572670104820
-0.919 ,4.664 ,16.371,23.56824,87.30250166666669 ,33.530036544799806,85.0672567588294 ,50920.0,10:18:24 AM,1572670104824
-3.664 ,7.409 ,15.761,23.56824,87.30250166666669 ,33.530036544799806,85.0672567588294 ,50920.0,10:18:24 AM,1572670104824
0.057 ,3.013 ,18.108,23.56824,87.30250166666669 ,33.530036544799806,85.0672567588294 ,50920.0,10:18:24 AM,1572670104828
-4.262 ,4.28 ,10.055,23.56824,87.30250166666669 ,33.530036544799806,85.0672567588294 ,50920.0,10:18:24 AM,1572670104829
-1.708 ,7.509 ,10.587,23.56824,87.30250166666669 ,33.530036544799806,85.0672567588294 ,50920.0,10:18:24 AM,1572670104834
3.126 ,13.87 ,11.253,23.56824,87.30250166666669 ,33.530036544799806,85.0672567588294 ,50920.0,10:18:24 AM,1572670104834
2.07 ,17.083 ,-0.514,23.56824,87.30250166666669 ,33.530036544799806,85.0672567588294 ,50920.0,10:18:24 AM,1572670104839
5.611 ,13.84 ,-11.444,23.56824,87.30250166666669 ,33.530036544799806,85.0672567588294 ,50920.0,10:18:24 AM,1572670104840
7.317 ,11.579 ,-14.414,23.56824,87.30250166666669 ,33.530036544799806,85.0672567588294 ,50920.0,10:18:24 AM,1572670104843
4.05 ,10.224 ,-19.164,23.56824,87.30250166666669 ,33.530036544799806,85.0672567588294 ,50920.0,10:18:24 AM,1572670104844
7.008 ,12.654 ,-7.388,23.56824,87.30250166666669 ,33.530036544799806,85.0672567588294 ,50920.0,10:18:24 AM,1572670104848
4.448 ,15.821 ,-4.67,23.56824,87.30250166666669 ,33.530036544799806,85.0672567588294 ,50920.0,10:18:24 AM,1572670104849
5.24 ,13.133 ,-3.095,23.56824,87.30250166666669 ,33.530036544799806,85.0672567588294 ,50920.0,10:18:24 AM,1572670104855
1.104 ,9.554 ,-3.832,23.56824,87.30250166666669 ,33.530036544799806,85.0672567588294 ,50920.0,10:18:24 AM,1572670104856
-0.655 ,5.509 ,-1.906,23.568338333333333,87.30249666666666 ,36.266916275024414,85.0672567588294 ,50920.0,10:18:24 AM,1572670104859
-2.222 ,8.032 ,0.573,23.568338333333333,87.30249666666666 ,36.266916275024414,85.0672567588294 ,50920.0,10:18:24 AM,1572670104860
-3.176 ,12.045 ,-0.832,23.568338333333333,87.30249666666666 ,36.266916275024414,86.00630313258931 ,50920.0,10:18:24 AM,1572670104863
-0.925 ,11.472 ,4.039,23.568338333333333,87.30249666666666 ,36.266916275024414,86.00630313258931 ,50920.0,10:18:24 AM,1572670104864
-0.15 ,11.436 ,1.884,23.568338333333333,87.30249666666666 ,36.266916275024414,86.00630313258931 ,50920.0,10:18:24 AM,1572670104868
1.481 ,8.727 ,5.432,23.568338333333333,87.30249666666666 ,36.266916275024414,86.00630313258931 ,50920.0,10:18:24 AM,1572670104869
4.377 ,9.29 ,9.352,23.568338333333333,87.30249666666666 ,36.266916275024414,86.00630313258931 ,50920.0,10:18:24 AM,1572670104874
4.276 ,8.085 ,8.13,23.568338333333333,87.30249666666666 ,36.266916275024414,86.00630313258931 ,50920.0,10:18:24 AM,1572670104874
7.368 ,7.236 ,12.834,23.568338333333333,87.30249666666666 ,36.266916275024414,86.00630313258931 ,50920.0,10:18:24 AM,1572670104878
4.825 ,6.75 ,7.327,23.568338333333333,87.30249666666666 ,36.266916275024414,86.00630313258931 ,50920.0,10:18:24 AM,1572670104878
6.087 ,4.814 ,12.666,23.568338333333333,87.30249666666666 ,36.266916275024414,86.00630313258931 ,50920.0,10:18:24 AM,1572670104883
0.699 ,5.348 ,3.531,23.568338333333333,87.30249666666666 ,36.266916275024414,86.00630313258931 ,50920.0,10:18:24 AM,1572670104884
0.367 ,2.816 ,4.245,23.568338333333333,87.30249666666666 ,36.266916275024414,86.00630313258931 ,50920.0,10:18:24 AM,1572670104890
-1.667 ,2.914 ,5.256,23.568338333333333,87.30249666666666 ,36.266916275024414,86.00630313258931 ,50920.0,10:18:24 AM,1572670104891
-4.436 ,2.486 ,7.429,23.568338333333333,87.30249666666666 ,36.266916275024414,86.00630313258931 ,50920.0,10:18:24 AM,1572670104893
-3.949 ,2.577 ,18.263,23.568338333333333,87.30249666666666 ,36.266916275024414,86.00630313258931 ,50920.0,10:18:24 AM,1572670104894
-6.22 ,4.54 ,18.747,23.568338333333333,87.30249666666666 ,36.266916275024414,86.00630313258931 ,50920.0,10:18:24 AM,1572670104898
-4.546 ,2.054 ,19.341,23.568338333333333,87.30249666666666 ,36.266916275024414,86.00630313258931 ,50920.0,10:18:24 AM,1572670104899
-2.034 ,-0.219 ,9.87,23.568338333333333,87.30249666666666 ,36.266916275024414,86.00630313258931 ,50920.0,10:18:24 AM,1572670104907
-0.281 ,-2.9 ,7.259,23.568338333333333,87.30249666666666 ,36.266916275024414,86.00630313258931 ,50920.0,10:18:24 AM,1572670104908
2.009 ,-1.732 ,10.994,23.568338333333333,87.30249666666666 ,36.266916275024414,86.00630313258931 ,50920.0,10:18:24 AM,1572670104908
0.279 ,3.392 ,11.96,23.568338333333333,87.30249666666666 ,36.266916275024414,86.00630313258931 ,50920.0,10:18:24 AM,1572670104909
1.898 ,3.235 ,14.108,23.568338333333333,87.30249666666666 ,36.266916275024414,86.00630313258931 ,50920.0,10:18:24 AM,1572670104914
0.297 ,0.97 ,9.195,23.568338333333333,87.30249666666666 ,36.266916275024414,86.00630313258931 ,50920.0,10:18:24 AM,1572670104914
-0.941 ,-1.944 ,11.568,23.568338333333333,87.30249666666666 ,36.266916275024414,86.00630313258931 ,50920.0,10:18:24 AM,1572670104918
-2.139 ,-0.46 ,16.767,23.568338333333333,87.30249666666666 ,36.266916275024414,86.00630313258931 ,50920.0,10:18:24 AM,1572670104918
-3.427 ,3.713 ,23.607,23.568338333333333,87.30249666666666 ,36.266916275024414,86.00630313258931 ,50920.0,10:18:24 AM,1572670104924
-3.689 ,2.786 ,20.021,23.568338333333333,87.30249666666666 ,36.266916275024414,86.00630313258931 ,50920.0,10:18:24 AM,1572670104924
-2.591 ,-0.748 ,16.623,23.568338333333333,87.30249666666666 ,36.266916275024414,86.00630313258931 ,50920.0,10:18:24 AM,1572670104929
-1.909 ,-3.999 ,11.666,23.568338333333333,87.30249666666666 ,36.266916275024414,86.00630313258931 ,50920.0,10:18:24 AM,1572670104929
-0.619 ,-0.413 ,13.97,23.568338333333333,87.30249666666666 ,36.266916275024414,86.00630313258931 ,50920.0,10:18:24 AM,1572670104933
0.589 ,4.398 ,13.402,23.568338333333333,87.30249666666666 ,36.266916275024414,86.00630313258931 ,50920.0,10:18:24 AM,1572670104934
2.056 ,4.089 ,11.768,23.568338333333333,87.30249666666666 ,36.266916275024414,86.00630313258931 ,50920.0,10:18:24 AM,1572670104939
1.778 ,3.283 ,7.183,23.568338333333333,87.30249666666666 ,36.266916275024414,86.00630313258931 ,50920.0,10:18:24 AM,1572670104940
