x,y,z,latitude,longitude,speed,sound,light,time,timestamp
-4.53 ,2.869 ,8.89,23.574108333333335,87.30236666666666 ,23.490480995178224,78.09269185347269 ,50920.0,10:19:30 AM,1572670170481
-5.847 ,3.635 ,9.598,23.574108333333335,87.30236666666666 ,23.490480995178224,78.09269185347269 ,50920.0,10:19:30 AM,1572670170481
-6.666 ,3.365 ,9.952,23.574108333333335,87.30236666666666 ,23.490480995178224,78.09269185347269 ,50920.0,10:19:30 AM,1572670170486
-6.461 ,3.205 ,10.985,23.574108333333335,87.30236666666666 ,23.490480995178224,78.09269185347269 ,50920.0,10:19:30 AM,1572670170487
-6.282 ,3.451 ,10.803,23.574108333333335,87.30236666666666 ,23.490480995178224,78.09269185347269 ,50920.0,10:19:30 AM,1572670170490
-4.228 ,3.234 ,10.9,23.574108333333335,87.30236666666666 ,23.490480995178224,78.09269185347269 ,50920.0,10:19:30 AM,1572670170491
-2.626 ,2.118 ,7.038,23.574108333333335,87.30236666666666 ,23.490480995178224,78.09269185347269 ,50920.0,10:19:30 AM,1572670170496
-0.453 ,0.244 ,4.432,23.574108333333335,87.30236666666666 ,23.490480995178224,78.09269185347269 ,50920.0,10:19:30 AM,1572670170496
1.341 ,-0.495 ,6.487,23.574108333333335,87.30236666666666 ,23.490480995178224,78.09269185347269 ,50920.0,10:19:30 AM,1572670170502
2.176 ,0.688 ,11.519,23.574108333333335,87.30236666666666 ,23.490480995178224,78.09269185347269 ,50920.0,10:19:30 AM,1572670170502
1.179 ,2.563 ,16.235,23.574108333333335,87.30236666666666 ,23.490480995178224,78.09269185347269 ,50920.0,10:19:30 AM,1572670170506
1.131 ,2.132 ,19.623,23.574108333333335,87.30236666666666 ,23.490480995178224,78.09269185347269 ,50920.0,10:19:30 AM,1572670170506
-0.464 ,0.561 ,17.361,23.574108333333335,87.30236666666666 ,23.490480995178224,78.09269185347269 ,50920.0,10:19:30 AM,1572670170511
-0.999 ,0.19 ,16.634,23.574108333333335,87.30236666666666 ,23.490480995178224,78.09269185347269 ,50920.0,10:19:30 AM,1572670170511
-2.335 ,2.324 ,14.257,23.574108333333335,87.30236666666666 ,23.490480995178224,78.09269185347269 ,50920.0,10:19:30 AM,1572670170518
-3.536 ,2.706 ,11.434,23.574108333333335,87.30236666666666 ,23.490480995178224,78.09269185347269 ,50920.0,10:19:30 AM,1572670170518
-4.042 ,1.902 ,10.583,23.574108333333335,87.30236666666666 ,23.490480995178224,78.09269185347269 ,50920.0,10:19:30 AM,1572670170520
-3.889 ,1.902 ,9.411,23.574108333333335,87.30236666666666 ,23.490480995178224,78.09269185347269 ,50920.0,10:19:30 AM,1572670170521
-2.164 ,1.838 ,11.492,23.574108333333335,87.30236666666666 ,23.490480995178224,78.09269185347269 ,50920.0,10:19:30 AM,1572670170525
-1.607 ,2.983 ,10.987,23.574108333333335,87.30236666666666 ,23.490480995178224,78.09269185347269 ,50920.0,10:19:30 AM,1572670170526
0.406 ,2.645 ,12.038,23.574108333333335,87.30236666666666 ,23.490480995178224,78.09269185347269 ,50920.0,10:19:30 AM,1572670170530
1.483 ,1.78 ,11.095,23.574108333333335,87.30236666666666 ,23.490480995178224,78.09269185347269 ,50920.0,10:19:30 AM,1572670170530
0.712 ,0.708 ,7.628,23.574108333333335,87.30236666666666 ,23.490480995178224,78.09269185347269 ,50920.0,10:19:30 AM,1572670170536
-0.008 ,0.986 ,5.875,23.574108333333335,87.30236666666666 ,23.490480995178224,78.09269185347269 ,50920.0,10:19:30 AM,1572670170537
-0.507 ,2.151 ,9.094,23.574108333333335,87.30236666666666 ,23.490480995178224,78.09269185347269 ,50920.0,10:19:30 AM,1572670170541
-2.784 ,4.148 ,10.658,23.574108333333335,87.30236666666666 ,23.490480995178224,78.09269185347269 ,50920.0,10:19:30 AM,1572670170541
-4.073 ,5.809 ,10.708,23.574108333333335,87.30236666666666 ,23.490480995178224,78.09269185347269 ,50920.0,10:19:30 AM,1572670170545
-5.119 ,5.203 ,6.961,23.574108333333335,87.30236666666666 ,23.490480995178224,78.09269185347269 ,50920.0,10:19:30 AM,1572670170546
-4.087 ,2.936 ,6.869,23.574108333333335,87.30236666666666 ,23.490480995178224,78.09269185347269 ,50920.0,10:19:30 AM,1572670170553
-4.412 ,3.335 ,7.855,23.574108333333335,87.30236666666666 ,23.490480995178224,78.09269185347269 ,50920.0,10:19:30 AM,1572670170553
-3.522 ,5.358 ,11.677,23.574108333333335,87.30236666666666 ,23.490480995178224,78.09269185347269 ,50920.0,10:19:30 AM,1572670170555
-1.749 ,5.913 ,11.189,23.574108333333335,87.30236666666666 ,23.490480995178224,78.09269185347269 ,50920.0,10:19:30 AM,1572670170556
-0.166 ,4.78 ,8.292,23.574108333333335,87.30236666666666 ,23.490480995178224,78.09269185347269 ,50920.0,10:19:30 AM,1572670170560
0.497 ,3.687 ,5.85,23.574108333333335,87.30236666666666 ,23.490480995178224,78.09269185347269 ,50920.0,10:19:30 AM,1572670170561
0.219 ,4.104 ,3.884,23.574108333333335,87.30236666666666 ,23.490480995178224,78.09269185347269 ,50920.0,10:19:30 AM,1572670170567
-0.351 ,6.051 ,3.02,23.574108333333335,87.30236666666666 ,23.490480995178224,78.09269185347269 ,50920.0,10:19:30 AM,1572670170567
-1.0 ,7.519 ,4.818,23.574108333333335,87.30236666666666 ,23.490480995178224,78.09269185347269 ,50920.0,10:19:30 AM,1572670170570
-2.133 ,7.182 ,7.636,23.574108333333335,87.30236666666666 ,23.490480995178224,78.09269185347269 ,50920.0,10:19:30 AM,1572670170570
-3.664 ,6.289 ,6.687,23.574108333333335,87.30236666666666 ,23.490480995178224,78.09269185347269 ,50920.0,10:19:30 AM,1572670170575
-3.689 ,5.461 ,5.648,23.574108333333335,87.30236666666666 ,23.490480995178224,78.09269185347269 ,50920.0,10:19:30 AM,1572670170576
-3.678 ,4.133 ,4.819,23.574108333333335,87.30236666666666 ,23.490480995178224,78.09269185347269 ,50920.0,10:19:30 AM,1572670170582
-2.602 ,3.372 ,6.705,23.574108333333335,87.30236666666666 ,23.490480995178224,78.09269185347269 ,50920.0,10:19:30 AM,1572670170582
-2.47 ,3.956 ,6.506,23.574108333333335,87.30236666666666 ,23.490480995178224,78.09269185347269 ,50920.0,10:19:30 AM,1572670170586
-1.14 ,5.698 ,10.59,23.574108333333335,87.30236666666666 ,23.490480995178224,78.09269185347269 ,50920.0,10:19:30 AM,1572670170586
-0.004 ,5.899 ,11.446,23.574108333333335,87.30236666666666 ,23.490480995178224,78.09269185347269 ,50920.0,10:19:30 AM,1572670170590
-0.601 ,4.32 ,9.773,23.574108333333335,87.30236666666666 ,23.490480995178224,78.09269185347269 ,50920.0,10:19:30 AM,1572670170591
-1.353 ,3.664 ,7.41,23.574108333333335,87.30236666666666 ,23.490480995178224,78.09269185347269 ,50920.0,10:19:30 AM,1572670170595
-0.451 ,3.119 ,9.887,23.574108333333335,87.30236666666666 ,23.490480995178224,78.09269185347269 ,50920.0,10:19:30 AM,1572670170596
-2.152 ,2.93 ,5.696,23.574108333333335,87.30236666666666 ,23.490480995178224,78.09269185347269 ,50920.0,10:19:30 AM,1572670170601
-1.506 ,2.217 ,7.976,23.574108333333335,87.30236666666666 ,23.490480995178224,78.09269185347269 ,50920.0,10:19:30 AM,1572670170602
-2.11 ,2.942 ,9.785,23.574108333333335,87.30236666666666 ,23.490480995178224,78.09269185347269 ,50920.0,10:19:30 AM,1572670170605
-1.415 ,3.568 ,12.601,23.574108333333335,87.30236666666666 ,23.490480995178224,78.09269185347269 ,50920.0,10:19:30 AM,1572670170606
-1.607 ,2.434 ,8.831,23.574108333333335,87.30236666666666 ,23.490480995178224,78.09269185347269 ,50920.0,10:19:30 AM,1572670170610
-2.184 ,-0.952 ,7.9,23.574108333333335,87.30236666666666 ,23.490480995178224,78.09269185347269 ,50920.0,10:19:30 AM,1572670170611
-3.554 ,-2.545 ,6.91,23.574108333333335,87.30236666666666 ,23.490480995178224,78.09269185347269 ,50920.0,10:19:30 AM,1572670170619
-3.028 ,-1.733 ,10.936,23.574108333333335,87.30236666666666 ,23.490480995178224,79.06399399787946 ,50920.0,10:19:30 AM,1572670170619
-3.059 ,1.368 ,13.887,23.574108333333335,87.30236666666666 ,23.490480995178224,79.06399399787946 ,50920.0,10:19:30 AM,1572670170620
-2.036 ,2.606 ,17.696,23.574108333333335,87.30236666666666 ,23.490480995178224,79.06399399787946 ,50920.0,10:19:30 AM,1572670170621
-0.967 ,2.658 ,17.251,23.574108333333335,87.30236666666666 ,23.490480995178224,79.06399399787946 ,50920.0,10:19:30 AM,1572670170625
-0.919 ,1.707 ,13.805,23.574108333333335,87.30236666666666 ,23.490480995178224,79.06399399787946 ,50920.0,10:19:30 AM,1572670170626
1.3 ,2.272 ,15.66,23.574108333333335,87.30236666666666 ,23.490480995178224,79.06399399787946 ,50920.0,10:19:30 AM,1572670170630
0.705 ,3.644 ,13.25,23.574108333333335,87.30236666666666 ,23.490480995178224,79.06399399787946 ,50920.0,10:19:30 AM,1572670170630
0.543 ,2.625 ,13.081,23.574108333333335,87.30236666666666 ,23.490480995178224,79.06399399787946 ,50920.0,10:19:30 AM,1572670170636
-1.497 ,0.196 ,8.799,23.574108333333335,87.30236666666666 ,23.490480995178224,79.06399399787946 ,50920.0,10:19:30 AM,1572670170636
-3.488 ,0.444 ,3.861,23.574108333333335,87.30236666666666 ,23.490480995178224,79.06399399787946 ,50920.0,10:19:30 AM,1572670170640
-2.136 ,0.185 ,1.775,23.574108333333335,87.30236666666666 ,23.490480995178224,79.06399399787946 ,50920.0,10:19:30 AM,1572670170641
-4.313 ,0.118 ,2.001,23.574108333333335,87.30236666666666 ,23.490480995178224,79.06399399787946 ,50920.0,10:19:30 AM,1572670170645
-4.975 ,1.125 ,8.792,23.574108333333335,87.30236666666666 ,23.490480995178224,79.06399399787946 ,50920.0,10:19:30 AM,1572670170646
-3.041 ,3.897 ,17.397,23.574108333333335,87.30236666666666 ,23.490480995178224,79.06399399787946 ,50920.0,10:19:30 AM,1572670170651
-3.203 ,5.537 ,14.8,23.574108333333335,87.30236666666666 ,23.490480995178224,79.06399399787946 ,50920.0,10:19:30 AM,1572670170652
-0.947 ,3.845 ,15.141,23.574108333333335,87.30236666666666 ,23.490480995178224,79.06399399787946 ,50920.0,10:19:30 AM,1572670170655
0.492 ,0.58 ,6.797,23.574108333333335,87.30236666666666 ,23.490480995178224,79.06399399787946 ,50920.0,10:19:30 AM,1572670170656
2.029 ,-1.972 ,2.971,23.574108333333335,87.30236666666666 ,23.490480995178224,79.06399399787946 ,50920.0,10:19:30 AM,1572670170660
4.022 ,1.1 ,7.581,23.574108333333335,87.30236666666666 ,23.490480995178224,79.06399399787946 ,50920.0,10:19:30 AM,1572670170661
2.653 ,5.683 ,13.677,23.574108333333335,87.30236666666666 ,23.490480995178224,79.06399399787946 ,50920.0,10:19:30 AM,1572670170667
2.903 ,5.537 ,17.091,23.574108333333335,87.30236666666666 ,23.490480995178224,79.06399399787946 ,50920.0,10:19:30 AM,1572670170668
0.884 ,2.406 ,13.04,23.574108333333335,87.30236666666666 ,23.490480995178224,79.06399399787946 ,50920.0,10:19:30 AM,1572670170670
-0.953 ,1.444 ,11.262,23.574108333333335,87.30236666666666 ,23.490480995178224,79.06399399787946 ,50920.0,10:19:30 AM,1572670170671
-1.886 ,3.567 ,12.111,23.574108333333335,87.30236666666666 ,23.490480995178224,79.06399399787946 ,50920.0,10:19:30 AM,1572670170675
-3.042 ,4.606 ,11.723,23.574108333333335,87.30236666666666 ,23.490480995178224,79.06399399787946 ,50920.0,10:19:30 AM,1572670170675
-4.659 ,4.162 ,7.544,23.574108333333335,87.30236666666666 ,23.490480995178224,79.06399399787946 ,50920.0,10:19:30 AM,1572670170680
-4.186 ,3.671 ,5.738,23.574108333333335,87.30236666666666 ,23.490480995178224,79.06399399787946 ,50920.0,10:19:30 AM,1572670170680
-2.747 ,4.033 ,3.967,23.574108333333335,87.30236666666666 ,23.490480995178224,79.06399399787946 ,50920.0,10:19:30 AM,1572670170685
-2.365 ,5.296 ,2.976,23.574108333333335,87.30236666666666 ,23.490480995178224,79.06399399787946 ,50920.0,10:19:30 AM,1572670170686
-1.445 ,5.649 ,4.921,23.574108333333335,87.30236666666666 ,23.490480995178224,79.06399399787946 ,50920.0,10:19:30 AM,1572670170689
-1.06 ,5.122 ,5.601,23.574108333333335,87.30236666666666 ,23.490480995178224,79.06399399787946 ,50920.0,10:19:30 AM,1572670170690
-1.175 ,4.363 ,7.524,23.574108333333335,87.30236666666666 ,23.490480995178224,79.06399399787946 ,50920.0,10:19:30 AM,1572670170695
-1.954 ,4.158 ,9.342,23.574108333333335,87.30236666666666 ,23.490480995178224,79.06399399787946 ,50920.0,10:19:30 AM,1572670170695
-2.075 ,3.724 ,10.393,23.574108333333335,87.30236666666666 ,23.490480995178224,79.06399399787946 ,50920.0,10:19:30 AM,1572670170701
-1.806 ,4.16 ,10.549,23.574108333333335,87.30236666666666 ,23.490480995178224,79.06399399787946 ,50920.0,10:19:30 AM,1572670170702
-0.791 ,4.829 ,11.494,23.574108333333335,87.30236666666666 ,23.490480995178224,79.06399399787946 ,50920.0,10:19:30 AM,1572670170705
-0.725 ,5.175 ,11.971,23.574108333333335,87.30236666666666 ,23.490480995178224,79.06399399787946 ,50920.0,10:19:30 AM,1572670170705
-0.386 ,4.787 ,12.36,23.574108333333335,87.30236666666666 ,23.490480995178224,79.06399399787946 ,50920.0,10:19:30 AM,1572670170710
-0.258 ,4.346 ,11.247,23.574108333333335,87.30236666666666 ,23.490480995178224,79.06399399787946 ,50920.0,10:19:30 AM,1572670170711
0.652 ,3.247 ,11.215,23.574108333333335,87.30236666666666 ,23.490480995178224,79.06399399787946 ,50920.0,10:19:30 AM,1572670170717
0.608 ,1.631 ,8.638,23.574108333333335,87.30236666666666 ,23.490480995178224,79.06399399787946 ,50920.0,10:19:30 AM,1572670170718
0.652 ,0.847 ,8.363,23.574108333333335,87.30236666666666 ,23.490480995178224,79.06399399787946 ,50920.0,10:19:30 AM,1572670170720
-0.846 ,2.414 ,7.592,23.574108333333335,87.30236666666666 ,23.490480995178224,79.06399399787946 ,50920.0,10:19:30 AM,1572670170721
-1.175 ,2.135 ,7.714,23.574108333333335,87.30236666666666 ,23.490480995178224,79.06399399787946 ,50920.0,10:19:30 AM,1572670170725
-2.839 ,0.648 ,6.727,23.574108333333335,87.30236666666666 ,23.490480995178224,79.06399399787946 ,50920.0,10:19:30 AM,1572670170726
