x,y,z,latitude,longitude,speed,sound,light,time,timestamp
1.084 ,8.569 ,1.637,23.567770000000003,87.30168166666665 ,9.070435237884523,79.68678679560225 ,42087.0,10:18:11 AM,1572670091736
0.25 ,6.973 ,-3.045,23.567770000000003,87.30168166666665 ,9.070435237884523,79.68678679560225 ,42087.0,10:18:11 AM,1572670091737
0.258 ,6.76 ,-2.639,23.567770000000003,87.30168166666665 ,9.070435237884523,79.68678679560225 ,42087.0,10:18:11 AM,1572670091742
0.651 ,8.611 ,4.774,23.567770000000003,87.30168166666665 ,9.070435237884523,79.68678679560225 ,42087.0,10:18:11 AM,1572670091743
-1.29 ,10.38 ,7.888,23.567770000000003,87.30168166666665 ,9.070435237884523,79.68678679560225 ,42087.0,10:18:11 AM,1572670091746
-1.225 ,7.704 ,9.152,23.567770000000003,87.30168166666665 ,9.070435237884523,79.68678679560225 ,42087.0,10:18:11 AM,1572670091746
-1.067 ,4.107 ,6.469,23.567770000000003,87.30168166666665 ,9.070435237884523,79.68678679560225 ,42087.0,10:18:11 AM,1572670091752
-1.184 ,3.387 ,5.51,23.567770000000003,87.30168166666665 ,9.070435237884523,79.68678679560225 ,42087.0,10:18:11 AM,1572670091752
0.675 ,4.04 ,9.729,23.567770000000003,87.30168166666665 ,9.070435237884523,79.68678679560225 ,42087.0,10:18:11 AM,1572670091757
0.92 ,4.552 ,11.969,23.567770000000003,87.30168166666665 ,9.070435237884523,79.68678679560225 ,42087.0,10:18:11 AM,1572670091758
0.203 ,4.018 ,9.685,23.567770000000003,87.30168166666665 ,9.070435237884523,79.68678679560225 ,42087.0,10:18:11 AM,1572670091762
1.331 ,2.566 ,8.936,23.567770000000003,87.30168166666665 ,9.070435237884523,79.68678679560225 ,42087.0,10:18:11 AM,1572670091763
1.02 ,0.697 ,5.131,23.567770000000003,87.30168166666665 ,9.070435237884523,79.68678679560225 ,42087.0,10:18:11 AM,1572670091767
0.413 ,0.379 ,5.982,23.567770000000003,87.30168166666665 ,9.070435237884523,79.68678679560225 ,42087.0,10:18:11 AM,1572670091767
-0.261 ,2.221 ,11.907,23.567770000000003,87.30168166666665 ,9.070435237884523,79.68678679560225 ,42087.0,10:18:11 AM,1572670091774
-1.114 ,3.505 ,17.885,23.567770000000003,87.30168166666665 ,9.070435237884523,79.68678679560225 ,42087.0,10:18:11 AM,1572670091774
-2.573 ,2.249 ,15.499,23.567770000000003,87.30168166666665 ,9.070435237884523,79.68678679560225 ,42087.0,10:18:11 AM,1572670091775
-3.204 ,-1.865 ,12.291,23.567770000000003,87.30168166666665 ,9.070435237884523,79.68678679560225 ,42087.0,10:18:11 AM,1572670091776
-2.639 ,-3.249 ,10.915,23.567770000000003,87.30168166666665 ,9.070435237884523,79.68678679560225 ,42087.0,10:18:11 AM,1572670091780
-2.979 ,-0.241 ,12.195,23.567770000000003,87.30168166666665 ,9.070435237884523,79.68678679560225 ,42087.0,10:18:11 AM,1572670091780
-3.958 ,4.181 ,16.17,23.567770000000003,87.30168166666665 ,9.070435237884523,79.68678679560225 ,42087.0,10:18:11 AM,1572670091786
-2.226 ,3.723 ,16.625,23.567770000000003,87.30168166666665 ,9.070435237884523,79.68678679560225 ,42087.0,10:18:11 AM,1572670091786
-2.629 ,-0.826 ,11.771,23.567770000000003,87.30168166666665 ,9.070435237884523,79.68678679560225 ,42087.0,10:18:11 AM,1572670091791
-2.323 ,-4.899 ,7.09,23.567770000000003,87.30168166666665 ,9.070435237884523,79.68678679560225 ,42087.0,10:18:11 AM,1572670091791
-1.569 ,-3.851 ,11.671,23.567770000000003,87.30168166666665 ,9.070435237884523,79.68678679560225 ,42539.0,10:18:11 AM,1572670091796
-0.266 ,-1.009 ,16.012,23.567770000000003,87.30168166666665 ,9.070435237884523,79.68678679560225 ,42539.0,10:18:11 AM,1572670091797
-0.19 ,1.642 ,23.0,23.567770000000003,87.30168166666665 ,9.070435237884523,79.68678679560225 ,42539.0,10:18:11 AM,1572670091801
-0.543 ,1.851 ,26.147,23.567770000000003,87.30168166666665 ,9.070435237884523,79.68678679560225 ,42539.0,10:18:11 AM,1572670091802
-1.894 ,-0.348 ,20.653,23.567770000000003,87.30168166666665 ,9.070435237884523,79.68678679560225 ,42539.0,10:18:11 AM,1572670091808
-1.099 ,-2.178 ,14.872,23.567770000000003,87.30168166666665 ,9.070435237884523,79.68678679560225 ,42539.0,10:18:11 AM,1572670091808
-0.253 ,-0.456 ,9.039,23.567770000000003,87.30168166666665 ,9.070435237884523,79.68678679560225 ,42539.0,10:18:11 AM,1572670091811
-0.852 ,2.734 ,9.377,23.567770000000003,87.30168166666665 ,9.070435237884523,79.68678679560225 ,42539.0,10:18:11 AM,1572670091811
-1.139 ,3.247 ,14.795,23.567770000000003,87.30168166666665 ,9.070435237884523,79.68678679560225 ,42539.0,10:18:11 AM,1572670091818
-2.122 ,1.215 ,13.332,23.567770000000003,87.30168166666665 ,9.070435237884523,79.68678679560225 ,42539.0,10:18:11 AM,1572670091819
-1.511 ,-0.302 ,8.28,23.567770000000003,87.30168166666665 ,9.070435237884523,79.68678679560225 ,42539.0,10:18:11 AM,1572670091823
-1.965 ,0.3 ,6.147,23.567770000000003,87.30168166666665 ,9.070435237884523,79.68678679560225 ,42539.0,10:18:11 AM,1572670091824
-0.914 ,0.313 ,3.598,23.567770000000003,87.30168166666665 ,9.070435237884523,79.68678679560225 ,42539.0,10:18:11 AM,1572670091826
0.724 ,-0.031 ,1.786,23.567770000000003,87.30168166666665 ,9.070435237884523,79.68678679560225 ,42539.0,10:18:11 AM,1572670091826
1.985 ,2.768 ,6.511,23.567770000000003,87.30168166666665 ,9.070435237884523,79.68678679560225 ,42539.0,10:18:11 AM,1572670091831
1.391 ,7.136 ,9.892,23.567770000000003,87.30168166666665 ,9.070435237884523,79.68678679560225 ,42539.0,10:18:11 AM,1572670091831
2.753 ,6.622 ,11.205,23.567770000000003,87.30168166666665 ,9.070435237884523,79.68678679560225 ,42539.0,10:18:11 AM,1572670091835
2.147 ,4.474 ,3.783,23.567770000000003,87.30168166666665 ,9.070435237884523,79.68678679560225 ,42539.0,10:18:11 AM,1572670091836
2.138 ,2.637 ,0.43,23.567783333333335,87.30171 ,13.764083862304688,79.68678679560225 ,42539.0,10:18:11 AM,1572670091842
2.305 ,4.148 ,3.434,23.567783333333335,87.30171 ,13.764083862304688,79.68678679560225 ,42539.0,10:18:11 AM,1572670091843
1.539 ,6.976 ,8.211,23.567783333333335,87.30171 ,13.764083862304688,79.68678679560225 ,42539.0,10:18:11 AM,1572670091845
-0.057 ,8.691 ,11.553,23.567783333333335,87.30171 ,13.764083862304688,79.68678679560225 ,42539.0,10:18:11 AM,1572670091846
0.476 ,6.859 ,11.942,23.567783333333335,87.30171 ,13.764083862304688,79.68678679560225 ,42539.0,10:18:11 AM,1572670091850
-0.17 ,3.343 ,5.813,23.567783333333335,87.30171 ,13.764083862304688,79.68678679560225 ,42539.0,10:18:11 AM,1572670091851
0.89 ,3.257 ,4.028,23.567783333333335,87.30171 ,13.764083862304688,79.68678679560225 ,42539.0,10:18:11 AM,1572670091856
2.296 ,7.058 ,10.086,23.567783333333335,87.30171 ,13.764083862304688,79.68678679560225 ,42539.0,10:18:11 AM,1572670091857
2.452 ,11.001 ,12.818,23.567783333333335,87.30171 ,13.764083862304688,79.68678679560225 ,42539.0,10:18:11 AM,1572670091861
2.916 ,10.85 ,10.73,23.567783333333335,87.30171 ,13.764083862304688,79.68678679560225 ,42539.0,10:18:11 AM,1572670091862
3.463 ,8.083 ,5.529,23.567783333333335,87.30171 ,13.764083862304688,79.68678679560225 ,42539.0,10:18:11 AM,1572670091865
3.325 ,6.274 ,0.707,23.567783333333335,87.30171 ,13.764083862304688,79.68678679560225 ,42539.0,10:18:11 AM,1572670091866
3.336 ,6.057 ,2.735,23.567783333333335,87.30171 ,13.764083862304688,79.68678679560225 ,42539.0,10:18:11 AM,1572670091874
0.883 ,9.355 ,5.661,23.567783333333335,87.30171 ,13.764083862304688,79.68678679560225 ,42539.0,10:18:11 AM,1572670091875
0.878 ,10.349 ,8.516,23.567783333333335,87.30171 ,13.764083862304688,79.68678679560225 ,42539.0,10:18:11 AM,1572670091876
1.277 ,8.008 ,4.149,23.567783333333335,87.30171 ,13.764083862304688,79.68678679560225 ,42539.0,10:18:11 AM,1572670091877
-0.544 ,3.527 ,-3.957,23.567783333333335,87.30171 ,13.764083862304688,79.68678679560225 ,42539.0,10:18:11 AM,1572670091883
-0.129 ,2.008 ,-2.978,23.567783333333335,87.30171 ,13.764083862304688,79.68678679560225 ,42539.0,10:18:11 AM,1572670091884
-0.278 ,4.456 ,-0.161,23.567783333333335,87.30171 ,13.764083862304688,79.68678679560225 ,42539.0,10:18:11 AM,1572670091885
-0.559 ,6.885 ,4.256,23.567783333333335,87.30171 ,13.764083862304688,79.68678679560225 ,42539.0,10:18:11 AM,1572670091886
-0.364 ,6.058 ,6.51,23.567783333333335,87.30171 ,13.764083862304688,79.68678679560225 ,42539.0,10:18:11 AM,1572670091891
-0.635 ,3.525 ,5.612,23.567783333333335,87.30171 ,13.764083862304688,79.68678679560225 ,42539.0,10:18:11 AM,1572670091892
-1.429 ,3.247 ,4.555,23.567783333333335,87.30171 ,13.764083862304688,79.68678679560225 ,42539.0,10:18:11 AM,1572670091896
-1.65 ,4.407 ,7.851,23.567783333333335,87.30171 ,13.764083862304688,79.68678679560225 ,42539.0,10:18:11 AM,1572670091896
-1.808 ,4.993 ,15.138,23.567783333333335,87.30171 ,13.764083862304688,80.14609335621772 ,42539.0,10:18:11 AM,1572670091901
-2.002 ,5.122 ,18.042,23.567783333333335,87.30171 ,13.764083862304688,80.14609335621772 ,42539.0,10:18:11 AM,1572670091903
-1.775 ,3.854 ,17.113,23.567783333333335,87.30171 ,13.764083862304688,80.14609335621772 ,42539.0,10:18:11 AM,1572670091906
-0.595 ,1.904 ,17.21,23.567783333333335,87.30171 ,13.764083862304688,80.14609335621772 ,42539.0,10:18:11 AM,1572670091907
-0.459 ,0.043 ,12.943,23.567783333333335,87.30171 ,13.764083862304688,80.14609335621772 ,42539.0,10:18:11 AM,1572670091910
-0.178 ,-0.353 ,12.681,23.567783333333335,87.30171 ,13.764083862304688,80.14609335621772 ,42539.0,10:18:11 AM,1572670091910
-0.446 ,1.046 ,18.006,23.567783333333335,87.30171 ,13.764083862304688,80.14609335621772 ,42539.0,10:18:11 AM,1572670091915
-2.121 ,3.181 ,20.071,23.567783333333335,87.30171 ,13.764083862304688,80.14609335621772 ,42539.0,10:18:11 AM,1572670091915
-3.397 ,2.764 ,19.712,23.567783333333335,87.30171 ,13.764083862304688,80.14609335621772 ,42539.0,10:18:11 AM,1572670091922
-4.048 ,1.267 ,16.335,23.567783333333335,87.30171 ,13.764083862304688,80.14609335621772 ,42539.0,10:18:11 AM,1572670091922
-6.381 ,1.264 ,9.251,23.567783333333335,87.30171 ,13.764083862304688,80.14609335621772 ,42539.0,10:18:11 AM,1572670091926
-4.812 ,2.056 ,8.479,23.567783333333335,87.30171 ,13.764083862304688,80.14609335621772 ,42539.0,10:18:11 AM,1572670091926
-1.866 ,-0.238 ,8.708,23.567783333333335,87.30171 ,13.764083862304688,80.14609335621772 ,42539.0,10:18:11 AM,1572670091930
-3.083 ,0.126 ,5.817,23.567783333333335,87.30171 ,13.764083862304688,80.14609335621772 ,42539.0,10:18:11 AM,1572670091931
-0.7 ,0.019 ,12.591,23.567783333333335,87.30171 ,13.764083862304688,80.14609335621772 ,42539.0,10:18:11 AM,1572670091937
0.585 ,1.114 ,14.297,23.567783333333335,87.30171 ,13.764083862304688,80.14609335621772 ,42539.0,10:18:11 AM,1572670091937
-0.367 ,0.659 ,8.454,23.567783333333335,87.30171 ,13.764083862304688,80.14609335621772 ,42539.0,10:18:11 AM,1572670091942
0.947 ,0.005 ,7.988,23.567783333333335,87.30171 ,13.764083862304688,80.14609335621772 ,42539.0,10:18:11 AM,1572670091943
0.371 ,1.642 ,9.233,23.567783333333335,87.30171 ,13.764083862304688,80.14609335621772 ,42539.0,10:18:11 AM,1572670091946
-1.581 ,3.053 ,11.436,23.567783333333335,87.30171 ,13.764083862304688,80.14609335621772 ,42539.0,10:18:11 AM,1572670091946
-2.271 ,4.727 ,11.181,23.567783333333335,87.30171 ,13.764083862304688,80.14609335621772 ,42539.0,10:18:11 AM,1572670091951
-1.14 ,3.32 ,6.749,23.567783333333335,87.30171 ,13.764083862304688,80.14609335621772 ,42539.0,10:18:11 AM,1572670091952
0.953 ,-1.546 ,2.14,23.567783333333335,87.30171 ,13.764083862304688,80.14609335621772 ,42539.0,10:18:11 AM,1572670091958
0.6 ,-1.747 ,4.582,23.567783333333335,87.30171 ,13.764083862304688,80.14609335621772 ,42539.0,10:18:11 AM,1572670091959
1.142 ,1.274 ,9.989,23.567783333333335,87.30171 ,13.764083862304688,80.14609335621772 ,42539.0,10:18:11 AM,1572670091960
3.269 ,3.341 ,13.694,23.567783333333335,87.30171 ,13.764083862304688,80.14609335621772 ,42539.0,10:18:11 AM,1572670091960
0.485 ,1.674 ,9.357,23.567783333333335,87.30171 ,13.764083862304688,80.14609335621772 ,42539.0,10:18:11 AM,1572670091966
0.675 ,0.984 ,8.349,23.567783333333335,87.30171 ,13.764083862304688,80.14609335621772 ,42539.0,10:18:11 AM,1572670091966
0.072 ,3.268 ,9.716,23.567783333333335,87.30171 ,13.764083862304688,80.14609335621772 ,42539.0,10:18:11 AM,1572670091974
-0.594 ,6.328 ,12.976,23.567783333333335,87.30171 ,13.764083862304688,80.14609335621772 ,42539.0,10:18:11 AM,1572670091974
-2.216 ,7.033 ,13.505,23.567783333333335,87.30171 ,13.764083862304688,80.14609335621772 ,42539.0,10:18:11 AM,1572670091975
-0.662 ,3.962 ,13.69,23.567783333333335,87.30171 ,13.764083862304688,80.14609335621772 ,42539.0,10:18:11 AM,1572670091975
0.202 ,2.535 ,9.539,23.567783333333335,87.30171 ,13.764083862304688,80.14609335621772 ,42539.0,10:18:11 AM,1572670091980
0.576 ,3.093 ,8.004,23.567783333333335,87.30171 ,13.764083862304688,80.14609335621772 ,42539.0,10:18:11 AM,1572670091981
