x,y,z,latitude,longitude,speed,sound,light,time,timestamp
-3.387 ,5.93 ,1.166,23.57112833333333,87.30251500000001 ,39.40589904785156,85.30047744522157 ,50920.0,10:18:55 AM,1572670135345
-5.018 ,5.376 ,3.019,23.57112833333333,87.30251500000001 ,39.40589904785156,85.30047744522157 ,50920.0,10:18:55 AM,1572670135346
-5.159 ,4.267 ,8.569,23.57112833333333,87.30251500000001 ,39.40589904785156,85.30047744522157 ,50920.0,10:18:55 AM,1572670135349
-6.999 ,6.366 ,6.788,23.57112833333333,87.30251500000001 ,39.40589904785156,85.30047744522157 ,50920.0,10:18:55 AM,1572670135349
-3.677 ,6.368 ,11.911,23.57112833333333,87.30251500000001 ,39.40589904785156,85.30047744522157 ,50920.0,10:18:55 AM,1572670135353
-1.399 ,5.879 ,7.106,23.57112833333333,87.30251500000001 ,39.40589904785156,85.30047744522157 ,50920.0,10:18:55 AM,1572670135354
2.001 ,3.396 ,9.269,23.57112833333333,87.30251500000001 ,39.40589904785156,85.30047744522157 ,50920.0,10:18:55 AM,1572670135360
4.896 ,5.244 ,9.349,23.57112833333333,87.30251500000001 ,39.40589904785156,85.30047744522157 ,50920.0,10:18:55 AM,1572670135360
4.912 ,6.295 ,6.233,23.57112833333333,87.30251500000001 ,39.40589904785156,85.30047744522157 ,50920.0,10:18:55 AM,1572670135364
5.177 ,5.248 ,5.575,23.57112833333333,87.30251500000001 ,39.40589904785156,85.30047744522157 ,50920.0,10:18:55 AM,1572670135365
1.117 ,2.737 ,0.764,23.57112833333333,87.30251500000001 ,39.40589904785156,85.30047744522157 ,50920.0,10:18:55 AM,1572670135369
-1.175 ,0.904 ,9.692,23.57112833333333,87.30251500000001 ,39.40589904785156,85.30047744522157 ,50920.0,10:18:55 AM,1572670135369
-6.846 ,3.846 ,11.27,23.57112833333333,87.30251500000001 ,39.40589904785156,85.30047744522157 ,50920.0,10:18:55 AM,1572670135376
-9.047 ,4.328 ,16.372,23.57112833333333,87.30251500000001 ,39.40589904785156,85.30047744522157 ,50920.0,10:18:55 AM,1572670135376
-9.101 ,4.164 ,17.123,23.57112833333333,87.30251500000001 ,39.40589904785156,85.30047744522157 ,50920.0,10:18:55 AM,1572670135381
-8.96 ,1.996 ,10.6,23.57112833333333,87.30251500000001 ,39.40589904785156,85.30047744522157 ,50920.0,10:18:55 AM,1572670135382
-4.66 ,2.523 ,14.16,23.57112833333333,87.30251500000001 ,39.40589904785156,85.30047744522157 ,50920.0,10:18:55 AM,1572670135384
-2.844 ,5.239 ,7.733,23.57112833333333,87.30251500000001 ,39.40589904785156,85.30047744522157 ,50920.0,10:18:55 AM,1572670135385
2.459 ,6.274 ,12.334,23.57112833333333,87.30251500000001 ,39.40589904785156,85.30047744522157 ,50920.0,10:18:55 AM,1572670135388
2.667 ,7.428 ,5.306,23.57112833333333,87.30251500000001 ,39.40589904785156,85.30047744522157 ,50920.0,10:18:55 AM,1572670135389
3.952 ,4.987 ,7.816,23.57112833333333,87.30251500000001 ,39.40589904785156,85.30047744522157 ,50920.0,10:18:55 AM,1572670135394
2.365 ,5.733 ,8.4,23.57112833333333,87.30251500000001 ,39.40589904785156,85.30047744522157 ,50920.0,10:18:55 AM,1572670135395
-1.157 ,5.685 ,6.756,23.57112833333333,87.30251500000001 ,39.40589904785156,85.30047744522157 ,50920.0,10:18:55 AM,1572670135399
-1.846 ,4.76 ,7.004,23.57112833333333,87.30251500000001 ,39.40589904785156,85.30047744522157 ,50920.0,10:18:55 AM,1572670135399
-3.311 ,2.644 ,2.159,23.57112833333333,87.30251500000001 ,39.40589904785156,85.30047744522157 ,50920.0,10:18:55 AM,1572670135403
-3.84 ,1.914 ,4.434,23.57112833333333,87.30251500000001 ,39.40589904785156,85.30047744522157 ,50920.0,10:18:55 AM,1572670135404
-4.084 ,4.788 ,3.087,23.57112833333333,87.30251500000001 ,39.40589904785156,85.30047744522157 ,50920.0,10:18:55 AM,1572670135410
-3.3 ,6.545 ,5.003,23.57112833333333,87.30251500000001 ,39.40589904785156,85.30047744522157 ,50920.0,10:18:55 AM,1572670135410
-2.432 ,7.482 ,3.916,23.57112833333333,87.30251500000001 ,39.40589904785156,85.30047744522157 ,50920.0,10:18:55 AM,1572670135413
-1.5 ,5.138 ,1.902,23.57112833333333,87.30251500000001 ,39.40589904785156,85.30047744522157 ,50920.0,10:18:55 AM,1572670135414
0.258 ,5.505 ,7.083,23.57112833333333,87.30251500000001 ,39.40589904785156,85.30047744522157 ,50920.0,10:18:55 AM,1572670135419
-0.585 ,7.474 ,6.999,23.57112833333333,87.30251500000001 ,39.40589904785156,85.30047744522157 ,50920.0,10:18:55 AM,1572670135420
1.515 ,8.002 ,13.36,23.57112833333333,87.30251500000001 ,39.40589904785156,85.30047744522157 ,50920.0,10:18:55 AM,1572670135427
0.378 ,7.902 ,9.559,23.57112833333333,87.30251500000001 ,39.40589904785156,85.30047744522157 ,50920.0,10:18:55 AM,1572670135427
1.136 ,5.488 ,11.977,23.57112833333333,87.30251500000001 ,39.40589904785156,85.30047744522157 ,50920.0,10:18:55 AM,1572670135430
-1.362 ,5.643 ,4.531,23.57112833333333,87.30251500000001 ,39.40589904785156,85.30047744522157 ,50920.0,10:18:55 AM,1572670135431
-1.591 ,3.899 ,2.437,23.57112833333333,87.30251500000001 ,39.40589904785156,85.30047744522157 ,50920.0,10:18:55 AM,1572670135433
-2.099 ,3.397 ,-0.212,23.57112833333333,87.30251500000001 ,39.40589904785156,85.30047744522157 ,50920.0,10:18:55 AM,1572670135434
-2.287 ,2.511 ,2.39,23.57112833333333,87.30251500000001 ,39.40589904785156,85.30047744522157 ,50920.0,10:18:55 AM,1572670135438
-2.171 ,3.737 ,9.329,23.57112833333333,87.30251500000001 ,39.40589904785156,85.30047744522157 ,50920.0,10:18:55 AM,1572670135438
-2.78 ,5.288 ,11.312,23.57112833333333,87.30251500000001 ,39.40589904785156,85.30047744522157 ,50920.0,10:18:55 AM,1572670135445
-1.163 ,3.493 ,12.838,23.57112833333333,87.30251500000001 ,39.40589904785156,85.30047744522157 ,50920.0,10:18:55 AM,1572670135445
0.373 ,1.381 ,8.571,23.57112833333333,87.30251500000001 ,39.40589904785156,85.30047744522157 ,50920.0,10:18:55 AM,1572670135450
-0.053 ,-1.597 ,3.997,23.57112833333333,87.30251500000001 ,39.40589904785156,85.30047744522157 ,50920.0,10:18:55 AM,1572670135451
1.296 ,-1.155 ,7.402,23.57112833333333,87.30251500000001 ,39.40589904785156,85.30047744522157 ,50920.0,10:18:55 AM,1572670135454
-0.824 ,1.206 ,6.643,23.57112833333333,87.30251500000001 ,39.40589904785156,85.30047744522157 ,50920.0,10:18:55 AM,1572670135455
-0.431 ,1.531 ,12.348,23.57112833333333,87.30251500000001 ,39.40589904785156,85.30047744522157 ,50920.0,10:18:55 AM,1572670135461
-2.757 ,1.867 ,11.681,23.57112833333333,87.30251500000001 ,39.40589904785156,85.30047744522157 ,50920.0,10:18:55 AM,1572670135462
-3.524 ,-0.456 ,21.095,23.57112833333333,87.30251500000001 ,39.40589904785156,85.30047744522157 ,50920.0,10:18:55 AM,1572670135464
-5.36 ,1.358 ,26.167,23.57112833333333,87.30251500000001 ,39.40589904785156,85.30047744522157 ,50920.0,10:18:55 AM,1572670135464
-6.798 ,1.097 ,27.74,23.57112833333333,87.30251500000001 ,39.40589904785156,85.30047744522157 ,50920.0,10:18:55 AM,1572670135468
-5.092 ,0.906 ,23.647,23.57112833333333,87.30251500000001 ,39.40589904785156,85.30047744522157 ,50920.0,10:18:55 AM,1572670135468
-3.069 ,-1.31 ,14.723,23.57112833333333,87.30251500000001 ,39.40589904785156,85.30047744522157 ,50920.0,10:18:55 AM,1572670135476
-0.193 ,-1.458 ,14.453,23.57112833333333,87.30251500000001 ,39.40589904785156,85.30047744522157 ,50920.0,10:18:55 AM,1572670135476
0.086 ,2.156 ,10.004,23.57112833333333,87.30251500000001 ,39.40589904785156,85.30047744522157 ,50920.0,10:18:55 AM,1572670135479
2.795 ,4.824 ,11.592,23.57112833333333,87.30251500000001 ,39.40589904785156,85.30047744522157 ,50920.0,10:18:55 AM,1572670135479
1.898 ,6.293 ,4.39,23.57112833333333,87.30251500000001 ,39.40589904785156,85.30047744522157 ,50920.0,10:18:55 AM,1572670135485
1.503 ,2.336 ,3.809,23.57112833333333,87.30251500000001 ,39.40589904785156,85.30047744522157 ,50920.0,10:18:55 AM,1572670135486
-0.943 ,0.621 ,4.785,23.57112833333333,87.30251500000001 ,39.40589904785156,85.30047744522157 ,50920.0,10:18:55 AM,1572670135489
-4.359 ,1.416 ,5.147,23.57112833333333,87.30251500000001 ,39.40589904785156,85.30047744522157 ,50920.0,10:18:55 AM,1572670135489
-4.508 ,2.773 ,8.274,23.57112833333333,87.30251500000001 ,39.40589904785156,85.30047744522157 ,50920.0,10:18:55 AM,1572670135494
-5.168 ,2.122 ,5.625,23.57112833333333,87.30251500000001 ,39.40589904785156,85.30047744522157 ,50920.0,10:18:55 AM,1572670135495
-3.903 ,1.462 ,9.26,23.57112833333333,87.30251500000001 ,39.40589904785156,85.30047744522157 ,50920.0,10:18:55 AM,1572670135499
-4.451 ,5.428 ,2.954,23.57112833333333,87.30251500000001 ,39.40589904785156,85.30047744522157 ,50920.0,10:18:55 AM,1572670135499
-1.406 ,6.399 ,4.775,23.57112833333333,87.30251500000001 ,39.40589904785156,85.30047744522157 ,50920.0,10:18:55 AM,1572670135504
-1.492 ,7.351 ,3.692,23.57112833333333,87.30251500000001 ,39.40589904785156,85.30047744522157 ,50920.0,10:18:55 AM,1572670135505
-2.65 ,6.499 ,3.712,23.57112833333333,87.30251500000001 ,39.40589904785156,85.30047744522157 ,50920.0,10:18:55 AM,1572670135509
-0.92 ,8.136 ,13.1,23.57112833333333,87.30251500000001 ,39.40589904785156,85.30047744522157 ,50920.0,10:18:55 AM,1572670135510
-2.925 ,11.154 ,11.094,23.57112833333333,87.30251500000001 ,39.40589904785156,85.30047744522157 ,50920.0,10:18:55 AM,1572670135513
-0.552 ,10.069 ,14.344,23.57112833333333,87.30251500000001 ,39.40589904785156,85.30047744522157 ,50920.0,10:18:55 AM,1572670135513
-0.066 ,7.449 ,6.227,23.57112833333333,87.30251500000001 ,39.40589904785156,85.30047744522157 ,50920.0,10:18:55 AM,1572670135518
2.752 ,4.516 ,6.622,23.57112833333333,87.30251500000001 ,39.40589904785156,85.30047744522157 ,50920.0,10:18:55 AM,1572670135518
2.432 ,5.475 ,1.842,23.57112833333333,87.30251500000001 ,39.40589904785156,85.30047744522157 ,50920.0,10:18:55 AM,1572670135525
3.305 ,5.594 ,-0.747,23.57112833333333,87.30251500000001 ,39.40589904785156,85.30047744522157 ,50920.0,10:18:55 AM,1572670135526
2.297 ,6.16 ,0.541,23.57112833333333,87.30251500000001 ,39.40589904785156,85.30047744522157 ,50920.0,10:18:55 AM,1572670135528
-1.235 ,5.693 ,0.711,23.57112833333333,87.30251500000001 ,39.40589904785156,85.30047744522157 ,50920.0,10:18:55 AM,1572670135529
-3.173 ,6.586 ,10.178,23.57112833333333,87.30251500000001 ,39.40589904785156,85.30047744522157 ,50920.0,10:18:55 AM,1572670135533
-6.689 ,7.952 ,10.894,23.57112833333333,87.30251500000001 ,39.40589904785156,85.30047744522157 ,50920.0,10:18:55 AM,1572670135534
-6.56 ,5.563 ,13.526,23.57112833333333,87.30251500000001 ,39.40589904785156,85.30047744522157 ,50920.0,10:18:55 AM,1572670135539
-5.342 ,2.829 ,9.123,23.57112833333333,87.30251500000001 ,39.40589904785156,85.30047744522157 ,50920.0,10:18:55 AM,1572670135539
-2.06 ,-0.038 ,10.053,23.57112833333333,87.30251500000001 ,39.40589904785156,85.30047744522157 ,50920.0,10:18:55 AM,1572670135544
1.202 ,1.479 ,9.788,23.57112833333333,87.30251500000001 ,39.40589904785156,85.30047744522157 ,50920.0,10:18:55 AM,1572670135545
3.258 ,2.658 ,7.272,23.57112833333333,87.30251500000001 ,39.40589904785156,85.30047744522157 ,50920.0,10:18:55 AM,1572670135548
5.009 ,1.947 ,6.303,23.57112833333333,87.30251500000001 ,39.40589904785156,85.30047744522157 ,50920.0,10:18:55 AM,1572670135549
3.902 ,0.8 ,1.933,23.57112833333333,87.30251500000001 ,39.40589904785156,85.30047744522157 ,50920.0,10:18:55 AM,1572670135553
2.2 ,-0.781 ,7.816,23.57112833333333,87.30251500000001 ,39.40589904785156,85.30047744522157 ,50920.0,10:18:55 AM,1572670135553
-2.641 ,2.56 ,11.696,23.57112833333333,87.30251500000001 ,39.40589904785156,85.30047744522157 ,50920.0,10:18:55 AM,1572670135559
-4.262 ,4.387 ,19.865,23.57112833333333,87.30251500000001 ,39.40589904785156,85.30047744522157 ,50920.0,10:18:55 AM,1572670135560
-5.41 ,3.803 ,18.567,23.57112833333333,87.30251500000001 ,39.40589904785156,85.30047744522157 ,50920.0,10:18:55 AM,1572670135565
-5.3 ,-0.697 ,11.453,23.57112833333333,87.30251500000001 ,39.40589904785156,85.30047744522157 ,50920.0,10:18:55 AM,1572670135565
-2.043 ,-1.846 ,12.742,23.57112833333333,87.30251500000001 ,39.40589904785156,85.30047744522157 ,50920.0,10:18:55 AM,1572670135567
-0.973 ,1.255 ,7.663,23.57112833333333,87.30251500000001 ,39.40589904785156,85.30047744522157 ,50920.0,10:18:55 AM,1572670135568
2.449 ,3.976 ,12.261,23.57112833333333,87.30251500000001 ,39.40589904785156,85.30047744522157 ,50920.0,10:18:55 AM,1572670135576
2.702 ,5.836 ,9.92,23.57112833333333,87.30251500000001 ,39.40589904785156,85.30047744522157 ,50920.0,10:18:55 AM,1572670135576
2.211 ,3.442 ,11.316,23.57112833333333,87.30251500000001 ,39.40589904785156,85.30047744522157 ,50920.0,10:18:55 AM,1572670135578
0.052 ,3.61 ,10.164,23.57112833333333,87.30251500000001 ,39.40589904785156,84.84821653908944 ,50920.0,10:18:55 AM,1572670135578
-3.625 ,3.565 ,9.133,23.57112833333333,87.30251500000001 ,39.40589904785156,84.84821653908944 ,50920.0,10:18:55 AM,1572670135583
-3.466 ,3.946 ,11.109,23.57112833333333,87.30251500000001 ,39.40589904785156,84.84821653908944 ,50920.0,10:18:55 AM,1572670135583
-5.531 ,3.817 ,7.363,23.57112833333333,87.30251500000001 ,39.40589904785156,84.84821653908944 ,50920.0,10:18:55 AM,1572670135587
-3.636 ,4.62 ,13.198,23.57112833333333,87.30251500000001 ,39.40589904785156,84.84821653908944 ,50920.0,10:18:55 AM,1572670135588
