x,y,z,latitude,longitude,speed,sound,light,time,timestamp
2.578 ,8.044 ,-3.437,23.57093166666667,87.30252333333334 ,33.450354766845706,85.60339218302545 ,50920.0,10:18:53 AM,1572670133601
3.703 ,9.675 ,-1.382,23.57093166666667,87.30252333333334 ,33.450354766845706,85.60339218302545 ,50920.0,10:18:53 AM,1572670133602
3.603 ,9.957 ,4.817,23.57093166666667,87.30252333333334 ,33.450354766845706,85.60339218302545 ,50920.0,10:18:53 AM,1572670133605
0.45 ,11.878 ,6.923,23.57093166666667,87.30252333333334 ,33.450354766845706,85.60339218302545 ,50920.0,10:18:53 AM,1572670133606
-2.131 ,10.977 ,4.107,23.57093166666667,87.30252333333334 ,33.450354766845706,85.60339218302545 ,50920.0,10:18:53 AM,1572670133610
-2.044 ,6.599 ,4.405,23.57093166666667,87.30252333333334 ,33.450354766845706,85.60339218302545 ,50920.0,10:18:53 AM,1572670133610
-3.527 ,6.911 ,1.033,23.57093166666667,87.30252333333334 ,33.450354766845706,85.60339218302545 ,50920.0,10:18:53 AM,1572670133614
-1.991 ,9.601 ,6.849,23.57093166666667,87.30252333333334 ,33.450354766845706,85.60339218302545 ,50920.0,10:18:53 AM,1572670133615
1.116 ,14.935 ,12.778,23.57093166666667,87.30252333333334 ,33.450354766845706,85.60339218302545 ,50920.0,10:18:53 AM,1572670133619
2.388 ,12.789 ,10.976,23.57093166666667,87.30252333333334 ,33.450354766845706,85.60339218302545 ,50920.0,10:18:53 AM,1572670133619
5.808 ,5.601 ,13.013,23.57093166666667,87.30252333333334 ,33.450354766845706,85.60339218302545 ,50920.0,10:18:53 AM,1572670133624
4.076 ,5.194 ,13.737,23.57093166666667,87.30252333333334 ,33.450354766845706,85.60339218302545 ,50920.0,10:18:53 AM,1572670133624
4.359 ,7.041 ,17.576,23.57093166666667,87.30252333333334 ,33.450354766845706,85.60339218302545 ,50920.0,10:18:53 AM,1572670133631
3.197 ,9.52 ,14.076,23.57093166666667,87.30252333333334 ,33.450354766845706,85.60339218302545 ,50920.0,10:18:53 AM,1572670133632
1.926 ,5.496 ,9.1,23.57093166666667,87.30252333333334 ,33.450354766845706,85.60339218302545 ,50920.0,10:18:53 AM,1572670133635
0.926 ,1.839 ,6.395,23.57093166666667,87.30252333333334 ,33.450354766845706,85.60339218302545 ,50920.0,10:18:53 AM,1572670133636
-0.689 ,2.072 ,3.754,23.57093166666667,87.30252333333334 ,33.450354766845706,85.60339218302545 ,50920.0,10:18:53 AM,1572670133640
-0.931 ,3.014 ,6.468,23.57093166666667,87.30252333333334 ,33.450354766845706,85.60339218302545 ,50920.0,10:18:53 AM,1572670133640
-1.062 ,4.406 ,6.925,23.57093166666667,87.30252333333334 ,33.450354766845706,85.60339218302545 ,50920.0,10:18:53 AM,1572670133644
-1.332 ,0.687 ,9.525,23.57093166666667,87.30252333333334 ,33.450354766845706,85.60339218302545 ,50920.0,10:18:53 AM,1572670133645
-1.927 ,-0.137 ,10.63,23.57093166666667,87.30252333333334 ,33.450354766845706,85.60339218302545 ,50920.0,10:18:53 AM,1572670133650
-4.23 ,0.313 ,12.316,23.57093166666667,87.30252333333334 ,33.450354766845706,85.60339218302545 ,50920.0,10:18:53 AM,1572670133651
-4.663 ,0.318 ,13.992,23.57093166666667,87.30252333333334 ,33.450354766845706,85.60339218302545 ,50920.0,10:18:53 AM,1572670133656
-5.882 ,-1.507 ,6.282,23.57093166666667,87.30252333333334 ,33.450354766845706,85.60339218302545 ,50920.0,10:18:53 AM,1572670133656
-4.558 ,-5.138 ,6.858,23.57093166666667,87.30252333333334 ,33.450354766845706,85.60339218302545 ,50920.0,10:18:53 AM,1572670133660
-5.753 ,-2.51 ,1.415,23.57093166666667,87.30252333333334 ,33.450354766845706,85.53789093637124 ,50920.0,10:18:53 AM,1572670133660
-3.267 ,-0.089 ,10.258,23.57093166666667,87.30252333333334 ,33.450354766845706,85.53789093637124 ,50920.0,10:18:53 AM,1572670133664
-2.513 ,3.124 ,10.381,23.57093166666667,87.30252333333334 ,33.450354766845706,85.53789093637124 ,50920.0,10:18:53 AM,1572670133665
-2.119 ,2.396 ,16.009,23.57093166666667,87.30252333333334 ,33.450354766845706,85.53789093637124 ,50920.0,10:18:53 AM,1572670133669
-0.749 ,1.523 ,21.882,23.57093166666667,87.30252333333334 ,33.450354766845706,85.53789093637124 ,50920.0,10:18:53 AM,1572670133670
-3.627 ,1.745 ,18.79,23.57093166666667,87.30252333333334 ,33.450354766845706,85.53789093637124 ,50920.0,10:18:53 AM,1572670133675
-1.609 ,0.843 ,22.149,23.57093166666667,87.30252333333334 ,33.450354766845706,85.53789093637124 ,50920.0,10:18:53 AM,1572670133675
-2.461 ,1.049 ,15.333,23.57093166666667,87.30252333333334 ,33.450354766845706,85.53789093637124 ,50920.0,10:18:53 AM,1572670133680
-0.686 ,0.956 ,17.409,23.57093166666667,87.30252333333334 ,33.450354766845706,85.53789093637124 ,50920.0,10:18:53 AM,1572670133681
0.509 ,4.635 ,17.31,23.57093166666667,87.30252333333334 ,33.450354766845706,85.53789093637124 ,50920.0,10:18:53 AM,1572670133685
0.214 ,7.036 ,14.454,23.57093166666667,87.30252333333334 ,33.450354766845706,85.53789093637124 ,50920.0,10:18:53 AM,1572670133685
2.8 ,7.525 ,15.915,23.57093166666667,87.30252333333334 ,33.450354766845706,85.53789093637124 ,50920.0,10:18:53 AM,1572670133689
1.295 ,6.538 ,10.547,23.57093166666667,87.30252333333334 ,33.450354766845706,85.53789093637124 ,50920.0,10:18:53 AM,1572670133690
1.858 ,4.784 ,15.819,23.57093166666667,87.30252333333334 ,33.450354766845706,85.53789093637124 ,50920.0,10:18:53 AM,1572670133695
-0.658 ,7.199 ,16.824,23.57093166666667,87.30252333333334 ,33.450354766845706,85.53789093637124 ,50920.0,10:18:53 AM,1572670133695
-1.48 ,7.767 ,16.874,23.57093166666667,87.30252333333334 ,33.450354766845706,85.53789093637124 ,50920.0,10:18:53 AM,1572670133699
-2.324 ,8.17 ,12.335,23.57093166666667,87.30252333333334 ,33.450354766845706,85.53789093637124 ,50920.0,10:18:53 AM,1572670133700
-3.75 ,6.245 ,2.326,23.57093166666667,87.30252333333334 ,33.450354766845706,85.53789093637124 ,50920.0,10:18:53 AM,1572670133705
-1.856 ,7.191 ,-0.391,23.57093166666667,87.30252333333334 ,33.450354766845706,85.53789093637124 ,50920.0,10:18:53 AM,1572670133705
-2.767 ,12.087 ,-10.117,23.57093166666667,87.30252333333334 ,33.450354766845706,85.53789093637124 ,50920.0,10:18:53 AM,1572670133710
0.803 ,12.243 ,-10.651,23.57093166666667,87.30252333333334 ,33.450354766845706,85.53789093637124 ,50920.0,10:18:53 AM,1572670133710
0.96 ,12.265 ,-16.394,23.57093166666667,87.30252333333334 ,33.450354766845706,85.53789093637124 ,50920.0,10:18:53 AM,1572670133714
0.634 ,9.336 ,-17.341,23.57093166666667,87.30252333333334 ,33.450354766845706,85.53789093637124 ,50920.0,10:18:53 AM,1572670133715
1.699 ,8.764 ,-9.618,23.57093166666667,87.30252333333334 ,33.450354766845706,85.53789093637124 ,50920.0,10:18:53 AM,1572670133719
-1.342 ,8.537 ,-6.87,23.57093166666667,87.30252333333334 ,33.450354766845706,85.53789093637124 ,50920.0,10:18:53 AM,1572670133720
-0.455 ,5.084 ,-0.616,23.57093166666667,87.30252333333334 ,33.450354766845706,85.53789093637124 ,50920.0,10:18:53 AM,1572670133725
-1.504 ,2.114 ,-0.243,23.57093166666667,87.30252333333334 ,33.450354766845706,85.53789093637124 ,50920.0,10:18:53 AM,1572670133725
-1.396 ,0.075 ,6.764,23.57093166666667,87.30252333333334 ,33.450354766845706,85.53789093637124 ,50920.0,10:18:53 AM,1572670133733
1.033 ,3.337 ,9.008,23.57093166666667,87.30252333333334 ,33.450354766845706,85.53789093637124 ,50920.0,10:18:53 AM,1572670133733
-0.181 ,3.442 ,7.803,23.57093166666667,87.30252333333334 ,33.450354766845706,85.53789093637124 ,50920.0,10:18:53 AM,1572670133734
1.454 ,2.379 ,8.605,23.57093166666667,87.30252333333334 ,33.450354766845706,85.53789093637124 ,50920.0,10:18:53 AM,1572670133734
-1.2 ,1.423 ,8.726,23.57093166666667,87.30252333333334 ,33.450354766845706,85.53789093637124 ,50920.0,10:18:53 AM,1572670133739
-1.733 ,0.869 ,19.943,23.57093166666667,87.30252333333334 ,33.450354766845706,85.53789093637124 ,50920.0,10:18:53 AM,1572670133740
-5.455 ,3.618 ,25.96,23.57093166666667,87.30252333333334 ,33.450354766845706,85.53789093637124 ,50920.0,10:18:53 AM,1572670133745
-6.931 ,2.059 ,31.222,23.57093166666667,87.30252333333334 ,33.450354766845706,85.53789093637124 ,50920.0,10:18:53 AM,1572670133746
-6.35 ,0.63 ,28.097,23.57093166666667,87.30252333333334 ,33.450354766845706,85.53789093637124 ,50920.0,10:18:53 AM,1572670133749
-4.632 ,-2.273 ,23.473,23.57093166666667,87.30252333333334 ,33.450354766845706,85.53789093637124 ,50920.0,10:18:53 AM,1572670133750
-0.807 ,-3.375 ,23.898,23.57093166666667,87.30252333333334 ,33.450354766845706,85.53789093637124 ,50920.0,10:18:53 AM,1572670133753
0.323 ,-1.692 ,20.344,23.57093166666667,87.30252333333334 ,33.450354766845706,85.53789093637124 ,50920.0,10:18:53 AM,1572670133754
4.435 ,0.287 ,23.042,23.57093166666667,87.30252333333334 ,33.450354766845706,85.53789093637124 ,50920.0,10:18:53 AM,1572670133759
4.106 ,2.728 ,19.31,23.57093166666667,87.30252333333334 ,33.450354766845706,85.53789093637124 ,50920.0,10:18:53 AM,1572670133759
4.897 ,1.162 ,17.806,23.57093166666667,87.30252333333334 ,33.450354766845706,85.53789093637124 ,50920.0,10:18:53 AM,1572670133764
1.678 ,-0.107 ,14.951,23.57093166666667,87.30252333333334 ,33.450354766845706,85.53789093637124 ,50920.0,10:18:53 AM,1572670133765
-0.848 ,-0.136 ,13.899,23.57093166666667,87.30252333333334 ,33.450354766845706,85.53789093637124 ,50920.0,10:18:53 AM,1572670133770
-4.473 ,2.415 ,8.921,23.57093166666667,87.30252333333334 ,33.450354766845706,85.53789093637124 ,50920.0,10:18:53 AM,1572670133771
-1.52 ,1.126 ,9.399,23.57093166666667,87.30252333333334 ,33.450354766845706,85.53789093637124 ,50920.0,10:18:53 AM,1572670133774
-2.31 ,-2.291 ,6.212,23.57093166666667,87.30252333333334 ,33.450354766845706,85.53789093637124 ,50920.0,10:18:53 AM,1572670133774
-2.813 ,0.363 ,4.543,23.57093166666667,87.30252333333334 ,33.450354766845706,85.53789093637124 ,50920.0,10:18:53 AM,1572670133784
0.546 ,4.006 ,10.912,23.57093166666667,87.30252333333334 ,33.450354766845706,85.53789093637124 ,50920.0,10:18:53 AM,1572670133784
0.209 ,8.496 ,8.644,23.57093166666667,87.30252333333334 ,33.450354766845706,85.53789093637124 ,50920.0,10:18:53 AM,1572670133785
1.447 ,5.938 ,3.71,23.57093166666667,87.30252333333334 ,33.450354766845706,85.53789093637124 ,50920.0,10:18:53 AM,1572670133785
1.807 ,2.855 ,-1.569,23.57093166666667,87.30252333333334 ,33.450354766845706,85.53789093637124 ,50920.0,10:18:53 AM,1572670133788
0.421 ,4.07 ,-1.275,23.57093166666667,87.30252333333334 ,33.450354766845706,85.53789093637124 ,50920.0,10:18:53 AM,1572670133789
-1.724 ,6.329 ,3.015,23.57093166666667,87.30252333333334 ,33.450354766845706,85.53789093637124 ,50920.0,10:18:53 AM,1572670133794
-3.69 ,7.121 ,8.787,23.57093166666667,87.30252333333334 ,33.450354766845706,85.53789093637124 ,50920.0,10:18:53 AM,1572670133795
-5.116 ,6.105 ,10.324,23.57093166666667,87.30252333333334 ,33.450354766845706,85.53789093637124 ,50920.0,10:18:53 AM,1572670133801
-5.462 ,5.727 ,10.257,23.57093166666667,87.30252333333334 ,33.450354766845706,85.53789093637124 ,50920.0,10:18:53 AM,1572670133801
-4.338 ,6.271 ,2.198,23.57093166666667,87.30252333333334 ,33.450354766845706,85.53789093637124 ,50920.0,10:18:53 AM,1572670133803
-1.39 ,5.39 ,0.219,23.57093166666667,87.30252333333334 ,33.450354766845706,85.53789093637124 ,50920.0,10:18:53 AM,1572670133804
-1.789 ,5.784 ,-1.937,23.57093166666667,87.30252333333334 ,33.450354766845706,85.53789093637124 ,50920.0,10:18:53 AM,1572670133808
-1.174 ,5.365 ,2.041,23.57093166666667,87.30252333333334 ,33.450354766845706,85.53789093637124 ,50920.0,10:18:53 AM,1572670133809
-0.735 ,7.266 ,3.312,23.57093166666667,87.30252333333334 ,33.450354766845706,85.53789093637124 ,50920.0,10:18:53 AM,1572670133814
-0.756 ,5.425 ,8.233,23.57093166666667,87.30252333333334 ,33.450354766845706,85.53789093637124 ,50920.0,10:18:53 AM,1572670133815
-2.367 ,6.446 ,11.091,23.57093166666667,87.30252333333334 ,33.450354766845706,85.53789093637124 ,50920.0,10:18:53 AM,1572670133819
-3.367 ,10.106 ,14.125,23.57093166666667,87.30252333333334 ,33.450354766845706,85.53789093637124 ,50920.0,10:18:53 AM,1572670133820
-1.879 ,16.452 ,23.332,23.57093166666667,87.30252333333334 ,33.450354766845706,85.53789093637124 ,50920.0,10:18:53 AM,1572670133824
-4.182 ,17.59 ,11.459,23.57093166666667,87.30252333333334 ,33.450354766845706,85.53789093637124 ,50920.0,10:18:53 AM,1572670133825
1.26 ,15.541 ,1.338,23.57093166666667,87.30252333333334 ,33.450354766845706,85.53789093637124 ,50920.0,10:18:53 AM,1572670133831
2.068 ,13.47 ,-7.972,23.57093166666667,87.30252333333334 ,33.450354766845706,85.53789093637124 ,50920.0,10:18:53 AM,1572670133832
3.401 ,8.537 ,-11.704,23.571023333333333,87.30252 ,36.61342849731445,85.53789093637124 ,50920.0,10:18:53 AM,1572670133836
6.181 ,6.93 ,-7.131,23.571023333333333,87.30252 ,36.61342849731445,85.53789093637124 ,50920.0,10:18:53 AM,1572670133836
2.74 ,6.16 ,-4.569,23.571023333333333,87.30252 ,36.61342849731445,85.53789093637124 ,50920.0,10:18:53 AM,1572670133838
3.085 ,5.211 ,1.333,23.571023333333333,87.30252 ,36.61342849731445,85.53789093637124 ,50920.0,10:18:53 AM,1572670133839
-0.214 ,2.838 ,-1.295,23.571023333333333,87.30252 ,36.61342849731445,85.53789093637124 ,50920.0,10:18:53 AM,1572670133843
0.021 ,-2.153 ,0.785,23.571023333333333,87.30252 ,36.61342849731445,85.53789093637124 ,50920.0,10:18:53 AM,1572670133844
