x,y,z,latitude,longitude,speed,sound,light,time,timestamp
2.258 ,6.243 ,8.843,23.567758333333337,87.30163666666667 ,16.019185638427736,75.36950400207515 ,31139.0,10:18:09 AM,1572670089741
1.715 ,8.764 ,11.691,23.567758333333337,87.30163666666667 ,16.019185638427736,75.36950400207515 ,31139.0,10:18:09 AM,1572670089741
1.394 ,8.462 ,13.784,23.567758333333337,87.30163666666667 ,16.019185638427736,75.36950400207515 ,31139.0,10:18:09 AM,1572670089747
0.537 ,7.112 ,13.913,23.567758333333337,87.30163666666667 ,16.019185638427736,75.36950400207515 ,31139.0,10:18:09 AM,1572670089747
-0.816 ,6.481 ,12.136,23.567758333333337,87.30163666666667 ,16.019185638427736,75.36950400207515 ,31139.0,10:18:09 AM,1572670089751
-1.151 ,6.293 ,11.205,23.567758333333337,87.30163666666667 ,16.019185638427736,75.36950400207515 ,31139.0,10:18:09 AM,1572670089752
-0.809 ,4.892 ,11.623,23.567758333333337,87.30163666666667 ,16.019185638427736,75.36950400207515 ,31139.0,10:18:09 AM,1572670089756
-0.984 ,3.749 ,12.041,23.567758333333337,87.30163666666667 ,16.019185638427736,75.36950400207515 ,31139.0,10:18:09 AM,1572670089757
-1.108 ,4.698 ,12.164,23.567758333333337,87.30163666666667 ,16.019185638427736,75.36950400207515 ,31139.0,10:18:09 AM,1572670089762
0.342 ,4.899 ,12.259,23.567758333333337,87.30163666666667 ,16.019185638427736,75.36950400207515 ,31139.0,10:18:09 AM,1572670089762
0.534 ,2.649 ,9.445,23.567758333333337,87.30163666666667 ,16.019185638427736,75.36950400207515 ,31139.0,10:18:09 AM,1572670089766
-0.172 ,0.666 ,5.707,23.567758333333337,87.30163666666667 ,16.019185638427736,75.36950400207515 ,31139.0,10:18:09 AM,1572670089767
0.037 ,1.144 ,5.662,23.567758333333337,87.30163666666667 ,16.019185638427736,75.36950400207515 ,31139.0,10:18:09 AM,1572670089771
0.388 ,2.193 ,7.703,23.567758333333337,87.30163666666667 ,16.019185638427736,75.36950400207515 ,31139.0,10:18:09 AM,1572670089771
-0.718 ,2.604 ,7.183,23.567758333333337,87.30163666666667 ,16.019185638427736,75.36950400207515 ,31139.0,10:18:09 AM,1572670089777
-1.516 ,1.492 ,7.842,23.567758333333337,87.30163666666667 ,16.019185638427736,75.36950400207515 ,31139.0,10:18:09 AM,1572670089777
-2.154 ,0.518 ,7.078,23.567758333333337,87.30163666666667 ,16.019185638427736,75.36950400207515 ,31139.0,10:18:09 AM,1572670089781
-2.92 ,0.787 ,5.089,23.567758333333337,87.30163666666667 ,16.019185638427736,75.36950400207515 ,31139.0,10:18:09 AM,1572670089782
-3.218 ,2.717 ,3.0,23.567758333333337,87.30163666666667 ,16.019185638427736,75.36950400207515 ,31139.0,10:18:09 AM,1572670089786
0.371 ,-0.355 ,7.961,23.567758333333337,87.30163666666667 ,16.019185638427736,75.36950400207515 ,31139.0,10:18:09 AM,1572670089787
-0.982 ,-0.699 ,10.787,23.567758333333337,87.30163666666667 ,16.019185638427736,75.36950400207515 ,31139.0,10:18:09 AM,1572670089791
-1.753 ,0.719 ,16.822,23.567758333333337,87.30163666666667 ,16.019185638427736,75.36950400207515 ,31139.0,10:18:09 AM,1572670089791
-0.445 ,2.552 ,25.513,23.567758333333337,87.30163666666667 ,16.019185638427736,75.36950400207515 ,24298.0,10:18:09 AM,1572670089797
-0.2 ,0.742 ,20.573,23.567758333333337,87.30163666666667 ,16.019185638427736,75.36950400207515 ,24298.0,10:18:09 AM,1572670089797
-1.559 ,-1.928 ,17.538,23.567758333333337,87.30163666666667 ,16.019185638427736,75.36950400207515 ,24298.0,10:18:09 AM,1572670089801
-0.447 ,-0.955 ,20.385,23.567758333333337,87.30163666666667 ,16.019185638427736,75.36950400207515 ,24298.0,10:18:09 AM,1572670089801
-1.754 ,2.055 ,25.634,23.567758333333337,87.30163666666667 ,16.019185638427736,75.36950400207515 ,24298.0,10:18:09 AM,1572670089806
-2.862 ,4.441 ,25.724,23.567758333333337,87.30163666666667 ,16.019185638427736,75.36950400207515 ,24298.0,10:18:09 AM,1572670089806
-2.094 ,3.815 ,22.753,23.567758333333337,87.30163666666667 ,16.019185638427736,75.36950400207515 ,24298.0,10:18:09 AM,1572670089812
-1.022 ,1.394 ,17.123,23.567758333333337,87.30163666666667 ,16.019185638427736,75.36950400207515 ,24298.0,10:18:09 AM,1572670089812
-0.526 ,2.328 ,11.662,23.567758333333337,87.30163666666667 ,16.019185638427736,75.36950400207515 ,24298.0,10:18:09 AM,1572670089817
1.886 ,4.206 ,10.205,23.567758333333337,87.30163666666667 ,16.019185638427736,75.36950400207515 ,24298.0,10:18:09 AM,1572670089817
1.476 ,2.25 ,10.365,23.567758333333337,87.30163666666667 ,16.019185638427736,75.36950400207515 ,24298.0,10:18:09 AM,1572670089821
-0.028 ,1.522 ,9.652,23.567758333333337,87.30163666666667 ,16.019185638427736,75.36950400207515 ,24298.0,10:18:09 AM,1572670089821
-1.937 ,0.852 ,12.51,23.567758333333337,87.30163666666667 ,16.019185638427736,75.36950400207515 ,24298.0,10:18:09 AM,1572670089827
-3.311 ,3.056 ,13.313,23.567758333333337,87.30163666666667 ,16.019185638427736,75.36950400207515 ,24298.0,10:18:09 AM,1572670089827
-4.959 ,4.341 ,14.417,23.567763333333332,87.30166 ,9.435475730895996,75.36950400207515 ,24298.0,10:18:09 AM,1572670089831
-5.69 ,6.935 ,11.744,23.567763333333332,87.30166 ,9.435475730895996,75.36950400207515 ,24298.0,10:18:09 AM,1572670089832
-4.585 ,8.087 ,10.301,23.567763333333332,87.30166 ,9.435475730895996,75.36950400207515 ,24298.0,10:18:09 AM,1572670089836
-3.769 ,10.174 ,8.89,23.567763333333332,87.30166 ,9.435475730895996,75.36950400207515 ,24298.0,10:18:09 AM,1572670089836
-2.731 ,9.9 ,7.548,23.567763333333332,87.30166 ,9.435475730895996,75.36950400207515 ,24298.0,10:18:09 AM,1572670089841
-2.154 ,7.267 ,4.509,23.567763333333332,87.30166 ,9.435475730895996,75.36950400207515 ,24298.0,10:18:09 AM,1572670089841
-0.202 ,5.158 ,3.499,23.567763333333332,87.30166 ,9.435475730895996,75.36950400207515 ,24298.0,10:18:09 AM,1572670089846
1.088 ,5.673 ,4.436,23.567763333333332,87.30166 ,9.435475730895996,75.36950400207515 ,24298.0,10:18:09 AM,1572670089847
0.914 ,7.746 ,5.63,23.567763333333332,87.30166 ,9.435475730895996,75.36950400207515 ,24298.0,10:18:09 AM,1572670089851
-0.076 ,8.747 ,7.263,23.567763333333332,87.30166 ,9.435475730895996,75.36950400207515 ,24298.0,10:18:09 AM,1572670089851
-1.609 ,9.482 ,7.263,23.567763333333332,87.30166 ,9.435475730895996,75.36950400207515 ,24298.0,10:18:09 AM,1572670089856
-3.317 ,9.471 ,2.127,23.567763333333332,87.30166 ,9.435475730895996,75.36950400207515 ,24298.0,10:18:09 AM,1572670089856
-4.242 ,7.606 ,-2.153,23.567763333333332,87.30166 ,9.435475730895996,75.36950400207515 ,24298.0,10:18:09 AM,1572670089861
-4.456 ,6.967 ,-0.83,23.567763333333332,87.30166 ,9.435475730895996,75.36950400207515 ,24298.0,10:18:09 AM,1572670089862
-5.099 ,7.8 ,1.198,23.567763333333332,87.30166 ,9.435475730895996,75.36950400207515 ,24298.0,10:18:09 AM,1572670089866
-5.576 ,10.419 ,5.722,23.567763333333332,87.30166 ,9.435475730895996,75.36950400207515 ,24298.0,10:18:09 AM,1572670089866
-5.76 ,11.479 ,4.7,23.567763333333332,87.30166 ,9.435475730895996,75.36950400207515 ,24298.0,10:18:09 AM,1572670089871
-4.305 ,8.508 ,5.203,23.567763333333332,87.30166 ,9.435475730895996,75.36950400207515 ,24298.0,10:18:09 AM,1572670089871
-3.625 ,5.868 ,2.893,23.567763333333332,87.30166 ,9.435475730895996,75.36950400207515 ,24298.0,10:18:09 AM,1572670089877
-3.712 ,6.988 ,3.437,23.567763333333332,87.30166 ,9.435475730895996,75.36950400207515 ,24298.0,10:18:09 AM,1572670089877
-1.506 ,10.16 ,5.873,23.567763333333332,87.30166 ,9.435475730895996,75.36950400207515 ,24298.0,10:18:09 AM,1572670089881
0.256 ,9.267 ,6.079,23.567763333333332,87.30166 ,9.435475730895996,75.36950400207515 ,24298.0,10:18:09 AM,1572670089881
1.264 ,6.544 ,3.226,23.567763333333332,87.30166 ,9.435475730895996,75.36950400207515 ,24298.0,10:18:09 AM,1572670089886
1.779 ,6.554 ,3.195,23.567763333333332,87.30166 ,9.435475730895996,75.36950400207515 ,24298.0,10:18:09 AM,1572670089886
3.426 ,7.796 ,4.588,23.567763333333332,87.30166 ,9.435475730895996,75.36950400207515 ,24298.0,10:18:09 AM,1572670089891
2.769 ,6.079 ,2.717,23.567763333333332,87.30166 ,9.435475730895996,75.36950400207515 ,24298.0,10:18:09 AM,1572670089891
2.405 ,2.77 ,0.318,23.567763333333332,87.30166 ,9.435475730895996,75.36950400207515 ,24298.0,10:18:09 AM,1572670089896
2.041 ,0.484 ,2.077,23.567763333333332,87.30166 ,9.435475730895996,75.36950400207515 ,24298.0,10:18:09 AM,1572670089896
0.753 ,1.628 ,4.592,23.567763333333332,87.30166 ,9.435475730895996,75.36950400207515 ,24298.0,10:18:09 AM,1572670089901
-0.378 ,2.467 ,5.993,23.567763333333332,87.30166 ,9.435475730895996,75.36950400207515 ,24298.0,10:18:09 AM,1572670089901
-0.999 ,1.121 ,6.989,23.567763333333332,87.30166 ,9.435475730895996,75.36950400207515 ,24298.0,10:18:09 AM,1572670089906
-1.658 ,-1.049 ,7.381,23.567763333333332,87.30166 ,9.435475730895996,75.36950400207515 ,24298.0,10:18:09 AM,1572670089906
-2.45 ,-0.663 ,6.776,23.567763333333332,87.30166 ,9.435475730895996,75.36950400207515 ,24298.0,10:18:09 AM,1572670089911
-4.202 ,1.388 ,3.06,23.567763333333332,87.30166 ,9.435475730895996,75.36950400207515 ,24298.0,10:18:09 AM,1572670089912
-2.186 ,0.817 ,2.756,23.567763333333332,87.30166 ,9.435475730895996,75.36950400207515 ,24298.0,10:18:09 AM,1572670089916
-1.366 ,-3.14 ,-2.735,23.567763333333332,87.30166 ,9.435475730895996,75.36950400207515 ,24298.0,10:18:09 AM,1572670089916
-1.11 ,-4.829 ,-1.022,23.567763333333332,87.30166 ,9.435475730895996,75.36950400207515 ,24298.0,10:18:09 AM,1572670089921
-0.273 ,-3.408 ,7.517,23.567763333333332,87.30166 ,9.435475730895996,75.36950400207515 ,24298.0,10:18:09 AM,1572670089921
0.584 ,-1.328 ,15.217,23.567763333333332,87.30166 ,9.435475730895996,75.36950400207515 ,24298.0,10:18:09 AM,1572670089926
0.959 ,-3.404 ,16.138,23.567763333333332,87.30166 ,9.435475730895996,75.36950400207515 ,24298.0,10:18:09 AM,1572670089927
1.785 ,-6.513 ,15.536,23.567763333333332,87.30166 ,9.435475730895996,75.36950400207515 ,24298.0,10:18:09 AM,1572670089931
1.679 ,-7.677 ,13.438,23.567763333333332,87.30166 ,9.435475730895996,75.36950400207515 ,24298.0,10:18:09 AM,1572670089931
0.934 ,-4.896 ,14.233,23.567763333333332,87.30166 ,9.435475730895996,75.36950400207515 ,24298.0,10:18:09 AM,1572670089936
1.507 ,-3.626 ,16.191,23.567763333333332,87.30166 ,9.435475730895996,75.36950400207515 ,24298.0,10:18:09 AM,1572670089936
0.602 ,-4.374 ,12.958,23.567763333333332,87.30166 ,9.435475730895996,75.36950400207515 ,24298.0,10:18:09 AM,1572670089940
0.361 ,-5.544 ,9.199,23.567763333333332,87.30166 ,9.435475730895996,75.36950400207515 ,24298.0,10:18:09 AM,1572670089941
1.295 ,-6.478 ,6.904,23.567763333333332,87.30166 ,9.435475730895996,75.36950400207515 ,24298.0,10:18:09 AM,1572670089946
1.283 ,-7.2 ,7.406,23.567763333333332,87.30166 ,9.435475730895996,75.36950400207515 ,24298.0,10:18:09 AM,1572670089946
0.615 ,-7.554 ,11.047,23.567763333333332,87.30166 ,9.435475730895996,75.36950400207515 ,24298.0,10:18:09 AM,1572670089951
0.26 ,-6.511 ,17.093,23.567763333333332,87.30166 ,9.435475730895996,75.36950400207515 ,24298.0,10:18:09 AM,1572670089951
-1.006 ,-5.364 ,20.714,23.567763333333332,87.30166 ,9.435475730895996,75.36950400207515 ,24298.0,10:18:09 AM,1572670089956
-2.239 ,-4.44 ,20.261,23.567763333333332,87.30166 ,9.435475730895996,75.36950400207515 ,24298.0,10:18:09 AM,1572670089956
-3.266 ,-3.914 ,17.417,23.567763333333332,87.30166 ,9.435475730895996,75.36950400207515 ,24298.0,10:18:09 AM,1572670089961
-3.628 ,-2.468 ,13.301,23.567763333333332,87.30166 ,9.435475730895996,75.36950400207515 ,24298.0,10:18:09 AM,1572670089961
-3.342 ,0.161 ,10.045,23.567763333333332,87.30166 ,9.435475730895996,75.36950400207515 ,24298.0,10:18:09 AM,1572670089966
-1.96 ,2.043 ,10.126,23.567763333333332,87.30166 ,9.435475730895996,75.36950400207515 ,24298.0,10:18:09 AM,1572670089966
-1.911 ,3.318 ,11.521,23.567763333333332,87.30166 ,9.435475730895996,75.36950400207515 ,24298.0,10:18:09 AM,1572670089971
-0.634 ,4.956 ,15.394,23.567763333333332,87.30166 ,9.435475730895996,75.36950400207515 ,24298.0,10:18:09 AM,1572670089971
-0.969 ,6.034 ,12.654,23.567763333333332,87.30166 ,9.435475730895996,79.05254255461367 ,24298.0,10:18:09 AM,1572670089976
0.058 ,6.973 ,12.276,23.567763333333332,87.30166 ,9.435475730895996,79.05254255461367 ,24298.0,10:18:09 AM,1572670089977
-0.562 ,6.915 ,10.891,23.567763333333332,87.30166 ,9.435475730895996,79.05254255461367 ,24298.0,10:18:09 AM,1572670089980
0.718 ,7.968 ,9.948,23.567763333333332,87.30166 ,9.435475730895996,79.05254255461367 ,24298.0,10:18:09 AM,1572670089981
0.477 ,12.226 ,10.168,23.567763333333332,87.30166 ,9.435475730895996,79.05254255461367 ,24298.0,10:18:09 AM,1572670089985
7.368 ,15.81 ,16.149,23.567763333333332,87.30166 ,9.435475730895996,79.05254255461367 ,24298.0,10:18:09 AM,1572670089986
