x,y,z,latitude,longitude,speed,sound,light,time,timestamp
-0.322 ,4.684 ,8.903,23.551896666666668,87.296635 ,0.0,81.4954527882885 ,39235.0,10:14:59 AM,1572669899146
-0.331 ,4.723 ,8.939,23.551896666666668,87.296635 ,0.0,81.4954527882885 ,39235.0,10:14:59 AM,1572669899151
-0.35 ,4.737 ,8.796,23.551896666666668,87.296635 ,0.0,81.4954527882885 ,39235.0,10:14:59 AM,1572669899152
-0.259 ,4.913 ,8.745,23.551896666666668,87.296635 ,0.0,81.4954527882885 ,39235.0,10:14:59 AM,1572669899155
-0.239 ,4.942 ,8.608,23.551896666666668,87.296635 ,0.0,81.4954527882885 ,39235.0,10:14:59 AM,1572669899155
-0.199 ,5.057 ,8.473,23.551896666666668,87.296635 ,0.0,81.4954527882885 ,39235.0,10:14:59 AM,1572669899159
-0.143 ,5.044 ,8.414,23.551896666666668,87.296635 ,0.0,81.4954527882885 ,39235.0,10:14:59 AM,1572669899160
-0.117 ,5.007 ,8.344,23.551896666666668,87.296635 ,0.0,81.4954527882885 ,39235.0,10:14:59 AM,1572669899164
-0.133 ,5.033 ,8.453,23.551896666666668,87.296635 ,0.0,81.4954527882885 ,39235.0,10:14:59 AM,1572669899164
-0.186 ,5.001 ,8.515,23.551896666666668,87.296635 ,0.0,81.4954527882885 ,39235.0,10:14:59 AM,1572669899170
-0.294 ,4.928 ,8.616,23.551896666666668,87.296635 ,0.0,81.4954527882885 ,39235.0,10:14:59 AM,1572669899171
-0.315 ,4.969 ,8.634,23.551896666666668,87.296635 ,0.0,81.4954527882885 ,39235.0,10:14:59 AM,1572669899174
-0.348 ,4.911 ,8.575,23.551896666666668,87.296635 ,0.0,81.4954527882885 ,39235.0,10:14:59 AM,1572669899174
-0.394 ,4.851 ,8.602,23.551896666666668,87.296635 ,0.0,81.4954527882885 ,39235.0,10:14:59 AM,1572669899178
-0.358 ,4.859 ,8.473,23.551896666666668,87.296635 ,0.0,81.4954527882885 ,39235.0,10:14:59 AM,1572669899178
-0.344 ,4.857 ,8.447,23.551896666666668,87.296635 ,0.0,81.4954527882885 ,39235.0,10:14:59 AM,1572669899185
-0.33 ,4.855 ,8.473,23.551896666666668,87.296635 ,0.0,81.4954527882885 ,39235.0,10:14:59 AM,1572669899185
-0.331 ,4.886 ,8.593,23.551896666666668,87.296635 ,0.0,81.4954527882885 ,39235.0,10:14:59 AM,1572669899189
-0.338 ,4.836 ,8.622,23.551896666666668,87.296635 ,0.0,81.4954527882885 ,39235.0,10:14:59 AM,1572669899190
-0.512 ,4.829 ,8.592,23.551896666666668,87.296635 ,0.0,81.4954527882885 ,39265.0,10:14:59 AM,1572669899194
-0.556 ,4.817 ,8.751,23.551896666666668,87.296635 ,0.0,81.4954527882885 ,39265.0,10:14:59 AM,1572669899194
-0.586 ,4.769 ,8.798,23.551896666666668,87.296635 ,0.0,81.4954527882885 ,39265.0,10:14:59 AM,1572669899200
-0.577 ,4.799 ,8.709,23.551896666666668,87.296635 ,0.0,81.4954527882885 ,39265.0,10:14:59 AM,1572669899201
-0.576 ,4.816 ,8.675,23.551896666666668,87.296635 ,0.0,81.4954527882885 ,39265.0,10:14:59 AM,1572669899205
-0.489 ,4.781 ,8.804,23.551896666666668,87.296635 ,0.0,81.4954527882885 ,39265.0,10:14:59 AM,1572669899205
-0.363 ,4.768 ,8.778,23.551896666666668,87.296635 ,0.0,81.4954527882885 ,39265.0,10:14:59 AM,1572669899209
-0.214 ,4.787 ,8.679,23.551896666666668,87.296635 ,0.0,81.4954527882885 ,39265.0,10:14:59 AM,1572669899209
-0.161 ,4.711 ,8.783,23.551896666666668,87.296635 ,0.0,81.4954527882885 ,39265.0,10:14:59 AM,1572669899213
-0.145 ,4.743 ,8.751,23.551896666666668,87.296635 ,0.0,81.4954527882885 ,39265.0,10:14:59 AM,1572669899214
-0.071 ,4.828 ,8.748,23.551896666666668,87.296635 ,0.0,81.4954527882885 ,39265.0,10:14:59 AM,1572669899219
-0.15 ,4.874 ,8.826,23.551896666666668,87.296635 ,0.0,81.4954527882885 ,39265.0,10:14:59 AM,1572669899220
-0.154 ,4.909 ,8.77,23.551896666666668,87.296635 ,0.0,81.4954527882885 ,39265.0,10:14:59 AM,1572669899224
-0.24 ,4.884 ,8.697,23.551896666666668,87.296635 ,0.0,81.4954527882885 ,39265.0,10:14:59 AM,1572669899224
-0.351 ,4.848 ,8.55,23.551896666666668,87.296635 ,0.0,81.4954527882885 ,39265.0,10:14:59 AM,1572669899229
-0.423 ,4.913 ,8.642,23.551896666666668,87.296635 ,0.0,81.4954527882885 ,39265.0,10:14:59 AM,1572669899229
-0.503 ,4.94 ,8.714,23.551896666666668,87.296635 ,0.0,81.4954527882885 ,39265.0,10:14:59 AM,1572669899236
-0.525 ,4.948 ,8.671,23.551896666666668,87.296635 ,0.0,81.4954527882885 ,39265.0,10:14:59 AM,1572669899236
-0.405 ,4.897 ,8.778,23.551896666666668,87.296635 ,0.0,81.4954527882885 ,39265.0,10:14:59 AM,1572669899239
-0.404 ,4.903 ,8.756,23.551896666666668,87.296635 ,0.0,81.4954527882885 ,39265.0,10:14:59 AM,1572669899240
-0.433 ,4.911 ,8.629,23.551896666666668,87.296635 ,0.0,81.4954527882885 ,39265.0,10:14:59 AM,1572669899246
-0.255 ,4.855 ,8.588,23.551896666666668,87.296635 ,0.0,81.4954527882885 ,39265.0,10:14:59 AM,1572669899246
-0.386 ,4.837 ,8.369,23.551896666666668,87.296635 ,0.0,81.4954527882885 ,39265.0,10:14:59 AM,1572669899250
-0.348 ,4.904 ,8.583,23.551896666666668,87.296635 ,0.0,81.4954527882885 ,39265.0,10:14:59 AM,1572669899251
-0.455 ,4.907 ,8.594,23.551896666666668,87.296635 ,0.0,81.4954527882885 ,39265.0,10:14:59 AM,1572669899253
-0.579 ,4.933 ,8.428,23.551896666666668,87.296635 ,0.0,81.4954527882885 ,39265.0,10:14:59 AM,1572669899254
-0.559 ,4.988 ,8.74,23.551896666666668,87.296635 ,0.0,81.4954527882885 ,39265.0,10:14:59 AM,1572669899259
-0.579 ,4.999 ,8.829,23.551896666666668,87.296635 ,0.0,81.4954527882885 ,39265.0,10:14:59 AM,1572669899260
-0.488 ,4.989 ,8.691,23.551896666666668,87.296635 ,0.0,81.4954527882885 ,39265.0,10:14:59 AM,1572669899263
-0.346 ,5.038 ,8.723,23.551896666666668,87.296635 ,0.0,81.4954527882885 ,39265.0,10:14:59 AM,1572669899264
-0.289 ,4.992 ,8.658,23.551896666666668,87.296635 ,0.0,81.4954527882885 ,39265.0,10:14:59 AM,1572669899270
-0.161 ,4.944 ,8.425,23.551896666666668,87.296635 ,0.0,81.4954527882885 ,39265.0,10:14:59 AM,1572669899270
-0.101 ,4.919 ,8.278,23.551896666666668,87.296635 ,0.0,81.4954527882885 ,39265.0,10:14:59 AM,1572669899274
-0.173 ,4.933 ,8.358,23.551896666666668,87.296635 ,0.0,81.4954527882885 ,39265.0,10:14:59 AM,1572669899275
-0.355 ,4.891 ,8.417,23.551896666666668,87.296635 ,0.0,81.4954527882885 ,39265.0,10:14:59 AM,1572669899279
-0.569 ,4.91 ,8.569,23.551896666666668,87.296635 ,0.0,81.4954527882885 ,39265.0,10:14:59 AM,1572669899279
-0.686 ,4.877 ,8.637,23.551896666666668,87.296635 ,0.0,81.4954527882885 ,39265.0,10:14:59 AM,1572669899285
-0.892 ,4.784 ,8.586,23.551896666666668,87.296635 ,0.0,81.4954527882885 ,39265.0,10:14:59 AM,1572669899286
-0.922 ,4.816 ,8.579,23.551896666666668,87.296635 ,0.0,81.4954527882885 ,39265.0,10:14:59 AM,1572669899289
-0.876 ,4.816 ,8.541,23.551896666666668,87.296635 ,0.0,81.4954527882885 ,39265.0,10:14:59 AM,1572669899289
-0.847 ,4.784 ,8.655,23.551896666666668,87.296635 ,0.0,81.4954527882885 ,39265.0,10:14:59 AM,1572669899295
-0.775 ,4.822 ,8.617,23.551896666666668,87.296635 ,0.0,81.4954527882885 ,39265.0,10:14:59 AM,1572669899295
-0.722 ,4.772 ,8.462,23.551896666666668,87.296635 ,0.0,81.4954527882885 ,39265.0,10:14:59 AM,1572669899301
-0.656 ,4.699 ,8.561,23.551896666666668,87.296635 ,0.0,81.4954527882885 ,39265.0,10:14:59 AM,1572669899301
-0.555 ,4.673 ,8.555,23.551896666666668,87.296635 ,0.0,81.4954527882885 ,39265.0,10:14:59 AM,1572669899303
-0.564 ,4.685 ,8.753,23.551896666666668,87.296635 ,0.0,81.4954527882885 ,39265.0,10:14:59 AM,1572669899304
-0.577 ,4.822 ,8.99,23.551896666666668,87.296635 ,0.0,81.4954527882885 ,39265.0,10:14:59 AM,1572669899308
-0.58 ,4.787 ,8.895,23.551896666666668,87.296635 ,0.0,81.4954527882885 ,39265.0,10:14:59 AM,1572669899309
-0.545 ,4.66 ,8.759,23.551896666666668,87.296635 ,0.0,81.4954527882885 ,39265.0,10:14:59 AM,1572669899313
-0.625 ,4.636 ,8.63,23.551896666666668,87.296635 ,0.0,81.4954527882885 ,39265.0,10:14:59 AM,1572669899314
-0.679 ,4.776 ,8.754,23.551896666666668,87.296635 ,0.0,81.4954527882885 ,39265.0,10:14:59 AM,1572669899319
-0.732 ,4.823 ,8.795,23.551896666666668,87.296635 ,0.0,81.4954527882885 ,39265.0,10:14:59 AM,1572669899319
-0.724 ,4.873 ,8.783,23.551896666666668,87.296635 ,0.0,81.4954527882885 ,39265.0,10:14:59 AM,1572669899324
-0.71 ,4.838 ,8.681,23.551896666666668,87.296635 ,0.0,81.4954527882885 ,39265.0,10:14:59 AM,1572669899324
-0.676 ,4.838 ,8.6,23.551896666666668,87.296635 ,0.0,81.4954527882885 ,39265.0,10:14:59 AM,1572669899328
-0.652 ,4.929 ,8.514,23.551896666666668,87.296635 ,0.0,81.4954527882885 ,39265.0,10:14:59 AM,1572669899329
-0.497 ,4.983 ,8.543,23.551896666666668,87.296635 ,0.0,81.4954527882885 ,39265.0,10:14:59 AM,1572669899335
-0.471 ,4.954 ,8.466,23.551896666666668,87.296635 ,0.0,81.4954527882885 ,39265.0,10:14:59 AM,1572669899335
-0.38 ,4.981 ,8.371,23.551896666666668,87.296635 ,0.0,81.4954527882885 ,39265.0,10:14:59 AM,1572669899338
-0.374 ,4.923 ,8.371,23.551896666666668,87.296635 ,0.0,81.4954527882885 ,39265.0,10:14:59 AM,1572669899339
-0.576 ,5.071 ,8.388,23.551896666666668,87.296635 ,0.0,81.4954527882885 ,39265.0,10:14:59 AM,1572669899344
-0.631 ,5.099 ,8.701,23.551896666666668,87.296635 ,0.0,81.4954527882885 ,39265.0,10:14:59 AM,1572669899345
-0.758 ,5.045 ,8.642,23.551896666666668,87.296635 ,0.0,81.4954527882885 ,39265.0,10:14:59 AM,1572669899352
-0.843 ,5.047 ,8.199,23.551896666666668,87.296635 ,0.0,81.4954527882885 ,39265.0,10:14:59 AM,1572669899352
-0.81 ,4.812 ,8.582,23.551896666666668,87.296635 ,0.0,81.4954527882885 ,39265.0,10:14:59 AM,1572669899353
-0.989 ,4.878 ,8.491,23.551896666666668,87.296635 ,0.0,81.4954527882885 ,39265.0,10:14:59 AM,1572669899354
-1.043 ,4.934 ,8.504,23.551896666666668,87.296635 ,0.0,81.4954527882885 ,39265.0,10:14:59 AM,1572669899359
-0.847 ,4.863 ,8.727,23.551896666666668,87.296635 ,0.0,81.4954527882885 ,39265.0,10:14:59 AM,1572669899359
-1.001 ,4.723 ,8.165,23.551896666666668,87.296635 ,0.0,81.4954527882885 ,39265.0,10:14:59 AM,1572669899363
-0.88 ,4.647 ,8.449,23.551896666666668,87.296635 ,0.0,81.4954527882885 ,39265.0,10:14:59 AM,1572669899363
-0.933 ,4.868 ,8.551,23.551896666666668,87.296635 ,0.0,81.4954527882885 ,39265.0,10:14:59 AM,1572669899368
-0.907 ,4.764 ,8.772,23.551896666666668,87.296635 ,0.0,81.4954527882885 ,39265.0,10:14:59 AM,1572669899369
-0.989 ,4.592 ,8.535,23.551896666666668,87.296635 ,0.0,81.4954527882885 ,39265.0,10:14:59 AM,1572669899373
-1.139 ,4.534 ,8.604,23.551896666666668,87.296635 ,0.0,81.4954527882885 ,39265.0,10:14:59 AM,1572669899374
-0.878 ,4.678 ,9.252,23.551896666666668,87.296635 ,0.0,81.4954527882885 ,39265.0,10:14:59 AM,1572669899378
-0.896 ,4.874 ,8.883,23.551896666666668,87.296635 ,0.0,81.4954527882885 ,39265.0,10:14:59 AM,1572669899378
-0.644 ,4.792 ,9.17,23.551896666666668,87.296635 ,0.0,81.4954527882885 ,39265.0,10:14:59 AM,1572669899384
-0.552 ,4.582 ,8.835,23.551896666666668,87.296635 ,0.0,81.4954527882885 ,39265.0,10:14:59 AM,1572669899384
-0.577 ,4.485 ,8.322,23.551896666666668,87.296635 ,0.0,81.4954527882885 ,39265.0,10:14:59 AM,1572669899389
-0.38 ,4.455 ,8.47,23.551896666666668,87.296635 ,0.0,81.4954527882885 ,39265.0,10:14:59 AM,1572669899389
-0.654 ,4.636 ,8.483,23.551896666666668,87.296635 ,0.0,81.4954527882885 ,39308.0,10:14:59 AM,1572669899394
