x,y,z,latitude,longitude,speed,sound,light,time,timestamp
-1.741 ,6.243 ,18.686,23.573756666666668,87.30251666666666 ,36.15388412475586,84.84572029666572 ,50920.0,10:19:25 AM,1572670165747
0.5 ,6.064 ,23.391,23.573756666666668,87.30251666666666 ,36.15388412475586,84.84572029666572 ,50920.0,10:19:25 AM,1572670165748
2.623 ,2.105 ,22.38,23.573756666666668,87.30251666666666 ,36.15388412475586,84.84572029666572 ,50920.0,10:19:25 AM,1572670165752
1.444 ,1.207 ,14.773,23.573756666666668,87.30251666666666 ,36.15388412475586,84.84572029666572 ,50920.0,10:19:25 AM,1572670165752
2.861 ,2.22 ,14.453,23.573756666666668,87.30251666666666 ,36.15388412475586,84.84572029666572 ,50920.0,10:19:25 AM,1572670165756
1.755 ,2.877 ,10.506,23.573756666666668,87.30251666666666 ,36.15388412475586,84.84572029666572 ,50920.0,10:19:25 AM,1572670165756
0.457 ,2.977 ,6.679,23.573756666666668,87.30251666666666 ,36.15388412475586,84.84572029666572 ,50920.0,10:19:25 AM,1572670165762
-0.707 ,0.834 ,3.102,23.573756666666668,87.30251666666666 ,36.15388412475586,84.84572029666572 ,50920.0,10:19:25 AM,1572670165763
-2.407 ,-0.026 ,1.203,23.573756666666668,87.30251666666666 ,36.15388412475586,84.84572029666572 ,50920.0,10:19:25 AM,1572670165767
-2.854 ,0.847 ,2.022,23.573756666666668,87.30251666666666 ,36.15388412475586,84.84572029666572 ,50920.0,10:19:25 AM,1572670165768
-2.981 ,1.205 ,6.353,23.573756666666668,87.30251666666666 ,36.15388412475586,84.84572029666572 ,50920.0,10:19:25 AM,1572670165771
-3.386 ,1.048 ,8.515,23.573756666666668,87.30251666666666 ,36.15388412475586,84.84572029666572 ,50920.0,10:19:25 AM,1572670165772
-1.958 ,0.683 ,5.74,23.573756666666668,87.30251666666666 ,36.15388412475586,84.84572029666572 ,50920.0,10:19:25 AM,1572670165777
0.064 ,-0.933 ,2.649,23.573756666666668,87.30251666666666 ,36.15388412475586,84.84572029666572 ,50920.0,10:19:25 AM,1572670165778
3.033 ,-0.445 ,2.576,23.573756666666668,87.30251666666666 ,36.15388412475586,84.84572029666572 ,50920.0,10:19:25 AM,1572670165782
3.582 ,2.285 ,2.384,23.573756666666668,87.30251666666666 ,36.15388412475586,84.84572029666572 ,50920.0,10:19:25 AM,1572670165782
5.302 ,6.247 ,10.879,23.573756666666668,87.30251666666666 ,36.15388412475586,84.84572029666572 ,50920.0,10:19:25 AM,1572670165787
3.153 ,7.68 ,13.028,23.573756666666668,87.30251666666666 ,36.15388412475586,84.84572029666572 ,50920.0,10:19:25 AM,1572670165787
1.95 ,5.84 ,12.096,23.573756666666668,87.30251666666666 ,36.15388412475586,84.84572029666572 ,50920.0,10:19:25 AM,1572670165793
1.667 ,2.929 ,8.429,23.573756666666668,87.30251666666666 ,36.15388412475586,84.84572029666572 ,50920.0,10:19:25 AM,1572670165794
0.731 ,0.22 ,8.212,23.573756666666668,87.30251666666666 ,36.15388412475586,84.84572029666572 ,50920.0,10:19:25 AM,1572670165798
0.681 ,1.599 ,13.871,23.573756666666668,87.30251666666666 ,36.15388412475586,84.84572029666572 ,50920.0,10:19:25 AM,1572670165798
2.094 ,5.03 ,25.72,23.573756666666668,87.30251666666666 ,36.15388412475586,84.84572029666572 ,50920.0,10:19:25 AM,1572670165803
-0.143 ,5.962 ,22.213,23.573756666666668,87.30251666666666 ,36.15388412475586,84.84572029666572 ,50920.0,10:19:25 AM,1572670165803
-0.573 ,0.944 ,14.173,23.573756666666668,87.30251666666666 ,36.15388412475586,84.84572029666572 ,50920.0,10:19:25 AM,1572670165807
0.857 ,-4.843 ,9.014,23.573756666666668,87.30251666666666 ,36.15388412475586,84.84572029666572 ,50920.0,10:19:25 AM,1572670165807
-1.759 ,-3.334 ,7.195,23.573756666666668,87.30251666666666 ,36.15388412475586,84.84572029666572 ,50920.0,10:19:25 AM,1572670165813
-2.298 ,2.792 ,17.027,23.573756666666668,87.30251666666666 ,36.15388412475586,84.84572029666572 ,50920.0,10:19:25 AM,1572670165814
-3.698 ,5.806 ,20.224,23.573756666666668,87.30251666666666 ,36.15388412475586,84.84572029666572 ,50920.0,10:19:25 AM,1572670165816
-6.32 ,3.474 ,14.956,23.573756666666668,87.30251666666666 ,36.15388412475586,84.84572029666572 ,50920.0,10:19:25 AM,1572670165816
-5.007 ,-0.262 ,12.512,23.573756666666668,87.30251666666666 ,36.15388412475586,87.17422951383807 ,50920.0,10:19:25 AM,1572670165822
-4.169 ,-0.994 ,9.339,23.573756666666668,87.30251666666666 ,36.15388412475586,87.17422951383807 ,50920.0,10:19:25 AM,1572670165822
-4.169 ,1.677 ,6.788,23.573756666666668,87.30251666666666 ,36.15388412475586,87.17422951383807 ,50920.0,10:19:25 AM,1572670165828
-0.709 ,4.203 ,11.79,23.573756666666668,87.30251666666666 ,36.15388412475586,87.17422951383807 ,50920.0,10:19:25 AM,1572670165828
0.178 ,5.152 ,11.865,23.573756666666668,87.30251666666666 ,36.15388412475586,87.17422951383807 ,50920.0,10:19:25 AM,1572670165832
-0.849 ,4.255 ,4.1,23.573756666666668,87.30251666666666 ,36.15388412475586,87.17422951383807 ,50920.0,10:19:25 AM,1572670165833
1.363 ,0.478 ,2.164,23.573838333333335,87.30248000000002 ,35.095818328857426,87.17422951383807 ,50920.0,10:19:25 AM,1572670165836
1.119 ,-1.877 ,-0.653,23.573838333333335,87.30248000000002 ,35.095818328857426,87.17422951383807 ,50920.0,10:19:25 AM,1572670165836
0.606 ,-0.264 ,-0.285,23.573838333333335,87.30248000000002 ,35.095818328857426,87.17422951383807 ,50920.0,10:19:25 AM,1572670165840
2.061 ,3.156 ,5.735,23.573838333333335,87.30248000000002 ,35.095818328857426,87.17422951383807 ,50920.0,10:19:25 AM,1572670165841
0.716 ,3.377 ,3.11,23.573838333333335,87.30248000000002 ,35.095818328857426,87.17422951383807 ,50920.0,10:19:25 AM,1572670165846
0.033 ,0.035 ,3.546,23.573838333333335,87.30248000000002 ,35.095818328857426,87.17422951383807 ,50920.0,10:19:25 AM,1572670165846
-1.892 ,-0.997 ,2.229,23.573838333333335,87.30248000000002 ,35.095818328857426,87.17422951383807 ,50920.0,10:19:25 AM,1572670165850
0.78 ,-0.596 ,6.466,23.573838333333335,87.30248000000002 ,35.095818328857426,87.17422951383807 ,50920.0,10:19:25 AM,1572670165851
0.135 ,1.509 ,6.474,23.573838333333335,87.30248000000002 ,35.095818328857426,87.17422951383807 ,50920.0,10:19:25 AM,1572670165855
1.819 ,2.756 ,12.875,23.573838333333335,87.30248000000002 ,35.095818328857426,87.17422951383807 ,50920.0,10:19:25 AM,1572670165856
2.311 ,5.093 ,13.961,23.573838333333335,87.30248000000002 ,35.095818328857426,87.17422951383807 ,50920.0,10:19:25 AM,1572670165862
1.532 ,5.636 ,10.41,23.573838333333335,87.30248000000002 ,35.095818328857426,87.17422951383807 ,50920.0,10:19:25 AM,1572670165863
2.702 ,2.067 ,8.525,23.573838333333335,87.30248000000002 ,35.095818328857426,87.17422951383807 ,50920.0,10:19:25 AM,1572670165868
0.935 ,0.244 ,5.425,23.573838333333335,87.30248000000002 ,35.095818328857426,87.17422951383807 ,50920.0,10:19:25 AM,1572670165869
0.407 ,2.006 ,8.622,23.573838333333335,87.30248000000002 ,35.095818328857426,87.17422951383807 ,50920.0,10:19:25 AM,1572670165871
-0.734 ,5.12 ,17.898,23.573838333333335,87.30248000000002 ,35.095818328857426,87.17422951383807 ,50920.0,10:19:25 AM,1572670165871
-4.377 ,5.287 ,19.464,23.573838333333335,87.30248000000002 ,35.095818328857426,87.17422951383807 ,50920.0,10:19:25 AM,1572670165876
-4.572 ,1.097 ,19.122,23.573838333333335,87.30248000000002 ,35.095818328857426,87.17422951383807 ,50920.0,10:19:25 AM,1572670165877
-3.867 ,-2.946 ,15.245,23.573838333333335,87.30248000000002 ,35.095818328857426,87.17422951383807 ,50920.0,10:19:25 AM,1572670165882
-3.158 ,-3.824 ,14.021,23.573838333333335,87.30248000000002 ,35.095818328857426,87.17422951383807 ,50920.0,10:19:25 AM,1572670165882
0.506 ,-0.55 ,20.345,23.573838333333335,87.30248000000002 ,35.095818328857426,87.17422951383807 ,50920.0,10:19:25 AM,1572670165886
3.206 ,4.711 ,26.889,23.573838333333335,87.30248000000002 ,35.095818328857426,87.17422951383807 ,50920.0,10:19:25 AM,1572670165886
4.852 ,6.377 ,20.386,23.573838333333335,87.30248000000002 ,35.095818328857426,87.17422951383807 ,50920.0,10:19:25 AM,1572670165892
7.551 ,2.877 ,10.046,23.573838333333335,87.30248000000002 ,35.095818328857426,87.17422951383807 ,50920.0,10:19:25 AM,1572670165893
6.816 ,-0.699 ,-3.21,23.573838333333335,87.30248000000002 ,35.095818328857426,87.17422951383807 ,50920.0,10:19:25 AM,1572670165896
6.027 ,0.53 ,-4.904,23.573838333333335,87.30248000000002 ,35.095818328857426,87.17422951383807 ,50920.0,10:19:25 AM,1572670165896
3.151 ,4.206 ,-0.393,23.573838333333335,87.30248000000002 ,35.095818328857426,87.17422951383807 ,50920.0,10:19:25 AM,1572670165901
0.307 ,7.158 ,8.635,23.573838333333335,87.30248000000002 ,35.095818328857426,87.17422951383807 ,50920.0,10:19:25 AM,1572670165901
-4.143 ,7.142 ,9.42,23.573838333333335,87.30248000000002 ,35.095818328857426,87.17422951383807 ,50920.0,10:19:25 AM,1572670165905
-5.601 ,3.156 ,6.928,23.573838333333335,87.30248000000002 ,35.095818328857426,87.17422951383807 ,50920.0,10:19:25 AM,1572670165906
-5.501 ,-1.838 ,-1.406,23.573838333333335,87.30248000000002 ,35.095818328857426,87.17422951383807 ,50920.0,10:19:25 AM,1572670165912
-3.761 ,-1.798 ,-4.089,23.573838333333335,87.30248000000002 ,35.095818328857426,87.17422951383807 ,50920.0,10:19:25 AM,1572670165913
-0.64 ,2.603 ,1.956,23.573838333333335,87.30248000000002 ,35.095818328857426,87.17422951383807 ,50920.0,10:19:25 AM,1572670165916
2.216 ,7.161 ,4.688,23.573838333333335,87.30248000000002 ,35.095818328857426,87.17422951383807 ,50920.0,10:19:25 AM,1572670165916
5.058 ,7.237 ,5.183,23.573838333333335,87.30248000000002 ,35.095818328857426,87.17422951383807 ,50920.0,10:19:25 AM,1572670165920
4.691 ,3.741 ,1.106,23.573838333333335,87.30248000000002 ,35.095818328857426,87.17422951383807 ,50920.0,10:19:25 AM,1572670165921
5.764 ,1.783 ,-0.472,23.573838333333335,87.30248000000002 ,35.095818328857426,87.17422951383807 ,50920.0,10:19:25 AM,1572670165925
5.15 ,3.458 ,0.908,23.573838333333335,87.30248000000002 ,35.095818328857426,87.17422951383807 ,50920.0,10:19:25 AM,1572670165926
3.679 ,6.028 ,9.494,23.573838333333335,87.30248000000002 ,35.095818328857426,87.17422951383807 ,50920.0,10:19:25 AM,1572670165931
2.018 ,6.179 ,16.177,23.573838333333335,87.30248000000002 ,35.095818328857426,87.17422951383807 ,50920.0,10:19:25 AM,1572670165932
-3.002 ,4.219 ,11.157,23.573838333333335,87.30248000000002 ,35.095818328857426,87.17422951383807 ,50920.0,10:19:25 AM,1572670165937
-3.241 ,0.153 ,13.431,23.573838333333335,87.30248000000002 ,35.095818328857426,87.17422951383807 ,50920.0,10:19:25 AM,1572670165937
-6.006 ,-2.177 ,12.33,23.573838333333335,87.30248000000002 ,35.095818328857426,87.17422951383807 ,50920.0,10:19:25 AM,1572670165942
-5.931 ,-0.931 ,17.802,23.573838333333335,87.30248000000002 ,35.095818328857426,87.17422951383807 ,50920.0,10:19:25 AM,1572670165943
-4.843 ,0.535 ,22.166,23.573838333333335,87.30248000000002 ,35.095818328857426,87.17422951383807 ,50920.0,10:19:25 AM,1572670165947
-3.2 ,1.678 ,22.661,23.573838333333335,87.30248000000002 ,35.095818328857426,87.17422951383807 ,50920.0,10:19:25 AM,1572670165947
-1.144 ,-0.338 ,16.249,23.573838333333335,87.30248000000002 ,35.095818328857426,87.17422951383807 ,50920.0,10:19:25 AM,1572670165950
0.874 ,-2.704 ,12.095,23.573838333333335,87.30248000000002 ,35.095818328857426,87.17422951383807 ,50920.0,10:19:25 AM,1572670165951
3.296 ,-2.306 ,12.774,23.573838333333335,87.30248000000002 ,35.095818328857426,87.17422951383807 ,50920.0,10:19:25 AM,1572670165957
3.777 ,2.237 ,15.215,23.573838333333335,87.30248000000002 ,35.095818328857426,87.17422951383807 ,50920.0,10:19:25 AM,1572670165958
3.992 ,6.371 ,20.491,23.573838333333335,87.30248000000002 ,35.095818328857426,87.17422951383807 ,50920.0,10:19:25 AM,1572670165964
0.862 ,6.968 ,18.34,23.573838333333335,87.30248000000002 ,35.095818328857426,87.17422951383807 ,50920.0,10:19:25 AM,1572670165965
-1.758 ,3.257 ,10.52,23.573838333333335,87.30248000000002 ,35.095818328857426,87.17422951383807 ,50920.0,10:19:25 AM,1572670165965
-4.36 ,0.4 ,2.388,23.573838333333335,87.30248000000002 ,35.095818328857426,87.17422951383807 ,50920.0,10:19:25 AM,1572670165966
-5.619 ,-1.576 ,-1.934,23.573838333333335,87.30248000000002 ,35.095818328857426,87.17422951383807 ,50920.0,10:19:25 AM,1572670165970
-8.124 ,-0.81 ,-5.269,23.573838333333335,87.30248000000002 ,35.095818328857426,87.17422951383807 ,50920.0,10:19:25 AM,1572670165971
-4.581 ,-1.604 ,5.149,23.573838333333335,87.30248000000002 ,35.095818328857426,87.17422951383807 ,50920.0,10:19:25 AM,1572670165975
-5.75 ,-0.688 ,7.341,23.573838333333335,87.30248000000002 ,35.095818328857426,87.17422951383807 ,50920.0,10:19:25 AM,1572670165976
-3.442 ,-1.12 ,14.197,23.573838333333335,87.30248000000002 ,35.095818328857426,87.17422951383807 ,50920.0,10:19:25 AM,1572670165981
0.014 ,-4.641 ,12.01,23.573838333333335,87.30248000000002 ,35.095818328857426,87.17422951383807 ,50920.0,10:19:25 AM,1572670165981
3.517 ,-9.619 ,2.335,23.573838333333335,87.30248000000002 ,35.095818328857426,87.17422951383807 ,50920.0,10:19:25 AM,1572670165989
7.597 ,-9.062 ,0.965,23.573838333333335,87.30248000000002 ,35.095818328857426,87.17422951383807 ,50920.0,10:19:25 AM,1572670165989
7.944 ,-3.256 ,8.982,23.573838333333335,87.30248000000002 ,35.095818328857426,87.17422951383807 ,50920.0,10:19:25 AM,1572670165990
4.526 ,2.2 ,15.982,23.573838333333335,87.30248000000002 ,35.095818328857426,87.17422951383807 ,50920.0,10:19:25 AM,1572670165990
