x,y,z,latitude,longitude,speed,sound,light,time,timestamp
-6.461 ,7.015 ,5.613,23.57416,87.30240333333334 ,22.525067710876467,80.33216504310646 ,50920.0,10:19:31 AM,1572670171727
-6.636 ,4.954 ,5.203,23.57416,87.30240333333334 ,22.525067710876467,80.33216504310646 ,50920.0,10:19:31 AM,1572670171728
-4.375 ,2.027 ,4.539,23.57416,87.30240333333334 ,22.525067710876467,80.33216504310646 ,50920.0,10:19:31 AM,1572670171733
-2.529 ,0.667 ,2.244,23.57416,87.30240333333334 ,22.525067710876467,80.33216504310646 ,50920.0,10:19:31 AM,1572670171734
-0.639 ,0.363 ,3.097,23.57416,87.30240333333334 ,22.525067710876467,80.33216504310646 ,50920.0,10:19:31 AM,1572670171737
0.276 ,0.786 ,7.468,23.57416,87.30240333333334 ,22.525067710876467,80.33216504310646 ,50920.0,10:19:31 AM,1572670171737
0.172 ,1.989 ,10.402,23.57416,87.30240333333334 ,22.525067710876467,80.33216504310646 ,50920.0,10:19:31 AM,1572670171741
-0.564 ,3.568 ,13.757,23.57416,87.30240333333334 ,22.525067710876467,80.33216504310646 ,50920.0,10:19:31 AM,1572670171742
-3.218 ,3.471 ,14.361,23.57416,87.30240333333334 ,22.525067710876467,80.33216504310646 ,50920.0,10:19:31 AM,1572670171749
-2.779 ,-0.246 ,14.126,23.57416,87.30240333333334 ,22.525067710876467,80.33216504310646 ,50920.0,10:19:31 AM,1572670171749
-5.061 ,-1.144 ,9.521,23.57416,87.30240333333334 ,22.525067710876467,80.33216504310646 ,50920.0,10:19:31 AM,1572670171752
-2.208 ,1.059 ,20.696,23.57416,87.30240333333334 ,22.525067710876467,80.33216504310646 ,50920.0,10:19:31 AM,1572670171752
-1.503 ,4.422 ,25.664,23.57416,87.30240333333334 ,22.525067710876467,80.33216504310646 ,50920.0,10:19:31 AM,1572670171757
-0.849 ,3.037 ,23.507,23.57416,87.30240333333334 ,22.525067710876467,80.33216504310646 ,50920.0,10:19:31 AM,1572670171757
0.498 ,0.166 ,19.125,23.57416,87.30240333333334 ,22.525067710876467,80.33216504310646 ,50920.0,10:19:31 AM,1572670171763
-0.695 ,-2.452 ,15.784,23.57416,87.30240333333334 ,22.525067710876467,80.33216504310646 ,50920.0,10:19:31 AM,1572670171763
-6.132 ,-1.388 ,3.042,23.57416,87.30240333333334 ,22.525067710876467,80.33216504310646 ,50920.0,10:19:31 AM,1572670171768
-6.294 ,-1.079 ,-0.987,23.57416,87.30240333333334 ,22.525067710876467,80.33216504310646 ,50920.0,10:19:31 AM,1572670171769
-5.759 ,-4.346 ,-5.531,23.57416,87.30240333333334 ,22.525067710876467,80.33216504310646 ,50920.0,10:19:31 AM,1572670171774
-8.621 ,-2.344 ,-2.569,23.57416,87.30240333333334 ,22.525067710876467,80.33216504310646 ,50920.0,10:19:31 AM,1572670171774
-9.89 ,0.227 ,9.596,23.57416,87.30240333333334 ,22.525067710876467,80.33216504310646 ,50920.0,10:19:31 AM,1572670171776
-6.042 ,3.885 ,22.832,23.57416,87.30240333333334 ,22.525067710876467,80.33216504310646 ,50920.0,10:19:31 AM,1572670171777
-6.338 ,1.437 ,22.643,23.57416,87.30240333333334 ,22.525067710876467,80.33216504310646 ,50920.0,10:19:31 AM,1572670171782
-4.485 ,-1.346 ,18.207,23.57416,87.30240333333334 ,22.525067710876467,80.33216504310646 ,50920.0,10:19:31 AM,1572670171782
1.033 ,-2.662 ,15.658,23.57416,87.30240333333334 ,22.525067710876467,80.33216504310646 ,50920.0,10:19:31 AM,1572670171786
3.732 ,-1.867 ,10.165,23.57416,87.30240333333334 ,22.525067710876467,80.33216504310646 ,50920.0,10:19:31 AM,1572670171787
5.9 ,-0.016 ,9.542,23.57416,87.30240333333334 ,22.525067710876467,80.33216504310646 ,50920.0,10:19:31 AM,1572670171791
5.874 ,1.055 ,9.085,23.57416,87.30240333333334 ,22.525067710876467,80.33216504310646 ,50920.0,10:19:31 AM,1572670171792
4.957 ,0.627 ,7.781,23.57416,87.30240333333334 ,22.525067710876467,80.33216504310646 ,50920.0,10:19:31 AM,1572670171797
1.362 ,1.061 ,7.095,23.57416,87.30240333333334 ,22.525067710876467,80.33216504310646 ,50920.0,10:19:31 AM,1572670171798
-0.33 ,2.012 ,9.995,23.57416,87.30240333333334 ,22.525067710876467,80.33216504310646 ,50920.0,10:19:31 AM,1572670171801
-3.832 ,3.061 ,11.285,23.57416,87.30240333333334 ,22.525067710876467,80.33216504310646 ,50920.0,10:19:31 AM,1572670171802
-6.176 ,3.869 ,10.311,23.57416,87.30240333333334 ,22.525067710876467,80.33216504310646 ,50920.0,10:19:31 AM,1572670171806
-9.235 ,4.398 ,6.59,23.57416,87.30240333333334 ,22.525067710876467,80.33216504310646 ,50920.0,10:19:31 AM,1572670171807
-8.319 ,3.988 ,2.932,23.57416,87.30240333333334 ,22.525067710876467,80.33216504310646 ,50920.0,10:19:31 AM,1572670171811
-4.534 ,3.069 ,0.355,23.57416,87.30240333333334 ,22.525067710876467,80.33216504310646 ,50920.0,10:19:31 AM,1572670171812
-2.838 ,5.214 ,1.828,23.57416,87.30240333333334 ,22.525067710876467,80.33216504310646 ,50920.0,10:19:31 AM,1572670171817
0.841 ,9.996 ,9.366,23.57416,87.30240333333334 ,22.525067710876467,80.33216504310646 ,50920.0,10:19:31 AM,1572670171817
4.794 ,13.585 ,12.22,23.57416,87.30240333333334 ,22.525067710876467,80.33216504310646 ,50920.0,10:19:31 AM,1572670171822
6.652 ,11.692 ,7.858,23.57416,87.30240333333334 ,22.525067710876467,80.33216504310646 ,50920.0,10:19:31 AM,1572670171822
8.482 ,6.818 ,4.033,23.57416,87.30240333333334 ,22.525067710876467,80.33216504310646 ,50920.0,10:19:31 AM,1572670171826
6.515 ,3.772 ,-1.714,23.57416,87.30240333333334 ,22.525067710876467,80.33216504310646 ,50920.0,10:19:31 AM,1572670171827
4.96 ,4.424 ,0.978,23.574195,87.30245500000001 ,20.80733642578125,80.33216504310646 ,50920.0,10:19:31 AM,1572670171832
1.945 ,8.095 ,12.91,23.574195,87.30245500000001 ,20.80733642578125,80.33216504310646 ,50920.0,10:19:31 AM,1572670171833
-1.228 ,11.153 ,18.912,23.574195,87.30245500000001 ,20.80733642578125,80.33216504310646 ,50920.0,10:19:31 AM,1572670171836
-3.958 ,10.684 ,16.263,23.574195,87.30245500000001 ,20.80733642578125,80.33216504310646 ,50920.0,10:19:31 AM,1572670171837
-5.9 ,7.773 ,10.894,23.574195,87.30245500000001 ,20.80733642578125,80.33216504310646 ,50920.0,10:19:31 AM,1572670171841
-5.737 ,4.971 ,10.525,23.574195,87.30245500000001 ,20.80733642578125,80.33216504310646 ,50920.0,10:19:31 AM,1572670171841
-5.883 ,5.644 ,5.942,23.574195,87.30245500000001 ,20.80733642578125,80.33216504310646 ,50920.0,10:19:31 AM,1572670171847
-2.886 ,6.796 ,7.995,23.574195,87.30245500000001 ,20.80733642578125,80.33216504310646 ,50920.0,10:19:31 AM,1572670171848
-0.163 ,6.826 ,8.377,23.574195,87.30245500000001 ,20.80733642578125,80.33216504310646 ,50920.0,10:19:31 AM,1572670171850
0.415 ,5.56 ,4.687,23.574195,87.30245500000001 ,20.80733642578125,80.33216504310646 ,50920.0,10:19:31 AM,1572670171851
0.701 ,4.485 ,4.354,23.574195,87.30245500000001 ,20.80733642578125,80.33216504310646 ,50920.0,10:19:31 AM,1572670171856
-0.725 ,4.018 ,4.821,23.574195,87.30245500000001 ,20.80733642578125,80.33216504310646 ,50920.0,10:19:31 AM,1572670171856
-3.891 ,3.756 ,3.827,23.574195,87.30245500000001 ,20.80733642578125,80.33216504310646 ,50920.0,10:19:31 AM,1572670171861
-6.242 ,2.396 ,3.301,23.574195,87.30245500000001 ,20.80733642578125,80.33216504310646 ,50920.0,10:19:31 AM,1572670171861
-8.499 ,2.069 ,1.805,23.574195,87.30245500000001 ,20.80733642578125,80.33216504310646 ,50920.0,10:19:31 AM,1572670171867
-10.145 ,2.424 ,1.119,23.574195,87.30245500000001 ,20.80733642578125,80.33216504310646 ,50920.0,10:19:31 AM,1572670171868
-10.715 ,2.473 ,0.68,23.574195,87.30245500000001 ,20.80733642578125,80.33216504310646 ,50920.0,10:19:31 AM,1572670171871
-10.036 ,2.971 ,3.29,23.574195,87.30245500000001 ,20.80733642578125,80.33216504310646 ,50920.0,10:19:31 AM,1572670171871
-7.285 ,2.529 ,5.988,23.574195,87.30245500000001 ,20.80733642578125,80.33216504310646 ,50920.0,10:19:31 AM,1572670171875
-4.153 ,2.377 ,6.887,23.574195,87.30245500000001 ,20.80733642578125,80.33216504310646 ,50920.0,10:19:31 AM,1572670171876
-0.469 ,3.319 ,10.335,23.574195,87.30245500000001 ,20.80733642578125,80.33216504310646 ,50920.0,10:19:31 AM,1572670171881
3.236 ,3.353 ,12.604,23.574195,87.30245500000001 ,20.80733642578125,80.33216504310646 ,50920.0,10:19:31 AM,1572670171882
4.908 ,2.402 ,9.832,23.574195,87.30245500000001 ,20.80733642578125,80.33216504310646 ,50920.0,10:19:31 AM,1572670171889
7.306 ,0.44 ,12.206,23.574195,87.30245500000001 ,20.80733642578125,80.33216504310646 ,50920.0,10:19:31 AM,1572670171890
3.778 ,-0.384 ,10.846,23.574195,87.30245500000001 ,20.80733642578125,80.33216504310646 ,50920.0,10:19:31 AM,1572670171890
1.821 ,-0.499 ,10.628,23.574195,87.30245500000001 ,20.80733642578125,80.33216504310646 ,50920.0,10:19:31 AM,1572670171891
-2.277 ,-1.125 ,9.214,23.574195,87.30245500000001 ,20.80733642578125,80.33216504310646 ,50920.0,10:19:31 AM,1572670171899
-4.703 ,0.681 ,16.17,23.574195,87.30245500000001 ,20.80733642578125,80.33216504310646 ,50920.0,10:19:31 AM,1572670171899
-7.159 ,4.577 ,21.018,23.574195,87.30245500000001 ,20.80733642578125,80.33216504310646 ,50920.0,10:19:31 AM,1572670171901
-9.193 ,6.557 ,18.479,23.574195,87.30245500000001 ,20.80733642578125,80.33216504310646 ,50920.0,10:19:31 AM,1572670171902
-9.394 ,1.06 ,8.425,23.574195,87.30245500000001 ,20.80733642578125,80.33216504310646 ,50920.0,10:19:31 AM,1572670171906
-6.959 ,-5.195 ,2.721,23.574195,87.30245500000001 ,20.80733642578125,80.33216504310646 ,50920.0,10:19:31 AM,1572670171907
-4.389 ,-6.498 ,2.293,23.574195,87.30245500000001 ,20.80733642578125,80.33216504310646 ,50920.0,10:19:31 AM,1572670171911
-1.712 ,-1.181 ,14.111,23.574195,87.30245500000001 ,20.80733642578125,80.33216504310646 ,50920.0,10:19:31 AM,1572670171912
2.163 ,5.487 ,26.5,23.574195,87.30245500000001 ,20.80733642578125,80.33216504310646 ,50920.0,10:19:31 AM,1572670171917
1.283 ,5.986 ,22.032,23.574195,87.30245500000001 ,20.80733642578125,80.33216504310646 ,50920.0,10:19:31 AM,1572670171917
4.661 ,0.56 ,19.584,23.574195,87.30245500000001 ,20.80733642578125,80.33216504310646 ,50920.0,10:19:31 AM,1572670171920
0.546 ,-2.184 ,9.935,23.574195,87.30245500000001 ,20.80733642578125,80.33216504310646 ,50920.0,10:19:31 AM,1572670171921
-2.881 ,-0.634 ,6.401,23.574195,87.30245500000001 ,20.80733642578125,80.33216504310646 ,50920.0,10:19:31 AM,1572670171927
-2.93 ,3.696 ,9.87,23.574195,87.30245500000001 ,20.80733642578125,80.33216504310646 ,50920.0,10:19:31 AM,1572670171927
-6.55 ,4.988 ,12.792,23.574195,87.30245500000001 ,20.80733642578125,80.33216504310646 ,50920.0,10:19:31 AM,1572670171932
-7.399 ,3.745 ,13.686,23.574195,87.30245500000001 ,20.80733642578125,80.33216504310646 ,50920.0,10:19:31 AM,1572670171933
-8.817 ,2.786 ,9.097,23.574195,87.30245500000001 ,20.80733642578125,80.33216504310646 ,50920.0,10:19:31 AM,1572670171937
-7.315 ,4.55 ,9.169,23.574195,87.30245500000001 ,20.80733642578125,80.33216504310646 ,50920.0,10:19:31 AM,1572670171937
-5.647 ,3.105 ,5.58,23.574195,87.30245500000001 ,20.80733642578125,80.33216504310646 ,50920.0,10:19:31 AM,1572670171941
-5.443 ,-2.424 ,-4.314,23.574195,87.30245500000001 ,20.80733642578125,80.33216504310646 ,50920.0,10:19:31 AM,1572670171942
-2.128 ,-5.818 ,-8.723,23.574195,87.30245500000001 ,20.80733642578125,80.33216504310646 ,50920.0,10:19:31 AM,1572670171951
0.072 ,-3.737 ,-2.133,23.574195,87.30245500000001 ,20.80733642578125,80.33216504310646 ,50920.0,10:19:31 AM,1572670171951
-0.58 ,2.498 ,7.28,23.574195,87.30245500000001 ,20.80733642578125,80.33216504310646 ,50920.0,10:19:31 AM,1572670171952
-0.752 ,7.701 ,19.059,23.574195,87.30245500000001 ,20.80733642578125,80.33216504310646 ,50920.0,10:19:31 AM,1572670171953
-1.414 ,6.635 ,17.044,23.574195,87.30245500000001 ,20.80733642578125,80.33216504310646 ,50920.0,10:19:31 AM,1572670171956
-0.5 ,2.625 ,17.585,23.574195,87.30245500000001 ,20.80733642578125,80.33216504310646 ,50920.0,10:19:31 AM,1572670171957
-1.259 ,-0.152 ,17.84,23.574195,87.30245500000001 ,20.80733642578125,80.33216504310646 ,50920.0,10:19:31 AM,1572670171960
-1.864 ,0.341 ,20.258,23.574195,87.30245500000001 ,20.80733642578125,80.33216504310646 ,50920.0,10:19:31 AM,1572670171964
-0.664 ,6.477 ,26.253,23.574195,87.30245500000001 ,20.80733642578125,80.33216504310646 ,50920.0,10:19:31 AM,1572670171969
2.684 ,8.022 ,25.025,23.574195,87.30245500000001 ,20.80733642578125,80.33216504310646 ,50920.0,10:19:31 AM,1572670171970
2.363 ,3.663 ,9.499,23.574195,87.30245500000001 ,20.80733642578125,80.33216504310646 ,50920.0,10:19:31 AM,1572670171971
4.967 ,0.191 ,-2.276,23.574195,87.30245500000001 ,20.80733642578125,80.33216504310646 ,50920.0,10:19:31 AM,1572670171972
