x,y,z,latitude,longitude,speed,sound,light,time,timestamp
3.693 ,5.118 ,9.954,23.567496666666663,87.29880999999999 ,56.195930099487306,89.09432856079526 ,32075.0,10:17:28 AM,1572670048135
2.575 ,8.338 ,16.396,23.567496666666663,87.29880999999999 ,56.195930099487306,89.09432856079526 ,32075.0,10:17:28 AM,1572670048135
0.632 ,5.764 ,17.876,23.567496666666663,87.29880999999999 ,56.195930099487306,89.09432856079526 ,32075.0,10:17:28 AM,1572670048140
-0.401 ,3.375 ,14.617,23.567496666666663,87.29880999999999 ,56.195930099487306,89.09432856079526 ,32075.0,10:17:28 AM,1572670048140
-2.824 ,1.875 ,6.152,23.567496666666663,87.29880999999999 ,56.195930099487306,89.09432856079526 ,32075.0,10:17:28 AM,1572670048145
-0.654 ,2.71 ,8.393,23.567496666666663,87.29880999999999 ,56.195930099487306,89.09432856079526 ,32075.0,10:17:28 AM,1572670048145
-1.915 ,6.055 ,10.701,23.567496666666663,87.29880999999999 ,56.195930099487306,89.09432856079526 ,32075.0,10:17:28 AM,1572670048149
-2.548 ,8.655 ,11.191,23.567496666666663,87.29880999999999 ,56.195930099487306,89.09432856079526 ,32075.0,10:17:28 AM,1572670048149
-0.004 ,7.91 ,13.301,23.567496666666663,87.29880999999999 ,56.195930099487306,89.09432856079526 ,32075.0,10:17:28 AM,1572670048157
-2.276 ,5.357 ,12.008,23.567496666666663,87.29880999999999 ,56.195930099487306,89.09432856079526 ,32075.0,10:17:28 AM,1572670048157
-2.279 ,4.707 ,7.271,23.567496666666663,87.29880999999999 ,56.195930099487306,89.09432856079526 ,32075.0,10:17:28 AM,1572670048160
0.272 ,4.248 ,5.46,23.567496666666663,87.29880999999999 ,56.195930099487306,89.09432856079526 ,32075.0,10:17:28 AM,1572670048160
1.118 ,3.685 ,6.554,23.567496666666663,87.29880999999999 ,56.195930099487306,89.09432856079526 ,32075.0,10:17:28 AM,1572670048165
1.515 ,3.246 ,2.671,23.567496666666663,87.29880999999999 ,56.195930099487306,89.09432856079526 ,32075.0,10:17:28 AM,1572670048166
3.361 ,1.841 ,2.396,23.567496666666663,87.29880999999999 ,56.195930099487306,89.09432856079526 ,32075.0,10:17:28 AM,1572670048172
1.706 ,0.135 ,1.264,23.567496666666663,87.29880999999999 ,56.195930099487306,89.09432856079526 ,32075.0,10:17:28 AM,1572670048173
1.08 ,1.027 ,4.503,23.567496666666663,87.29880999999999 ,56.195930099487306,89.09432856079526 ,32075.0,10:17:28 AM,1572670048175
0.28 ,2.479 ,5.088,23.567496666666663,87.29880999999999 ,56.195930099487306,89.09432856079526 ,32075.0,10:17:28 AM,1572670048175
0.294 ,5.199 ,9.48,23.567496666666663,87.29880999999999 ,56.195930099487306,89.09432856079526 ,32075.0,10:17:28 AM,1572670048180
-1.097 ,7.831 ,14.951,23.567496666666663,87.29880999999999 ,56.195930099487306,89.09432856079526 ,32075.0,10:17:28 AM,1572670048180
-2.488 ,10.351 ,16.112,23.567496666666663,87.29880999999999 ,56.195930099487306,89.09432856079526 ,32075.0,10:17:28 AM,1572670048185
-1.735 ,9.125 ,17.011,23.567496666666663,87.29880999999999 ,56.195930099487306,89.09432856079526 ,32075.0,10:17:28 AM,1572670048186
-1.977 ,4.401 ,11.456,23.567496666666663,87.29880999999999 ,56.195930099487306,89.09432856079526 ,32075.0,10:17:28 AM,1572670048192
-1.733 ,-0.426 ,7.527,23.567496666666663,87.29880999999999 ,56.195930099487306,89.09432856079526 ,32075.0,10:17:28 AM,1572670048193
1.154 ,-1.114 ,6.081,23.567496666666663,87.29880999999999 ,56.195930099487306,89.09432856079526 ,31836.0,10:17:28 AM,1572670048194
0.88 ,2.263 ,7.061,23.567496666666663,87.29880999999999 ,56.195930099487306,89.09432856079526 ,31836.0,10:17:28 AM,1572670048195
2.735 ,5.227 ,13.681,23.567496666666663,87.29880999999999 ,56.195930099487306,89.09432856079526 ,31836.0,10:17:28 AM,1572670048199
1.533 ,7.518 ,13.052,23.567496666666663,87.29880999999999 ,56.195930099487306,89.09432856079526 ,31836.0,10:17:28 AM,1572670048200
0.085 ,5.427 ,11.811,23.567496666666663,87.29880999999999 ,56.195930099487306,89.09432856079526 ,31836.0,10:17:28 AM,1572670048207
-2.564 ,2.683 ,3.676,23.567496666666663,87.29880999999999 ,56.195930099487306,89.09432856079526 ,31836.0,10:17:28 AM,1572670048207
-2.895 ,-0.012 ,4.359,23.567496666666663,87.29880999999999 ,56.195930099487306,89.09432856079526 ,31836.0,10:17:28 AM,1572670048209
-2.352 ,1.953 ,4.275,23.567496666666663,87.29880999999999 ,56.195930099487306,89.09432856079526 ,31836.0,10:17:28 AM,1572670048210
-1.456 ,3.262 ,2.273,23.567496666666663,87.29880999999999 ,56.195930099487306,89.09432856079526 ,31836.0,10:17:28 AM,1572670048215
2.034 ,3.609 ,7.049,23.567496666666663,87.29880999999999 ,56.195930099487306,89.09432856079526 ,31836.0,10:17:28 AM,1572670048215
4.306 ,4.162 ,12.742,23.567496666666663,87.29880999999999 ,56.195930099487306,89.54294148395194 ,31836.0,10:17:28 AM,1572670048221
4.836 ,4.511 ,13.137,23.567496666666663,87.29880999999999 ,56.195930099487306,89.54294148395194 ,31836.0,10:17:28 AM,1572670048221
3.768 ,3.557 ,13.948,23.567496666666663,87.29880999999999 ,56.195930099487306,89.54294148395194 ,31836.0,10:17:28 AM,1572670048224
2.554 ,0.378 ,15.899,23.567496666666663,87.29880999999999 ,56.195930099487306,89.54294148395194 ,31836.0,10:17:28 AM,1572670048225
-0.733 ,-1.241 ,8.994,23.567496666666663,87.29880999999999 ,56.195930099487306,89.54294148395194 ,31836.0,10:17:28 AM,1572670048229
-2.39 ,-0.465 ,7.804,23.567496666666663,87.29880999999999 ,56.195930099487306,89.54294148395194 ,31836.0,10:17:28 AM,1572670048230
-4.266 ,1.11 ,8.254,23.567496666666663,87.29880999999999 ,56.195930099487306,89.54294148395194 ,31836.0,10:17:28 AM,1572670048234
-5.948 ,5.189 ,13.171,23.567496666666663,87.29880999999999 ,56.195930099487306,89.54294148395194 ,31836.0,10:17:28 AM,1572670048235
-5.837 ,7.818 ,15.766,23.567496666666663,87.29880999999999 ,56.195930099487306,89.54294148395194 ,31836.0,10:17:28 AM,1572670048240
-5.212 ,6.766 ,16.483,23.567496666666663,87.29880999999999 ,56.195930099487306,89.54294148395194 ,31836.0,10:17:28 AM,1572670048241
-5.626 ,3.053 ,12.309,23.567496666666663,87.29880999999999 ,56.195930099487306,89.54294148395194 ,31836.0,10:17:28 AM,1572670048245
-2.835 ,-1.381 ,7.721,23.567496666666663,87.29880999999999 ,56.195930099487306,89.54294148395194 ,31836.0,10:17:28 AM,1572670048245
-0.982 ,-2.968 ,1.357,23.567496666666663,87.29880999999999 ,56.195930099487306,89.54294148395194 ,31836.0,10:17:28 AM,1572670048249
1.102 ,-3.318 ,2.952,23.567496666666663,87.29880999999999 ,56.195930099487306,89.54294148395194 ,31836.0,10:17:28 AM,1572670048250
2.173 ,0.318 ,10.172,23.567496666666663,87.29880999999999 ,56.195930099487306,89.54294148395194 ,31836.0,10:17:28 AM,1572670048255
1.396 ,5.011 ,15.253,23.567496666666663,87.29880999999999 ,56.195930099487306,89.54294148395194 ,31836.0,10:17:28 AM,1572670048256
0.57 ,6.799 ,17.534,23.567496666666663,87.29880999999999 ,56.195930099487306,89.54294148395194 ,31836.0,10:17:28 AM,1572670048259
-0.932 ,4.253 ,14.393,23.567496666666663,87.29880999999999 ,56.195930099487306,89.54294148395194 ,31836.0,10:17:28 AM,1572670048260
-3.148 ,2.985 ,8.702,23.567496666666663,87.29880999999999 ,56.195930099487306,89.54294148395194 ,31836.0,10:17:28 AM,1572670048267
-1.881 ,4.619 ,6.128,23.567496666666663,87.29880999999999 ,56.195930099487306,89.54294148395194 ,31836.0,10:17:28 AM,1572670048267
-1.303 ,5.668 ,3.319,23.567496666666663,87.29880999999999 ,56.195930099487306,89.54294148395194 ,31836.0,10:17:28 AM,1572670048273
0.305 ,8.475 ,9.169,23.567496666666663,87.29880999999999 ,56.195930099487306,89.54294148395194 ,31836.0,10:17:28 AM,1572670048273
-0.672 ,10.046 ,6.507,23.567496666666663,87.29880999999999 ,56.195930099487306,89.54294148395194 ,31836.0,10:17:28 AM,1572670048274
0.839 ,7.972 ,6.276,23.567496666666663,87.29880999999999 ,56.195930099487306,89.54294148395194 ,31836.0,10:17:28 AM,1572670048274
1.325 ,3.532 ,3.64,23.567496666666663,87.29880999999999 ,56.195930099487306,89.54294148395194 ,31836.0,10:17:28 AM,1572670048279
-1.211 ,0.217 ,-0.678,23.567496666666663,87.29880999999999 ,56.195930099487306,89.54294148395194 ,31836.0,10:17:28 AM,1572670048280
1.306 ,1.385 ,2.638,23.567496666666663,87.29880999999999 ,56.195930099487306,89.54294148395194 ,31836.0,10:17:28 AM,1572670048283
0.792 ,1.419 ,0.515,23.567496666666663,87.29880999999999 ,56.195930099487306,89.54294148395194 ,31836.0,10:17:28 AM,1572670048284
0.762 ,2.405 ,8.356,23.567496666666663,87.29880999999999 ,56.195930099487306,89.54294148395194 ,31836.0,10:17:28 AM,1572670048289
-0.127 ,3.778 ,6.586,23.567496666666663,87.29880999999999 ,56.195930099487306,89.54294148395194 ,31836.0,10:17:28 AM,1572670048290
-0.949 ,2.206 ,8.986,23.567496666666663,87.29880999999999 ,56.195930099487306,89.54294148395194 ,31836.0,10:17:28 AM,1572670048295
-0.194 ,0.599 ,9.736,23.567496666666663,87.29880999999999 ,56.195930099487306,89.54294148395194 ,31836.0,10:17:28 AM,1572670048296
-2.168 ,-0.056 ,11.477,23.567496666666663,87.29880999999999 ,56.195930099487306,89.54294148395194 ,31836.0,10:17:28 AM,1572670048299
-0.7 ,2.564 ,16.409,23.567496666666663,87.29880999999999 ,56.195930099487306,89.54294148395194 ,31836.0,10:17:28 AM,1572670048299
-0.712 ,5.062 ,14.192,23.567496666666663,87.29880999999999 ,56.195930099487306,89.54294148395194 ,31836.0,10:17:28 AM,1572670048304
0.418 ,3.711 ,18.387,23.567496666666663,87.29880999999999 ,56.195930099487306,89.54294148395194 ,31836.0,10:17:28 AM,1572670048305
-0.152 ,3.093 ,14.41,23.567496666666663,87.29880999999999 ,56.195930099487306,89.54294148395194 ,31836.0,10:17:28 AM,1572670048309
0.188 ,2.51 ,16.663,23.567496666666663,87.29880999999999 ,56.195930099487306,89.54294148395194 ,31836.0,10:17:28 AM,1572670048309
0.252 ,1.642 ,15.481,23.567496666666663,87.29880999999999 ,56.195930099487306,89.54294148395194 ,31836.0,10:17:28 AM,1572670048313
0.541 ,-1.144 ,14.417,23.567496666666663,87.29880999999999 ,56.195930099487306,89.54294148395194 ,31836.0,10:17:28 AM,1572670048314
0.489 ,-3.63 ,10.039,23.567496666666663,87.29880999999999 ,56.195930099487306,89.54294148395194 ,31836.0,10:17:28 AM,1572670048322
-0.119 ,-3.192 ,5.362,23.567496666666663,87.29880999999999 ,56.195930099487306,89.54294148395194 ,31836.0,10:17:28 AM,1572670048322
-0.155 ,-2.703 ,7.15,23.567496666666663,87.29880999999999 ,56.195930099487306,89.54294148395194 ,31836.0,10:17:28 AM,1572670048324
-1.611 ,1.817 ,9.729,23.567496666666663,87.29880999999999 ,56.195930099487306,89.54294148395194 ,31836.0,10:17:28 AM,1572670048325
-4.052 ,6.543 ,14.835,23.567496666666663,87.29880999999999 ,56.195930099487306,89.54294148395194 ,31836.0,10:17:28 AM,1572670048331
-5.315 ,9.093 ,16.945,23.567496666666663,87.29880999999999 ,56.195930099487306,89.54294148395194 ,31836.0,10:17:28 AM,1572670048332
-4.693 ,7.805 ,16.927,23.567496666666663,87.29880999999999 ,56.195930099487306,89.54294148395194 ,31836.0,10:17:28 AM,1572670048335
-6.358 ,6.653 ,6.596,23.567496666666663,87.29880999999999 ,56.195930099487306,89.54294148395194 ,31836.0,10:17:28 AM,1572670048336
-3.123 ,5.089 ,-0.927,23.567496666666663,87.29880999999999 ,56.195930099487306,89.54294148395194 ,31836.0,10:17:28 AM,1572670048341
2.061 ,1.59 ,-5.574,23.567496666666663,87.29880999999999 ,56.195930099487306,89.54294148395194 ,31836.0,10:17:28 AM,1572670048341
2.678 ,1.734 ,-6.181,23.567496666666663,87.29880999999999 ,56.195930099487306,89.54294148395194 ,31836.0,10:17:28 AM,1572670048344
5.698 ,5.263 ,1.688,23.567496666666663,87.29880999999999 ,56.195930099487306,89.54294148395194 ,31836.0,10:17:28 AM,1572670048345
6.679 ,8.461 ,10.794,23.567496666666663,87.29880999999999 ,56.195930099487306,89.54294148395194 ,31836.0,10:17:28 AM,1572670048348
5.033 ,7.307 ,13.659,23.567496666666663,87.29880999999999 ,56.195930099487306,89.54294148395194 ,31836.0,10:17:28 AM,1572670048349
3.072 ,3.969 ,11.045,23.567496666666663,87.29880999999999 ,56.195930099487306,89.54294148395194 ,31836.0,10:17:28 AM,1572670048354
1.946 ,-0.425 ,5.776,23.567496666666663,87.29880999999999 ,56.195930099487306,89.54294148395194 ,31836.0,10:17:28 AM,1572670048355
1.396 ,-1.387 ,3.571,23.567496666666663,87.29880999999999 ,56.195930099487306,89.54294148395194 ,31836.0,10:17:28 AM,1572670048359
-2.283 ,1.492 ,4.452,23.567496666666663,87.29880999999999 ,56.195930099487306,89.54294148395194 ,31836.0,10:17:28 AM,1572670048360
-2.391 ,5.638 ,8.515,23.567496666666663,87.29880999999999 ,56.195930099487306,89.54294148395194 ,31836.0,10:17:28 AM,1572670048364
-2.306 ,7.258 ,13.906,23.567496666666663,87.29880999999999 ,56.195930099487306,89.54294148395194 ,31836.0,10:17:28 AM,1572670048364
-2.461 ,4.768 ,18.935,23.567496666666663,87.29880999999999 ,56.195930099487306,89.54294148395194 ,31836.0,10:17:28 AM,1572670048372
-2.523 ,3.876 ,20.032,23.567496666666663,87.29880999999999 ,56.195930099487306,89.54294148395194 ,31836.0,10:17:28 AM,1572670048372
0.791 ,3.383 ,22.863,23.567496666666663,87.29880999999999 ,56.195930099487306,89.54294148395194 ,31836.0,10:17:28 AM,1572670048374
3.407 ,1.872 ,13.891,23.567496666666663,87.29880999999999 ,56.195930099487306,89.54294148395194 ,31836.0,10:17:28 AM,1572670048374
5.833 ,-1.304 ,8.382,23.567496666666663,87.29880999999999 ,56.195930099487306,89.54294148395194 ,31836.0,10:17:28 AM,1572670048379
5.823 ,1.701 ,4.19,23.567496666666663,87.29880999999999 ,56.195930099487306,89.54294148395194 ,31836.0,10:17:28 AM,1572670048379
