x,y,z,latitude,longitude,speed,sound,light,time,timestamp
0.114852905 ,9.633499 ,-1.1030884,23.55126352,87.29666806 ,0.0,63.86248869933211 ,1.0,21:30:27 PM,1574006427558
0.090927124 ,9.633499 ,-1.0935211,23.55126352,87.29666806 ,0.0,63.86248869933211 ,1.0,21:30:27 PM,1574006427561
0.110076904 ,9.664612 ,-1.076767,23.55126352,87.29666806 ,0.0,63.86248869933211 ,1.0,21:30:27 PM,1574006427566
0.1483612 ,9.676575 ,-1.1294098,23.55126352,87.29666806 ,0.0,63.86248869933211 ,1.0,21:30:27 PM,1574006427572
0.16749573 ,9.686142 ,-1.1318054,23.55126352,87.29666806 ,0.0,63.86248869933211 ,1.0,21:30:27 PM,1574006427575
0.19142151 ,9.671783 ,-1.146164,23.55126352,87.29666806 ,0.0,63.86248869933211 ,1.0,21:30:27 PM,1574006427581
0.13877869 ,9.664612 ,-1.1413727,23.55126352,87.29666806 ,0.0,63.86248869933211 ,1.0,21:30:27 PM,1574006427585
0.15792847 ,9.67897 ,-1.0983124,23.55126352,87.29666806 ,0.0,63.86248869933211 ,1.0,21:30:27 PM,1574006427591
0.1986084 ,9.674179 ,-1.0983124,23.55126352,87.29666806 ,0.0,63.86248869933211 ,1.0,21:30:27 PM,1574006427596
0.21057129 ,9.6263275 ,-1.0983124,23.55126352,87.29666806 ,0.0,63.86248869933211 ,1.0,21:30:27 PM,1574006427600
0.19621277 ,9.657425 ,-1.0432739,23.55126352,87.29666806 ,0.0,63.86248869933211 ,1.0,21:30:27 PM,1574006427606
0.20578003 ,9.621536 ,-1.0576324,23.55126352,87.29666806 ,0.0,63.86248869933211 ,1.0,21:30:27 PM,1574006427610
0.19142151 ,9.63829 ,-1.0432739,23.55126352,87.29666806 ,0.0,63.86248869933211 ,1.0,21:30:27 PM,1574006427615
0.23928833 ,9.662216 ,-1.002594,23.55126352,87.29666806 ,0.0,63.86248869933211 ,1.0,21:30:27 PM,1574006427622
0.27038574 ,9.669403 ,-1.0504456,23.55126352,87.29666806 ,0.0,63.86248869933211 ,1.0,21:30:27 PM,1574006427624
0.22492981 ,9.652649 ,-1.0576324,23.55126352,87.29666806 ,0.0,63.86248869933211 ,1.0,21:30:27 PM,1574006427630
0.1986084 ,9.671783 ,-0.9499512,23.55126352,87.29666806 ,0.0,63.86248869933211 ,1.0,21:30:27 PM,1574006427634
0.16749573 ,9.628723 ,-1.0791626,23.55126352,87.29666806 ,0.0,63.86248869933211 ,1.0,21:30:27 PM,1574006427641
0.13160706 ,9.61676 ,-1.0193481,23.55126352,87.29666806 ,0.0,63.86248869933211 ,1.0,21:30:27 PM,1574006427645
0.1603241 ,9.662216 ,-1.0480499,23.55126352,87.29666806 ,0.0,63.86248869933211 ,1.0,21:30:27 PM,1574006427649
0.26081848 ,9.63829 ,-0.94277954,23.55126352,87.29666806 ,0.0,63.86248869933211 ,1.0,21:30:27 PM,1574006427655
0.36610413 ,9.908676 ,-1.2897339,23.55126352,87.29666806 ,0.0,63.86248869933211 ,1.0,21:30:27 PM,1574006427659
0.0765686 ,10.37767 ,0.8757782,23.55126352,87.29666806 ,0.0,63.86248869933211 ,1.0,21:30:27 PM,1574006427664
-0.102890015 ,7.5804596 ,-5.3766785,23.55126352,87.29666806 ,0.0,63.86248869933211 ,1.0,21:30:27 PM,1574006427669
0.1986084 ,9.810577 ,-0.21057129,23.55126352,87.29666806 ,0.0,63.86248869933211 ,1.0,21:30:27 PM,1574006427675
0.28953552 ,11.064407 ,1.7324066,23.55126352,87.29666806 ,0.0,63.86248869933211 ,1.0,21:30:27 PM,1574006427680
-0.102890015 ,9.207581 ,-1.1533356,23.55126352,87.29666806 ,0.0,63.86248869933211 ,1.0,21:30:27 PM,1574006427684
0.63648987 ,9.585648 ,-1.8807526,23.55126352,87.29666806 ,0.0,63.86248869933211 ,1.0,21:30:27 PM,1574006427690
0.8422699 ,10.329819 ,-0.830307,23.55126352,87.29666806 ,0.0,63.86248869933211 ,1.0,21:30:27 PM,1574006427694
1.0743713 ,9.949356 ,0.91166687,23.55126352,87.29666806 ,0.0,63.86248869933211 ,1.0,21:30:27 PM,1574006427699
-0.2416687 ,8.092529 ,-3.900299,23.55126352,87.29666806 ,0.0,63.86248869933211 ,1.0,21:30:27 PM,1574006427706
-1.6630096 ,9.812973 ,-2.663208,23.55126352,87.29666806 ,0.0,63.86248869933211 ,1.0,21:30:27 PM,1574006427709
0.105285645 ,10.48056 ,1.6773682,23.55126352,87.29666806 ,0.0,63.86248869933211 ,1.0,21:30:27 PM,1574006427714
0.99302673 ,9.217148 ,0.92123413,23.55126352,87.29666806 ,0.0,63.86248869933211 ,1.0,21:30:27 PM,1574006427718
0.928421 ,9.073578 ,-1.524231,23.55126352,87.29666806 ,0.0,63.86248869933211 ,1.0,21:30:27 PM,1574006427724
0.72024536 ,9.454041 ,-2.1176453,23.55126352,87.29666806 ,0.0,63.86248869933211 ,1.0,21:30:27 PM,1574006427729
0.2536316 ,9.549759 ,-1.179657,23.55126352,87.29666806 ,0.0,63.86248869933211 ,1.0,21:30:27 PM,1574006427733
-0.7465668 ,8.767303 ,-2.8330994,23.55126352,87.29666806 ,0.0,63.86248869933211 ,1.0,21:30:27 PM,1574006427739
-0.71784973 ,9.521042 ,-0.59580994,23.55126352,87.29666806 ,0.0,63.86248869933211 ,1.0,21:30:27 PM,1574006427743
0.74894714 ,10.700699 ,0.35414124,23.55126352,87.29666806 ,0.0,63.86248869933211 ,1.0,21:30:27 PM,1574006427748
1.1198425 ,10.279572 ,-0.8159485,23.55126352,87.29666806 ,0.0,63.86248869933211 ,1.0,21:30:27 PM,1574006427752
0.6652069 ,9.511475 ,-0.26081848,23.55126352,87.29666806 ,0.0,63.86248869933211 ,1.0,21:30:27 PM,1574006427759
0.38046265 ,9.341583 ,-1.2681885,23.55126352,87.29666806 ,0.0,63.86248869933211 ,1.0,21:30:27 PM,1574006427763
-0.27038574 ,10.025925 ,-3.1202393,23.55126352,87.29666806 ,0.0,63.86248869933211 ,1.0,21:30:27 PM,1574006427768
-0.8829498 ,9.6957245 ,-3.2063751,23.55126352,87.29666806 ,0.0,63.86248869933211 ,1.0,21:30:27 PM,1574006427774
0.124420166 ,9.281754 ,1.0384827,23.55126352,87.29666806 ,0.0,75.49211190569676 ,1.0,21:30:27 PM,1574006427778
0.89730835 ,9.501892 ,1.0049896,23.55126352,87.29666806 ,0.0,75.49211190569676 ,1.0,21:30:27 PM,1574006427782
0.6891327 ,10.449463 ,-0.55752563,23.55126352,87.29666806 ,0.0,75.49211190569676 ,1.0,21:30:27 PM,1574006427790
0.8063812 ,9.985245 ,-2.0841522,23.55126352,87.29666806 ,0.0,75.49211190569676 ,1.0,21:30:27 PM,1574006427794
0.5240326 ,9.150162 ,-1.935791,23.55126352,87.29666806 ,0.0,75.49211190569676 ,1.0,21:30:27 PM,1574006427798
-0.5168457 ,8.882156 ,-2.7900238,23.55126352,87.29666806 ,0.0,75.49211190569676 ,1.0,21:30:27 PM,1574006427803
-0.9451599 ,9.384644 ,-2.1559296,23.55126352,87.29666806 ,0.0,75.49211190569676 ,1.0,21:30:27 PM,1574006427810
0.028717041 ,10.332214 ,0.14596558,23.55126352,87.29666806 ,0.0,75.49211190569676 ,1.0,21:30:27 PM,1574006427813
1.076767 ,10.238892 ,-0.1531372,23.55126352,87.29666806 ,0.0,75.49211190569676 ,1.0,21:30:27 PM,1574006427817
1.306488 ,9.951752 ,-0.33738708,23.55126352,87.29666806 ,0.0,75.49211190569676 ,1.0,21:30:27 PM,1574006427824
1.3830566 ,9.88475 ,-0.39959717,23.55126352,87.29666806 ,0.0,75.49211190569676 ,1.0,21:30:27 PM,1574006427828
0.5431671 ,10.001999 ,-1.1557312,23.55126352,87.29666806 ,0.0,75.49211190569676 ,1.0,21:30:27 PM,1574006427832
-0.44984436 ,9.815353 ,-1.9956207,23.55126352,87.29666806 ,0.0,75.49211190569676 ,1.0,21:30:27 PM,1574006427840
-0.1986084 ,9.133408 ,-1.6749725,23.55126352,87.29666806 ,0.0,75.49211190569676 ,1.0,21:30:27 PM,1574006427842
0.35653687 ,9.360718 ,-0.59820557,23.55126352,87.29666806 ,0.0,75.49211190569676 ,1.0,21:30:27 PM,1574006427848
0.87815857 ,10.0785675 ,-0.38285828,23.55126352,87.29666806 ,0.0,75.49211190569676 ,1.0,21:30:27 PM,1574006427851
1.0983124 ,9.765106 ,-1.2897339,23.55126352,87.29666806 ,0.0,75.49211190569676 ,1.0,21:30:27 PM,1574006427861
0.5934143 ,8.858231 ,-1.0049896,23.55126352,87.29666806 ,0.0,75.49211190569676 ,1.0,21:30:27 PM,1574006427863
-0.07896423 ,8.717056 ,-0.928421,23.55126352,87.29666806 ,0.0,75.49211190569676 ,1.0,21:30:27 PM,1574006427866
-0.39720154 ,9.140579 ,-2.3018951,23.55126352,87.29666806 ,0.0,75.49211190569676 ,1.0,21:30:27 PM,1574006427874
0.04067993 ,9.348755 ,-2.5986023,23.55126352,87.29666806 ,0.0,75.49211190569676 ,1.0,21:30:27 PM,1574006427876
0.79681396 ,9.379868 ,-1.2131653,23.55126352,87.29666806 ,0.0,75.49211190569676 ,1.0,21:30:27 PM,1574006427881
1.1557312 ,10.155136 ,1.0193481,23.55126352,87.29666806 ,0.0,75.49211190569676 ,1.0,21:30:27 PM,1574006427890
1.105484 ,10.167099 ,-0.4737854,23.55126352,87.29666806 ,0.0,75.49211190569676 ,1.0,21:30:27 PM,1574006427892
0.7010956 ,10.128815 ,-1.8783722,23.55126352,87.29666806 ,0.0,75.49211190569676 ,1.0,21:30:27 PM,1574006427896
0.46420288 ,10.243668 ,-1.6295166,23.55126352,87.29666806 ,0.0,75.49211190569676 ,1.0,21:30:27 PM,1574006427901
0.052642822 ,10.042679 ,-2.9407806,23.55126352,87.29666806 ,0.0,75.49211190569676 ,1.0,21:30:27 PM,1574006427906
-0.3517456 ,10.018753 ,-2.5938263,23.55126352,87.29666806 ,0.0,75.49211190569676 ,1.0,21:30:27 PM,1574006427911
-0.028717041 ,10.231705 ,-0.67237854,23.55126352,87.29666806 ,0.0,75.49211190569676 ,1.0,21:30:27 PM,1574006427916
0.87098694 ,9.609573 ,0.033493042,23.55126352,87.29666806 ,0.0,75.49211190569676 ,1.0,21:30:27 PM,1574006427922
0.9379883 ,9.769897 ,-1.0265198,23.55126352,87.29666806 ,0.0,75.49211190569676 ,1.0,21:30:27 PM,1574006427926
0.65802 ,10.00679 ,-1.907074,23.55126352,87.29666806 ,0.0,75.49211190569676 ,1.0,21:30:27 PM,1574006427930
0.5312042 ,9.291336 ,-1.2322998,23.55126352,87.29666806 ,0.0,75.49211190569676 ,1.0,21:30:27 PM,1574006427935
0.08135986 ,9.011368 ,-0.093322754,23.55126352,87.29666806 ,0.0,75.49211190569676 ,1.0,21:30:27 PM,1574006427941
-0.23928833 ,9.518646 ,-0.22492981,23.55126352,87.29666806 ,0.0,75.49211190569676 ,1.0,21:30:27 PM,1574006427946
0.5048828 ,9.722046 ,-0.59580994,23.55126352,87.29666806 ,0.0,75.49211190569676 ,1.0,21:30:27 PM,1574006427950
0.87098694 ,9.406189 ,-1.2681885,23.55126352,87.29666806 ,0.0,75.49211190569676 ,1.0,21:30:27 PM,1574006427957
0.38285828 ,9.375076 ,-0.9762726,23.55126352,87.29666806 ,0.0,75.49211190569676 ,1.0,21:30:27 PM,1574006427960
0.42352295 ,9.9039 ,-0.18185425,23.55126352,87.29666806 ,0.0,75.49211190569676 ,1.0,21:30:27 PM,1574006427965
0.3517456 ,10.1814575 ,-1.5553284,23.55126352,87.29666806 ,0.0,75.49211190569676 ,1.0,21:30:27 PM,1574006427973
0.30389404 ,9.76033 ,-2.120041,23.55126352,87.29666806 ,0.0,75.49211190569676 ,1.0,21:30:27 PM,1574006427975
0.8877411 ,9.205185 ,-1.524231,23.55126352,87.29666806 ,0.0,75.49211190569676 ,1.0,21:30:27 PM,1574006427979
0.67477417 ,9.466003 ,-1.9573364,23.55126352,87.29666806 ,0.0,75.49211190569676 ,1.0,21:30:27 PM,1574006427985
-0.13400269 ,9.923035 ,-2.251648,23.55126352,87.29666806 ,0.0,75.49211190569676 ,1.0,21:30:27 PM,1574006427990
0.20578003 ,9.667007 ,-0.8566284,23.55126352,87.29666806 ,0.0,75.49211190569676 ,1.0,21:30:27 PM,1574006427995
0.78723145 ,9.272186 ,0.06460571,23.55126352,87.29666806 ,0.0,75.49211190569676 ,1.0,21:30:27 PM,1574006427999
0.4402771 ,9.511475 ,-0.4857483,23.55126352,87.29666806 ,0.0,75.49211190569676 ,1.0,21:30:28 PM,1574006428005
0.12921143 ,9.255432 ,-2.3497467,23.55126352,87.29666806 ,0.0,75.49211190569676 ,1.0,21:30:28 PM,1574006428009
0.22013855 ,9.789032 ,-0.5407715,23.55126352,87.29666806 ,0.0,75.49211190569676 ,1.0,21:30:28 PM,1574006428014
0.20100403 ,9.669403 ,-0.9786682,23.55126352,87.29666806 ,0.0,75.49211190569676 ,1.0,21:30:28 PM,1574006428019
0.35891724 ,10.442276 ,0.35653687,23.55126352,87.29666806 ,0.0,75.49211190569676 ,1.0,21:30:28 PM,1574006428025
0.5742798 ,10.384857 ,-1.5266266,23.55126352,87.29666806 ,0.0,75.49211190569676 ,1.0,21:30:28 PM,1574006428029
0.3254242 ,8.190628 ,-5.77388,23.55126352,87.29666806 ,0.0,75.49211190569676 ,1.0,21:30:28 PM,1574006428034
0.1268158 ,8.949158 ,-2.7445679,23.55126352,87.29666806 ,0.0,75.49211190569676 ,1.0,21:30:28 PM,1574006428039
-0.007171631 ,10.865814 ,0.9499512,23.55126352,87.29666806 ,0.0,75.49211190569676 ,1.0,21:30:28 PM,1574006428045
