x,y,z,latitude,longitude,speed,sound,light,time,timestamp
-0.21296692 ,9.853638 ,-1.3471527,23.55126291,87.29666898 ,0.0,67.73475066057196 ,1.0,21:30:27 PM,1574006427062
-0.086135864 ,9.734009 ,-1.3160553,23.55126291,87.29666898 ,0.0,67.73475066057196 ,1.0,21:30:27 PM,1574006427067
0.39720154 ,9.470795 ,-1.146164,23.55126291,87.29666898 ,0.0,67.73475066057196 ,1.0,21:30:27 PM,1574006427073
0.3254242 ,9.568893 ,-0.95951843,23.55126291,87.29666898 ,0.0,67.73475066057196 ,1.0,21:30:27 PM,1574006427077
0.050247192 ,9.667007 ,-0.99302673,23.55126291,87.29666898 ,0.0,67.73475066057196 ,1.0,21:30:27 PM,1574006427082
0.0143585205 ,9.789032 ,-1.0648041,23.55126291,87.29666898 ,0.0,67.73475066057196 ,1.0,21:30:27 PM,1574006427089
0.124420166 ,9.669403 ,-1.2155609,23.55126291,87.29666898 ,0.0,67.73475066057196 ,1.0,21:30:27 PM,1574006427092
0.21057129 ,9.611969 ,-1.2035828,23.55126291,87.29666898 ,0.0,67.73475066057196 ,1.0,21:30:27 PM,1574006427097
0.16989136 ,9.633499 ,-1.0695953,23.55126291,87.29666898 ,0.0,67.73475066057196 ,1.0,21:30:27 PM,1574006427101
-0.055038452 ,9.755539 ,-1.0648041,23.55126291,87.29666898 ,0.0,67.73475066057196 ,1.0,21:30:27 PM,1574006427108
-0.055038452 ,9.710068 ,-1.0480499,23.55126291,87.29666898 ,0.0,67.73475066057196 ,1.0,21:30:27 PM,1574006427112
0.20578003 ,9.568893 ,-0.9499512,23.55126291,87.29666898 ,0.0,67.73475066057196 ,1.0,21:30:27 PM,1574006427116
0.16749573 ,9.509079 ,-0.9308014,23.55126291,87.29666898 ,0.0,67.73475066057196 ,1.0,21:30:27 PM,1574006427122
-0.07417297 ,9.583252 ,-0.9403839,23.55126291,87.29666898 ,0.0,67.73475066057196 ,1.0,21:30:27 PM,1574006427127
-0.1268158 ,9.664612 ,-0.8901367,23.55126291,87.29666898 ,0.0,67.73475066057196 ,1.0,21:30:27 PM,1574006427131
-0.06460571 ,9.619141 ,-0.87815857,23.55126291,87.29666898 ,0.0,67.73475066057196 ,1.0,21:30:27 PM,1574006427139
0.15792847 ,9.640686 ,-0.96191406,23.55126291,87.29666898 ,0.0,67.73475066057196 ,1.0,21:30:27 PM,1574006427142
0.14356995 ,9.628723 ,-1.0528412,23.55126291,87.29666898 ,0.0,67.73475066057196 ,1.0,21:30:27 PM,1574006427147
-0.04547119 ,9.777069 ,-1.0408783,23.55126291,87.29666898 ,0.0,67.73475066057196 ,1.0,21:30:27 PM,1574006427151
-0.086135864 ,9.789032 ,-1.0145569,23.55126291,87.29666898 ,0.0,67.73475066057196 ,1.0,21:30:27 PM,1574006427157
-0.007171631 ,9.738785 ,-1.1533356,23.55126291,87.29666898 ,0.0,67.73475066057196 ,1.0,21:30:27 PM,1574006427161
0.033493042 ,9.705292 ,-1.2012024,23.55126291,87.29666898 ,0.0,67.73475066057196 ,1.0,21:30:27 PM,1574006427166
0.055038452 ,9.724426 ,-1.1700897,23.55126291,87.29666898 ,0.0,67.73475066057196 ,1.0,21:30:27 PM,1574006427173
-0.021530151 ,9.74118 ,-1.134201,23.55126291,87.29666898 ,0.0,67.73475066057196 ,1.0,21:30:27 PM,1574006427176
-0.06700134 ,9.726822 ,-1.134201,23.55126291,87.29666898 ,0.0,67.73475066057196 ,1.0,21:30:27 PM,1574006427180
-0.06460571 ,9.640686 ,-1.1078796,23.55126291,87.29666898 ,0.0,67.73475066057196 ,1.0,21:30:27 PM,1574006427189
-0.093322754 ,9.600006 ,-1.0624084,23.55126291,87.29666898 ,0.0,67.73475066057196 ,1.0,21:30:27 PM,1574006427191
-0.1603241 ,9.655045 ,-1.0815582,23.55126291,87.29666898 ,0.0,67.73475066057196 ,1.0,21:30:27 PM,1574006427196
-0.093322754 ,9.714859 ,-1.1772614,23.55126291,87.29666898 ,0.0,67.73475066057196 ,1.0,21:30:27 PM,1574006427200
0.009567261 ,9.676575 ,-1.1916199,23.55126291,87.29666898 ,0.0,67.73475066057196 ,1.0,21:30:27 PM,1574006427206
0.088531494 ,9.6263275 ,-1.1652985,23.55126291,87.29666898 ,0.0,67.73475066057196 ,1.0,21:30:27 PM,1574006427211
0.04307556 ,9.623932 ,-1.1006927,23.55126291,87.29666898 ,0.0,67.73475066057196 ,1.0,21:30:27 PM,1574006427215
-0.021530151 ,9.647858 ,-1.1294098,23.55126291,87.29666898 ,0.0,67.73475066057196 ,1.0,21:30:27 PM,1574006427222
0.0 ,9.647858 ,-1.208374,23.55126291,87.29666898 ,0.0,67.73475066057196 ,1.0,21:30:27 PM,1574006427225
0.1268158 ,9.59761 ,-1.1892395,23.55126291,87.29666898 ,0.0,67.73475066057196 ,1.0,21:30:27 PM,1574006427230
0.20100403 ,9.585648 ,-1.0935211,23.55126291,87.29666898 ,0.0,67.73475066057196 ,1.0,21:30:27 PM,1574006427235
0.17706299 ,9.595215 ,-0.9954071,23.55126291,87.29666898 ,0.0,67.73475066057196 ,1.0,21:30:27 PM,1574006427241
0.18424988 ,9.631119 ,-0.9882355,23.55126291,87.29666898 ,0.0,67.73475066057196 ,1.0,21:30:27 PM,1574006427245
0.21296692 ,9.655045 ,-1.0241241,23.55126291,87.29666898 ,0.0,67.73475066057196 ,1.0,21:30:27 PM,1574006427250
0.279953 ,9.585648 ,-1.0552368,23.55126291,87.29666898 ,0.0,67.73475066057196 ,1.0,21:30:27 PM,1574006427256
0.2632141 ,9.592819 ,-1.076767,23.55126291,87.29666898 ,0.0,67.73475066057196 ,1.0,21:30:27 PM,1574006427260
0.16749573 ,9.671783 ,-1.0337067,23.55126291,87.29666898 ,0.0,67.73475066057196 ,1.0,21:30:27 PM,1574006427266
0.1651001 ,9.7005005 ,-1.0695953,23.55126291,87.29666898 ,0.0,67.73475066057196 ,1.0,21:30:27 PM,1574006427273
0.22253418 ,9.662216 ,-1.0408783,23.55126291,87.29666898 ,0.0,67.73475066057196 ,1.0,21:30:27 PM,1574006427274
0.29431152 ,9.659821 ,-1.1174469,23.55126352,87.29666806 ,0.0,67.73475066057196 ,1.0,21:30:27 PM,1574006427279
0.29670715 ,9.643082 ,-1.0983124,23.55126352,87.29666806 ,0.0,67.73475066057196 ,1.0,21:30:27 PM,1574006427284
0.23928833 ,9.686142 ,-1.179657,23.55126352,87.29666806 ,0.0,67.73475066057196 ,1.0,21:30:27 PM,1574006427289
0.114852905 ,9.717255 ,-1.036087,23.55126352,87.29666806 ,0.0,67.73475066057196 ,1.0,21:30:27 PM,1574006427294
0.16749573 ,9.655045 ,-1.076767,23.55126352,87.29666806 ,0.0,63.86248869933211 ,1.0,21:30:27 PM,1574006427299
0.22253418 ,9.647858 ,-0.95951843,23.55126352,87.29666806 ,0.0,63.86248869933211 ,1.0,21:30:27 PM,1574006427305
0.20578003 ,9.731613 ,-1.0049896,23.55126352,87.29666806 ,0.0,63.86248869933211 ,1.0,21:30:27 PM,1574006427309
0.21774292 ,9.643082 ,-1.1006927,23.55126352,87.29666806 ,0.0,63.86248869933211 ,1.0,21:30:27 PM,1574006427314
0.102890015 ,9.690933 ,-1.002594,23.55126352,87.29666806 ,0.0,63.86248869933211 ,1.0,21:30:27 PM,1574006427319
0.055038452 ,9.671783 ,-0.9308014,23.55126352,87.29666806 ,0.0,63.86248869933211 ,1.0,21:30:27 PM,1574006427324
-0.009567261 ,9.631119 ,-1.1605225,23.55126352,87.29666806 ,0.0,63.86248869933211 ,1.0,21:30:27 PM,1574006427329
0.023925781 ,9.67897 ,-1.1294098,23.55126352,87.29666806 ,0.0,63.86248869933211 ,1.0,21:30:27 PM,1574006427334
0.04067993 ,9.671783 ,-1.1294098,23.55126352,87.29666806 ,0.0,63.86248869933211 ,1.0,21:30:27 PM,1574006427339
0.08135986 ,9.676575 ,-1.1557312,23.55126352,87.29666806 ,0.0,63.86248869933211 ,1.0,21:30:27 PM,1574006427344
0.050247192 ,9.63829 ,-1.0695953,23.55126352,87.29666806 ,0.0,63.86248869933211 ,1.0,21:30:27 PM,1574006427348
0.011962891 ,9.676575 ,-1.071991,23.55126352,87.29666806 ,0.0,63.86248869933211 ,1.0,21:30:27 PM,1574006427354
0.0143585205 ,9.683746 ,-1.0983124,23.55126352,87.29666806 ,0.0,63.86248869933211 ,1.0,21:30:27 PM,1574006427358
0.100494385 ,9.67897 ,-1.146164,23.55126352,87.29666806 ,0.0,63.86248869933211 ,1.0,21:30:27 PM,1574006427362
0.110076904 ,9.659821 ,-1.1222382,23.55126352,87.29666806 ,0.0,63.86248869933211 ,1.0,21:30:27 PM,1574006427367
0.023925781 ,9.647858 ,-1.0193481,23.55126352,87.29666806 ,0.0,63.86248869933211 ,1.0,21:30:27 PM,1574006427372
-0.0382843 ,9.643082 ,-1.0384827,23.55126352,87.29666806 ,0.0,63.86248869933211 ,1.0,21:30:27 PM,1574006427377
-0.0765686 ,9.614365 ,-1.0408783,23.55126352,87.29666806 ,0.0,63.86248869933211 ,1.0,21:30:27 PM,1574006427381
0.03111267 ,9.6263275 ,-1.0337067,23.55126352,87.29666806 ,0.0,63.86248869933211 ,1.0,21:30:27 PM,1574006427387
0.0765686 ,9.631119 ,-0.96191406,23.55126352,87.29666806 ,0.0,63.86248869933211 ,1.0,21:30:27 PM,1574006427392
0.110076904 ,9.647858 ,-1.0097656,23.55126352,87.29666806 ,0.0,63.86248869933211 ,1.0,21:30:27 PM,1574006427397
0.08135986 ,9.63829 ,-1.0935211,23.55126352,87.29666806 ,0.0,63.86248869933211 ,1.0,21:30:27 PM,1574006427401
0.028717041 ,9.664612 ,-0.99302673,23.55126352,87.29666806 ,0.0,63.86248869933211 ,1.0,21:30:27 PM,1574006427407
0.07417297 ,9.633499 ,-0.9714813,23.55126352,87.29666806 ,0.0,63.86248869933211 ,1.0,21:30:27 PM,1574006427411
0.07896423 ,9.643082 ,-0.9954071,23.55126352,87.29666806 ,0.0,63.86248869933211 ,1.0,21:30:27 PM,1574006427416
0.13639832 ,9.650253 ,-1.0480499,23.55126352,87.29666806 ,0.0,63.86248869933211 ,1.0,21:30:27 PM,1574006427422
0.20817566 ,9.645462 ,-0.9882355,23.55126352,87.29666806 ,0.0,63.86248869933211 ,1.0,21:30:27 PM,1574006427427
0.17945862 ,9.643082 ,-1.0265198,23.55126352,87.29666806 ,0.0,63.86248869933211 ,1.0,21:30:27 PM,1574006427432
0.0765686 ,9.667007 ,-1.0839539,23.55126352,87.29666806 ,0.0,63.86248869933211 ,1.0,21:30:27 PM,1574006427438
0.090927124 ,9.67897 ,-1.0648041,23.55126352,87.29666806 ,0.0,63.86248869933211 ,1.0,21:30:27 PM,1574006427442
0.14596558 ,9.683746 ,-1.0552368,23.55126352,87.29666806 ,0.0,63.86248869933211 ,1.0,21:30:27 PM,1574006427447
0.2416687 ,9.67897 ,-1.076767,23.55126352,87.29666806 ,0.0,63.86248869933211 ,1.0,21:30:27 PM,1574006427451
0.22970581 ,9.693329 ,-1.1844482,23.55126352,87.29666806 ,0.0,63.86248869933211 ,1.0,21:30:27 PM,1574006427457
0.17228699 ,9.7005005 ,-1.1126556,23.55126352,87.29666806 ,0.0,63.86248869933211 ,1.0,21:30:27 PM,1574006427462
0.088531494 ,9.674179 ,-1.0241241,23.55126352,87.29666806 ,0.0,63.86248869933211 ,1.0,21:30:27 PM,1574006427466
0.124420166 ,9.671783 ,-1.076767,23.55126352,87.29666806 ,0.0,63.86248869933211 ,1.0,21:30:27 PM,1574006427472
0.1986084 ,9.674179 ,-1.0983124,23.55126352,87.29666806 ,0.0,63.86248869933211 ,1.0,21:30:27 PM,1574006427477
0.18902588 ,9.628723 ,-1.0911255,23.55126352,87.29666806 ,0.0,63.86248869933211 ,1.0,21:30:27 PM,1574006427481
0.15553284 ,9.633499 ,-1.0576324,23.55126352,87.29666806 ,0.0,63.86248869933211 ,1.0,21:30:27 PM,1574006427489
0.102890015 ,9.647858 ,-1.0528412,23.55126352,87.29666806 ,0.0,63.86248869933211 ,1.0,21:30:27 PM,1574006427491
0.0765686 ,9.63829 ,-1.1437683,23.55126352,87.29666806 ,0.0,63.86248869933211 ,1.0,21:30:27 PM,1574006427496
0.122039795 ,9.643082 ,-1.076767,23.55126352,87.29666806 ,0.0,63.86248869933211 ,1.0,21:30:27 PM,1574006427501
0.17706299 ,9.669403 ,-1.036087,23.55126352,87.29666806 ,0.0,63.86248869933211 ,1.0,21:30:27 PM,1574006427507
0.19142151 ,9.690933 ,-1.1724854,23.55126352,87.29666806 ,0.0,63.86248869933211 ,1.0,21:30:27 PM,1574006427512
0.119644165 ,9.722046 ,-1.1174469,23.55126352,87.29666806 ,0.0,63.86248869933211 ,1.0,21:30:27 PM,1574006427517
0.112457275 ,9.676575 ,-1.0959167,23.55126352,87.29666806 ,0.0,63.86248869933211 ,1.0,21:30:27 PM,1574006427525
0.1483612 ,9.669403 ,-1.1413727,23.55126352,87.29666806 ,0.0,63.86248869933211 ,1.0,21:30:27 PM,1574006427527
0.14596558 ,9.707687 ,-1.146164,23.55126352,87.29666806 ,0.0,63.86248869933211 ,1.0,21:30:27 PM,1574006427532
0.21296692 ,9.671783 ,-1.0289154,23.55126352,87.29666806 ,0.0,63.86248869933211 ,1.0,21:30:27 PM,1574006427539
0.22970581 ,9.645462 ,-1.0432739,23.55126352,87.29666806 ,0.0,63.86248869933211 ,1.0,21:30:27 PM,1574006427541
0.1268158 ,9.671783 ,-1.1198425,23.55126352,87.29666806 ,0.0,63.86248869933211 ,1.0,21:30:27 PM,1574006427546
0.14596558 ,9.659821 ,-1.1294098,23.55126352,87.29666806 ,0.0,63.86248869933211 ,1.0,21:30:27 PM,1574006427550
