x,y,z,latitude,longitude,speed,sound,light,time,timestamp
0.9690857 ,15.838089 ,15.931412,23.54970129,87.29931414 ,22.463999176025393,83.10041091062816 ,0.0,21:31:20 PM,1574006480317
3.9481506 ,12.641281 ,-3.8979034,23.54970129,87.29931414 ,22.463999176025393,83.10041091062816 ,0.0,21:31:20 PM,1574006480324
5.946167 ,13.158127 ,-2.7876434,23.54970129,87.29931414 ,22.463999176025393,83.10041091062816 ,0.0,21:31:20 PM,1574006480327
3.1250305 ,9.779465 ,-1.6678009,23.54970129,87.29931414 ,22.463999176025393,83.10041091062816 ,0.0,21:31:20 PM,1574006480332
-2.979065 ,8.523239 ,-5.682953,23.54970129,87.29931414 ,22.463999176025393,83.10041091062816 ,0.0,21:31:20 PM,1574006480338
-7.463211 ,11.531006 ,-4.606186,23.54970129,87.29931414 ,22.463999176025393,83.10041091062816 ,0.0,21:31:20 PM,1574006480343
-7.8149567 ,14.629715 ,-4.689926,23.54970129,87.29931414 ,22.463999176025393,83.10041091062816 ,0.0,21:31:20 PM,1574006480348
-2.388031 ,15.187241 ,-6.558731,23.54970129,87.29931414 ,22.463999176025393,83.10041091062816 ,0.0,21:31:20 PM,1574006480357
4.902893 ,9.444473 ,-3.2183533,23.54970129,87.29931414 ,22.463999176025393,83.10041091062816 ,0.0,21:31:20 PM,1574006480359
6.9870453 ,9.590439 ,3.5533447,23.54970129,87.29931414 ,22.463999176025393,83.10041091062816 ,0.0,21:31:20 PM,1574006480362
2.1152496 ,9.047256 ,-1.524231,23.54970129,87.29931414 ,22.463999176025393,83.10041091062816 ,0.0,21:31:20 PM,1574006480367
-2.1966095 ,11.554947 ,-0.78723145,23.54970129,87.29931414 ,22.463999176025393,83.10041091062816 ,0.0,21:31:20 PM,1574006480374
-0.97387695 ,7.1976166 ,-0.7848511,23.54970129,87.29931414 ,22.463999176025393,83.10041091062816 ,0.0,21:31:20 PM,1574006480378
3.0029907 ,4.9172516 ,0.68196106,23.54970129,87.29931414 ,22.463999176025393,83.10041091062816 ,0.0,21:31:20 PM,1574006480382
6.139984 ,5.17807 ,-2.7302094,23.54970129,87.29931414 ,22.463999176025393,83.10041091062816 ,0.0,21:31:20 PM,1574006480390
3.5246277 ,8.951553 ,-4.043869,23.54970129,87.29931414 ,22.463999176025393,83.10041091062816 ,0.0,21:31:20 PM,1574006480393
-1.7611237 ,7.7024994 ,-4.8382874,23.54970129,87.29931414 ,22.463999176025393,83.10041091062816 ,0.0,21:31:20 PM,1574006480396
-1.6678009 ,12.67717 ,6.4008026,23.54970129,87.29931414 ,22.463999176025393,83.10041091062816 ,0.0,21:31:20 PM,1574006480402
0.41874695 ,7.4656067 ,-4.6133575,23.54970129,87.29931414 ,22.463999176025393,83.10041091062816 ,0.0,21:31:20 PM,1574006480409
1.9094696 ,8.090134 ,-7.8149567,23.54970129,87.29931414 ,22.463999176025393,83.10041091062816 ,0.0,21:31:20 PM,1574006480412
3.8907318 ,5.8504486 ,-13.127029,23.54970129,87.29931414 ,22.463999176025393,83.10041091062816 ,0.0,21:31:20 PM,1574006480416
2.1128693 ,7.7240295 ,-13.167709,23.54970129,87.29931414 ,22.463999176025393,83.10041091062816 ,0.0,21:31:20 PM,1574006480423
-0.21534729 ,10.856232 ,-5.85524,23.54970129,87.29931414 ,22.463999176025393,83.10041091062816 ,0.0,21:31:20 PM,1574006480427
1.2681885 ,10.724625 ,-1.8472595,23.54970129,87.29931414 ,22.463999176025393,83.10041091062816 ,0.0,21:31:20 PM,1574006480431
3.591629 ,10.1766815 ,0.22492981,23.54970129,87.29931414 ,22.463999176025393,83.10041091062816 ,0.0,21:31:20 PM,1574006480439
0.8494568 ,9.908676 ,7.133011,23.54970129,87.29931414 ,22.463999176025393,83.10041091062816 ,0.0,21:31:20 PM,1574006480442
-2.691925 ,11.641083 ,11.803787,23.54970129,87.29931414 ,22.463999176025393,83.10041091062816 ,0.0,21:31:20 PM,1574006480446
-1.3423767 ,10.167099 ,8.300705,23.54970129,87.29931414 ,22.463999176025393,83.10041091062816 ,0.0,21:31:20 PM,1574006480451
0.46899414 ,13.533798 ,10.9040985,23.54970129,87.29931414 ,22.463999176025393,83.10041091062816 ,0.0,21:31:20 PM,1574006480458
2.141571 ,12.859024 ,4.2305145,23.54970129,87.29931414 ,22.463999176025393,83.10041091062816 ,0.0,21:31:20 PM,1574006480461
4.9483643 ,12.63649 ,4.302292,23.54970129,87.29931414 ,22.463999176025393,83.10041091062816 ,0.0,21:31:20 PM,1574006480465
0.94755554 ,10.358536 ,0.74894714,23.54970129,87.29931414 ,22.463999176025393,83.10041091062816 ,0.0,21:31:20 PM,1574006480472
-1.8305054 ,7.1449738 ,-6.6424713,23.54970129,87.29931414 ,22.463999176025393,83.10041091062816 ,0.0,21:31:20 PM,1574006480475
-0.38285828 ,5.1756744 ,-13.502701,23.54970129,87.29931414 ,22.463999176025393,83.10041091062816 ,0.0,21:31:20 PM,1574006480480
0.6197357 ,3.8763733 ,-24.028732,23.54970129,87.29931414 ,22.463999176025393,83.10041091062816 ,0.0,21:31:20 PM,1574006480488
-1.9477539 ,1.2538452 ,-24.981064,23.54970129,87.29931414 ,22.463999176025393,83.10041091062816 ,0.0,21:31:20 PM,1574006480490
-5.0368958 ,8.281555 ,5.17807,23.54970129,87.29931414 ,22.463999176025393,83.10041091062816 ,0.0,21:31:20 PM,1574006480495
-4.9914246 ,14.474182 ,5.5537415,23.54970129,87.29931414 ,22.463999176025393,83.10041091062816 ,0.0,21:31:20 PM,1574006480500
3.6442719 ,9.784256 ,-6.1280212,23.54970129,87.29931414 ,22.463999176025393,83.10041091062816 ,0.0,21:31:20 PM,1574006480506
11.779861 ,14.931213 ,10.784454,23.54970129,87.29931414 ,22.463999176025393,83.10041091062816 ,0.0,21:31:20 PM,1574006480510
11.131409 ,3.493515 ,2.5962067,23.54970129,87.29931414 ,22.463999176025393,83.10041091062816 ,0.0,21:31:20 PM,1574006480515
2.383255 ,10.327423 ,23.148163,23.54970129,87.29931414 ,22.463999176025393,83.10041091062816 ,0.0,21:31:20 PM,1574006480523
-2.1918182 ,11.083557 ,13.076782,23.54970129,87.29931414 ,22.463999176025393,83.10041091062816 ,0.0,21:31:20 PM,1574006480526
0.4091797 ,9.578476 ,-9.020935,23.54970129,87.29931414 ,22.463999176025393,83.10041091062816 ,0.0,21:31:20 PM,1574006480529
4.697113 ,11.887543 ,-4.6301117,23.54970129,87.29931414 ,22.463999176025393,83.10041091062816 ,0.0,21:31:20 PM,1574006480534
2.376068 ,9.399002 ,-0.20817566,23.54970129,87.29931414 ,22.463999176025393,83.10041091062816 ,0.0,21:31:20 PM,1574006480541
-2.5339966 ,6.0849457 ,-5.2378845,23.54970129,87.29931414 ,22.463999176025393,83.10041091062816 ,0.0,21:31:20 PM,1574006480544
-6.374481 ,10.566711 ,-6.352951,23.54970129,87.29931414 ,22.463999176025393,83.10041091062816 ,0.0,21:31:20 PM,1574006480549
-7.932205 ,15.543777 ,-7.2550354,23.54970129,87.29931414 ,22.463999176025393,83.10041091062816 ,0.0,21:31:20 PM,1574006480556
-3.6179504 ,14.622543 ,-8.659622,23.54970129,87.29931414 ,22.463999176025393,83.10041091062816 ,0.0,21:31:20 PM,1574006480559
4.0079803 ,13.21077 ,-6.558731,23.54970129,87.29931414 ,22.463999176025393,83.10041091062816 ,0.0,21:31:20 PM,1574006480564
5.974884 ,7.901108 ,-5.477173,23.54970129,87.29931414 ,22.463999176025393,83.10041091062816 ,0.0,21:31:20 PM,1574006480572
0.2871399 ,10.217346 ,0.42114258,23.54970129,87.29931414 ,22.463999176025393,83.22956460196777 ,0.0,21:31:20 PM,1574006480574
-2.210968 ,8.226532 ,-7.972885,23.54970129,87.29931414 ,22.463999176025393,83.22956460196777 ,0.0,21:31:20 PM,1574006480579
-2.6847534 ,6.7860413 ,-5.5322113,23.54970129,87.29931414 ,22.463999176025393,83.22956460196777 ,0.0,21:31:20 PM,1574006480584
-0.7298126 ,4.2831573 ,-0.63409424,23.54970129,87.29931414 ,22.463999176025393,83.22956460196777 ,0.0,21:31:20 PM,1574006480590
3.8404846 ,3.9888306 ,2.3976135,23.54970129,87.29931414 ,22.463999176025393,83.22956460196777 ,0.0,21:31:20 PM,1574006480594
5.6614227 ,4.874176 ,3.6107635,23.54970129,87.29931414 ,22.463999176025393,83.22956460196777 ,0.0,21:31:20 PM,1574006480599
2.2994995 ,9.231506 ,3.7040863,23.54970129,87.29931414 ,22.463999176025393,83.22956460196777 ,0.0,21:31:20 PM,1574006480605
-0.5862427 ,10.155136 ,5.2905273,23.54970129,87.29931414 ,22.463999176025393,83.22956460196777 ,0.0,21:31:20 PM,1574006480609
-0.13160706 ,10.78923 ,6.829117,23.54970129,87.29931414 ,22.463999176025393,83.22956460196777 ,0.0,21:31:20 PM,1574006480613
2.4335022 ,9.865616 ,3.1250305,23.54970129,87.29931414 ,22.463999176025393,83.22956460196777 ,0.0,21:31:20 PM,1574006480618
4.1563263 ,8.300705 ,-3.316452,23.54970129,87.29931414 ,22.463999176025393,83.22956460196777 ,0.0,21:31:20 PM,1574006480624
4.197006 ,10.138397 ,-5.723633,23.54970129,87.29931414 ,22.463999176025393,83.22956460196777 ,0.0,21:31:20 PM,1574006480629
1.2012024 ,11.277374 ,-0.33021545,23.54970129,87.29931414 ,22.463999176025393,83.22956460196777 ,0.0,21:31:20 PM,1574006480633
-3.3834534 ,15.464813 ,1.2227325,23.54970129,87.29931414 ,22.463999176025393,83.22956460196777 ,0.0,21:31:20 PM,1574006480640
-2.6105652 ,13.263412 ,-6.419937,23.54970129,87.29931414 ,22.463999176025393,83.22956460196777 ,0.0,21:31:20 PM,1574006480643
1.9094696 ,6.317047 ,-1.0911255,23.54970129,87.29931414 ,22.463999176025393,83.22956460196777 ,0.0,21:31:20 PM,1574006480648
2.074585 ,5.34317 ,1.8879395,23.54970129,87.29931414 ,22.463999176025393,83.22956460196777 ,0.0,21:31:20 PM,1574006480655
-1.071991 ,2.2468567 ,-11.452057,23.54970129,87.29931414 ,22.463999176025393,83.22956460196777 ,0.0,21:31:20 PM,1574006480658
-2.4813538 ,4.606186 ,-12.928421,23.54970129,87.29931414 ,22.463999176025393,83.22956460196777 ,0.0,21:31:20 PM,1574006480662
-2.222931 ,10.631317 ,-3.316452,23.54970129,87.29931414 ,22.463999176025393,83.22956460196777 ,0.0,21:31:20 PM,1574006480668
0.5240326 ,12.591034 ,-0.7800598,23.54970129,87.29931414 ,22.463999176025393,83.22956460196777 ,0.0,21:31:20 PM,1574006480674
3.4695892 ,13.205994 ,-1.6007996,23.54970129,87.29931414 ,22.463999176025393,83.22956460196777 ,0.0,21:31:20 PM,1574006480678
5.4101715 ,12.12204 ,5.3982086,23.54970129,87.29931414 ,22.463999176025393,83.22956460196777 ,0.0,21:31:20 PM,1574006480682
2.4215393 ,11.56929 ,12.28714,23.54970129,87.29931414 ,22.463999176025393,83.22956460196777 ,0.0,21:31:20 PM,1574006480688
0.2033844 ,15.00061 ,9.387039,23.54970129,87.29931414 ,22.463999176025393,83.22956460196777 ,0.0,21:31:20 PM,1574006480693
0.48095703 ,16.551147 ,3.000595,23.54970129,87.29931414 ,22.463999176025393,83.22956460196777 ,0.0,21:31:20 PM,1574006480697
4.646866 ,13.603195 ,1.5026855,23.54970129,87.29931414 ,22.463999176025393,83.22956460196777 ,0.0,21:31:20 PM,1574006480705
6.551544 ,7.030121 ,-4.7353973,23.54970129,87.29931414 ,22.463999176025393,83.22956460196777 ,0.0,21:31:20 PM,1574006480707
3.6299133 ,4.886139 ,-0.20817566,23.54970129,87.29931414 ,22.463999176025393,83.22956460196777 ,0.0,21:31:20 PM,1574006480712
-1.0552368 ,8.910873 ,4.5607147,23.54970129,87.29931414 ,22.463999176025393,83.22956460196777 ,0.0,21:31:20 PM,1574006480717
-5.0536346 ,5.5202484 ,-9.829712,23.54970129,87.29931414 ,22.463999176025393,83.22956460196777 ,0.0,21:31:20 PM,1574006480723
-4.6301117 ,7.0827484 ,-2.4837494,23.54970129,87.29931414 ,22.463999176025393,83.22956460196777 ,0.0,21:31:20 PM,1574006480727
-2.555542 ,7.9824524 ,3.8141632,23.54970129,87.29931414 ,22.463999176025393,83.22956460196777 ,0.0,21:31:20 PM,1574006480731
0.18424988 ,8.094925 ,-2.423935,23.54970129,87.29931414 ,22.463999176025393,83.22956460196777 ,0.0,21:31:20 PM,1574006480739
3.1968079 ,8.851059 ,-9.269791,23.54970129,87.29931414 ,22.463999176025393,83.22956460196777 ,0.0,21:31:20 PM,1574006480742
5.8456726 ,8.128418 ,-7.2191467,23.54970129,87.29931414 ,22.463999176025393,83.22956460196777 ,0.0,21:31:20 PM,1574006480746
4.721039 ,6.30748 ,-2.0937195,23.54970129,87.29931414 ,22.463999176025393,83.22956460196777 ,0.0,21:31:20 PM,1574006480757
1.7419739 ,9.913467 ,-3.632309,23.54970129,87.29931414 ,22.463999176025393,83.22956460196777 ,0.0,21:31:20 PM,1574006480760
-1.4237366 ,10.753342 ,-12.598206,23.54970129,87.29931414 ,22.463999176025393,83.22956460196777 ,0.0,21:31:20 PM,1574006480762
-1.627121 ,12.239288 ,-3.328415,23.54970129,87.29931414 ,22.463999176025393,83.22956460196777 ,0.0,21:31:20 PM,1574006480767
2.6416779 ,9.4205475 ,-0.0047912598,23.54970129,87.29931414 ,22.463999176025393,83.22956460196777 ,0.0,21:31:20 PM,1574006480773
2.8785706 ,8.221741 ,-2.1296082,23.54970129,87.29931414 ,22.463999176025393,83.22956460196777 ,0.0,21:31:20 PM,1574006480777
-0.35653687 ,10.765305 ,3.357132,23.54970129,87.29931414 ,22.463999176025393,83.22956460196777 ,0.0,21:31:20 PM,1574006480781
-1.3256226 ,12.478577 ,7.269394,23.54970129,87.29931414 ,22.463999176025393,83.22956460196777 ,0.0,21:31:20 PM,1574006480790
-1.483551 ,12.7417755 ,3.8141632,23.54970129,87.29931414 ,22.463999176025393,83.22956460196777 ,0.0,21:31:20 PM,1574006480792
-0.19381714 ,12.272781 ,7.0372925,23.54970129,87.29931414 ,22.463999176025393,83.22956460196777 ,0.0,21:31:20 PM,1574006480796
3.8476562 ,8.327026 ,6.2596283,23.54970129,87.29931414 ,22.463999176025393,83.22956460196777 ,0.0,21:31:20 PM,1574006480801
4.8263245 ,3.661026 ,-3.5653076,23.54970129,87.29931414 ,22.463999176025393,83.22956460196777 ,0.0,21:31:20 PM,1574006480808
