x,y,z,latitude,longitude,speed,sound,light,time,timestamp
5.941635 ,2.1067047 ,14.247833,23.56316334,87.29875597 ,39.383998489379884,87.70579740676567 ,30000.0,10:01:17 AM,1572669077936
5.7960663 ,2.764267 ,18.3405,23.56316334,87.29875597 ,39.383998489379884,87.70579740676567 ,30000.0,10:01:17 AM,1572669077940
0.4490509 ,1.7520142 ,11.853104,23.56316334,87.29875597 ,39.383998489379884,87.70579740676567 ,30000.0,10:01:17 AM,1572669077946
-3.7868042 ,4.301346 ,5.8542633,23.56316334,87.29875597 ,39.383998489379884,87.70579740676567 ,30000.0,10:01:17 AM,1572669077950
-2.342682 ,6.7256775 ,-0.79722595,23.56316334,87.29875597 ,39.383998489379884,87.70579740676567 ,30000.0,10:01:17 AM,1572669077955
2.1448975 ,9.947433 ,0.22384644,23.56316334,87.29875597 ,39.383998489379884,87.70579740676567 ,30000.0,10:01:17 AM,1572669077960
3.699707 ,8.690613 ,-1.5868683,23.56316334,87.29875597 ,39.383998489379884,87.70579740676567 ,30000.0,10:01:17 AM,1572669077968
1.2162781 ,5.8702087 ,1.002121,23.56316334,87.29875597 ,39.383998489379884,87.70579740676567 ,30000.0,10:01:17 AM,1572669077969
-2.2782593 ,2.6151123 ,8.207825,23.56316334,87.29875597 ,39.383998489379884,87.70579740676567 ,30000.0,10:01:17 AM,1572669077975
-5.0345764 ,-0.6952362 ,16.324905,23.56316334,87.29875597 ,39.383998489379884,87.70579740676567 ,30000.0,10:01:17 AM,1572669077979
-3.877411 ,-1.8257446 ,24.875565,23.56316334,87.29875597 ,39.383998489379884,87.70579740676567 ,30000.0,10:01:17 AM,1572669077988
2.6338043 ,-2.5274048 ,25.238464,23.56316334,87.29875597 ,39.383998489379884,87.70579740676567 ,30000.0,10:01:17 AM,1572669077990
8.752136 ,-2.5031128 ,21.549332,23.56316334,87.29875597 ,39.383998489379884,87.70579740676567 ,30000.0,10:01:17 AM,1572669077993
7.1614075 ,-1.8301392 ,13.520767,23.56316334,87.29875597 ,39.383998489379884,87.70579740676567 ,30000.0,10:01:17 AM,1572669077999
-3.4098053 ,1.5814972 ,13.421326,23.56316334,87.29875597 ,39.383998489379884,87.70579740676567 ,30000.0,10:01:18 AM,1572669078004
-11.947891 ,3.4926758 ,6.128128,23.56316334,87.29875597 ,39.383998489379884,87.70579740676567 ,30000.0,10:01:18 AM,1572669078008
-7.802658 ,4.437149 ,-3.1517944,23.56316334,87.29875597 ,39.383998489379884,87.70579740676567 ,30000.0,10:01:18 AM,1572669078013
3.0136566 ,9.200378 ,6.371689,23.56316334,87.29875597 ,39.383998489379884,87.70579740676567 ,30000.0,10:01:18 AM,1572669078018
8.03746 ,8.616928 ,2.4333038,23.56316334,87.29875597 ,39.383998489379884,87.70579740676567 ,30000.0,10:01:18 AM,1572669078023
1.6821442 ,9.696594 ,2.8750458,23.56316334,87.29875597 ,39.383998489379884,87.70579740676567 ,30000.0,10:01:18 AM,1572669078027
-6.117859 ,6.9925537 ,-1.0764008,23.56316334,87.29875597 ,39.383998489379884,87.70579740676567 ,30000.0,10:01:18 AM,1572669078036
-5.977356 ,9.8246155 ,7.457733,23.56316334,87.29875597 ,39.383998489379884,87.70579740676567 ,30000.0,10:01:18 AM,1572669078037
0.4802246 ,8.439438 ,6.174103,23.56316334,87.29875597 ,39.383998489379884,87.70579740676567 ,30000.0,10:01:18 AM,1572669078047
5.2234497 ,7.4793854 ,6.123764,23.56316334,87.29875597 ,39.383998489379884,87.70579740676567 ,30000.0,10:01:18 AM,1572669078053
3.9993134 ,8.904053 ,13.795486,23.56316334,87.29875597 ,39.383998489379884,87.70579740676567 ,30000.0,10:01:18 AM,1572669078057
-0.8333893 ,3.1352081 ,1.8595734,23.56316334,87.29875597 ,39.383998489379884,87.70579740676567 ,30000.0,10:01:18 AM,1572669078063
-3.2653809 ,3.847168 ,6.7582245,23.56316334,87.29875597 ,39.383998489379884,87.70579740676567 ,30000.0,10:01:18 AM,1572669078071
-0.3932953 ,2.028305 ,4.9701843,23.56316334,87.29875597 ,39.383998489379884,87.70579740676567 ,30000.0,10:01:18 AM,1572669078073
1.8145752 ,3.4706879 ,14.986404,23.56316334,87.29875597 ,39.383998489379884,87.70579740676567 ,30000.0,10:01:18 AM,1572669078079
2.2155762 ,0.2756195 ,12.235153,23.56316334,87.29875597 ,39.383998489379884,87.70579740676567 ,30000.0,10:01:18 AM,1572669078081
2.4793396 ,-0.9078827 ,9.809753,23.56316334,87.29875597 ,39.383998489379884,87.70579740676567 ,30000.0,10:01:18 AM,1572669078090
0.9213104 ,-0.016708374 ,15.68045,23.56316334,87.29875597 ,39.383998489379884,87.70579740676567 ,30000.0,10:01:18 AM,1572669078091
-2.5739136 ,-1.1859131 ,14.732376,23.56326724,87.29875551 ,41.18399848937988,87.70579740676567 ,30000.0,10:01:18 AM,1572669078095
-4.2984924 ,-0.59007263 ,18.535751,23.56326724,87.29875551 ,41.18399848937988,87.70579740676567 ,30000.0,10:01:18 AM,1572669078102
-0.40844727 ,-0.20762634 ,18.055222,23.56326724,87.29875551 ,41.18399848937988,87.70579740676567 ,30000.0,10:01:18 AM,1572669078105
4.724533 ,1.928772 ,12.662155,23.56326724,87.29875551 ,41.18399848937988,87.70579740676567 ,30000.0,10:01:18 AM,1572669078109
3.636917 ,4.194809 ,6.4852295,23.56326724,87.29875551 ,41.18399848937988,87.70579740676567 ,30000.0,10:01:18 AM,1572669078115
-2.9917603 ,7.844803 ,7.206009,23.56326724,87.29875551 ,41.18399848937988,87.70579740676567 ,30000.0,10:01:18 AM,1572669078121
-6.6724396 ,8.072281 ,3.6092072,23.56326724,87.29875551 ,41.18399848937988,87.70579740676567 ,30000.0,10:01:18 AM,1572669078124
-2.2450714 ,8.828461 ,1.0929108,23.56326724,87.29875551 ,41.18399848937988,87.70579740676567 ,30000.0,10:01:18 AM,1572669078129
3.7655487 ,10.035538 ,3.1905823,23.56326724,87.29875551 ,41.18399848937988,87.70579740676567 ,30000.0,10:01:18 AM,1572669078138
3.7742462 ,9.806915 ,2.020813,23.56326724,87.29875551 ,41.18399848937988,87.70579740676567 ,30000.0,10:01:18 AM,1572669078140
-2.0011597 ,10.245102 ,4.0029297,23.56326724,87.29875551 ,41.18399848937988,87.70579740676567 ,30000.0,10:01:18 AM,1572669078144
-6.3262024 ,5.653763 ,-3.6601868,23.56326724,87.29875551 ,41.18399848937988,87.70579740676567 ,30000.0,10:01:18 AM,1572669078148
-4.0400085 ,6.6776733 ,7.245117,23.56326724,87.29875551 ,41.18399848937988,87.70579740676567 ,30000.0,10:01:18 AM,1572669078154
2.543274 ,3.5642395 ,10.591812,23.56326724,87.29875551 ,41.18399848937988,87.70579740676567 ,30000.0,10:01:18 AM,1572669078157
6.5743713 ,0.9978943 ,8.64032,23.56326724,87.29875551 ,41.18399848937988,87.70579740676567 ,30000.0,10:01:18 AM,1572669078162
4.009796 ,1.1332703 ,17.69873,23.56326724,87.29875551 ,41.18399848937988,87.70579740676567 ,30000.0,10:01:18 AM,1572669078170
-1.2164154 ,-2.4730835 ,12.575058,23.56326724,87.29875551 ,41.18399848937988,87.70579740676567 ,30000.0,10:01:18 AM,1572669078171
-3.7958984 ,1.0776215 ,18.98079,23.56326724,87.29875551 ,41.18399848937988,87.70579740676567 ,30000.0,10:01:18 AM,1572669078181
-0.42829895 ,1.1387177 ,8.352539,23.56326724,87.29875551 ,41.18399848937988,87.70579740676567 ,30000.0,10:01:18 AM,1572669078187
2.3184662 ,6.556595 ,6.915268,23.56326724,87.29875551 ,41.18399848937988,87.70579740676567 ,30000.0,10:01:18 AM,1572669078191
1.721756 ,6.440735 ,0.91719055,23.56326724,87.29875551 ,41.18399848937988,87.70579740676567 ,30000.0,10:01:18 AM,1572669078195
1.0580597 ,6.0836945 ,-1.4021912,23.56326724,87.29875551 ,41.18399848937988,87.70579740676567 ,30000.0,10:01:18 AM,1572669078203
0.2821808 ,5.9935455 ,7.2585907,23.56326724,87.29875551 ,41.18399848937988,87.70579740676567 ,30000.0,10:01:18 AM,1572669078205
-2.0299072 ,2.3788605 ,8.022903,23.56326724,87.29875551 ,41.18399848937988,87.70579740676567 ,30000.0,10:01:18 AM,1572669078209
-5.6636047 ,2.6931 ,18.71112,23.56326724,87.29875551 ,41.18399848937988,87.70579740676567 ,30000.0,10:01:18 AM,1572669078216
-4.6921234 ,0.3058319 ,19.041931,23.56326724,87.29875551 ,41.18399848937988,87.70579740676567 ,30000.0,10:01:18 AM,1572669078224
2.9186401 ,1.372406 ,16.751862,23.56326724,87.29875551 ,41.18399848937988,87.70579740676567 ,30000.0,10:01:18 AM,1572669078226
8.872009 ,3.1772156 ,11.0191345,23.56326724,87.29875551 ,41.18399848937988,87.70579740676567 ,30000.0,10:01:18 AM,1572669078231
4.3608093 ,7.572693 ,8.965378,23.56326724,87.29875551 ,41.18399848937988,87.70579740676567 ,30000.0,10:01:18 AM,1572669078238
-6.63855 ,8.823761 ,1.4878693,23.56326724,87.29875551 ,41.18399848937988,87.70579740676567 ,30000.0,10:01:18 AM,1572669078239
-10.264175 ,8.659851 ,-5.8852386,23.56326724,87.29875551 ,41.18399848937988,87.70579740676567 ,30000.0,10:01:18 AM,1572669078244
-2.900879 ,9.517685 ,-1.311676,23.56326724,87.29875551 ,41.18399848937988,87.12882032246625 ,30000.0,10:01:18 AM,1572669078249
4.662369 ,6.695175 ,3.49971,23.56326724,87.29875551 ,41.18399848937988,87.12882032246625 ,30000.0,10:01:18 AM,1572669078256
4.1425476 ,4.7526093 ,14.016327,23.56326724,87.29875551 ,41.18399848937988,87.12882032246625 ,30000.0,10:01:18 AM,1572669078258
-1.2323151 ,0.6838074 ,13.949295,23.56326724,87.29875551 ,41.18399848937988,87.12882032246625 ,30000.0,10:01:18 AM,1572669078262
-4.621277 ,0.24131775 ,14.06218,23.56326724,87.29875551 ,41.18399848937988,87.12882032246625 ,30000.0,10:01:18 AM,1572669078267
-2.3365326 ,-0.8868866 ,13.272736,23.56326724,87.29875551 ,41.18399848937988,87.12882032246625 ,30000.0,10:01:18 AM,1572669078272
2.731781 ,-0.09890747 ,16.86261,23.56326724,87.29875551 ,41.18399848937988,87.12882032246625 ,30000.0,10:01:18 AM,1572669078276
5.11528 ,-0.7994995 ,16.864609,23.56326724,87.29875551 ,41.18399848937988,87.12882032246625 ,30000.0,10:01:18 AM,1572669078281
3.2190857 ,-1.599884 ,13.28186,23.56326724,87.29875551 ,41.18399848937988,87.12882032246625 ,30000.0,10:01:18 AM,1572669078289
-1.943634 ,0.6869049 ,15.2043915,23.56326724,87.29875551 ,41.18399848937988,87.12882032246625 ,30000.0,10:01:18 AM,1572669078291
-5.464447 ,0.88845825 ,3.6078644,23.56326724,87.29875551 ,41.18399848937988,87.12882032246625 ,30000.0,10:01:18 AM,1572669078296
-3.429718 ,7.0746155 ,8.211426,23.56326724,87.29875551 ,41.18399848937988,87.12882032246625 ,30000.0,10:01:18 AM,1572669078303
3.4117432 ,4.295273 ,-3.795456,23.56326724,87.29875551 ,41.18399848937988,87.12882032246625 ,30000.0,10:01:18 AM,1572669078306
7.1714325 ,8.4747925 ,1.1056671,23.56326724,87.29875551 ,41.18399848937988,87.12882032246625 ,30000.0,10:01:18 AM,1572669078310
0.9905548 ,7.8648987 ,7.9482574,23.56326724,87.29875551 ,41.18399848937988,87.12882032246625 ,30000.0,10:01:18 AM,1572669078316
-7.101074 ,6.6023407 ,-0.78060913,23.56326724,87.29875551 ,41.18399848937988,87.12882032246625 ,30000.0,10:01:18 AM,1572669078331
-7.5436554 ,10.810013 ,8.6736145,23.56326724,87.29875551 ,41.18399848937988,87.12882032246625 ,30000.0,10:01:18 AM,1572669078334
1.6885681 ,5.664337 ,1.3581696,23.56326724,87.29875551 ,41.18399848937988,87.12882032246625 ,30000.0,10:01:18 AM,1572669078341
9.546692 ,7.585617 ,12.935272,23.56326724,87.29875551 ,41.18399848937988,87.12882032246625 ,30000.0,10:01:18 AM,1572669078344
6.003937 ,2.5908508 ,8.28775,23.56326724,87.29875551 ,41.18399848937988,87.12882032246625 ,30000.0,10:01:18 AM,1572669078346
-6.368469 ,1.8555908 ,10.674576,23.56326724,87.29875551 ,41.18399848937988,87.12882032246625 ,30000.0,10:01:18 AM,1572669078351
-13.315659 ,1.1435089 ,18.360458,23.56326724,87.29875551 ,41.18399848937988,87.12882032246625 ,30000.0,10:01:18 AM,1572669078357
-6.098633 ,-1.0765991 ,15.265701,23.56326724,87.29875551 ,41.18399848937988,87.12882032246625 ,30000.0,10:01:18 AM,1572669078359
7.0515594 ,1.9630432 ,13.401321,23.56326724,87.29875551 ,41.18399848937988,87.12882032246625 ,30000.0,10:01:18 AM,1572669078364
9.98967 ,3.7871552 ,7.570999,23.56326724,87.29875551 ,41.18399848937988,87.12882032246625 ,30000.0,10:01:18 AM,1572669078371
-1.6669159 ,5.0265045 ,4.111664,23.56326724,87.29875551 ,41.18399848937988,87.12882032246625 ,30000.0,10:01:18 AM,1572669078374
-13.007111 ,3.0101624 ,0.39874268,23.56326724,87.29875551 ,41.18399848937988,87.12882032246625 ,30000.0,10:01:18 AM,1572669078379
-9.582657 ,1.6017761 ,3.5611725,23.56326724,87.29875551 ,41.18399848937988,87.12882032246625 ,30000.0,10:01:18 AM,1572669078383
3.7298584 ,1.2156067 ,12.2314,23.56326724,87.29875551 ,41.18399848937988,87.12882032246625 ,30000.0,10:01:18 AM,1572669078389
10.894501 ,1.7075348 ,21.70082,23.56326724,87.29875551 ,41.18399848937988,87.12882032246625 ,30000.0,10:01:18 AM,1572669078393
5.6091614 ,2.0849152 ,22.966766,23.56326724,87.29875551 ,41.18399848937988,87.12882032246625 ,30000.0,10:01:18 AM,1572669078397
-2.8941956 ,1.3996277 ,7.224121,23.56326724,87.29875551 ,41.18399848937988,87.12882032246625 ,30000.0,10:01:18 AM,1572669078405
-4.4310455 ,6.9611816 ,6.707199,23.56326724,87.29875551 ,41.18399848937988,87.12882032246625 ,30000.0,10:01:18 AM,1572669078408
1.0001984 ,7.9983826 ,-2.2884216,23.56326724,87.29875551 ,41.18399848937988,87.12882032246625 ,30000.0,10:01:18 AM,1572669078411
3.1973724 ,10.792252 ,-1.5178375,23.56326724,87.29875551 ,41.18399848937988,87.12882032246625 ,30000.0,10:01:18 AM,1572669078416
-1.4257812 ,8.243439 ,1.9098206,23.56326724,87.29875551 ,41.18399848937988,87.12882032246625 ,30000.0,10:01:18 AM,1572669078422
-5.180481 ,4.40329 ,2.388321,23.56326724,87.29875551 ,41.18399848937988,87.12882032246625 ,30000.0,10:01:18 AM,1572669078425
