x,y,z,latitude,longitude,speed,sound,light,time,timestamp
-0.8987274 ,4.0263977 ,7.247711,23.56954458,87.30248488 ,41.76000137329102,88.24498212328433 ,30000.0,10:03:09 AM,1572669189859
1.6088562 ,-0.7917328 ,15.903931,23.56954458,87.30248488 ,41.76000137329102,88.24498212328433 ,30000.0,10:03:09 AM,1572669189868
-0.5977173 ,0.98101807 ,24.776718,23.56954458,87.30248488 ,41.76000137329102,88.24498212328433 ,30000.0,10:03:09 AM,1572669189870
1.9185944 ,-1.3241425 ,9.772781,23.56954458,87.30248488 ,41.76000137329102,88.24498212328433 ,30000.0,10:03:09 AM,1572669189875
5.9667664 ,3.2545013 ,6.2153473,23.56954458,87.30248488 ,41.76000137329102,88.24498212328433 ,30000.0,10:03:09 AM,1572669189879
1.8714142 ,7.483368 ,9.363159,23.56954458,87.30248488 ,41.76000137329102,88.24498212328433 ,30000.0,10:03:09 AM,1572669189885
-3.7346954 ,6.9295807 ,1.8783417,23.56954458,87.30248488 ,41.76000137329102,88.24498212328433 ,30000.0,10:03:09 AM,1572669189888
-1.6055756 ,9.52626 ,5.251999,23.56954458,87.30248488 ,41.76000137329102,88.24498212328433 ,30000.0,10:03:09 AM,1572669189893
2.4159698 ,6.090164 ,-0.70703125,23.56954458,87.30248488 ,41.76000137329102,88.24498212328433 ,30000.0,10:03:09 AM,1572669189901
0.7623596 ,4.630844 ,6.007065,23.56954458,87.30248488 ,41.76000137329102,88.24498212328433 ,30000.0,10:03:09 AM,1572669189903
-0.55267334 ,1.6283569 ,11.8125,23.56954458,87.30248488 ,41.76000137329102,88.24498212328433 ,30000.0,10:03:09 AM,1572669189908
0.8549957 ,2.8490448 ,17.955658,23.56954458,87.30248488 ,41.76000137329102,88.24498212328433 ,30000.0,10:03:09 AM,1572669189912
-1.1840515 ,3.08844 ,15.393631,23.56954458,87.30248488 ,41.76000137329102,88.24498212328433 ,30000.0,10:03:09 AM,1572669189918
-3.974411 ,3.732193 ,9.007233,23.56954458,87.30248488 ,41.76000137329102,88.24498212328433 ,30000.0,10:03:09 AM,1572669189923
0.06719971 ,5.819153 ,4.079239,23.56954458,87.30248488 ,41.76000137329102,88.24498212328433 ,30000.0,10:03:09 AM,1572669189927
4.549286 ,7.302887 ,4.2365265,23.56954458,87.30248488 ,41.76000137329102,88.24498212328433 ,30000.0,10:03:09 AM,1572669189935
0.9978943 ,8.453293 ,11.856689,23.56954458,87.30248488 ,41.76000137329102,88.24498212328433 ,30000.0,10:03:09 AM,1572669189938
-4.320526 ,4.6516724 ,6.568451,23.56954458,87.30248488 ,41.76000137329102,88.24498212328433 ,30000.0,10:03:09 AM,1572669189942
-4.147949 ,4.703308 ,7.0499573,23.56954458,87.30248488 ,41.76000137329102,88.24498212328433 ,30000.0,10:03:09 AM,1572669189948
-1.1626587 ,1.9609985 ,4.0911255,23.56954458,87.30248488 ,41.76000137329102,88.24498212328433 ,30000.0,10:03:09 AM,1572669189952
0.45762634 ,1.6746521 ,14.323242,23.56954458,87.30248488 ,41.76000137329102,88.24498212328433 ,30000.0,10:03:09 AM,1572669189955
2.6623077 ,1.2284241 ,18.998154,23.56954458,87.30248488 ,41.76000137329102,88.24498212328433 ,30000.0,10:03:09 AM,1572669189960
4.1907654 ,-0.6747894 ,6.4467316,23.56954458,87.30248488 ,41.76000137329102,88.24498212328433 ,30000.0,10:03:09 AM,1572669189968
-0.2013855 ,7.480438 ,19.778793,23.56954458,87.30248488 ,41.76000137329102,88.24498212328433 ,30000.0,10:03:09 AM,1572669189971
-4.4653015 ,5.009384 ,0.62783813,23.56954458,87.30248488 ,41.76000137329102,88.24498212328433 ,30000.0,10:03:09 AM,1572669189975
-3.1155396 ,10.200287 ,-2.2834625,23.56954458,87.30248488 ,41.76000137329102,88.24498212328433 ,30000.0,10:03:09 AM,1572669189981
1.9347839 ,9.143204 ,-4.2604675,23.56954458,87.30248488 ,41.76000137329102,88.24498212328433 ,30000.0,10:03:09 AM,1572669189991
4.040512 ,8.188553 ,0.7507324,23.56954458,87.30248488 ,41.76000137329102,88.24498212328433 ,30000.0,10:03:09 AM,1572669189995
2.413498 ,6.6939545 ,12.643829,23.56954458,87.30248488 ,41.76000137329102,88.24498212328433 ,30000.0,10:03:10 AM,1572669190001
1.0252228 ,0.74594116 ,6.5298004,23.56954458,87.30248488 ,41.76000137329102,88.24498212328433 ,30000.0,10:03:10 AM,1572669190004
-1.5372925 ,-0.5066376 ,15.357498,23.56954458,87.30248488 ,41.76000137329102,88.24498212328433 ,30000.0,10:03:10 AM,1572669190009
-2.45755 ,-3.1543121 ,21.413834,23.56954458,87.30248488 ,41.76000137329102,88.24498212328433 ,30000.0,10:03:10 AM,1572669190015
1.4797058 ,-2.3548431 ,25.554886,23.56954458,87.30248488 ,41.76000137329102,88.24498212328433 ,30000.0,10:03:10 AM,1572669190020
4.8481445 ,-0.91326904 ,15.825272,23.56954458,87.30248488 ,41.76000137329102,88.24498212328433 ,30000.0,10:03:10 AM,1572669190024
-0.50024414 ,3.7213745 ,9.03627,23.56954458,87.30248488 ,41.76000137329102,88.24498212328433 ,30000.0,10:03:10 AM,1572669190030
-8.776276 ,6.819977 ,3.0358124,23.56954458,87.30248488 ,41.76000137329102,88.24498212328433 ,30000.0,10:03:10 AM,1572669190036
-7.0121307 ,7.9921265 ,-5.5391846,23.56954458,87.30248488 ,41.76000137329102,88.24498212328433 ,30000.0,10:03:10 AM,1572669190038
2.5963898 ,11.441742 ,-2.331192,23.56954458,87.30248488 ,41.76000137329102,88.24498212328433 ,30000.0,10:03:10 AM,1572669190043
5.6166687 ,10.99942 ,1.6178131,23.56954458,87.30248488 ,41.76000137329102,88.24498212328433 ,30000.0,10:03:10 AM,1572669190048
-1.6475677 ,8.846603 ,7.0141144,23.56954458,87.30248488 ,41.76000137329102,88.24498212328433 ,30000.0,10:03:10 AM,1572669190054
-7.490158 ,3.9343567 ,8.415207,23.56954458,87.30248488 ,41.76000137329102,88.24498212328433 ,30000.0,10:03:10 AM,1572669190058
-3.5531921 ,1.522583 ,11.21225,23.56954458,87.30248488 ,41.76000137329102,88.24498212328433 ,30000.0,10:03:10 AM,1572669190063
3.6628113 ,1.2513733 ,16.460205,23.56954458,87.30248488 ,41.76000137329102,88.24498212328433 ,30000.0,10:03:10 AM,1572669190071
4.937958 ,1.9076538 ,14.789215,23.56954458,87.30248488 ,41.76000137329102,88.24498212328433 ,30000.0,10:03:10 AM,1572669190073
-1.2405243 ,5.087387 ,13.144241,23.56954458,87.30248488 ,41.76000137329102,88.24498212328433 ,30000.0,10:03:10 AM,1572669190076
-5.1970825 ,3.938568 ,-1.5254822,23.56954458,87.30248488 ,41.76000137329102,88.24498212328433 ,30000.0,10:03:10 AM,1572669190082
-0.8071289 ,9.027954 ,-0.24635315,23.56954458,87.30248488 ,41.76000137329102,88.24498212328433 ,30000.0,10:03:10 AM,1572669190089
5.518402 ,8.895889 ,-5.5162964,23.56954458,87.30248488 ,41.76000137329102,88.24498212328433 ,30000.0,10:03:10 AM,1572669190091
3.227707 ,10.100983 ,-0.0029144287,23.56954458,87.30248488 ,41.76000137329102,88.24498212328433 ,30000.0,10:03:10 AM,1572669190096
-2.995926 ,4.988373 ,-0.15507507,23.56954458,87.30248488 ,41.76000137329102,88.24498212328433 ,30000.0,10:03:10 AM,1572669190105
-1.6984406 ,1.4236145 ,7.3311005,23.56954458,87.30248488 ,41.76000137329102,89.43905300773892 ,30000.0,10:03:10 AM,1572669190107
5.4205475 ,1.9969482 ,24.816101,23.56954458,87.30248488 ,41.76000137329102,89.43905300773892 ,30000.0,10:03:10 AM,1572669190115
8.686798 ,-3.235855 ,15.602875,23.56954458,87.30248488 ,41.76000137329102,89.43905300773892 ,30000.0,10:03:10 AM,1572669190117
2.3569336 ,-2.0365906 ,22.430511,23.56964931,87.30248689 ,41.76000137329102,89.43905300773892 ,30000.0,10:03:10 AM,1572669190130
-6.3026276 ,-3.218933 ,26.617737,23.56964931,87.30248689 ,41.76000137329102,89.43905300773892 ,30000.0,10:03:10 AM,1572669190134
-7.6659393 ,-4.218933 ,19.004105,23.56964931,87.30248689 ,41.76000137329102,89.43905300773892 ,30000.0,10:03:10 AM,1572669190137
-1.5921783 ,0.38534546 ,17.987213,23.56964931,87.30248689 ,41.76000137329102,89.43905300773892 ,30000.0,10:03:10 AM,1572669190139
3.5700378 ,3.2827454 ,4.836609,23.56964931,87.30248689 ,41.76000137329102,89.43905300773892 ,30000.0,10:03:10 AM,1572669190145
-0.25564575 ,7.5825806 ,0.83055115,23.56964931,87.30248689 ,41.76000137329102,89.43905300773892 ,30000.0,10:03:10 AM,1572669190149
-5.9852753 ,6.9440002 ,-1.6821442,23.56964931,87.30248689 ,41.76000137329102,89.43905300773892 ,30000.0,10:03:10 AM,1572669190155
-3.1928406 ,7.5072327 ,1.7684784,23.56964931,87.30248689 ,41.76000137329102,89.43905300773892 ,30000.0,10:03:10 AM,1572669190157
1.9893494 ,6.173706 ,5.4303284,23.56964931,87.30248689 ,41.76000137329102,89.43905300773892 ,30000.0,10:03:10 AM,1572669190162
-0.263443 ,4.193939 ,12.05426,23.56964931,87.30248689 ,41.76000137329102,89.43905300773892 ,30000.0,10:03:10 AM,1572669190168
-5.2170563 ,2.9928284 ,21.165222,23.56964931,87.30248689 ,41.76000137329102,89.43905300773892 ,30000.0,10:03:10 AM,1572669190171
-1.6434631 ,0.5599823 ,12.219482,23.56964931,87.30248689 ,41.76000137329102,89.43905300773892 ,30000.0,10:03:10 AM,1572669190176
6.271118 ,3.5152283 ,11.9435425,23.56964931,87.30248689 ,41.76000137329102,89.43905300773892 ,30000.0,10:03:10 AM,1572669190181
6.537262 ,5.1081696 ,6.3482056,23.56964931,87.30248689 ,41.76000137329102,89.43905300773892 ,30000.0,10:03:10 AM,1572669190186
-2.1779022 ,7.212631 ,3.9160614,23.56964931,87.30248689 ,41.76000137329102,89.43905300773892 ,30000.0,10:03:10 AM,1572669190190
-7.1055603 ,7.1159363 ,1.8567352,23.56964931,87.30248689 ,41.76000137329102,89.43905300773892 ,30000.0,10:03:10 AM,1572669190197
-1.8699799 ,7.0328827 ,1.5602875,23.56964931,87.30248689 ,41.76000137329102,89.43905300773892 ,30000.0,10:03:10 AM,1572669190204
3.913086 ,5.5313873 ,2.2833557,23.56964931,87.30248689 ,41.76000137329102,89.43905300773892 ,30000.0,10:03:10 AM,1572669190206
3.0578156 ,3.8861237 ,8.0056305,23.56964931,87.30248689 ,41.76000137329102,89.43905300773892 ,30000.0,10:03:10 AM,1572669190210
0.81030273 ,3.0940247 ,14.718216,23.56964931,87.30248689 ,41.76000137329102,89.43905300773892 ,30000.0,10:03:10 AM,1572669190216
1.1243439 ,0.96066284 ,13.12677,23.56964931,87.30248689 ,41.76000137329102,89.43905300773892 ,30000.0,10:03:10 AM,1572669190222
1.2503357 ,-0.36515808 ,13.57756,23.56964931,87.30248689 ,41.76000137329102,89.43905300773892 ,30000.0,10:03:10 AM,1572669190226
-0.33776855 ,-1.3603821 ,16.096268,23.56964931,87.30248689 ,41.76000137329102,89.43905300773892 ,30000.0,10:03:10 AM,1572669190230
-1.6742706 ,0.16578674 ,17.552261,23.56964931,87.30248689 ,41.76000137329102,89.43905300773892 ,30000.0,10:03:10 AM,1572669190240
-2.0235443 ,2.4098816 ,16.785294,23.56964931,87.30248689 ,41.76000137329102,89.43905300773892 ,30000.0,10:03:10 AM,1572669190243
-1.0701141 ,2.3700562 ,2.1690063,23.56964931,87.30248689 ,41.76000137329102,89.43905300773892 ,30000.0,10:03:10 AM,1572669190246
-1.0074005 ,9.656906 ,11.672958,23.56964931,87.30248689 ,41.76000137329102,89.43905300773892 ,30000.0,10:03:10 AM,1572669190250
-0.86198425 ,7.8536377 ,-1.4970245,23.56964931,87.30248689 ,41.76000137329102,89.43905300773892 ,30000.0,10:03:10 AM,1572669190257
-1.0805359 ,11.545685 ,0.17158508,23.56964931,87.30248689 ,41.76000137329102,89.43905300773892 ,30000.0,10:03:10 AM,1572669190263
-0.31045532 ,9.159027 ,0.39846802,23.56964931,87.30248689 ,41.76000137329102,89.43905300773892 ,30000.0,10:03:10 AM,1572669190270
2.0625916 ,8.657028 ,5.359497,23.56964931,87.30248689 ,41.76000137329102,89.43905300773892 ,30000.0,10:03:10 AM,1572669190273
1.4994049 ,7.9085846 ,11.692398,23.56964931,87.30248689 ,41.76000137329102,89.43905300773892 ,30000.0,10:03:10 AM,1572669190278
-3.1392822 ,3.431244 ,4.932266,23.56964931,87.30248689 ,41.76000137329102,89.43905300773892 ,30000.0,10:03:10 AM,1572669190283
-6.2348785 ,5.525055 ,14.455566,23.56964931,87.30248689 ,41.76000137329102,89.43905300773892 ,30000.0,10:03:10 AM,1572669190288
-0.9748688 ,1.2549133 ,7.702835,23.56964931,87.30248689 ,41.76000137329102,89.43905300773892 ,30000.0,10:03:10 AM,1572669190293
8.129974 ,2.876892 ,11.215881,23.56964931,87.30248689 ,41.76000137329102,89.43905300773892 ,30000.0,10:03:10 AM,1572669190297
9.557861 ,3.619217 ,13.848511,23.56964931,87.30248689 ,41.76000137329102,89.43905300773892 ,30000.0,10:03:10 AM,1572669190305
0.7749176 ,2.9192352 ,9.877945,23.56964931,87.30248689 ,41.76000137329102,89.43905300773892 ,30000.0,10:03:10 AM,1572669190307
-7.860489 ,2.963623 ,10.123291,23.56964931,87.30248689 ,41.76000137329102,89.43905300773892 ,30000.0,10:03:10 AM,1572669190312
-6.9349823 ,1.9997864 ,11.109528,23.56964931,87.30248689 ,41.76000137329102,89.43905300773892 ,30000.0,10:03:10 AM,1572669190316
1.3316803 ,2.1876526 ,11.806,23.56964931,87.30248689 ,41.76000137329102,89.43905300773892 ,30000.0,10:03:10 AM,1572669190322
6.7461853 ,2.485443 ,13.427856,23.56964931,87.30248689 ,41.76000137329102,89.43905300773892 ,30000.0,10:03:10 AM,1572669190326
3.1378937 ,3.2999115 ,15.62793,23.56964931,87.30248689 ,41.76000137329102,89.43905300773892 ,30000.0,10:03:10 AM,1572669190331
-4.4266205 ,1.5167389 ,10.839066,23.56964931,87.30248689 ,41.76000137329102,89.43905300773892 ,30000.0,10:03:10 AM,1572669190338
-5.5424957 ,2.4306488 ,11.928085,23.56964931,87.30248689 ,41.76000137329102,89.43905300773892 ,30000.0,10:03:10 AM,1572669190341
1.1945801 ,4.835373 ,10.676498,23.56964931,87.30248689 ,41.76000137329102,89.43905300773892 ,30000.0,10:03:10 AM,1572669190345
4.8126984 ,7.08342 ,4.043045,23.56964931,87.30248689 ,41.76000137329102,89.43905300773892 ,30000.0,10:03:10 AM,1572669190350
