x,y,z,latitude,longitude,speed,sound,light,time,timestamp
-0.26992798 ,10.290649 ,-1.3893127,23.57270084,87.30256405 ,39.095998764038086,87.53578970151324 ,30000.0,10:03:47 AM,1572669227663
-0.49095154 ,10.908768 ,-5.533951,23.57270084,87.30256405 ,39.095998764038086,87.53578970151324 ,30000.0,10:03:47 AM,1572669227669
0.9377136 ,12.483383 ,9.249649,23.57270084,87.30256405 ,39.095998764038086,87.53578970151324 ,30000.0,10:03:47 AM,1572669227673
3.8060455 ,5.9753265 ,12.533798,23.57270084,87.30256405 ,39.095998764038086,87.53578970151324 ,30000.0,10:03:47 AM,1572669227678
2.6661835 ,2.9565277 ,16.836548,23.57270084,87.30256405 ,39.095998764038086,87.53578970151324 ,30000.0,10:03:47 AM,1572669227686
-2.89003 ,-0.38887024 ,23.85344,23.57270084,87.30256405 ,39.095998764038086,87.53578970151324 ,30000.0,10:03:47 AM,1572669227688
-4.8888702 ,-2.512268 ,27.207916,23.57270084,87.30256405 ,39.095998764038086,87.53578970151324 ,30000.0,10:03:47 AM,1572669227691
0.3017578 ,-1.1499634 ,21.943848,23.57270084,87.30256405 ,39.095998764038086,87.53578970151324 ,30000.0,10:03:47 AM,1572669227696
6.1045685 ,-6.153122 ,8.338287,23.57270084,87.30256405 ,39.095998764038086,87.53578970151324 ,30000.0,10:03:47 AM,1572669227701
4.825836 ,0.49771118 ,22.84404,23.57270084,87.30256405 ,39.095998764038086,87.53578970151324 ,30000.0,10:03:47 AM,1572669227707
-3.1296844 ,-1.6537933 ,4.8259735,23.57270084,87.30256405 ,39.095998764038086,87.53578970151324 ,30000.0,10:03:47 AM,1572669227710
-10.2798 ,-0.94602966 ,-11.825546,23.57270084,87.30256405 ,39.095998764038086,87.53578970151324 ,30000.0,10:03:47 AM,1572669227715
-10.399796 ,9.236847 ,6.9539337,23.57270084,87.30256405 ,39.095998764038086,87.53578970151324 ,30000.0,10:03:47 AM,1572669227720
-2.2801208 ,2.5940704 ,-6.812042,23.57270084,87.30256405 ,39.095998764038086,87.53578970151324 ,30000.0,10:03:47 AM,1572669227729
6.688431 ,5.365341 ,8.05957,23.57270084,87.30256405 ,39.095998764038086,87.53578970151324 ,30000.0,10:03:47 AM,1572669227734
9.403885 ,3.189148 ,16.694962,23.57270084,87.30256405 ,39.095998764038086,87.53578970151324 ,30000.0,10:03:47 AM,1572669227738
2.0938873 ,-0.54034424 ,13.268005,23.57270084,87.30256405 ,39.095998764038086,87.53578970151324 ,30000.0,10:03:47 AM,1572669227744
-6.6845856 ,1.4145355 ,20.937988,23.57270084,87.30256405 ,39.095998764038086,87.53578970151324 ,30000.0,10:03:47 AM,1572669227749
-7.628311 ,3.3568115 ,34.549835,23.57270084,87.30256405 ,39.095998764038086,87.53578970151324 ,30000.0,10:03:47 AM,1572669227754
2.7612762 ,6.5674133 ,19.81984,23.57270084,87.30256405 ,39.095998764038086,87.53578970151324 ,30000.0,10:03:47 AM,1572669227758
14.575623 ,10.682037 ,3.2783356,23.57270084,87.30256405 ,39.095998764038086,87.53578970151324 ,30000.0,10:03:47 AM,1572669227763
11.779907 ,15.246857 ,-0.32803345,23.57270084,87.30256405 ,39.095998764038086,87.53578970151324 ,30000.0,10:03:47 AM,1572669227769
-5.24321 ,15.165192 ,-12.617157,23.57270084,87.30256405 ,39.095998764038086,87.53578970151324 ,30000.0,10:03:47 AM,1572669227773
-19.285141 ,13.044662 ,-18.204208,23.57270084,87.30256405 ,39.095998764038086,87.53578970151324 ,30000.0,10:03:47 AM,1572669227777
-18.41832 ,11.78624 ,-5.570511,23.57270084,87.30256405 ,39.095998764038086,87.53578970151324 ,30000.0,10:03:47 AM,1572669227785
-5.8672333 ,6.3582 ,-1.321228,23.57270084,87.30256405 ,39.095998764038086,87.53578970151324 ,30000.0,10:03:47 AM,1572669227787
7.207901 ,1.6418762 ,0.970932,23.57270084,87.30256405 ,39.095998764038086,87.53578970151324 ,30000.0,10:03:47 AM,1572669227792
11.491074 ,1.586441 ,19.61438,23.57270084,87.30256405 ,39.095998764038086,87.53578970151324 ,30000.0,10:03:47 AM,1572669227797
6.251343 ,-0.8989868 ,19.45697,23.57270084,87.30256405 ,39.095998764038086,87.53578970151324 ,30000.0,10:03:47 AM,1572669227804
-1.2034302 ,-2.2573547 ,10.234238,23.57270084,87.30256405 ,39.095998764038086,87.53578970151324 ,30000.0,10:03:47 AM,1572669227807
-2.9099884 ,-0.7735138 ,14.005127,23.57270084,87.30256405 ,39.095998764038086,87.53578970151324 ,30000.0,10:03:47 AM,1572669227812
1.6130524 ,0.09303284 ,17.723877,23.57270084,87.30256405 ,39.095998764038086,87.53578970151324 ,30000.0,10:03:47 AM,1572669227819
3.758484 ,0.03504944 ,16.428848,23.57270084,87.30256405 ,39.095998764038086,87.53578970151324 ,30000.0,10:03:47 AM,1572669227821
0.2442627 ,0.4230652 ,14.505386,23.57270084,87.30256405 ,39.095998764038086,87.53578970151324 ,30000.0,10:03:47 AM,1572669227827
-2.039734 ,3.8002777 ,16.556152,23.57270084,87.30256405 ,39.095998764038086,87.53578970151324 ,30000.0,10:03:47 AM,1572669227831
0.81036377 ,3.43573 ,7.8874817,23.57270084,87.30256405 ,39.095998764038086,87.53578970151324 ,30000.0,10:03:47 AM,1572669227837
4.401703 ,7.5779724 ,10.845139,23.57270084,87.30256405 ,39.095998764038086,87.53578970151324 ,30000.0,10:03:47 AM,1572669227841
4.622116 ,10.005173 ,7.3090057,23.57270084,87.30256405 ,39.095998764038086,87.53578970151324 ,30000.0,10:03:47 AM,1572669227846
0.23558044 ,8.822739 ,-6.8466187,23.57270084,87.30256405 ,39.095998764038086,87.53578970151324 ,30000.0,10:03:47 AM,1572669227853
-6.209305 ,10.421677 ,-8.680008,23.57270084,87.30256405 ,39.095998764038086,87.53578970151324 ,30000.0,10:03:47 AM,1572669227856
-11.001999 ,7.270447 ,-3.73172,23.57270084,87.30256405 ,39.095998764038086,87.53578970151324 ,30000.0,10:03:47 AM,1572669227859
-7.6426086 ,5.234421 ,5.491867,23.57270084,87.30256405 ,39.095998764038086,87.53578970151324 ,30000.0,10:03:47 AM,1572669227871
0.31030273 ,4.448349 ,17.883972,23.57270084,87.30256405 ,39.095998764038086,87.53578970151324 ,30000.0,10:03:47 AM,1572669227874
5.394577 ,2.0544891 ,12.70636,23.57270084,87.30256405 ,39.095998764038086,87.53578970151324 ,30000.0,10:03:47 AM,1572669227878
4.843689 ,2.383133 ,11.534317,23.57270084,87.30256405 ,39.095998764038086,87.53578970151324 ,30000.0,10:03:47 AM,1572669227883
2.9960327 ,2.364273 ,14.471451,23.57270084,87.30256405 ,39.095998764038086,87.53578970151324 ,30000.0,10:03:47 AM,1572669227888
4.299759 ,1.4580078 ,5.4142456,23.57270084,87.30256405 ,39.095998764038086,87.53578970151324 ,30000.0,10:03:47 AM,1572669227893
2.169571 ,4.730774 ,14.798218,23.57270084,87.30256405 ,39.095998764038086,87.53578970151324 ,30000.0,10:03:47 AM,1572669227898
-4.2550354 ,3.098755 ,16.759186,23.57270084,87.30256405 ,39.095998764038086,87.53578970151324 ,30000.0,10:03:47 AM,1572669227904
-6.6016235 ,1.968277 ,7.9914093,23.57270084,87.30256405 ,39.095998764038086,87.53578970151324 ,30000.0,10:03:47 AM,1572669227908
-2.1774902 ,6.236618 ,12.139267,23.57270084,87.30256405 ,39.095998764038086,87.53578970151324 ,30000.0,10:03:47 AM,1572669227914
2.0935364 ,4.6313324 ,2.644333,23.57270084,87.30256405 ,39.095998764038086,87.53578970151324 ,30000.0,10:03:47 AM,1572669227920
-0.24456787 ,4.776657 ,3.1358337,23.57270084,87.30256405 ,39.095998764038086,87.53578970151324 ,30000.0,10:03:47 AM,1572669227922
-5.732773 ,2.9109344 ,10.797943,23.57270084,87.30256405 ,39.095998764038086,87.53578970151324 ,30000.0,10:03:47 AM,1572669227926
-5.2279663 ,-0.83195496 ,8.363937,23.57270084,87.30256405 ,39.095998764038086,87.53578970151324 ,30000.0,10:03:47 AM,1572669227931
1.5997925 ,-2.045517 ,13.742355,23.57270084,87.30256405 ,39.095998764038086,87.53578970151324 ,30000.0,10:03:47 AM,1572669227937
5.9028473 ,-1.1378937 ,25.792435,23.57270084,87.30256405 ,39.095998764038086,87.53578970151324 ,30000.0,10:03:47 AM,1572669227942
4.21286 ,-1.6545105 ,15.195679,23.57270084,87.30256405 ,39.095998764038086,87.53578970151324 ,30000.0,10:03:47 AM,1572669227946
1.5258331 ,2.4879913 ,6.797241,23.57270084,87.30256405 ,39.095998764038086,87.53578970151324 ,30000.0,10:03:47 AM,1572669227953
1.6582642 ,8.255051 ,4.404724,23.57270084,87.30256405 ,39.095998764038086,87.53578970151324 ,30000.0,10:03:47 AM,1572669227956
0.89146423 ,11.402878 ,-13.053268,23.57270084,87.30256405 ,39.095998764038086,87.53578970151324 ,30000.0,10:03:47 AM,1572669227960
-4.0928497 ,12.93364 ,-10.9678955,23.57270084,87.30256405 ,39.095998764038086,87.53578970151324 ,30000.0,10:03:47 AM,1572669227965
-3.3345184 ,9.431763 ,-2.4884186,23.57270084,87.30256405 ,39.095998764038086,87.53578970151324 ,30000.0,10:03:47 AM,1572669227972
2.3489685 ,7.2299805 ,13.44191,23.57270084,87.30256405 ,39.095998764038086,87.53578970151324 ,30000.0,10:03:47 AM,1572669227976
1.6887054 ,0.22229004 ,15.42775,23.57270084,87.30256405 ,39.095998764038086,87.53578970151324 ,30000.0,10:03:47 AM,1572669227980
-5.6522217 ,-0.061080933 ,26.784134,23.57270084,87.30256405 ,39.095998764038086,87.53578970151324 ,30000.0,10:03:47 AM,1572669227988
-7.9391785 ,-0.9472809 ,18.353943,23.57270084,87.30256405 ,39.095998764038086,87.53578970151324 ,30000.0,10:03:47 AM,1572669227990
1.593399 ,0.9668274 ,8.51329,23.57270084,87.30256405 ,39.095998764038086,87.53578970151324 ,30000.0,10:03:47 AM,1572669227994
10.090454 ,5.5582123 ,12.863113,23.57270084,87.30256405 ,39.095998764038086,87.53578970151324 ,30000.0,10:03:47 AM,1572669227999
5.349884 ,4.0095673 ,1.1834412,23.57270084,87.30256405 ,39.095998764038086,87.53578970151324 ,30000.0,10:03:48 AM,1572669228009
-7.0442657 ,4.562332 ,10.423569,23.57270084,87.30256405 ,39.095998764038086,88.79244900599443 ,30000.0,10:03:48 AM,1572669228014
-10.632843 ,1.6150513 ,7.694916,23.57270084,87.30256405 ,39.095998764038086,88.79244900599443 ,30000.0,10:03:48 AM,1572669228018
-3.6165009 ,1.7445984 ,8.870651,23.57270084,87.30256405 ,39.095998764038086,88.79244900599443 ,30000.0,10:03:48 AM,1572669228024
4.9216003 ,1.7174683 ,14.161148,23.57270084,87.30256405 ,39.095998764038086,88.79244900599443 ,30000.0,10:03:48 AM,1572669228028
9.157898 ,1.0427551 ,11.5898285,23.57270084,87.30256405 ,39.095998764038086,88.79244900599443 ,30000.0,10:03:48 AM,1572669228033
7.0926666 ,2.405777 ,13.003189,23.57270084,87.30256405 ,39.095998764038086,88.79244900599443 ,30000.0,10:03:48 AM,1572669228041
-0.07647705 ,4.5849457 ,9.270584,23.57270084,87.30256405 ,39.095998764038086,88.79244900599443 ,30000.0,10:03:48 AM,1572669228044
-6.2718964 ,7.15094 ,0.35456848,23.57270084,87.30256405 ,39.095998764038086,88.79244900599443 ,30000.0,10:03:48 AM,1572669228048
-5.030304 ,9.38179 ,-5.3205414,23.57270084,87.30256405 ,39.095998764038086,88.79244900599443 ,30000.0,10:03:48 AM,1572669228061
0.54571533 ,10.929962 ,-2.383484,23.57270084,87.30256405 ,39.095998764038086,88.79244900599443 ,30000.0,10:03:48 AM,1572669228064
2.873764 ,11.461273 ,2.9931183,23.57270084,87.30256405 ,39.095998764038086,88.79244900599443 ,30000.0,10:03:48 AM,1572669228065
0.43644714 ,9.891495 ,3.0605774,23.57270084,87.30256405 ,39.095998764038086,88.79244900599443 ,30000.0,10:03:48 AM,1572669228067
-2.8804169 ,7.3622894 ,-1.6796417,23.57270084,87.30256405 ,39.095998764038086,88.79244900599443 ,30000.0,10:03:48 AM,1572669228072
-3.5737457 ,6.0166626 ,6.8536377,23.57280109,87.30255652 ,38.483998489379886,88.79244900599443 ,30000.0,10:03:48 AM,1572669228076
0.06718445 ,1.8828583 ,11.507828,23.57280109,87.30255652 ,38.483998489379886,88.79244900599443 ,30000.0,10:03:48 AM,1572669228080
4.331558 ,-0.2050476 ,15.829102,23.57280109,87.30255652 ,38.483998489379886,88.79244900599443 ,30000.0,10:03:48 AM,1572669228087
1.8471527 ,-0.58454895 ,21.799652,23.57280109,87.30255652 ,38.483998489379886,88.79244900599443 ,30000.0,10:03:48 AM,1572669228090
-6.6177216 ,-2.9088745 ,16.496567,23.57280109,87.30255652 ,38.483998489379886,88.79244900599443 ,30000.0,10:03:48 AM,1572669228094
-9.57872 ,-1.9431915 ,21.735886,23.57280109,87.30255652 ,38.483998489379886,88.79244900599443 ,30000.0,10:03:48 AM,1572669228099
-0.124069214 ,-3.8179169 ,17.20639,23.57280109,87.30255652 ,38.483998489379886,88.79244900599443 ,30000.0,10:03:48 AM,1572669228105
10.526489 ,-0.6797333 ,18.08429,23.57280109,87.30255652 ,38.483998489379886,88.79244900599443 ,30000.0,10:03:48 AM,1572669228109
8.286896 ,-1.0113983 ,17.4906,23.57280109,87.30255652 ,38.483998489379886,88.79244900599443 ,30000.0,10:03:48 AM,1572669228115
-0.94940186 ,-2.7200775 ,7.2055206,23.57280109,87.30255652 ,38.483998489379886,88.79244900599443 ,30000.0,10:03:48 AM,1572669228122
-5.99881 ,3.3005219 ,18.09317,23.57280109,87.30255652 ,38.483998489379886,88.79244900599443 ,30000.0,10:03:48 AM,1572669228124
-2.5411987 ,-0.24020386 ,0.89749146,23.57280109,87.30255652 ,38.483998489379886,88.79244900599443 ,30000.0,10:03:48 AM,1572669228128
0.118774414 ,6.979233 ,4.7676544,23.57280109,87.30255652 ,38.483998489379886,88.79244900599443 ,30000.0,10:03:48 AM,1572669228133
-1.4064636 ,7.648407 ,4.4960785,23.57280109,87.30255652 ,38.483998489379886,88.79244900599443 ,30000.0,10:03:48 AM,1572669228144
-0.23008728 ,7.8554077 ,-0.043670654,23.57280109,87.30255652 ,38.483998489379886,88.79244900599443 ,30000.0,10:03:48 AM,1572669228149
3.5808258 ,9.763672 ,4.481659,23.57280109,87.30255652 ,38.483998489379886,88.79244900599443 ,30000.0,10:03:48 AM,1572669228156
3.198883 ,8.594208 ,6.7429047,23.57280109,87.30255652 ,38.483998489379886,88.79244900599443 ,30000.0,10:03:48 AM,1572669228160
