x,y,z,latitude,longitude,speed,sound,light,time,timestamp
-2.7384033 ,1.4883118 ,12.282684,23.55058533,87.29571304 ,0.0,83.26638726526616 ,3873.0,09:58:32 AM,1572668912785
-2.7619476 ,2.1534576 ,10.886734,23.55058533,87.29571304 ,0.0,83.26638726526616 ,3873.0,09:58:32 AM,1572668912792
0.2571869 ,3.6503448 ,8.703827,23.55058533,87.29571304 ,0.0,83.26638726526616 ,3873.0,09:58:32 AM,1572668912794
0.93270874 ,4.758774 ,7.41687,23.55058533,87.29571304 ,0.0,83.26638726526616 ,3873.0,09:58:32 AM,1572668912800
-2.2510529 ,4.7089996 ,6.5737762,23.55058533,87.29571304 ,0.0,83.26638726526616 ,3873.0,09:58:32 AM,1572668912805
-3.2758484 ,4.718338 ,5.916748,23.55058533,87.29571304 ,0.0,83.26638726526616 ,3873.0,09:58:32 AM,1572668912809
-1.0116882 ,5.560669 ,9.115585,23.55058533,87.29571304 ,0.0,83.26638726526616 ,3873.0,09:58:32 AM,1572668912818
-0.73880005 ,3.2654266 ,7.76445,23.55058533,87.29571304 ,0.0,83.26638726526616 ,3873.0,09:58:32 AM,1572668912823
-1.8627777 ,1.7608643 ,9.578781,23.55058533,87.29571304 ,0.0,83.26638726526616 ,3873.0,09:58:32 AM,1572668912827
-0.83039856 ,2.2795563 ,13.661743,23.55058533,87.29571304 ,0.0,83.26638726526616 ,3873.0,09:58:32 AM,1572668912832
-0.22956848 ,2.520218 ,11.317352,23.55058533,87.29571304 ,0.0,83.26638726526616 ,3873.0,09:58:32 AM,1572668912837
-2.05867 ,2.776825 ,7.8435364,23.55058533,87.29571304 ,0.0,83.26638726526616 ,3873.0,09:58:32 AM,1572668912843
-2.176941 ,3.3330994 ,7.31752,23.55058533,87.29571304 ,0.0,83.26638726526616 ,3873.0,09:58:32 AM,1572668912846
0.21821594 ,3.3316803 ,7.195633,23.55058533,87.29571304 ,0.0,83.26638726526616 ,3873.0,09:58:32 AM,1572668912851
0.70381165 ,2.4720612 ,8.103958,23.55058533,87.29571304 ,0.0,83.26638726526616 ,3873.0,09:58:32 AM,1572668912858
-0.1899414 ,2.3947601 ,11.119553,23.55058533,87.29571304 ,0.0,83.26638726526616 ,3873.0,09:58:32 AM,1572668912861
0.08328247 ,2.6554565 ,10.908798,23.55058533,87.29571304 ,0.0,83.26638726526616 ,3873.0,09:58:32 AM,1572668912865
-0.77804565 ,2.7834625 ,9.596954,23.55058533,87.29571304 ,0.0,83.26638726526616 ,3873.0,09:58:32 AM,1572668912870
-2.830597 ,2.6180115 ,9.058365,23.55058533,87.29571304 ,0.0,83.26638726526616 ,3873.0,09:58:32 AM,1572668912876
-1.4064026 ,3.1440887 ,7.895035,23.55058533,87.29571304 ,0.0,83.26638726526616 ,3873.0,09:58:32 AM,1572668912880
1.874176 ,4.29274 ,7.4963684,23.55058533,87.29571304 ,0.0,83.26638726526616 ,3873.0,09:58:32 AM,1572668912885
0.81817627 ,4.0708313 ,8.237183,23.55058533,87.29571304 ,0.0,83.26638726526616 ,3873.0,09:58:32 AM,1572668912890
-2.4152374 ,2.7172241 ,9.476105,23.55058533,87.29571304 ,0.0,83.26638726526616 ,3873.0,09:58:32 AM,1572668912895
-1.6005554 ,1.8402252 ,9.456421,23.55058533,87.29571304 ,0.0,83.26638726526616 ,3873.0,09:58:32 AM,1572668912899
1.1964722 ,2.4906464 ,9.946335,23.55058533,87.29571304 ,0.0,83.26638726526616 ,3873.0,09:58:32 AM,1572668912904
0.63619995 ,3.008194 ,11.547897,23.55058533,87.29571304 ,0.0,83.26638726526616 ,3873.0,09:58:32 AM,1572668912910
-1.716156 ,2.6178436 ,11.2499695,23.55058533,87.29571304 ,0.0,83.26638726526616 ,3873.0,09:58:32 AM,1572668912914
-1.7590637 ,2.732071 ,8.738846,23.55058533,87.29571304 ,0.0,83.26638726526616 ,3873.0,09:58:32 AM,1572668912918
-0.16978455 ,3.7737274 ,7.5099792,23.55058533,87.29571304 ,0.0,83.26638726526616 ,3873.0,09:58:32 AM,1572668912924
0.24369812 ,4.269516 ,7.136566,23.55058533,87.29571304 ,0.0,83.26638726526616 ,3873.0,09:58:32 AM,1572668912928
-0.5446167 ,3.4813995 ,6.2871246,23.55058533,87.29571304 ,0.0,83.26638726526616 ,3873.0,09:58:32 AM,1572668912932
-0.46879578 ,2.7958527 ,7.814636,23.55058533,87.29571304 ,0.0,83.26638726526616 ,3873.0,09:58:32 AM,1572668912937
0.80937195 ,2.1627197 ,10.739151,23.55058533,87.29571304 ,0.0,83.26638726526616 ,3873.0,09:58:32 AM,1572668912947
0.81777954 ,1.40065 ,12.36293,23.55058533,87.29571304 ,0.0,83.26638726526616 ,3873.0,09:58:32 AM,1572668912952
-1.4174194 ,1.3620453 ,12.06752,23.55058533,87.29571304 ,0.0,83.26638726526616 ,3873.0,09:58:32 AM,1572668912961
-2.513916 ,1.9702301 ,9.579086,23.55058533,87.29571304 ,0.0,83.26638726526616 ,3873.0,09:58:32 AM,1572668912963
-0.5334015 ,3.1177826 ,8.082809,23.55058533,87.29571304 ,0.0,83.26638726526616 ,3873.0,09:58:32 AM,1572668912968
1.102417 ,3.7319336 ,8.103668,23.55058533,87.29571304 ,0.0,83.26638726526616 ,3873.0,09:58:32 AM,1572668912973
-0.03857422 ,3.8159332 ,8.437958,23.55058533,87.29571304 ,0.0,83.26638726526616 ,3873.0,09:58:32 AM,1572668912980
-1.1856842 ,3.7217255 ,7.5910797,23.55058533,87.29571304 ,0.0,83.26638726526616 ,3873.0,09:58:32 AM,1572668912984
-0.8235626 ,4.035797 ,9.123291,23.55058533,87.29571304 ,0.0,83.26638726526616 ,3873.0,09:58:32 AM,1572668912988
-0.725647 ,2.7376556 ,8.647705,23.55058533,87.29571304 ,0.0,83.26638726526616 ,3873.0,09:58:32 AM,1572668912997
-0.60879517 ,2.105835 ,9.739059,23.55058533,87.29571304 ,0.0,83.26638726526616 ,3873.0,09:58:32 AM,1572668912999
0.43585205 ,2.927414 ,12.8263855,23.55058533,87.29571304 ,0.0,83.26638726526616 ,3873.0,09:58:33 AM,1572668913001
-0.18263245 ,2.8881073 ,10.079269,23.55058533,87.29571304 ,0.0,83.26638726526616 ,3873.0,09:58:33 AM,1572668913004
-2.497879 ,3.229004 ,7.2725677,23.55058533,87.29571304 ,0.0,83.26638726526616 ,3873.0,09:58:33 AM,1572668913010
-1.9768677 ,3.7134552 ,6.768982,23.55058533,87.29571304 ,0.0,83.26638726526616 ,3873.0,09:58:33 AM,1572668913014
0.69911194 ,3.3350067 ,6.3953857,23.55058533,87.29571304 ,0.0,83.26638726526616 ,3873.0,09:58:33 AM,1572668913019
0.68844604 ,2.5825806 ,8.740433,23.55058533,87.29571304 ,0.0,83.26638726526616 ,3873.0,09:58:33 AM,1572668913030
-0.6565552 ,1.9586029 ,11.227615,23.55058533,87.29571304 ,0.0,83.26638726526616 ,3873.0,09:58:33 AM,1572668913032
-0.25671387 ,1.8683777 ,11.041016,23.55058533,87.29571304 ,0.0,83.26638726526616 ,3873.0,09:58:33 AM,1572668913034
-0.7039032 ,2.1836548 ,10.822266,23.55058533,87.29571304 ,0.0,83.26638726526616 ,3873.0,09:58:33 AM,1572668913038
-2.6469727 ,2.1235657 ,9.127243,23.55058534,87.29571305 ,0.0,83.26638726526616 ,3873.0,09:58:33 AM,1572668913043
-1.3375244 ,2.9085846 ,7.4102783,23.55058534,87.29571305 ,0.0,83.26638726526616 ,3873.0,09:58:33 AM,1572668913047
1.8177032 ,4.178009 ,8.171936,23.55058534,87.29571305 ,0.0,83.26638726526616 ,3873.0,09:58:33 AM,1572668913052
0.7710266 ,4.302017 ,9.06282,23.55058534,87.29571305 ,0.0,83.26638726526616 ,3873.0,09:58:33 AM,1572668913059
-2.6985931 ,3.0453491 ,8.090591,23.55058534,87.29571305 ,0.0,83.26638726526616 ,3873.0,09:58:33 AM,1572668913063
-2.2901 ,2.2487183 ,7.162689,23.55058534,87.29571305 ,0.0,83.26638726526616 ,3873.0,09:58:33 AM,1572668913067
0.30693054 ,3.7242126 ,11.008026,23.55058534,87.29571305 ,0.0,83.26638726526616 ,3873.0,09:58:33 AM,1572668913073
0.21582031 ,3.2971497 ,11.681427,23.55058534,87.29571305 ,0.0,83.26638726526616 ,3873.0,09:58:33 AM,1572668913083
-1.2039948 ,2.7658844 ,10.823425,23.55058534,87.29571305 ,0.0,83.26638726526616 ,3873.0,09:58:33 AM,1572668913088
-0.7636261 ,3.1044312 ,8.110275,23.55058534,87.29571305 ,0.0,83.26638726526616 ,3873.0,09:58:33 AM,1572668913096
-0.4585724 ,4.2102966 ,7.845398,23.55058534,87.29571305 ,0.0,83.26638726526616 ,3873.0,09:58:33 AM,1572668913099
-1.5873718 ,3.6463165 ,7.3560486,23.55058534,87.29571305 ,0.0,83.26638726526616 ,3873.0,09:58:33 AM,1572668913102
-1.3677216 ,2.7299042 ,7.3614197,23.55058534,87.29571305 ,0.0,83.26638726526616 ,3873.0,09:58:33 AM,1572668913114
0.8636322 ,2.6924896 ,9.123413,23.55058534,87.29571305 ,0.0,83.26638726526616 ,3873.0,09:58:33 AM,1572668913115
1.093399 ,2.3967438 ,11.020996,23.55058534,87.29571305 ,0.0,83.26638726526616 ,3873.0,09:58:33 AM,1572668913116
-1.9602203 ,1.8780975 ,11.617294,23.55058534,87.29571305 ,0.0,83.26638726526616 ,3873.0,09:58:33 AM,1572668913120
-3.5590363 ,2.0912933 ,10.176254,23.55058534,87.29571305 ,0.0,83.26638726526616 ,3873.0,09:58:33 AM,1572668913126
-1.0643616 ,3.2212524 ,8.606293,23.55058534,87.29571305 ,0.0,83.26638726526616 ,3873.0,09:58:33 AM,1572668913129
1.3155975 ,4.0902863 ,8.397003,23.55058534,87.29571305 ,0.0,85.54208060408061 ,3873.0,09:58:33 AM,1572668913135
0.10795593 ,4.078781 ,8.478943,23.55058534,87.29571305 ,0.0,85.54208060408061 ,3873.0,09:58:33 AM,1572668913139
-1.7682343 ,4.0399933 ,7.496567,23.55058534,87.29571305 ,0.0,85.54208060408061 ,3873.0,09:58:33 AM,1572668913144
-1.4702301 ,4.461731 ,7.4765167,23.55058534,87.29571305 ,0.0,85.54208060408061 ,3873.0,09:58:33 AM,1572668913149
-1.0691376 ,3.7283478 ,7.8996735,23.55058534,87.29571305 ,0.0,85.54208060408061 ,3873.0,09:58:33 AM,1572668913153
-1.5561676 ,2.357605 ,9.124573,23.55058534,87.29571305 ,0.0,85.54208060408061 ,3873.0,09:58:33 AM,1572668913159
-0.7849426 ,2.364685 ,12.787659,23.55058534,87.29571305 ,0.0,85.54208060408061 ,3873.0,09:58:33 AM,1572668913163
0.24215698 ,2.5665894 ,12.415512,23.55058534,87.29571305 ,0.0,85.54208060408061 ,3873.0,09:58:33 AM,1572668913169
-1.3522034 ,2.8944702 ,9.001953,23.55058534,87.29571305 ,0.0,85.54208060408061 ,3873.0,09:58:33 AM,1572668913173
-3.0013885 ,3.6821594 ,6.9308014,23.55058534,87.29571305 ,0.0,85.54208060408061 ,3873.0,09:58:33 AM,1572668913178
-1.2666016 ,4.266205 ,6.2090454,23.55058534,87.29571305 ,0.0,85.54208060408061 ,3873.0,09:58:33 AM,1572668913182
0.67329407 ,3.6590118 ,6.7977905,23.55058534,87.29571305 ,0.0,85.54208060408061 ,3873.0,09:58:33 AM,1572668913187
0.12472534 ,2.5111694 ,9.263718,23.55058534,87.29571305 ,0.0,85.54208060408061 ,3873.0,09:58:33 AM,1572668913194
-0.16262817 ,2.0059967 ,11.14447,23.55058534,87.29571305 ,0.0,85.54208060408061 ,3873.0,09:58:33 AM,1572668913196
0.034729004 ,2.005066 ,11.188095,23.55058534,87.29571305 ,0.0,85.54208060408061 ,3873.0,09:58:33 AM,1572668913201
-2.0927887 ,1.7913208 ,10.636444,23.55058534,87.29571305 ,0.0,85.54208060408061 ,3873.0,09:58:33 AM,1572668913205
-3.457901 ,2.1475677 ,10.654282,23.55058534,87.29571305 ,0.0,85.54208060408061 ,3873.0,09:58:33 AM,1572668913217
-0.10372925 ,3.282669 ,8.958176,23.55058534,87.29571305 ,0.0,85.54208060408061 ,3873.0,09:58:33 AM,1572668913221
2.431961 ,4.5077667 ,7.51622,23.55058534,87.29571305 ,0.0,85.54208060408061 ,3873.0,09:58:33 AM,1572668913227
-0.31315613 ,4.4492188 ,7.174515,23.55058534,87.29571305 ,0.0,85.54208060408061 ,3873.0,09:58:33 AM,1572668913230
-2.8033142 ,3.8773499 ,7.0095825,23.55058534,87.29571305 ,0.0,85.54208060408061 ,3873.0,09:58:33 AM,1572668913235
-1.0552216 ,4.1661835 ,8.607407,23.55058534,87.29571305 ,0.0,85.54208060408061 ,3873.0,09:58:33 AM,1572668913239
0.4798584 ,2.9329834 ,8.352707,23.55058534,87.29571305 ,0.0,85.54208060408061 ,3873.0,09:58:33 AM,1572668913245
-0.7472687 ,2.0480652 ,11.149918,23.55058534,87.29571305 ,0.0,85.54208060408061 ,3873.0,09:58:33 AM,1572668913249
-1.4121857 ,1.8643188 ,13.5225525,23.55058534,87.29571305 ,0.0,85.54208060408061 ,3873.0,09:58:33 AM,1572668913254
-0.94944763 ,2.2019348 ,10.583649,23.55058534,87.29571305 ,0.0,85.54208060408061 ,3873.0,09:58:33 AM,1572668913260
-1.4853821 ,3.247879 ,7.352585,23.55058534,87.29571305 ,0.0,85.54208060408061 ,3873.0,09:58:33 AM,1572668913265
-1.7483215 ,3.9756317 ,6.7497406,23.55058534,87.29571305 ,0.0,85.54208060408061 ,3873.0,09:58:33 AM,1572668913268
-0.38397217 ,3.609604 ,6.9428253,23.55058534,87.29571305 ,0.0,85.54208060408061 ,3873.0,09:58:33 AM,1572668913274
0.7281647 ,2.4847565 ,7.764618,23.55058534,87.29571305 ,0.0,85.54208060408061 ,3873.0,09:58:33 AM,1572668913278
