x,y,z,latitude,longitude,speed,sound,light,time,timestamp
-2.1326904 ,-5.325302 ,22.722504,23.57382355,87.30262586 ,27.93600082397461,76.57188825191085 ,9835.0,10:04:20 AM,1572669260004
-1.9635468 ,0.5957031 ,24.039032,23.57382355,87.30262586 ,27.93600082397461,76.57188825191085 ,9835.0,10:04:20 AM,1572669260005
0.5236664 ,-0.5142212 ,3.287506,23.57382355,87.30262586 ,27.93600082397461,76.57188825191085 ,9835.0,10:04:20 AM,1572669260007
-0.7194977 ,7.1465607 ,7.05809,23.57382355,87.30262586 ,27.93600082397461,76.57188825191085 ,9835.0,10:04:20 AM,1572669260015
-2.206314 ,10.538391 ,-0.22099304,23.57382355,87.30262586 ,27.93600082397461,76.57188825191085 ,9835.0,10:04:20 AM,1572669260019
-2.6625671 ,4.86351 ,-15.46402,23.57382355,87.30262586 ,27.93600082397461,76.57188825191085 ,9835.0,10:04:20 AM,1572669260025
-0.6448059 ,5.4364624 ,-6.7000427,23.57382355,87.30262586 ,27.93600082397461,76.57188825191085 ,10030.0,10:04:20 AM,1572669260030
0.4084015 ,7.993881 ,17.672455,23.57382355,87.30262586 ,27.93600082397461,76.57188825191085 ,10030.0,10:04:20 AM,1572669260032
1.62677 ,5.117752 ,15.327316,23.57382355,87.30262586 ,27.93600082397461,76.57188825191085 ,10030.0,10:04:20 AM,1572669260037
1.7671967 ,0.22042847 ,-1.8164978,23.57382355,87.30262586 ,27.93600082397461,76.57188825191085 ,10030.0,10:04:20 AM,1572669260042
-0.45870972 ,4.7802277 ,16.040146,23.57382355,87.30262586 ,27.93600082397461,76.57188825191085 ,10030.0,10:04:20 AM,1572669260047
-1.1748962 ,7.4724426 ,18.410965,23.57382355,87.30262586 ,27.93600082397461,76.57188825191085 ,10030.0,10:04:20 AM,1572669260051
0.5984955 ,8.091873 ,9.099014,23.57382355,87.30262586 ,27.93600082397461,76.57188825191085 ,10030.0,10:04:20 AM,1572669260057
2.7364197 ,7.292862 ,-2.2019958,23.57382355,87.30262586 ,27.93600082397461,76.57188825191085 ,10030.0,10:04:20 AM,1572669260064
-0.6526947 ,9.423874 ,6.376892,23.57382355,87.30262586 ,27.93600082397461,76.57188825191085 ,10030.0,10:04:20 AM,1572669260067
-4.7321625 ,7.574524 ,7.340027,23.57382355,87.30262586 ,27.93600082397461,76.57188825191085 ,10030.0,10:04:20 AM,1572669260072
-0.36976624 ,1.9017029 ,-3.6340637,23.57382355,87.30262586 ,27.93600082397461,76.57188825191085 ,10030.0,10:04:20 AM,1572669260078
6.634964 ,3.5802155 ,6.691635,23.57382355,87.30262586 ,27.93600082397461,76.57188825191085 ,10030.0,10:04:20 AM,1572669260083
2.3990784 ,3.3276215 ,15.857849,23.57375433,87.30261246 ,26.13600082397461,76.57188825191085 ,10030.0,10:04:20 AM,1572669260086
-8.02446 ,-3.9036713 ,2.4083252,23.57375433,87.30261246 ,26.13600082397461,76.57188825191085 ,10030.0,10:04:20 AM,1572669260091
-8.530121 ,-2.5537262 ,11.9861145,23.57375433,87.30261246 ,26.13600082397461,76.57188825191085 ,10030.0,10:04:20 AM,1572669260098
2.602768 ,1.2870026 ,18.133194,23.57375433,87.30261246 ,26.13600082397461,76.57188825191085 ,10030.0,10:04:20 AM,1572669260101
9.97229 ,4.006134 ,7.5331726,23.57375433,87.30261246 ,26.13600082397461,76.57188825191085 ,10030.0,10:04:20 AM,1572669260105
3.1027985 ,2.564972 ,5.8299713,23.57375433,87.30261246 ,26.13600082397461,76.57188825191085 ,10030.0,10:04:20 AM,1572669260110
-6.1315002 ,0.047195435 ,13.736099,23.57375433,87.30261246 ,26.13600082397461,76.57188825191085 ,10030.0,10:04:20 AM,1572669260117
-6.1400604 ,-0.26583862 ,21.991623,23.57375433,87.30261246 ,26.13600082397461,76.57188825191085 ,10030.0,10:04:20 AM,1572669260120
-0.51423645 ,-2.0583496 ,26.084503,23.57375433,87.30261246 ,26.13600082397461,76.57188825191085 ,10030.0,10:04:20 AM,1572669260124
7.039261 ,-1.3078308 ,23.1904,23.57375433,87.30261246 ,26.13600082397461,76.57188825191085 ,10030.0,10:04:20 AM,1572669260133
10.994217 ,1.0722809 ,18.520065,23.57375433,87.30261246 ,26.13600082397461,76.57188825191085 ,10030.0,10:04:20 AM,1572669260134
6.5955963 ,0.49708557 ,5.8502045,23.57375433,87.30261246 ,26.13600082397461,76.57188825191085 ,10030.0,10:04:20 AM,1572669260138
-2.9624329 ,1.6437988 ,4.7585144,23.57375433,87.30261246 ,26.13600082397461,76.57188825191085 ,10030.0,10:04:20 AM,1572669260143
-4.084961 ,3.7243042 ,6.356369,23.57375433,87.30261246 ,26.13600082397461,76.57188825191085 ,10030.0,10:04:20 AM,1572669260148
5.3890076 ,3.6100464 ,-9.444077,23.57375433,87.30261246 ,26.13600082397461,76.57188825191085 ,10030.0,10:04:20 AM,1572669260158
8.767502 ,12.47168 ,-2.865982,23.57375433,87.30261246 ,26.13600082397461,76.57188825191085 ,10030.0,10:04:20 AM,1572669260164
-1.9910736 ,12.319733 ,-11.496475,23.57375433,87.30261246 ,26.13600082397461,76.57188825191085 ,10030.0,10:04:20 AM,1572669260172
-9.794952 ,11.116165 ,-6.6200104,23.57375433,87.30261246 ,26.13600082397461,76.57188825191085 ,10030.0,10:04:20 AM,1572669260174
-2.3273163 ,11.356827 ,13.230911,23.57375433,87.30261246 ,26.13600082397461,79.33465062546244 ,10030.0,10:04:20 AM,1572669260181
4.093384 ,4.3669434 ,15.387573,23.57375433,87.30261246 ,26.13600082397461,79.33465062546244 ,10030.0,10:04:20 AM,1572669260188
-0.9806061 ,-0.30496216 ,16.865494,23.57375433,87.30261246 ,26.13600082397461,79.33465062546244 ,10030.0,10:04:20 AM,1572669260191
-9.543564 ,-1.3488159 ,32.12195,23.57375433,87.30261246 ,26.13600082397461,79.33465062546244 ,10030.0,10:04:20 AM,1572669260194
-9.349487 ,-1.1759796 ,32.72873,23.57375433,87.30261246 ,26.13600082397461,79.33465062546244 ,10030.0,10:04:20 AM,1572669260201
0.64089966 ,0.27165222 ,17.247375,23.57375433,87.30261246 ,26.13600082397461,79.33465062546244 ,10030.0,10:04:20 AM,1572669260203
9.555954 ,4.7934723 ,5.0724792,23.57375433,87.30261246 ,26.13600082397461,79.33465062546244 ,10030.0,10:04:20 AM,1572669260207
5.871002 ,9.83429 ,4.13414,23.57375433,87.30261246 ,26.13600082397461,79.33465062546244 ,10030.0,10:04:20 AM,1572669260211
-3.5041351 ,7.568756 ,-10.068222,23.57375433,87.30261246 ,26.13600082397461,79.33465062546244 ,10030.0,10:04:20 AM,1572669260217
-4.811081 ,4.68425 ,-6.0855865,23.57375433,87.30261246 ,26.13600082397461,79.33465062546244 ,10030.0,10:04:20 AM,1572669260221
2.2910004 ,1.6056213 ,6.6025696,23.57375433,87.30261246 ,26.13600082397461,79.33465062546244 ,9727.0,10:04:20 AM,1572669260226
3.9605865 ,0.7347717 ,19.983292,23.57375433,87.30261246 ,26.13600082397461,79.33465062546244 ,9727.0,10:04:20 AM,1572669260234
0.0040130615 ,-2.98378 ,18.868988,23.57375433,87.30261246 ,26.13600082397461,79.33465062546244 ,9727.0,10:04:20 AM,1572669260236
-2.8292694 ,-2.417282 ,23.6931,23.57375433,87.30261246 ,26.13600082397461,79.33465062546244 ,9727.0,10:04:20 AM,1572669260240
-0.81632996 ,2.6448212 ,17.554749,23.57375433,87.30261246 ,26.13600082397461,79.33465062546244 ,9727.0,10:04:20 AM,1572669260245
-0.17703247 ,4.797806 ,6.403961,23.57375433,87.30261246 ,26.13600082397461,79.33465062546244 ,9727.0,10:04:20 AM,1572669260252
-0.49513245 ,8.179565 ,1.0666656,23.57375433,87.30261246 ,26.13600082397461,79.33465062546244 ,9727.0,10:04:20 AM,1572669260256
-0.27664185 ,12.828751 ,-0.8873749,23.57375433,87.30261246 ,26.13600082397461,79.33465062546244 ,9727.0,10:04:20 AM,1572669260259
-2.7053528 ,10.941055 ,-13.482697,23.57375433,87.30261246 ,26.13600082397461,79.33465062546244 ,9727.0,10:04:20 AM,1572669260266
-6.924713 ,8.860214 ,-1.9075775,23.57375433,87.30261246 ,26.13600082397461,79.33465062546244 ,9727.0,10:04:20 AM,1572669260270
-1.348053 ,6.930649 ,11.007706,23.57375433,87.30261246 ,26.13600082397461,79.33465062546244 ,9727.0,10:04:20 AM,1572669260274
8.123566 ,4.252075 ,13.221771,23.57375433,87.30261246 ,26.13600082397461,79.33465062546244 ,9727.0,10:04:20 AM,1572669260279
8.631973 ,0.8241272 ,13.970428,23.57375433,87.30261246 ,26.13600082397461,79.33465062546244 ,9727.0,10:04:20 AM,1572669260286
1.050766 ,0.25611877 ,21.82222,23.57375433,87.30261246 ,26.13600082397461,79.33465062546244 ,9727.0,10:04:20 AM,1572669260288
-4.3003693 ,0.43223572 ,18.75769,23.57375433,87.30261246 ,26.13600082397461,79.33465062546244 ,9727.0,10:04:20 AM,1572669260301
-3.4975739 ,-0.6174774 ,4.920624,23.57375433,87.30261246 ,26.13600082397461,79.33465062546244 ,9727.0,10:04:20 AM,1572669260303
-2.1033325 ,4.8268127 ,18.577347,23.57375433,87.30261246 ,26.13600082397461,79.33465062546244 ,9727.0,10:04:20 AM,1572669260307
0.13963318 ,3.0719604 ,5.7192993,23.57375433,87.30261246 ,26.13600082397461,79.33465062546244 ,9727.0,10:04:20 AM,1572669260312
1.4597168 ,3.3814087 ,-2.0705109,23.57375433,87.30261246 ,26.13600082397461,79.33465062546244 ,9727.0,10:04:20 AM,1572669260318
1.2413177 ,7.4997253 ,11.160004,23.57375433,87.30261246 ,26.13600082397461,79.33465062546244 ,9727.0,10:04:20 AM,1572669260322
-1.3327789 ,3.3144226 ,9.367859,23.57375433,87.30261246 ,26.13600082397461,79.33465062546244 ,9727.0,10:04:20 AM,1572669260326
0.7510376 ,-0.81095886 ,0.2898407,23.57375433,87.30261246 ,26.13600082397461,79.33465062546244 ,9727.0,10:04:20 AM,1572669260334
5.6752625 ,1.481369 ,15.874039,23.57375433,87.30261246 ,26.13600082397461,79.33465062546244 ,9727.0,10:04:20 AM,1572669260337
5.3883514 ,0.5565033 ,16.017181,23.57375433,87.30261246 ,26.13600082397461,79.33465062546244 ,9727.0,10:04:20 AM,1572669260341
-1.5289612 ,-0.548584 ,11.502792,23.57375433,87.30261246 ,26.13600082397461,79.33465062546244 ,9727.0,10:04:20 AM,1572669260348
-4.7209473 ,-0.084609985 ,11.298386,23.57375433,87.30261246 ,26.13600082397461,79.33465062546244 ,9727.0,10:04:20 AM,1572669260354
-1.9816437 ,2.6931763 ,8.210953,23.57375433,87.30261246 ,26.13600082397461,79.33465062546244 ,9727.0,10:04:20 AM,1572669260356
-1.1869202 ,4.2684784 ,4.347061,23.57375433,87.30261246 ,26.13600082397461,79.33465062546244 ,9727.0,10:04:20 AM,1572669260360
-2.6134338 ,6.1996765 ,7.1954803,23.57375433,87.30261246 ,26.13600082397461,79.33465062546244 ,9727.0,10:04:20 AM,1572669260367
-0.41358948 ,6.7162476 ,1.3505554,23.57375433,87.30261246 ,26.13600082397461,79.33465062546244 ,9727.0,10:04:20 AM,1572669260370
0.5541992 ,8.059433 ,-0.06489563,23.57375433,87.30261246 ,26.13600082397461,79.33465062546244 ,9727.0,10:04:20 AM,1572669260374
-3.547882 ,7.141815 ,4.5631104,23.57375433,87.30261246 ,26.13600082397461,79.33465062546244 ,9727.0,10:04:20 AM,1572669260379
-2.5560913 ,4.5330963 ,5.1644135,23.57375433,87.30261246 ,26.13600082397461,79.33465062546244 ,9727.0,10:04:20 AM,1572669260385
6.249222 ,5.8053284 ,14.549194,23.57375433,87.30261246 ,26.13600082397461,79.33465062546244 ,9727.0,10:04:20 AM,1572669260389
8.939255 ,4.0474396 ,18.0009,23.57375433,87.30261246 ,26.13600082397461,79.33465062546244 ,9727.0,10:04:20 AM,1572669260393
2.4639282 ,0.24209595 ,6.929764,23.57375433,87.30261246 ,26.13600082397461,79.33465062546244 ,9727.0,10:04:20 AM,1572669260400
-5.888153 ,1.8685303 ,16.810928,23.57375433,87.30261246 ,26.13600082397461,79.33465062546244 ,9727.0,10:04:20 AM,1572669260403
-7.393799 ,3.3962555 ,21.294418,23.57375433,87.30261246 ,26.13600082397461,79.33465062546244 ,9727.0,10:04:20 AM,1572669260408
-3.4131012 ,-0.69044495 ,3.7282562,23.57375433,87.30261246 ,26.13600082397461,79.33465062546244 ,9727.0,10:04:20 AM,1572669260414
1.761795 ,0.46569824 ,5.1937103,23.57375433,87.30261246 ,26.13600082397461,79.33465062546244 ,9727.0,10:04:20 AM,1572669260419
2.001648 ,7.111923 ,25.109177,23.57375433,87.30261246 ,26.13600082397461,79.33465062546244 ,9727.0,10:04:20 AM,1572669260423
-3.1420593 ,2.1648865 ,4.252716,23.57375433,87.30261246 ,26.13600082397461,79.33465062546244 ,9581.0,10:04:20 AM,1572669260434
-5.901474 ,-1.8687286 ,-4.0854645,23.57375433,87.30261246 ,26.13600082397461,79.33465062546244 ,9581.0,10:04:20 AM,1572669260436
1.5440369 ,1.7792206 ,16.681396,23.57375433,87.30261246 ,26.13600082397461,79.33465062546244 ,9581.0,10:04:20 AM,1572669260441
7.1988525 ,1.9322357 ,13.638214,23.57375433,87.30261246 ,26.13600082397461,79.33465062546244 ,9581.0,10:04:20 AM,1572669260446
-1.1152649 ,0.22602844 ,5.807129,23.57375433,87.30261246 ,26.13600082397461,79.33465062546244 ,9581.0,10:04:20 AM,1572669260451
-10.068924 ,-1.3145447 ,2.3526917,23.57375433,87.30261246 ,26.13600082397461,79.33465062546244 ,9581.0,10:04:20 AM,1572669260456
-5.716629 ,4.373581 ,12.73024,23.57375433,87.30261246 ,26.13600082397461,79.33465062546244 ,9581.0,10:04:20 AM,1572669260462
4.399414 ,5.426651 ,3.9872894,23.57375433,87.30261246 ,26.13600082397461,79.33465062546244 ,9581.0,10:04:20 AM,1572669260466
5.419525 ,5.96994 ,3.956131,23.57375433,87.30261246 ,26.13600082397461,79.33465062546244 ,9581.0,10:04:20 AM,1572669260470
0.91760254 ,5.175293 ,6.8834076,23.57375433,87.30261246 ,26.13600082397461,79.33465062546244 ,9581.0,10:04:20 AM,1572669260474
-0.6519928 ,5.6030273 ,10.612686,23.57375433,87.30261246 ,26.13600082397461,79.33465062546244 ,9581.0,10:04:20 AM,1572669260479
-0.68296814 ,4.2406616 ,9.068848,23.57375433,87.30261246 ,26.13600082397461,79.33465062546244 ,9581.0,10:04:20 AM,1572669260485
-1.0797272 ,2.367218 ,12.062881,23.57375433,87.30261246 ,26.13600082397461,79.33465062546244 ,9581.0,10:04:20 AM,1572669260489
