x,y,z,latitude,longitude,speed,sound,light,time,timestamp
-1.6344147 ,0.8630066 ,13.988129,23.56996113,87.30248653 ,42.80400123596191,86.31829860544798 ,30000.0,10:03:13 AM,1572669193836
-4.3195953 ,-1.0282593 ,8.364563,23.56996113,87.30248653 ,42.80400123596191,86.31829860544798 ,30000.0,10:03:13 AM,1572669193841
0.039749146 ,3.702774 ,20.768341,23.56996113,87.30248653 ,42.80400123596191,86.31829860544798 ,30000.0,10:03:13 AM,1572669193846
4.3996735 ,2.1149292 ,12.473801,23.56996113,87.30248653 ,42.80400123596191,86.31829860544798 ,30000.0,10:03:13 AM,1572669193852
2.278183 ,6.9291687 ,8.876999,23.56996113,87.30248653 ,42.80400123596191,86.31829860544798 ,30000.0,10:03:13 AM,1572669193861
-3.0671387 ,7.092636 ,-6.013138,23.56996113,87.30248653 ,42.80400123596191,86.31829860544798 ,30000.0,10:03:13 AM,1572669193864
-6.2506866 ,11.02066 ,2.1690216,23.56996113,87.30248653 ,42.80400123596191,86.31829860544798 ,30000.0,10:03:13 AM,1572669193870
-2.1987152 ,10.21225 ,1.5973511,23.56996113,87.30248653 ,42.80400123596191,86.31829860544798 ,30000.0,10:03:13 AM,1572669193875
4.2307434 ,6.981827 ,-1.3302765,23.56996113,87.30248653 ,42.80400123596191,86.31829860544798 ,30000.0,10:03:13 AM,1572669193880
4.4158936 ,6.709381 ,14.645554,23.56996113,87.30248653 ,42.80400123596191,86.31829860544798 ,30000.0,10:03:13 AM,1572669193884
-0.9324646 ,2.0690613 ,15.721298,23.56996113,87.30248653 ,42.80400123596191,86.31829860544798 ,30000.0,10:03:13 AM,1572669193889
-5.0542145 ,0.4645996 ,16.777832,23.56996113,87.30248653 ,42.80400123596191,86.31829860544798 ,30000.0,10:03:13 AM,1572669193898
-2.787033 ,-0.6075134 ,14.265717,23.56996113,87.30248653 ,42.80400123596191,86.31829860544798 ,30000.0,10:03:13 AM,1572669193900
1.5607605 ,0.5483551 ,11.889877,23.56996113,87.30248653 ,42.80400123596191,86.31829860544798 ,30000.0,10:03:13 AM,1572669193904
2.1418762 ,1.4580841 ,13.014542,23.56996113,87.30248653 ,42.80400123596191,86.31829860544798 ,30000.0,10:03:13 AM,1572669193909
0.7786865 ,2.0518188 ,10.43219,23.56996113,87.30248653 ,42.80400123596191,86.31829860544798 ,30000.0,10:03:13 AM,1572669193917
-1.5153351 ,4.5760803 ,11.87825,23.56996113,87.30248653 ,42.80400123596191,86.31829860544798 ,30000.0,10:03:13 AM,1572669193921
-3.4247131 ,5.260269 ,3.9816132,23.56996113,87.30248653 ,42.80400123596191,86.31829860544798 ,30000.0,10:03:13 AM,1572669193923
-1.6631165 ,8.5881195 ,0.8469391,23.56996113,87.30248653 ,42.80400123596191,86.31829860544798 ,30000.0,10:03:13 AM,1572669193932
3.3773804 ,10.006348 ,-1.2589417,23.56996113,87.30248653 ,42.80400123596191,86.31829860544798 ,30000.0,10:03:13 AM,1572669193934
5.1197815 ,11.343857 ,4.3348236,23.56996113,87.30248653 ,42.80400123596191,86.26136034718449 ,30000.0,10:03:13 AM,1572669193937
1.2818604 ,6.4300385 ,3.5605469,23.56996113,87.30248653 ,42.80400123596191,86.26136034718449 ,30000.0,10:03:13 AM,1572669193941
-2.730713 ,3.8359528 ,10.049057,23.56996113,87.30248653 ,42.80400123596191,86.26136034718449 ,30000.0,10:03:13 AM,1572669193947
-3.4618683 ,1.4085083 ,16.930176,23.56996113,87.30248653 ,42.80400123596191,86.26136034718449 ,30000.0,10:03:13 AM,1572669193950
-1.1277466 ,0.16545105 ,19.238998,23.56996113,87.30248653 ,42.80400123596191,86.26136034718449 ,30000.0,10:03:13 AM,1572669193955
3.1362305 ,1.582901 ,20.21193,23.56996113,87.30248653 ,42.80400123596191,86.26136034718449 ,30000.0,10:03:13 AM,1572669193962
4.97435 ,0.9385376 ,6.73291,23.56996113,87.30248653 ,42.80400123596191,86.26136034718449 ,30000.0,10:03:13 AM,1572669193965
-0.8935547 ,7.3110504 ,9.573074,23.56996113,87.30248653 ,42.80400123596191,86.26136034718449 ,30000.0,10:03:13 AM,1572669193969
-7.3413086 ,7.7156067 ,-1.4456482,23.56996113,87.30248653 ,42.80400123596191,86.26136034718449 ,30000.0,10:03:13 AM,1572669193976
-5.0331116 ,11.732834 ,-4.1080017,23.56996113,87.30248653 ,42.80400123596191,86.26136034718449 ,30000.0,10:03:13 AM,1572669193982
2.9580536 ,11.515579 ,1.0809174,23.56996113,87.30248653 ,42.80400123596191,86.26136034718449 ,30000.0,10:03:13 AM,1572669193986
6.73584 ,6.8787994 ,0.118759155,23.56996113,87.30248653 ,42.80400123596191,86.26136034718449 ,30000.0,10:03:13 AM,1572669193990
2.2935638 ,5.8349915 ,15.7118225,23.56996113,87.30248653 ,42.80400123596191,86.26136034718449 ,30000.0,10:03:14 AM,1572669194001
-3.4098969 ,0.41423035 ,7.9352417,23.56996113,87.30248653 ,42.80400123596191,86.26136034718449 ,30000.0,10:03:14 AM,1572669194004
-7.91362 ,3.633728 ,19.557465,23.56996113,87.30248653 ,42.80400123596191,86.26136034718449 ,30000.0,10:03:14 AM,1572669194009
-5.91864 ,-2.2973022 ,12.252136,23.56996113,87.30248653 ,42.80400123596191,86.26136034718449 ,30000.0,10:03:14 AM,1572669194016
3.783905 ,-0.011459351 ,16.303955,23.56996113,87.30248653 ,42.80400123596191,86.26136034718449 ,30000.0,10:03:14 AM,1572669194024
9.382477 ,1.1794891 ,19.142975,23.56996113,87.30248653 ,42.80400123596191,86.26136034718449 ,30000.0,10:03:14 AM,1572669194026
4.9234314 ,1.4131927 ,8.94751,23.56996113,87.30248653 ,42.80400123596191,86.26136034718449 ,30000.0,10:03:14 AM,1572669194031
-4.7303467 ,4.791565 ,9.367798,23.56996113,87.30248653 ,42.80400123596191,86.26136034718449 ,30000.0,10:03:14 AM,1572669194034
-7.130417 ,4.3560486 ,2.9032288,23.56996113,87.30248653 ,42.80400123596191,86.26136034718449 ,30000.0,10:03:14 AM,1572669194038
-0.02178955 ,7.6628113 ,4.907364,23.56996113,87.30248653 ,42.80400123596191,86.26136034718449 ,30000.0,10:03:14 AM,1572669194043
6.6188507 ,7.4180756 ,1.1342926,23.56996113,87.30248653 ,42.80400123596191,86.26136034718449 ,30000.0,10:03:14 AM,1572669194049
3.4543762 ,9.586243 ,4.8283997,23.56996113,87.30248653 ,42.80400123596191,86.26136034718449 ,30000.0,10:03:14 AM,1572669194053
-5.3130035 ,7.8917084 ,1.370163,23.56996113,87.30248653 ,42.80400123596191,86.26136034718449 ,30000.0,10:03:14 AM,1572669194058
-7.891388 ,7.603485 ,2.6780396,23.56996113,87.30248653 ,42.80400123596191,86.26136034718449 ,30000.0,10:03:14 AM,1572669194065
-0.56417847 ,7.4053802 ,6.7484436,23.56996113,87.30248653 ,42.80400123596191,86.26136034718449 ,30000.0,10:03:14 AM,1572669194067
7.634796 ,6.6976013 ,10.083115,23.56996113,87.30248653 ,42.80400123596191,86.26136034718449 ,30000.0,10:03:14 AM,1572669194072
6.4677277 ,4.1993256 ,10.818848,23.56996113,87.30248653 ,42.80400123596191,86.26136034718449 ,30000.0,10:03:14 AM,1572669194077
-2.2085419 ,1.1079559 ,9.406662,23.56996113,87.30248653 ,42.80400123596191,86.26136034718449 ,30000.0,10:03:14 AM,1572669194084
-8.175598 ,0.73747253 ,15.085663,23.56996113,87.30248653 ,42.80400123596191,86.26136034718449 ,30000.0,10:03:14 AM,1572669194086
-4.4819183 ,-1.233841 ,12.311722,23.56996113,87.30248653 ,42.80400123596191,86.26136034718449 ,30000.0,10:03:14 AM,1572669194094
2.9667206 ,1.8137817 ,18.593536,23.56996113,87.30248653 ,42.80400123596191,86.26136034718449 ,30000.0,10:03:14 AM,1572669194096
4.590744 ,0.24220276 ,14.08493,23.57005502,87.30249067 ,42.912000274658205,86.26136034718449 ,30000.0,10:03:14 AM,1572669194102
1.0162048 ,1.3001099 ,8.399277,23.57005502,87.30249067 ,42.912000274658205,86.26136034718449 ,30000.0,10:03:14 AM,1572669194104
-2.7496796 ,3.3085175 ,11.680283,23.57005502,87.30249067 ,42.912000274658205,86.26136034718449 ,30000.0,10:03:14 AM,1572669194109
-3.205429 ,2.9969482 ,6.1510925,23.57005502,87.30249067 ,42.912000274658205,86.26136034718449 ,30000.0,10:03:14 AM,1572669194114
-1.9098053 ,5.6379547 ,11.083588,23.57005502,87.30249067 ,42.912000274658205,86.26136034718449 ,30000.0,10:03:14 AM,1572669194118
0.2745819 ,0.4412384 ,0.4996643,23.57005502,87.30249067 ,42.912000274658205,86.26136034718449 ,30000.0,10:03:14 AM,1572669194123
1.5474243 ,6.901947 ,22.834763,23.57005502,87.30249067 ,42.912000274658205,86.26136034718449 ,30000.0,10:03:14 AM,1572669194129
1.9518738 ,4.136505 ,6.451645,23.57005502,87.30249067 ,42.912000274658205,86.26136034718449 ,30000.0,10:03:14 AM,1572669194140
-1.2892914 ,10.5164795 ,-4.7048187,23.57005502,87.30249067 ,42.912000274658205,86.26136034718449 ,30000.0,10:03:14 AM,1572669194145
-5.3075714 ,14.536377 ,-2.3509216,23.57005502,87.30249067 ,42.912000274658205,86.26136034718449 ,30000.0,10:03:14 AM,1572669194150
-1.1264648 ,12.747467 ,-11.2799225,23.57005502,87.30249067 ,42.912000274658205,86.26136034718449 ,30000.0,10:03:14 AM,1572669194153
8.259888 ,12.461136 ,-6.3700104,23.57005502,87.30249067 ,42.912000274658205,86.26136034718449 ,30000.0,10:03:14 AM,1572669194157
10.117889 ,7.7873993 ,4.9564514,23.57005502,87.30249067 ,42.912000274658205,86.26136034718449 ,30000.0,10:03:14 AM,1572669194165
-0.27296448 ,2.286377 ,14.823486,23.57005502,87.30249067 ,42.912000274658205,86.26136034718449 ,30000.0,10:03:14 AM,1572669194168
-11.379318 ,-2.7509766 ,18.381714,23.57005502,87.30249067 ,42.912000274658205,86.26136034718449 ,30000.0,10:03:14 AM,1572669194173
-10.388672 ,-4.452362 ,22.740173,23.57005502,87.30249067 ,42.912000274658205,86.26136034718449 ,30000.0,10:03:14 AM,1572669194178
1.3925323 ,-3.919983 ,24.799713,23.57005502,87.30249067 ,42.912000274658205,86.26136034718449 ,30000.0,10:03:14 AM,1572669194183
11.27211 ,-4.36145 ,17.341278,23.57005502,87.30249067 ,42.912000274658205,86.26136034718449 ,30000.0,10:03:14 AM,1572669194187
7.2981873 ,-0.6606293 ,21.528183,23.57005502,87.30249067 ,42.912000274658205,86.26136034718449 ,30000.0,10:03:14 AM,1572669194193
-5.371063 ,0.24424744 ,12.696365,23.57005502,87.30249067 ,42.912000274658205,86.26136034718449 ,30000.0,10:03:14 AM,1572669194198
-11.202866 ,2.5791168 ,1.3225555,23.57005502,87.30249067 ,42.912000274658205,86.26136034718449 ,30000.0,10:03:14 AM,1572669194201
-4.807846 ,6.491226 ,-0.077682495,23.57005502,87.30249067 ,42.912000274658205,86.26136034718449 ,30000.0,10:03:14 AM,1572669194208
3.051834 ,8.321945 ,3.468872,23.57005502,87.30249067 ,42.912000274658205,86.26136034718449 ,30000.0,10:03:14 AM,1572669194210
3.0133362 ,5.2214813 ,3.8785095,23.57005502,87.30249067 ,42.912000274658205,86.26136034718449 ,30000.0,10:03:14 AM,1572669194217
-2.3542328 ,4.7720947 ,12.477493,23.57005502,87.30249067 ,42.912000274658205,86.26136034718449 ,30000.0,10:03:14 AM,1572669194225
-5.909729 ,4.8656464 ,11.7153015,23.57005502,87.30249067 ,42.912000274658205,86.26136034718449 ,30000.0,10:03:14 AM,1572669194227
-3.0219116 ,4.0904083 ,1.5854645,23.57005502,87.30249067 ,42.912000274658205,86.26136034718449 ,30000.0,10:03:14 AM,1572669194233
4.324402 ,7.1540985 ,8.807877,23.57005502,87.30249067 ,42.912000274658205,86.26136034718449 ,30000.0,10:03:14 AM,1572669194236
8.741608 ,6.479141 ,7.4654694,23.57005502,87.30249067 ,42.912000274658205,86.26136034718449 ,30000.0,10:03:14 AM,1572669194240
3.5681458 ,6.735565 ,4.9179535,23.57005502,87.30249067 ,42.912000274658205,86.26136034718449 ,30000.0,10:03:14 AM,1572669194246
-4.542862 ,6.6763916 ,0.63414,23.57005502,87.30249067 ,42.912000274658205,86.26136034718449 ,30000.0,10:03:14 AM,1572669194252
-5.3742065 ,7.7280884 ,-0.36880493,23.57005502,87.30249067 ,42.912000274658205,86.26136034718449 ,30000.0,10:03:14 AM,1572669194255
0.692276 ,8.0416565 ,5.700699,23.57005502,87.30249067 ,42.912000274658205,86.26136034718449 ,30000.0,10:03:14 AM,1572669194261
5.125992 ,1.8296356 ,0.5452881,23.57005502,87.30249067 ,42.912000274658205,86.26136034718449 ,30000.0,10:03:14 AM,1572669194263
2.7278595 ,1.8046875 ,14.488235,23.57005502,87.30249067 ,42.912000274658205,86.26136034718449 ,30000.0,10:03:14 AM,1572669194268
-3.5354004 ,-1.7036743 ,17.643341,23.57005502,87.30249067 ,42.912000274658205,86.26136034718449 ,30000.0,10:03:14 AM,1572669194278
-6.8034515 ,-2.9631042 ,16.537811,23.57005502,87.30249067 ,42.912000274658205,86.26136034718449 ,30000.0,10:03:14 AM,1572669194284
-3.0346985 ,-1.3062286 ,23.661331,23.57005502,87.30249067 ,42.912000274658205,86.26136034718449 ,30000.0,10:03:14 AM,1572669194287
4.438614 ,-2.0100708 ,16.017075,23.57005502,87.30249067 ,42.912000274658205,86.26136034718449 ,30000.0,10:03:14 AM,1572669194292
6.2200623 ,2.2370758 ,16.495453,23.57005502,87.30249067 ,42.912000274658205,86.26136034718449 ,30000.0,10:03:14 AM,1572669194300
1.0839996 ,3.0450592 ,6.152313,23.57005502,87.30249067 ,42.912000274658205,86.26136034718449 ,30000.0,10:03:14 AM,1572669194302
-4.5908966 ,8.632828 ,8.319397,23.57005502,87.30249067 ,42.912000274658205,86.26136034718449 ,30000.0,10:03:14 AM,1572669194307
-4.467819 ,7.980057 ,-2.232132,23.57005502,87.30249067 ,42.912000274658205,86.26136034718449 ,30000.0,10:03:14 AM,1572669194312
-0.75746155 ,9.770264 ,-2.6581573,23.57005502,87.30249067 ,42.912000274658205,86.26136034718449 ,30000.0,10:03:14 AM,1572669194318
0.8092499 ,9.364395 ,4.747864,23.57005502,87.30249067 ,42.912000274658205,86.26136034718449 ,30000.0,10:03:14 AM,1572669194322
0.5290222 ,6.7129517 ,2.9941254,23.57005502,87.30249067 ,42.912000274658205,86.26136034718449 ,30000.0,10:03:14 AM,1572669194326
-1.6058807 ,5.4830933 ,7.4706726,23.57005502,87.30249067 ,42.912000274658205,86.26136034718449 ,30000.0,10:03:14 AM,1572669194333
