x,y,z,latitude,longitude,speed,sound,light,time,timestamp
-0.095199585 ,3.4965363 ,13.8524475,23.56545908,87.29876588 ,47.05199890136719,87.45357510875593 ,30000.0,10:01:37 AM,1572669097833
2.4032898 ,5.6193237 ,13.696503,23.56545908,87.29876588 ,47.05199890136719,87.45357510875593 ,30000.0,10:01:37 AM,1572669097839
1.5472717 ,6.938095 ,5.8981934,23.56545908,87.29876588 ,47.05199890136719,87.45357510875593 ,30000.0,10:01:37 AM,1572669097843
0.070129395 ,7.8581543 ,-3.2304535,23.56545908,87.29876588 ,47.05199890136719,87.45357510875593 ,30000.0,10:01:37 AM,1572669097847
0.9177704 ,8.73024 ,-4.363556,23.56545908,87.29876588 ,47.05199890136719,87.45357510875593 ,30000.0,10:01:37 AM,1572669097856
2.9126282 ,8.547119 ,-1.6520386,23.56545908,87.29876588 ,47.05199890136719,87.45357510875593 ,30000.0,10:01:37 AM,1572669097858
1.2138672 ,6.4835663 ,5.7837067,23.56545908,87.29876588 ,47.05199890136719,87.45357510875593 ,30000.0,10:01:37 AM,1572669097863
-2.7309723 ,2.1305695 ,11.692566,23.56545908,87.29876588 ,47.05199890136719,87.45357510875593 ,30000.0,10:01:37 AM,1572669097867
-2.4067383 ,-0.7846527 ,17.808624,23.56545908,87.29876588 ,47.05199890136719,87.45357510875593 ,30000.0,10:01:37 AM,1572669097875
3.1582184 ,-2.7138214 ,17.035614,23.56545908,87.29876588 ,47.05199890136719,87.45357510875593 ,30000.0,10:01:37 AM,1572669097877
6.2722015 ,0.14454651 ,25.038437,23.56545908,87.29876588 ,47.05199890136719,87.45357510875593 ,30000.0,10:01:37 AM,1572669097880
2.4890594 ,-3.7382202 ,14.204498,23.56545908,87.29876588 ,47.05199890136719,87.45357510875593 ,30000.0,10:01:37 AM,1572669097886
-5.0075836 ,-0.75909424 ,17.47902,23.56545908,87.29876588 ,47.05199890136719,87.45357510875593 ,30000.0,10:01:37 AM,1572669097891
-8.335953 ,-0.9042206 ,10.5065,23.56545908,87.29876588 ,47.05199890136719,87.45357510875593 ,30000.0,10:01:37 AM,1572669097895
-4.064636 ,3.622345 ,8.9123535,23.56545908,87.29876588 ,47.05199890136719,87.45357510875593 ,30000.0,10:01:37 AM,1572669097900
2.2628326 ,5.366928 ,3.7479553,23.56545908,87.29876588 ,47.05199890136719,87.45357510875593 ,30000.0,10:01:37 AM,1572669097905
2.9489136 ,6.6880646 ,-1.0086517,23.56545908,87.29876588 ,47.05199890136719,87.45357510875593 ,30000.0,10:01:37 AM,1572669097915
-1.7634125 ,8.045868 ,7.3820343,23.56545908,87.29876588 ,47.05199890136719,87.45357510875593 ,30000.0,10:01:37 AM,1572669097921
-2.9385223 ,5.4382477 ,3.7929535,23.56545908,87.29876588 ,47.05199890136719,87.45357510875593 ,30000.0,10:01:37 AM,1572669097927
-2.0205994 ,6.710861 ,11.223373,23.56545908,87.29876588 ,47.05199890136719,87.45357510875593 ,30000.0,10:01:37 AM,1572669097929
-0.23257446 ,3.690094 ,7.3013,23.56545908,87.29876588 ,47.05199890136719,87.45357510875593 ,30000.0,10:01:37 AM,1572669097934
2.3114014 ,4.4989624 ,13.983292,23.56545908,87.29876588 ,47.05199890136719,87.45357510875593 ,30000.0,10:01:37 AM,1572669097940
4.94133 ,2.094513 ,7.1949615,23.56545908,87.29876588 ,47.05199890136719,87.45357510875593 ,30000.0,10:01:37 AM,1572669097944
2.0959778 ,4.939041 ,13.746567,23.56545908,87.29876588 ,47.05199890136719,87.45357510875593 ,30000.0,10:01:37 AM,1572669097948
-3.0287933 ,2.8147278 ,6.5845337,23.56545908,87.29876588 ,47.05199890136719,88.3884224647422 ,30000.0,10:01:37 AM,1572669097958
-2.613266 ,4.0285797 ,6.0593414,23.56545908,87.29876588 ,47.05199890136719,88.3884224647422 ,30000.0,10:01:37 AM,1572669097962
2.8439026 ,5.3381195 ,5.8379974,23.56545908,87.29876588 ,47.05199890136719,88.3884224647422 ,30000.0,10:01:37 AM,1572669097964
3.6377106 ,5.6737366 ,7.3871,23.56545908,87.29876588 ,47.05199890136719,88.3884224647422 ,30000.0,10:01:37 AM,1572669097968
-0.94844055 ,2.5710754 ,6.584091,23.56545908,87.29876588 ,47.05199890136719,88.3884224647422 ,30000.0,10:01:37 AM,1572669097974
-2.0023499 ,1.0078125 ,10.296402,23.56545908,87.29876588 ,47.05199890136719,88.3884224647422 ,30000.0,10:01:37 AM,1572669097978
1.4599762 ,0.52989197 ,13.325195,23.56545908,87.29876588 ,47.05199890136719,88.3884224647422 ,30000.0,10:01:37 AM,1572669097983
0.8851013 ,1.3400116 ,16.457672,23.56545908,87.29876588 ,47.05199890136719,88.3884224647422 ,30000.0,10:01:37 AM,1572669097989
-4.56575 ,1.9455872 ,17.450745,23.56545908,87.29876588 ,47.05199890136719,88.3884224647422 ,30000.0,10:01:37 AM,1572669097991
-4.4929657 ,3.0721283 ,12.506821,23.56545908,87.29876588 ,47.05199890136719,88.3884224647422 ,30000.0,10:01:37 AM,1572669097995
3.3375092 ,4.0334167 ,0.38256836,23.56545908,87.29876588 ,47.05199890136719,88.3884224647422 ,30000.0,10:01:38 AM,1572669098000
5.818344 ,8.795517 ,3.2488403,23.56545908,87.29876588 ,47.05199890136719,88.3884224647422 ,30000.0,10:01:38 AM,1572669098006
-2.2267609 ,8.155502 ,1.6545105,23.56545908,87.29876588 ,47.05199890136719,88.3884224647422 ,30000.0,10:01:38 AM,1572669098009
-8.273804 ,8.750366 ,2.4036865,23.56545908,87.29876588 ,47.05199890136719,88.3884224647422 ,30000.0,10:01:38 AM,1572669098014
-3.199585 ,7.5600433 ,-3.3767548,23.56545908,87.29876588 ,47.05199890136719,88.3884224647422 ,30000.0,10:01:38 AM,1572669098022
3.7924194 ,8.690842 ,1.0778198,23.56545908,87.29876588 ,47.05199890136719,88.3884224647422 ,30000.0,10:01:38 AM,1572669098024
3.7571106 ,6.5141296 ,8.567856,23.56545908,87.29876588 ,47.05199890136719,88.3884224647422 ,30000.0,10:01:38 AM,1572669098028
1.2233429 ,1.7430267 ,5.49411,23.56545908,87.29876588 ,47.05199890136719,88.3884224647422 ,30000.0,10:01:38 AM,1572669098035
0.5976715 ,3.3479614 ,20.136627,23.56545908,87.29876588 ,47.05199890136719,88.3884224647422 ,30000.0,10:01:38 AM,1572669098042
1.7972412 ,0.09112549 ,14.220734,23.56557712,87.2987658 ,47.05199890136719,88.3884224647422 ,30000.0,10:01:38 AM,1572669098047
0.7865448 ,2.7344818 ,20.035553,23.56557712,87.2987658 ,47.05199890136719,88.3884224647422 ,30000.0,10:01:38 AM,1572669098057
0.16426086 ,-1.9681244 ,10.090195,23.56557712,87.2987658 ,47.05199890136719,88.3884224647422 ,30000.0,10:01:38 AM,1572669098060
0.4138794 ,1.6495514 ,15.156128,23.56557712,87.2987658 ,47.05199890136719,88.3884224647422 ,30000.0,10:01:38 AM,1572669098063
-1.1136475 ,1.170639 ,13.390335,23.56557712,87.2987658 ,47.05199890136719,88.3884224647422 ,30000.0,10:01:38 AM,1572669098068
-1.8919983 ,1.5750275 ,12.9326935,23.56557712,87.2987658 ,47.05199890136719,88.3884224647422 ,26801.0,10:01:38 AM,1572669098074
0.096450806 ,2.001236 ,10.925262,23.56557712,87.2987658 ,47.05199890136719,88.3884224647422 ,26801.0,10:01:38 AM,1572669098078
1.2891235 ,2.3534698 ,7.8927,23.56557712,87.2987658 ,47.05199890136719,88.3884224647422 ,26801.0,10:01:38 AM,1572669098082
-0.9589691 ,3.6499329 ,9.05127,23.56557712,87.2987658 ,47.05199890136719,88.3884224647422 ,26801.0,10:01:38 AM,1572669098090
-3.0757294 ,4.9886017 ,7.0078278,23.56557712,87.2987658 ,47.05199890136719,88.3884224647422 ,26801.0,10:01:38 AM,1572669098092
-3.3076935 ,6.6810455 ,8.727722,23.56557712,87.2987658 ,47.05199890136719,88.3884224647422 ,26801.0,10:01:38 AM,1572669098097
0.075653076 ,4.7695923 ,0.7957611,23.56557712,87.2987658 ,47.05199890136719,88.3884224647422 ,26801.0,10:01:38 AM,1572669098102
4.131775 ,6.5666046 ,5.722809,23.56557712,87.2987658 ,47.05199890136719,88.3884224647422 ,26801.0,10:01:38 AM,1572669098108
2.7399292 ,7.675293 ,8.038559,23.56557712,87.2987658 ,47.05199890136719,88.3884224647422 ,26801.0,10:01:38 AM,1572669098112
-3.9924622 ,8.020767 ,7.0535126,23.56557712,87.2987658 ,47.05199890136719,88.3884224647422 ,26801.0,10:01:38 AM,1572669098117
-5.3812103 ,6.5847626 ,-0.14595032,23.56557712,87.2987658 ,47.05199890136719,88.3884224647422 ,26801.0,10:01:38 AM,1572669098124
0.94973755 ,6.5792236 ,-0.6606598,23.56557712,87.2987658 ,47.05199890136719,88.3884224647422 ,26801.0,10:01:38 AM,1572669098126
5.1781616 ,5.8100433 ,4.585495,23.56557712,87.2987658 ,47.05199890136719,88.3884224647422 ,26801.0,10:01:38 AM,1572669098131
1.4626465 ,4.400543 ,12.010071,23.56557712,87.2987658 ,47.05199890136719,88.3884224647422 ,26801.0,10:01:38 AM,1572669098137
-3.1521454 ,1.254776 ,10.104813,23.56557712,87.2987658 ,47.05199890136719,88.3884224647422 ,26801.0,10:01:38 AM,1572669098144
-1.9612427 ,1.3283081 ,13.940964,23.56557712,87.2987658 ,47.05199890136719,88.3884224647422 ,26801.0,10:01:38 AM,1572669098146
3.2799225 ,-0.22972107 ,10.967331,23.56557712,87.2987658 ,47.05199890136719,88.3884224647422 ,26801.0,10:01:38 AM,1572669098151
4.0561523 ,1.8985596 ,16.60524,23.56557712,87.2987658 ,47.05199890136719,88.3884224647422 ,26801.0,10:01:38 AM,1572669098160
-1.6031036 ,-0.32452393 ,11.144058,23.56557712,87.2987658 ,47.05199890136719,88.3884224647422 ,26801.0,10:01:38 AM,1572669098163
-6.2736664 ,1.1281128 ,15.2595825,23.56557712,87.2987658 ,47.05199890136719,88.3884224647422 ,26801.0,10:01:38 AM,1572669098165
-1.8555298 ,-0.2230835 ,10.874619,23.56557712,87.2987658 ,47.05199890136719,88.3884224647422 ,26801.0,10:01:38 AM,1572669098170
4.5134277 ,4.4604797 ,18.904861,23.56557712,87.2987658 ,47.05199890136719,88.3884224647422 ,26801.0,10:01:38 AM,1572669098176
3.205124 ,3.444275 ,10.622086,23.56557712,87.2987658 ,47.05199890136719,88.3884224647422 ,26801.0,10:01:38 AM,1572669098179
-2.795288 ,4.1677094 ,3.22406,23.56557712,87.2987658 ,47.05199890136719,88.3884224647422 ,26801.0,10:01:38 AM,1572669098183
-4.3338165 ,7.405426 ,6.1441193,23.56557712,87.2987658 ,47.05199890136719,88.3884224647422 ,26801.0,10:01:38 AM,1572669098194
-0.39022827 ,9.169876 ,3.5207672,23.56557712,87.2987658 ,47.05199890136719,88.3884224647422 ,26801.0,10:01:38 AM,1572669098198
1.6021729 ,8.938187 ,0.16773987,23.56557712,87.2987658 ,47.05199890136719,88.3884224647422 ,26801.0,10:01:38 AM,1572669098202
-0.06965637 ,5.8368073 ,-0.45040894,23.56557712,87.2987658 ,47.05199890136719,88.3884224647422 ,26801.0,10:01:38 AM,1572669098208
-2.139206 ,5.1420746 ,11.135895,23.56557712,87.2987658 ,47.05199890136719,88.3884224647422 ,26801.0,10:01:38 AM,1572669098213
-1.6927643 ,2.360382 ,12.575653,23.56557712,87.2987658 ,47.05199890136719,88.3884224647422 ,26801.0,10:01:38 AM,1572669098218
0.45454407 ,2.0089874 ,15.112778,23.56557712,87.2987658 ,47.05199890136719,88.3884224647422 ,26801.0,10:01:38 AM,1572669098226
2.3729553 ,-0.7773285 ,11.422928,23.56557712,87.2987658 ,47.05199890136719,88.3884224647422 ,26801.0,10:01:38 AM,1572669098230
2.935501 ,-0.6970062 ,13.999466,23.56557712,87.2987658 ,47.05199890136719,88.3884224647422 ,26801.0,10:01:38 AM,1572669098232
1.4917908 ,-1.162262 ,15.29747,23.56557712,87.2987658 ,47.05199890136719,88.3884224647422 ,26801.0,10:01:38 AM,1572669098236
-0.8317566 ,0.15765381 ,15.356949,23.56557712,87.2987658 ,47.05199890136719,88.3884224647422 ,26801.0,10:01:38 AM,1572669098243
-2.636963 ,1.3518372 ,11.041443,23.56557712,87.2987658 ,47.05199890136719,88.3884224647422 ,26801.0,10:01:38 AM,1572669098246
-2.1278992 ,3.2627716 ,6.2716675,23.56557712,87.2987658 ,47.05199890136719,88.3884224647422 ,26801.0,10:01:38 AM,1572669098251
0.07695007 ,5.1619263 ,1.1664124,23.56557712,87.2987658 ,47.05199890136719,88.3884224647422 ,26801.0,10:01:38 AM,1572669098258
0.5665283 ,8.291565 ,3.038681,23.56557712,87.2987658 ,47.05199890136719,88.3884224647422 ,26801.0,10:01:38 AM,1572669098260
-1.3981476 ,9.132584 ,4.632004,23.56557712,87.2987658 ,47.05199890136719,88.3884224647422 ,26801.0,10:01:38 AM,1572669098264
-1.5604248 ,8.306503 ,1.6415863,23.56557712,87.2987658 ,47.05199890136719,88.3884224647422 ,26801.0,10:01:38 AM,1572669098270
2.0768433 ,8.143677 ,0.7060852,23.56557712,87.2987658 ,47.05199890136719,88.3884224647422 ,30000.0,10:01:38 AM,1572669098276
3.8095093 ,10.102295 ,7.2416077,23.56557712,87.2987658 ,47.05199890136719,88.3884224647422 ,30000.0,10:01:38 AM,1572669098280
0.4912567 ,7.293808 ,4.138626,23.56557712,87.2987658 ,47.05199890136719,88.3884224647422 ,30000.0,10:01:38 AM,1572669098284
-2.6521606 ,6.50679 ,7.2952576,23.56557712,87.2987658 ,47.05199890136719,88.3884224647422 ,30000.0,10:01:38 AM,1572669098292
-1.0761871 ,4.5180054 ,6.11644,23.56557712,87.2987658 ,47.05199890136719,88.3884224647422 ,30000.0,10:01:38 AM,1572669098294
1.0870667 ,2.5788116 ,2.9655457,23.56557712,87.2987658 ,47.05199890136719,88.3884224647422 ,30000.0,10:01:38 AM,1572669098298
-0.91252136 ,3.3179932 ,19.008026,23.56557712,87.2987658 ,47.05199890136719,88.3884224647422 ,30000.0,10:01:38 AM,1572669098304
-2.225174 ,-1.701355 ,13.34996,23.56557712,87.2987658 ,47.05199890136719,88.3884224647422 ,30000.0,10:01:38 AM,1572669098309
-0.43548584 ,-1.0167389 ,16.034698,23.56557712,87.2987658 ,47.05199890136719,88.3884224647422 ,30000.0,10:01:38 AM,1572669098313
2.7785492 ,-2.8885803 ,11.960678,23.56557712,87.2987658 ,47.05199890136719,88.3884224647422 ,30000.0,10:01:38 AM,1572669098318
2.1914673 ,1.8925476 ,24.040863,23.56557712,87.2987658 ,47.05199890136719,88.3884224647422 ,30000.0,10:01:38 AM,1572669098328
