x,y,z,latitude,longitude,speed,sound,light,time,timestamp
6.206482 ,4.867264 ,13.968811,23.56784565,87.30164736 ,13.320000171661377,75.96824859681828 ,17498.0,10:02:43 AM,1572669163992
3.6001892 ,2.2612915 ,11.1371765,23.56784565,87.30164736 ,13.320000171661377,75.96824859681828 ,17498.0,10:02:43 AM,1572669163997
0.73187256 ,2.0290833 ,16.974167,23.56784565,87.30164736 ,13.320000171661377,75.96824859681828 ,17498.0,10:02:44 AM,1572669164004
1.0658417 ,2.4460602 ,17.948746,23.56784565,87.30164736 ,13.320000171661377,75.96824859681828 ,17498.0,10:02:44 AM,1572669164007
1.1143341 ,2.8167877 ,16.005066,23.56784565,87.30164736 ,13.320000171661377,75.96824859681828 ,17498.0,10:02:44 AM,1572669164011
1.141922 ,4.44722 ,14.81572,23.56784565,87.30164736 ,13.320000171661377,75.96824859681828 ,17498.0,10:02:44 AM,1572669164020
0.80448914 ,6.518585 ,5.618225,23.56784565,87.30164736 ,13.320000171661377,75.96824859681828 ,17498.0,10:02:44 AM,1572669164022
-3.216339 ,8.234787 ,0.06985474,23.56784565,87.30164736 ,13.320000171661377,75.96824859681828 ,17498.0,10:02:44 AM,1572669164026
-6.9618225 ,10.897568 ,3.9401245,23.56784565,87.30164736 ,13.320000171661377,75.96824859681828 ,17498.0,10:02:44 AM,1572669164037
-3.6473236 ,11.252487 ,-1.7670746,23.56784565,87.30164736 ,13.320000171661377,75.96824859681828 ,17498.0,10:02:44 AM,1572669164039
2.2392578 ,12.7752075 ,-3.874771,23.56784565,87.30164736 ,13.320000171661377,75.96824859681828 ,17498.0,10:02:44 AM,1572669164041
2.4118195 ,13.179657 ,1.562973,23.5678574,87.30168138 ,13.320000171661377,75.96824859681828 ,17498.0,10:02:44 AM,1572669164045
-0.5662842 ,10.548645 ,-3.9415894,23.5678574,87.30168138 ,13.320000171661377,75.96824859681828 ,17498.0,10:02:44 AM,1572669164053
-2.4509888 ,9.551987 ,2.2249756,23.5678574,87.30168138 ,13.320000171661377,75.96824859681828 ,17498.0,10:02:44 AM,1572669164060
-3.0280304 ,6.3218994 ,6.723938,23.5678574,87.30168138 ,13.320000171661377,75.96824859681828 ,17498.0,10:02:44 AM,1572669164061
-3.9887848 ,4.0043945 ,11.983902,23.5678574,87.30168138 ,13.320000171661377,75.96824859681828 ,17498.0,10:02:44 AM,1572669164063
-1.5962372 ,2.903122 ,16.901901,23.5678574,87.30168138 ,13.320000171661377,75.96824859681828 ,17498.0,10:02:44 AM,1572669164069
1.659729 ,2.5105896 ,16.716553,23.5678574,87.30168138 ,13.320000171661377,75.96824859681828 ,17498.0,10:02:44 AM,1572669164078
1.0269165 ,1.5427704 ,7.7943726,23.5678574,87.30168138 ,13.320000171661377,75.96824859681828 ,17498.0,10:02:44 AM,1572669164085
-2.5591888 ,3.0515137 ,10.72554,23.5678574,87.30168138 ,13.320000171661377,75.96824859681828 ,17498.0,10:02:44 AM,1572669164088
-3.0623474 ,3.7421112 ,10.863541,23.5678574,87.30168138 ,13.320000171661377,75.96824859681828 ,17498.0,10:02:44 AM,1572669164092
-1.0232239 ,4.737274 ,5.8599854,23.5678574,87.30168138 ,13.320000171661377,75.96824859681828 ,17498.0,10:02:44 AM,1572669164098
-1.9832306 ,5.7803345 ,9.638321,23.5678574,87.30168138 ,13.320000171661377,75.96824859681828 ,17498.0,10:02:44 AM,1572669164104
-4.842087 ,4.718216 ,7.6560516,23.5678574,87.30168138 ,13.320000171661377,75.96824859681828 ,17498.0,10:02:44 AM,1572669164108
-4.3292847 ,3.7232666 ,5.7407227,23.5678574,87.30168138 ,13.320000171661377,75.96824859681828 ,17498.0,10:02:44 AM,1572669164113
-0.036758423 ,4.359421 ,14.323044,23.5678574,87.30168138 ,13.320000171661377,75.96824859681828 ,17498.0,10:02:44 AM,1572669164120
2.944046 ,4.142624 ,14.035538,23.5678574,87.30168138 ,13.320000171661377,75.96824859681828 ,17498.0,10:02:44 AM,1572669164122
0.18817139 ,3.2238464 ,8.842636,23.5678574,87.30168138 ,13.320000171661377,75.96824859681828 ,17498.0,10:02:44 AM,1572669164126
-4.244034 ,3.6609955 ,8.406769,23.5678574,87.30168138 ,13.320000171661377,75.96824859681828 ,17498.0,10:02:44 AM,1572669164131
-4.9734497 ,3.5070038 ,4.3404236,23.5678574,87.30168138 ,13.320000171661377,75.96824859681828 ,17498.0,10:02:44 AM,1572669164141
-2.1520538 ,3.3735962 ,2.5295105,23.5678574,87.30168138 ,13.320000171661377,75.96824859681828 ,17498.0,10:02:44 AM,1572669164142
0.21000671 ,3.87352 ,8.104797,23.5678574,87.30168138 ,13.320000171661377,75.96824859681828 ,17498.0,10:02:44 AM,1572669164146
0.36437988 ,2.978531 ,7.328903,23.5678574,87.30168138 ,13.320000171661377,75.96824859681828 ,17498.0,10:02:44 AM,1572669164153
0.30007935 ,2.8928223 ,8.551666,23.5678574,87.30168138 ,13.320000171661377,75.96824859681828 ,17498.0,10:02:44 AM,1572669164155
1.7657776 ,4.158539 ,13.414154,23.5678574,87.30168138 ,13.320000171661377,75.96824859681828 ,17498.0,10:02:44 AM,1572669164160
2.6019745 ,3.682312 ,8.2126465,23.5678574,87.30168138 ,13.320000171661377,75.96824859681828 ,17498.0,10:02:44 AM,1572669164165
0.23674011 ,3.74115 ,8.337463,23.5678574,87.30168138 ,13.320000171661377,75.96824859681828 ,17498.0,10:02:44 AM,1572669164172
-1.7779083 ,4.542816 ,15.126968,23.5678574,87.30168138 ,13.320000171661377,78.83597694237108 ,17498.0,10:02:44 AM,1572669164175
0.4604187 ,4.320709 ,13.065338,23.5678574,87.30168138 ,13.320000171661377,78.83597694237108 ,17498.0,10:02:44 AM,1572669164179
3.7932892 ,5.2187195 ,11.591141,23.5678574,87.30168138 ,13.320000171661377,78.83597694237108 ,17498.0,10:02:44 AM,1572669164186
2.6165009 ,6.1266327 ,8.395599,23.5678574,87.30168138 ,13.320000171661377,78.83597694237108 ,15751.0,10:02:44 AM,1572669164188
-2.173233 ,6.9104156 ,2.217331,23.5678574,87.30168138 ,13.320000171661377,78.83597694237108 ,15751.0,10:02:44 AM,1572669164193
-2.8111267 ,6.1266937 ,-1.3778687,23.5678574,87.30168138 ,13.320000171661377,78.83597694237108 ,15751.0,10:02:44 AM,1572669164198
1.9135742 ,8.661789 ,5.1411133,23.5678574,87.30168138 ,13.320000171661377,78.83597694237108 ,15751.0,10:02:44 AM,1572669164204
2.714447 ,8.098984 ,2.975113,23.5678574,87.30168138 ,13.320000171661377,78.83597694237108 ,15751.0,10:02:44 AM,1572669164208
-2.7144012 ,7.300049 ,1.9864044,23.5678574,87.30168138 ,13.320000171661377,78.83597694237108 ,15751.0,10:02:44 AM,1572669164220
-5.1230164 ,6.786957 ,5.520172,23.5678574,87.30168138 ,13.320000171661377,78.83597694237108 ,15751.0,10:02:44 AM,1572669164223
-0.44483948 ,4.711838 ,3.8183594,23.5678574,87.30168138 ,13.320000171661377,78.83597694237108 ,15751.0,10:02:44 AM,1572669164228
4.9858856 ,4.7543335 ,11.307373,23.5678574,87.30168138 ,13.320000171661377,78.83597694237108 ,15751.0,10:02:44 AM,1572669164233
5.1661987 ,3.6494446 ,15.286926,23.5678574,87.30168138 ,13.320000171661377,78.83597694237108 ,15751.0,10:02:44 AM,1572669164239
0.39294434 ,1.9030609 ,9.403748,23.5678574,87.30168138 ,13.320000171661377,78.83597694237108 ,15751.0,10:02:44 AM,1572669164242
-4.676132 ,1.677124 ,11.534561,23.5678574,87.30168138 ,13.320000171661377,78.83597694237108 ,15751.0,10:02:44 AM,1572669164247
-4.0951233 ,0.11355591 ,11.396652,23.5678574,87.30168138 ,13.320000171661377,78.83597694237108 ,15751.0,10:02:44 AM,1572669164255
1.2890472 ,0.05810547 ,10.850143,23.5678574,87.30168138 ,13.320000171661377,78.83597694237108 ,15751.0,10:02:44 AM,1572669164256
3.8524323 ,0.41792297 ,13.6011505,23.5678574,87.30168138 ,13.320000171661377,78.83597694237108 ,15751.0,10:02:44 AM,1572669164261
0.18814087 ,1.6182098 ,13.413849,23.5678574,87.30168138 ,13.320000171661377,78.83597694237108 ,15751.0,10:02:44 AM,1572669164266
-4.76239 ,3.414383 ,8.433075,23.5678574,87.30168138 ,13.320000171661377,78.83597694237108 ,15751.0,10:02:44 AM,1572669164272
-5.1047363 ,4.9357758 ,4.2422028,23.5678574,87.30168138 ,13.320000171661377,78.83597694237108 ,15751.0,10:02:44 AM,1572669164277
-0.9528198 ,5.697113 ,-0.23991394,23.5678574,87.30168138 ,13.320000171661377,78.83597694237108 ,15751.0,10:02:44 AM,1572669164280
2.47583 ,6.5364075 ,4.621353,23.5678574,87.30168138 ,13.320000171661377,78.83597694237108 ,15751.0,10:02:44 AM,1572669164289
2.4910278 ,5.6165466 ,10.349213,23.5678574,87.30168138 ,13.320000171661377,78.83597694237108 ,15751.0,10:02:44 AM,1572669164292
0.41389465 ,4.0137024 ,8.065811,23.5678574,87.30168138 ,13.320000171661377,78.83597694237108 ,15751.0,10:02:44 AM,1572669164297
-2.5441437 ,4.4196167 ,11.483032,23.5678574,87.30168138 ,13.320000171661377,78.83597694237108 ,15751.0,10:02:44 AM,1572669164300
-3.093933 ,4.078583 ,10.449051,23.5678574,87.30168138 ,13.320000171661377,78.83597694237108 ,15751.0,10:02:44 AM,1572669164306
1.0123444 ,4.9447174 ,6.386093,23.5678574,87.30168138 ,13.320000171661377,78.83597694237108 ,15751.0,10:02:44 AM,1572669164310
4.523575 ,7.1667175 ,5.8596954,23.5678574,87.30168138 ,13.320000171661377,78.83597694237108 ,15751.0,10:02:44 AM,1572669164315
0.63516235 ,8.130051 ,5.5823975,23.5678574,87.30168138 ,13.320000171661377,78.83597694237108 ,15751.0,10:02:44 AM,1572669164324
-5.6577606 ,6.4781036 ,0.81251526,23.5678574,87.30168138 ,13.320000171661377,78.83597694237108 ,15751.0,10:02:44 AM,1572669164325
-5.9140472 ,7.3253326 ,9.109329,23.5678574,87.30168138 ,13.320000171661377,78.83597694237108 ,15751.0,10:02:44 AM,1572669164328
-0.2750702 ,3.9692078 ,6.037277,23.5678574,87.30168138 ,13.320000171661377,78.83597694237108 ,15751.0,10:02:44 AM,1572669164334
3.1915894 ,3.547409 ,11.125824,23.5678574,87.30168138 ,13.320000171661377,78.83597694237108 ,15751.0,10:02:44 AM,1572669164339
2.47023 ,2.7540588 ,16.975235,23.5678574,87.30168138 ,13.320000171661377,78.83597694237108 ,15751.0,10:02:44 AM,1572669164342
-0.5001831 ,1.7296906 ,14.516556,23.5678574,87.30168138 ,13.320000171661377,78.83597694237108 ,15751.0,10:02:44 AM,1572669164348
-2.9800873 ,1.5609131 ,10.3581085,23.5678574,87.30168138 ,13.320000171661377,78.83597694237108 ,15751.0,10:02:44 AM,1572669164358
-3.1584167 ,3.937378 ,12.761139,23.5678574,87.30168138 ,13.320000171661377,78.83597694237108 ,15751.0,10:02:44 AM,1572669164361
-0.97395325 ,3.7006683 ,5.593628,23.5678574,87.30168138 ,13.320000171661377,78.83597694237108 ,15751.0,10:02:44 AM,1572669164365
0.79356384 ,3.6127014 ,3.873001,23.5678574,87.30168138 ,13.320000171661377,78.83597694237108 ,15751.0,10:02:44 AM,1572669164370
0.5259247 ,4.418701 ,10.858612,23.5678574,87.30168138 ,13.320000171661377,78.83597694237108 ,15751.0,10:02:44 AM,1572669164375
-1.2589569 ,2.5534973 ,10.970917,23.5678574,87.30168138 ,13.320000171661377,78.83597694237108 ,15751.0,10:02:44 AM,1572669164379
-1.4471436 ,1.4613953 ,11.519424,23.5678574,87.30168138 ,13.320000171661377,78.83597694237108 ,14422.0,10:02:44 AM,1572669164385
0.47413635 ,1.8288879 ,14.235275,23.5678574,87.30168138 ,13.320000171661377,78.83597694237108 ,14422.0,10:02:44 AM,1572669164389
1.0803528 ,2.5101929 ,11.894638,23.5678574,87.30168138 ,13.320000171661377,78.83597694237108 ,14422.0,10:02:44 AM,1572669164394
-0.5924225 ,5.1495667 ,11.744232,23.5678574,87.30168138 ,13.320000171661377,78.83597694237108 ,14422.0,10:02:44 AM,1572669164399
-0.9371948 ,8.2738495 ,6.639633,23.5678574,87.30168138 ,13.320000171661377,78.83597694237108 ,14422.0,10:02:44 AM,1572669164404
0.45336914 ,9.958435 ,2.5962067,23.5678574,87.30168138 ,13.320000171661377,78.83597694237108 ,14422.0,10:02:44 AM,1572669164408
2.571228 ,10.800842 ,1.673233,23.5678574,87.30168138 ,13.320000171661377,78.83597694237108 ,14422.0,10:02:44 AM,1572669164414
3.43544 ,10.591232 ,2.7710724,23.5678574,87.30168138 ,13.320000171661377,78.83597694237108 ,14422.0,10:02:44 AM,1572669164421
2.38768 ,7.7740173 ,0.94400024,23.5678574,87.30168138 ,13.320000171661377,78.83597694237108 ,14422.0,10:02:44 AM,1572669164424
-0.599823 ,5.8516693 ,8.26683,23.5678574,87.30168138 ,13.320000171661377,78.83597694237108 ,14422.0,10:02:44 AM,1572669164428
-2.9546814 ,3.0279236 ,12.860367,23.5678574,87.30168138 ,13.320000171661377,78.83597694237108 ,14422.0,10:02:44 AM,1572669164434
-2.9529572 ,2.1784363 ,18.404968,23.5678574,87.30168138 ,13.320000171661377,78.83597694237108 ,14422.0,10:02:44 AM,1572669164439
-0.3325348 ,2.607254 ,14.426895,23.5678574,87.30168138 ,13.320000171661377,78.83597694237108 ,14422.0,10:02:44 AM,1572669164443
0.94281006 ,6.350052 ,7.22406,23.5678574,87.30168138 ,13.320000171661377,78.83597694237108 ,14422.0,10:02:44 AM,1572669164447
-0.8438873 ,6.7745667 ,1.1089172,23.5678574,87.30168138 ,13.320000171661377,78.83597694237108 ,14422.0,10:02:44 AM,1572669164456
-0.9765625 ,9.6484375 ,5.5775757,23.5678574,87.30168138 ,13.320000171661377,78.83597694237108 ,14422.0,10:02:44 AM,1572669164459
1.3395538 ,8.979263 ,3.9464722,23.5678574,87.30168138 ,13.320000171661377,78.83597694237108 ,14422.0,10:02:44 AM,1572669164462
1.0688477 ,7.1117554 ,5.2367096,23.5678574,87.30168138 ,13.320000171661377,78.83597694237108 ,14422.0,10:02:44 AM,1572669164467
-2.375183 ,4.632965 ,11.607864,23.5678574,87.30168138 ,13.320000171661377,78.83597694237108 ,14422.0,10:02:44 AM,1572669164473
-2.7802124 ,0.9018402 ,8.538345,23.5678574,87.30168138 ,13.320000171661377,78.83597694237108 ,14422.0,10:02:44 AM,1572669164478
-0.5959778 ,2.0239716 ,18.607452,23.5678574,87.30168138 ,13.320000171661377,78.83597694237108 ,14422.0,10:02:44 AM,1572669164482
