x,y,z,latitude,longitude,speed,sound,light,time,timestamp
-13.897705 ,6.4758453 ,-8.272461,23.55760631,87.2986752 ,42.80400123596191,88.00989083317889 ,30000.0,10:00:13 AM,1572669013766
-3.8321838 ,6.8487244 ,-0.63998413,23.55760631,87.2986752 ,42.80400123596191,88.00989083317889 ,30000.0,10:00:13 AM,1572669013769
11.412643 ,5.1788635 ,5.9415283,23.55760631,87.2986752 ,42.80400123596191,88.00989083317889 ,30000.0,10:00:13 AM,1572669013775
11.696121 ,5.950287 ,16.470901,23.55760631,87.2986752 ,42.80400123596191,88.00989083317889 ,30000.0,10:00:13 AM,1572669013779
-3.054947 ,1.9173279 ,11.212601,23.55760631,87.2986752 ,42.80400123596191,88.00989083317889 ,30000.0,10:00:13 AM,1572669013786
-15.419525 ,1.7790833 ,17.977905,23.55760631,87.2986752 ,42.80400123596191,88.00989083317889 ,30000.0,10:00:13 AM,1572669013789
-11.915131 ,-1.7788544 ,9.283005,23.55760631,87.2986752 ,42.80400123596191,88.00989083317889 ,30000.0,10:00:13 AM,1572669013794
2.5753632 ,1.9002075 ,11.077332,23.55760631,87.2986752 ,42.80400123596191,88.00989083317889 ,30000.0,10:00:13 AM,1572669013802
11.294159 ,9.758377 ,15.528809,23.55760631,87.2986752 ,42.80400123596191,88.00989083317889 ,30000.0,10:00:13 AM,1572669013808
5.9584503 ,10.661011 ,-4.096039,23.55760631,87.2986752 ,42.80400123596191,88.00989083317889 ,30000.0,10:00:13 AM,1572669013813
-3.955597 ,12.448868 ,-10.156662,23.55760631,87.2986752 ,42.80400123596191,88.00989083317889 ,30000.0,10:00:13 AM,1572669013818
-4.682434 ,10.929367 ,-5.3920593,23.55760631,87.2986752 ,42.80400123596191,88.00989083317889 ,30000.0,10:00:13 AM,1572669013822
2.8135834 ,7.7910614 ,-1.2045593,23.55760631,87.2986752 ,42.80400123596191,88.00989083317889 ,30000.0,10:00:13 AM,1572669013827
6.2427216 ,5.5485992 ,5.4900513,23.55760631,87.2986752 ,42.80400123596191,88.00989083317889 ,30000.0,10:00:13 AM,1572669013834
1.8863983 ,0.44206238 ,7.6111603,23.55760631,87.2986752 ,42.80400123596191,88.00989083317889 ,30000.0,10:00:13 AM,1572669013837
-3.032135 ,-1.4307709 ,20.887772,23.55760631,87.2986752 ,42.80400123596191,88.00989083317889 ,30000.0,10:00:13 AM,1572669013841
-1.8303833 ,-5.4405212 ,25.11229,23.55760631,87.2986752 ,42.80400123596191,88.00989083317889 ,30000.0,10:00:13 AM,1572669013846
3.0256042 ,-5.1593018 ,30.473862,23.55760631,87.2986752 ,42.80400123596191,88.00989083317889 ,30000.0,10:00:13 AM,1572669013852
5.486267 ,-3.411148 ,25.646484,23.55760631,87.2986752 ,42.80400123596191,88.00989083317889 ,30000.0,10:00:13 AM,1572669013856
2.0101776 ,-1.0271606 ,13.123138,23.55760631,87.2986752 ,42.80400123596191,88.00989083317889 ,30000.0,10:00:13 AM,1572669013861
-4.626892 ,1.3254547 ,7.6476746,23.55760631,87.2986752 ,42.80400123596191,88.00989083317889 ,30000.0,10:00:13 AM,1572669013869
-7.6169586 ,2.3471527 ,6.8694763,23.55760631,87.2986752 ,42.80400123596191,88.00989083317889 ,30000.0,10:00:13 AM,1572669013871
-5.468979 ,5.279175 ,13.042526,23.55760631,87.2986752 ,42.80400123596191,88.00989083317889 ,30000.0,10:00:13 AM,1572669013875
-1.1159668 ,5.178833 ,3.3460999,23.55760631,87.2986752 ,42.80400123596191,88.00989083317889 ,30000.0,10:00:13 AM,1572669013880
1.2080383 ,7.527893 ,-3.4984741,23.55760631,87.2986752 ,42.80400123596191,88.00989083317889 ,30000.0,10:00:13 AM,1572669013886
0.5487976 ,7.600769 ,-4.772949,23.55760631,87.2986752 ,42.80400123596191,88.00989083317889 ,30000.0,10:00:13 AM,1572669013890
-1.8357697 ,10.297699 ,9.976212,23.55760631,87.2986752 ,42.80400123596191,88.00989083317889 ,30000.0,10:00:13 AM,1572669013896
-1.9424133 ,6.0406647 ,5.568939,23.55760631,87.2986752 ,42.80400123596191,88.00989083317889 ,30000.0,10:00:13 AM,1572669013903
-0.2564392 ,4.814987 ,7.060379,23.55760631,87.2986752 ,42.80400123596191,88.00989083317889 ,30000.0,10:00:13 AM,1572669013905
0.047225952 ,3.9298706 ,11.303421,23.55760631,87.2986752 ,42.80400123596191,88.00989083317889 ,30000.0,10:00:13 AM,1572669013910
-0.50357056 ,2.6747894 ,14.125336,23.55760631,87.2986752 ,42.80400123596191,88.00989083317889 ,30000.0,10:00:13 AM,1572669013915
1.7105713 ,3.5160675 ,17.45604,23.55760631,87.2986752 ,42.80400123596191,88.00989083317889 ,30000.0,10:00:13 AM,1572669013920
3.8078613 ,0.11482239 ,6.1737976,23.55760631,87.2986752 ,42.80400123596191,88.00989083317889 ,30000.0,10:00:13 AM,1572669013923
2.839676 ,4.320923 ,11.912399,23.55760631,87.2986752 ,42.80400123596191,88.00989083317889 ,30000.0,10:00:13 AM,1572669013927
0.29478455 ,4.8818817 ,7.8237915,23.55760631,87.2986752 ,42.80400123596191,88.00989083317889 ,30000.0,10:00:13 AM,1572669013936
-0.97610474 ,3.6779175 ,-4.009384,23.55760631,87.2986752 ,42.80400123596191,88.00989083317889 ,30000.0,10:00:13 AM,1572669013938
-2.4586945 ,7.937561 ,8.401855,23.55760631,87.2986752 ,42.80400123596191,88.072048622179 ,30000.0,10:00:13 AM,1572669013949
-2.33432 ,-0.22964478 ,-1.5059204,23.55760631,87.2986752 ,42.80400123596191,88.072048622179 ,30000.0,10:00:13 AM,1572669013953
-1.455246 ,2.6422577 ,22.754486,23.55760631,87.2986752 ,42.80400123596191,88.072048622179 ,30000.0,10:00:13 AM,1572669013957
1.2421875 ,-3.0292358 ,12.396286,23.55760631,87.2986752 ,42.80400123596191,88.072048622179 ,30000.0,10:00:13 AM,1572669013961
1.3482208 ,-2.3674774 ,19.841888,23.55760631,87.2986752 ,42.80400123596191,88.072048622179 ,30000.0,10:00:13 AM,1572669013967
-0.30252075 ,-2.3688354 ,24.983719,23.55760631,87.2986752 ,42.80400123596191,88.072048622179 ,30000.0,10:00:13 AM,1572669013971
-0.90052795 ,-0.12043762 ,23.072311,23.55760631,87.2986752 ,42.80400123596191,88.072048622179 ,30000.0,10:00:13 AM,1572669013975
-0.12487793 ,5.1336365 ,15.574127,23.55760631,87.2986752 ,42.80400123596191,88.072048622179 ,30000.0,10:00:13 AM,1572669013989
-0.37634277 ,9.658264 ,2.3704224,23.55760631,87.2986752 ,42.80400123596191,88.072048622179 ,30000.0,10:00:13 AM,1572669013991
-2.134842 ,12.917191 ,-4.594116,23.55760631,87.2986752 ,42.80400123596191,88.072048622179 ,30000.0,10:00:13 AM,1572669013992
-1.3234406 ,10.746536 ,-11.5494995,23.55760631,87.2986752 ,42.80400123596191,88.072048622179 ,30000.0,10:00:13 AM,1572669013994
1.7121277 ,11.160294 ,-2.4180145,23.55760631,87.2986752 ,42.80400123596191,88.072048622179 ,30000.0,10:00:14 AM,1572669014000
1.5913544 ,8.172363 ,0.67671204,23.55760631,87.2986752 ,42.80400123596191,88.072048622179 ,30000.0,10:00:14 AM,1572669014004
-3.0694885 ,4.695694 ,3.620285,23.55760631,87.2986752 ,42.80400123596191,88.072048622179 ,30000.0,10:00:14 AM,1572669014009
-5.948105 ,0.8365936 ,12.000519,23.55760631,87.2986752 ,42.80400123596191,88.072048622179 ,30000.0,10:00:14 AM,1572669014013
-2.143036 ,-2.2855072 ,19.679749,23.55760631,87.2986752 ,42.80400123596191,88.072048622179 ,30000.0,10:00:14 AM,1572669014018
5.250519 ,-2.3712463 ,23.264938,23.55760631,87.2986752 ,42.80400123596191,88.072048622179 ,30000.0,10:00:14 AM,1572669014023
8.305695 ,-2.422882 ,13.95665,23.55760631,87.2986752 ,42.80400123596191,88.072048622179 ,30000.0,10:00:14 AM,1572669014027
3.0751495 ,2.7069702 ,12.987183,23.55760631,87.2986752 ,42.80400123596191,88.072048622179 ,30000.0,10:00:14 AM,1572669014034
-3.134903 ,4.761902 ,7.392639,23.55760631,87.2986752 ,42.80400123596191,88.072048622179 ,30000.0,10:00:14 AM,1572669014039
-1.5843353 ,6.2293854 ,1.083252,23.55760631,87.2986752 ,42.80400123596191,88.072048622179 ,30000.0,10:00:14 AM,1572669014043
3.534958 ,7.201782 ,-3.3399658,23.55760631,87.2986752 ,42.80400123596191,88.072048622179 ,30000.0,10:00:14 AM,1572669014048
0.88557434 ,6.7973633 ,1.9165497,23.55760631,87.2986752 ,42.80400123596191,88.072048622179 ,30000.0,10:00:14 AM,1572669014056
-6.227646 ,5.4329987 ,12.2017975,23.55760631,87.2986752 ,42.80400123596191,88.072048622179 ,30000.0,10:00:14 AM,1572669014060
-5.35408 ,-0.33958435 ,7.868286,23.55760631,87.2986752 ,42.80400123596191,88.072048622179 ,30000.0,10:00:14 AM,1572669014064
3.377594 ,0.1290741 ,19.256668,23.55760631,87.2986752 ,42.80400123596191,88.072048622179 ,30000.0,10:00:14 AM,1572669014069
8.914932 ,-0.7859802 ,20.273392,23.55771388,87.29866922 ,42.55199890136719,88.072048622179 ,30000.0,10:00:14 AM,1572669014072
2.8419495 ,0.44818115 ,19.81569,23.55771388,87.29866922 ,42.55199890136719,88.072048622179 ,30000.0,10:00:14 AM,1572669014077
-7.7390747 ,0.4101715 ,10.671036,23.55771388,87.29866922 ,42.55199890136719,88.072048622179 ,30000.0,10:00:14 AM,1572669014087
-10.533905 ,4.509552 ,11.743362,23.55771388,87.29866922 ,42.55199890136719,88.072048622179 ,30000.0,10:00:14 AM,1572669014090
-2.1662598 ,9.838394 ,13.195709,23.55771388,87.29866922 ,42.55199890136719,88.072048622179 ,30000.0,10:00:14 AM,1572669014095
6.595093 ,9.475464 ,-4.1727905,23.55771388,87.29866922 ,42.55199890136719,88.072048622179 ,30000.0,10:00:14 AM,1572669014103
5.5540314 ,10.552322 ,-7.371002,23.55771388,87.29866922 ,42.55199890136719,88.072048622179 ,30000.0,10:00:14 AM,1572669014104
-3.1027985 ,8.288162 ,1.847168,23.55771388,87.29866922 ,42.55199890136719,88.072048622179 ,30000.0,10:00:14 AM,1572669014109
-6.2779846 ,4.359558 ,6.692505,23.55771388,87.29866922 ,42.55199890136719,88.072048622179 ,30000.0,10:00:14 AM,1572669014115
-1.489212 ,2.3065338 ,10.250092,23.55771388,87.29866922 ,42.55199890136719,88.072048622179 ,30000.0,10:00:14 AM,1572669014120
1.1562347 ,-0.46159363 ,13.671127,23.55771388,87.29866922 ,42.55199890136719,88.072048622179 ,30000.0,10:00:14 AM,1572669014125
-2.0688171 ,-2.9490814 ,22.132507,23.55771388,87.29866922 ,42.55199890136719,88.072048622179 ,30000.0,10:00:14 AM,1572669014129
-2.4140778 ,-6.466034 ,20.758942,23.55771388,87.29866922 ,42.55199890136719,88.072048622179 ,30000.0,10:00:14 AM,1572669014135
3.4261932 ,-4.0725555 ,20.488953,23.55771388,87.29866922 ,42.55199890136719,88.072048622179 ,30000.0,10:00:14 AM,1572669014139
7.983078 ,1.0933075 ,13.507599,23.55771388,87.29866922 ,42.55199890136719,88.072048622179 ,30000.0,10:00:14 AM,1572669014144
2.8466187 ,6.282379 ,5.5980988,23.55771388,87.29866922 ,42.55199890136719,88.072048622179 ,30000.0,10:00:14 AM,1572669014150
-5.8015594 ,7.3250275 ,-3.5931396,23.55771388,87.29866922 ,42.55199890136719,88.072048622179 ,30000.0,10:00:14 AM,1572669014157
-5.7257843 ,8.083176 ,-3.4994812,23.55771388,87.29866922 ,42.55199890136719,88.072048622179 ,30000.0,10:00:14 AM,1572669014159
1.7998657 ,7.213333 ,-0.9573059,23.55771388,87.29866922 ,42.55199890136719,88.072048622179 ,30000.0,10:00:14 AM,1572669014163
4.440689 ,4.777603 ,4.7366486,23.55771388,87.29866922 ,42.55199890136719,88.072048622179 ,30000.0,10:00:14 AM,1572669014169
-0.5487366 ,3.3999481 ,16.787903,23.55771388,87.29866922 ,42.55199890136719,88.072048622179 ,30000.0,10:00:14 AM,1572669014173
-4.01709 ,0.22232056 ,15.820419,23.55771388,87.29866922 ,42.55199890136719,88.072048622179 ,30000.0,10:00:14 AM,1572669014178
-1.0105743 ,1.112854 ,15.177032,23.55771388,87.29866922 ,42.55199890136719,88.072048622179 ,30000.0,10:00:14 AM,1572669014182
4.0371704 ,3.8916473 ,14.220856,23.55771388,87.29866922 ,42.55199890136719,88.072048622179 ,30000.0,10:00:14 AM,1572669014186
4.266098 ,6.020981 ,7.3411255,23.55771388,87.29866922 ,42.55199890136719,88.072048622179 ,30000.0,10:00:14 AM,1572669014191
0.21707153 ,8.406631 ,3.318695,23.55771388,87.29866922 ,42.55199890136719,88.072048622179 ,30000.0,10:00:14 AM,1572669014196
-1.7528076 ,8.655884 ,1.93219,23.55771388,87.29866922 ,42.55199890136719,88.072048622179 ,30000.0,10:00:14 AM,1572669014203
-0.65249634 ,9.305817 ,4.2654724,23.55771388,87.29866922 ,42.55199890136719,88.072048622179 ,30000.0,10:00:14 AM,1572669014205
0.26304626 ,4.5850983 ,-4.627243,23.55771388,87.29866922 ,42.55199890136719,88.072048622179 ,30000.0,10:00:14 AM,1572669014210
-1.7805634 ,6.453232 ,14.801147,23.55771388,87.29866922 ,42.55199890136719,88.072048622179 ,30000.0,10:00:14 AM,1572669014215
-2.2630157 ,0.763504 ,11.299576,23.55771388,87.29866922 ,42.55199890136719,88.072048622179 ,30000.0,10:00:14 AM,1572669014225
1.2639008 ,0.3825531 ,10.423416,23.55771388,87.29866922 ,42.55199890136719,88.072048622179 ,30000.0,10:00:14 AM,1572669014229
3.4880219 ,3.1049652 ,16.297607,23.55771388,87.29866922 ,42.55199890136719,88.072048622179 ,30000.0,10:00:14 AM,1572669014236
0.11174011 ,0.650177 ,5.4784393,23.55771388,87.29866922 ,42.55199890136719,88.072048622179 ,30000.0,10:00:14 AM,1572669014240
-3.986084 ,2.468155 ,12.159271,23.55771388,87.29866922 ,42.55199890136719,88.072048622179 ,30000.0,10:00:14 AM,1572669014244
-0.5263977 ,-0.22251892 ,9.8259735,23.55771388,87.29866922 ,42.55199890136719,88.072048622179 ,30000.0,10:00:14 AM,1572669014249
5.463745 ,3.380783 ,16.877136,23.55771388,87.29866922 ,42.55199890136719,88.072048622179 ,30000.0,10:00:14 AM,1572669014255
4.77861 ,4.1754303 ,10.33934,23.55771388,87.29866922 ,42.55199890136719,88.072048622179 ,30000.0,10:00:14 AM,1572669014259
