x,y,z,latitude,longitude,speed,sound,light,time,timestamp
0.13494873 ,3.188446 ,9.077789,23.55058525,87.29571288 ,0.0,76.69889903963923 ,3756.0,09:58:27 AM,1572668907313
2.1009674 ,2.0662231 ,8.217987,23.55058525,87.29571288 ,0.0,76.69889903963923 ,3756.0,09:58:27 AM,1572668907319
0.39744568 ,1.5861664 ,10.754013,23.55058525,87.29571288 ,0.0,76.69889903963923 ,3756.0,09:58:27 AM,1572668907323
-3.7177582 ,0.6810913 ,13.75145,23.55058525,87.29571288 ,0.0,76.69889903963923 ,3756.0,09:58:27 AM,1572668907328
-3.5485992 ,0.6291199 ,12.856598,23.55058525,87.29571288 ,0.0,76.69889903963923 ,3756.0,09:58:27 AM,1572668907336
1.521286 ,2.4052124 ,10.106476,23.55058525,87.29571288 ,0.0,76.69889903963923 ,3756.0,09:58:27 AM,1572668907338
3.9441833 ,4.1868896 ,7.5841675,23.55058525,87.29571288 ,0.0,76.69889903963923 ,3756.0,09:58:27 AM,1572668907341
0.3197174 ,4.3448334 ,5.611664,23.55058525,87.29571288 ,0.0,76.69889903963923 ,3756.0,09:58:27 AM,1572668907351
-2.3637848 ,4.5351105 ,5.87706,23.55058525,87.29571288 ,0.0,76.69889903963923 ,3756.0,09:58:27 AM,1572668907356
-0.76742554 ,4.741638 ,6.7626038,23.55058525,87.29571288 ,0.0,76.69889903963923 ,3756.0,09:58:27 AM,1572668907361
1.0896454 ,4.3533325 ,10.164871,23.55058525,87.29571288 ,0.0,76.69889903963923 ,3756.0,09:58:27 AM,1572668907371
0.44940186 ,2.6306305 ,11.685074,23.55058525,87.29571288 ,0.0,76.69889903963923 ,3756.0,09:58:27 AM,1572668907373
-0.6186218 ,1.1415405 ,8.45433,23.55058525,87.29571288 ,0.0,76.69889903963923 ,3756.0,09:58:27 AM,1572668907375
-0.8509064 ,2.8281403 ,10.239716,23.55058525,87.29571288 ,0.0,76.69889903963923 ,3756.0,09:58:27 AM,1572668907380
-1.2398224 ,3.168991 ,9.974899,23.55058525,87.29571288 ,0.0,71.27358861128235 ,3756.0,09:58:27 AM,1572668907390
-1.1264343 ,2.79628 ,8.1763,23.55058525,87.29571288 ,0.0,71.27358861128235 ,3756.0,09:58:27 AM,1572668907394
1.395874 ,3.239151 ,8.732681,23.55058525,87.29571288 ,0.0,71.27358861128235 ,3756.0,09:58:27 AM,1572668907395
3.330536 ,3.7793732 ,9.503952,23.55058525,87.29571288 ,0.0,71.27358861128235 ,3756.0,09:58:27 AM,1572668907403
0.27822876 ,2.940979 ,7.9949493,23.55058525,87.29571288 ,0.0,71.27358861128235 ,3756.0,09:58:27 AM,1572668907405
-3.9240112 ,2.3421326 ,8.894928,23.55058525,87.29571288 ,0.0,71.27358861128235 ,3756.0,09:58:27 AM,1572668907409
-2.5816498 ,2.495697 ,10.249329,23.55058525,87.29571288 ,0.0,71.27358861128235 ,3756.0,09:58:27 AM,1572668907412
1.7758484 ,2.6190033 ,9.416534,23.55058525,87.29571288 ,0.0,71.27358861128235 ,3756.0,09:58:27 AM,1572668907418
1.7299957 ,3.0376282 ,9.884155,23.55058525,87.29571288 ,0.0,71.27358861128235 ,3756.0,09:58:27 AM,1572668907422
-1.6797333 ,2.6672058 ,9.06868,23.55058525,87.29571288 ,0.0,71.27358861128235 ,3756.0,09:58:27 AM,1572668907426
-2.205841 ,2.308075 ,8.580902,23.55058525,87.29571288 ,0.0,71.27358861128235 ,3756.0,09:58:27 AM,1572668907433
0.33374023 ,2.270691 ,10.241455,23.55058525,87.29571288 ,0.0,71.27358861128235 ,3756.0,09:58:27 AM,1572668907437
1.537674 ,2.513092 ,11.725067,23.55058525,87.29571288 ,0.0,71.27358861128235 ,3756.0,09:58:27 AM,1572668907441
0.56051636 ,2.5531769 ,9.02507,23.55058525,87.29571288 ,0.0,71.27358861128235 ,3756.0,09:58:27 AM,1572668907446
-0.7220154 ,4.125229 ,8.743622,23.55058525,87.29571288 ,0.0,71.27358861128235 ,3756.0,09:58:27 AM,1572668907452
-1.4259644 ,3.695755 ,5.1913605,23.55058525,87.29571288 ,0.0,71.27358861128235 ,3756.0,09:58:27 AM,1572668907456
-1.0204773 ,3.3454437 ,6.457184,23.55058525,87.29571288 ,0.0,71.27358861128235 ,3756.0,09:58:27 AM,1572668907461
0.9328003 ,3.4831238 ,12.254105,23.55058525,87.29571288 ,0.0,71.27358861128235 ,3756.0,09:58:27 AM,1572668907468
1.6722565 ,2.7847137 ,11.676285,23.55058525,87.29571288 ,0.0,71.27358861128235 ,3756.0,09:58:27 AM,1572668907471
-0.26031494 ,3.0319824 ,9.248428,23.55058525,87.29571288 ,0.0,71.27358861128235 ,3756.0,09:58:27 AM,1572668907475
-0.776062 ,3.9810638 ,8.626236,23.55058525,87.29571288 ,0.0,71.27358861128235 ,3756.0,09:58:27 AM,1572668907486
0.863678 ,4.7453613 ,7.176071,23.55058525,87.29571288 ,0.0,71.27358861128235 ,3756.0,09:58:27 AM,1572668907490
0.5214844 ,4.320389 ,6.196045,23.55058525,87.29571288 ,0.0,71.27358861128235 ,3756.0,09:58:27 AM,1572668907495
-0.93814087 ,3.737152 ,8.575806,23.55058525,87.29571288 ,0.0,71.27358861128235 ,3756.0,09:58:27 AM,1572668907503
0.32783508 ,2.781845 ,9.300552,23.55058525,87.29571288 ,0.0,71.27358861128235 ,3756.0,09:58:27 AM,1572668907505
1.7860565 ,2.0837402 ,10.1514435,23.55058525,87.29571288 ,0.0,71.27358861128235 ,3756.0,09:58:27 AM,1572668907510
-0.15371704 ,1.6443176 ,12.396103,23.55058525,87.29571288 ,0.0,71.27358861128235 ,3756.0,09:58:27 AM,1572668907516
-2.4024658 ,1.3526764 ,12.074356,23.55058525,87.29571288 ,0.0,71.27358861128235 ,3756.0,09:58:27 AM,1572668907522
-1.2570038 ,1.8811035 ,9.4440155,23.55058525,87.29571288 ,0.0,71.27358861128235 ,3756.0,09:58:27 AM,1572668907525
1.1815491 ,3.0235748 ,8.036697,23.55058525,87.29571288 ,0.0,71.27358861128235 ,3756.0,09:58:27 AM,1572668907529
1.4761047 ,3.4788666 ,7.797653,23.55058525,87.29571288 ,0.0,71.27358861128235 ,3756.0,09:58:27 AM,1572668907535
0.3755188 ,3.351532 ,7.986145,23.55058525,87.29571288 ,0.0,71.27358861128235 ,3756.0,09:58:27 AM,1572668907539
0.025497437 ,3.9001007 ,9.78801,23.55058525,87.29571288 ,0.0,71.27358861128235 ,3756.0,09:58:27 AM,1572668907543
0.103271484 ,3.4873657 ,9.937073,23.55058525,87.29571288 ,0.0,71.27358861128235 ,3756.0,09:58:27 AM,1572668907548
0.22181702 ,2.284439 ,7.881439,23.55058525,87.29571288 ,0.0,71.27358861128235 ,3756.0,09:58:27 AM,1572668907555
0.8111572 ,3.2458038 ,9.627884,23.55058525,87.29571288 ,0.0,71.27358861128235 ,3756.0,09:58:27 AM,1572668907558
0.5670471 ,4.073715 ,9.81044,23.55058525,87.29571288 ,0.0,71.27358861128235 ,3756.0,09:58:27 AM,1572668907562
-1.0321503 ,3.5339355 ,7.0617676,23.55058525,87.29571288 ,0.0,71.27358861128235 ,3756.0,09:58:27 AM,1572668907570
-0.39613342 ,3.4775848 ,7.765518,23.55058525,87.29571288 ,0.0,71.27358861128235 ,3756.0,09:58:27 AM,1572668907572
3.0724792 ,4.1731567 ,10.134811,23.55058525,87.29571288 ,0.0,71.27358861128235 ,3756.0,09:58:27 AM,1572668907577
2.992218 ,3.218567 ,8.040314,23.55058525,87.29571288 ,0.0,71.27358861128235 ,3756.0,09:58:27 AM,1572668907583
-1.502121 ,2.1183014 ,7.8602448,23.55058525,87.29571288 ,0.0,71.27358861128235 ,3756.0,09:58:27 AM,1572668907588
-2.505127 ,2.2779388 ,11.053055,23.55058525,87.29571288 ,0.0,71.27358861128235 ,3756.0,09:58:27 AM,1572668907591
1.4879456 ,2.326538 ,11.610184,23.55058525,87.29571288 ,0.0,71.27358861128235 ,3756.0,09:58:27 AM,1572668907597
2.4768677 ,2.763855 ,11.89444,23.55058525,87.29571288 ,0.0,71.27358861128235 ,3756.0,09:58:27 AM,1572668907606
-1.013443 ,2.4864655 ,9.137924,23.55058525,87.29571288 ,0.0,71.27358861128235 ,3756.0,09:58:27 AM,1572668907610
-2.304367 ,3.399887 ,7.4840393,23.55058525,87.29571288 ,0.0,71.27358861128235 ,3756.0,09:58:27 AM,1572668907613
-0.37374878 ,3.9524689 ,6.5043793,23.55058525,87.29571288 ,0.0,71.27358861128235 ,3756.0,09:58:27 AM,1572668907623
0.44377136 ,4.0933075 ,9.064087,23.55058525,87.29571288 ,0.0,71.27358861128235 ,3756.0,09:58:27 AM,1572668907625
1.1132812 ,2.9476166 ,8.458527,23.55058525,87.29571288 ,0.0,71.27358861128235 ,3756.0,09:58:27 AM,1572668907629
1.9380188 ,3.0139313 ,9.589218,23.55058525,87.29571288 ,0.0,71.27358861128235 ,3756.0,09:58:27 AM,1572668907638
0.091156006 ,2.6241302 ,8.878983,23.55058525,87.29571288 ,0.0,71.27358861128235 ,3756.0,09:58:27 AM,1572668907640
-2.5911255 ,2.4279785 ,9.923904,23.55058525,87.29571288 ,0.0,71.27358861128235 ,3756.0,09:58:27 AM,1572668907644
-1.1784058 ,2.3274994 ,11.606552,23.55058525,87.29571288 ,0.0,71.27358861128235 ,3756.0,09:58:27 AM,1572668907648
2.442215 ,2.614029 ,10.80513,23.55058525,87.29571288 ,0.0,71.27358861128235 ,3756.0,09:58:27 AM,1572668907654
2.4981995 ,3.8022308 ,9.514908,23.55058525,87.29571288 ,0.0,71.27358861128235 ,3756.0,09:58:27 AM,1572668907659
-0.7470093 ,4.5464783 ,6.9433746,23.55058525,87.29571288 ,0.0,71.27358861128235 ,3756.0,09:58:27 AM,1572668907663
-2.4216614 ,4.5069275 ,4.8481293,23.55058525,87.29571288 ,0.0,71.27358861128235 ,3756.0,09:58:27 AM,1572668907671
-0.50123596 ,4.113861 ,6.84581,23.55058525,87.29571288 ,0.0,71.27358861128235 ,3756.0,09:58:27 AM,1572668907674
2.5637054 ,3.2357025 ,9.892868,23.55058525,87.29571288 ,0.0,71.27358861128235 ,3756.0,09:58:27 AM,1572668907679
2.6115875 ,2.062271 ,10.356689,23.55058525,87.29571288 ,0.0,71.27358861128235 ,3756.0,09:58:27 AM,1572668907683
-1.3803406 ,1.4148712 ,11.350464,23.55058525,87.29571288 ,0.0,71.27358861128235 ,3756.0,09:58:27 AM,1572668907691
-4.6582184 ,0.8209381 ,11.989349,23.55058525,87.29571288 ,0.0,71.27358861128235 ,3756.0,09:58:27 AM,1572668907696
-2.5188904 ,1.160553 ,11.777115,23.55058525,87.29571288 ,0.0,71.27358861128235 ,3756.0,09:58:27 AM,1572668907698
2.1222076 ,2.6152954 ,10.632034,23.55058525,87.29571288 ,0.0,71.27358861128235 ,3756.0,09:58:27 AM,1572668907706
2.619217 ,3.717392 ,7.6621704,23.55058525,87.29571288 ,0.0,71.27358861128235 ,3756.0,09:58:27 AM,1572668907707
-0.70799255 ,4.2283936 ,5.854599,23.55058525,87.29571288 ,0.0,71.27358861128235 ,3756.0,09:58:27 AM,1572668907710
-1.6911926 ,4.506317 ,5.664917,23.55058525,87.29571288 ,0.0,71.27358861128235 ,3756.0,09:58:27 AM,1572668907715
0.5129547 ,5.0192413 ,8.238968,23.55058525,87.29571288 ,0.0,71.27358861128235 ,3756.0,09:58:27 AM,1572668907722
1.0294342 ,3.4842682 ,10.168106,23.55058525,87.29571288 ,0.0,71.27358861128235 ,3756.0,09:58:27 AM,1572668907725
-0.3938446 ,0.86898804 ,8.874512,23.55058525,87.29571288 ,0.0,71.27358861128235 ,3756.0,09:58:27 AM,1572668907730
-0.50816345 ,1.8013 ,12.112076,23.55058525,87.29571288 ,0.0,71.27358861128235 ,3756.0,09:58:27 AM,1572668907737
0.0743103 ,2.4574738 ,11.662659,23.55058525,87.29571288 ,0.0,71.27358861128235 ,3756.0,09:58:27 AM,1572668907740
-1.3438721 ,3.130188 ,10.503189,23.55058525,87.29571288 ,0.0,71.27358861128235 ,3756.0,09:58:27 AM,1572668907749
-1.4253387 ,3.2924652 ,7.000778,23.55058525,87.29571288 ,0.0,71.27358861128235 ,3756.0,09:58:27 AM,1572668907755
1.6539917 ,4.424423 ,6.1640778,23.55058525,87.29571288 ,0.0,71.27358861128235 ,3756.0,09:58:27 AM,1572668907759
2.2223206 ,4.158066 ,7.1139526,23.55058525,87.29571288 ,0.0,71.27358861128235 ,3756.0,09:58:27 AM,1572668907764
-0.8775177 ,2.387848 ,7.8429565,23.55058525,87.29571288 ,0.0,71.27358861128235 ,3756.0,09:58:27 AM,1572668907772
-1.7220154 ,2.3289948 ,11.163437,23.55058525,87.29571288 ,0.0,71.27358861128235 ,3756.0,09:58:27 AM,1572668907774
0.32130432 ,1.9519653 ,10.998581,23.55058525,87.29571288 ,0.0,71.27358861128235 ,3756.0,09:58:27 AM,1572668907778
-0.12188721 ,1.9011993 ,11.513046,23.55058525,87.29571288 ,0.0,71.27358861128235 ,3756.0,09:58:27 AM,1572668907782
-2.0500336 ,2.0899048 ,11.151321,23.55058525,87.29571288 ,0.0,71.27358861128235 ,3756.0,09:58:27 AM,1572668907789
-0.86112976 ,2.931305 ,8.593597,23.55058525,87.29571288 ,0.0,71.27358861128235 ,3756.0,09:58:27 AM,1572668907793
1.0710144 ,4.0919037 ,7.271988,23.55058525,87.29571288 ,0.0,71.27358861128235 ,3756.0,09:58:27 AM,1572668907798
-0.07913208 ,4.194153 ,7.8844604,23.55058525,87.29571288 ,0.0,71.27358861128235 ,3756.0,09:58:27 AM,1572668907805
-1.2060852 ,3.7801971 ,8.426712,23.55058525,87.29571288 ,0.0,71.27358861128235 ,3756.0,09:58:27 AM,1572668907807
