x,y,z,latitude,longitude,speed,sound,light,time,timestamp
-2.3908234 ,2.0608063 ,6.6064606,23.57328092,87.30258298 ,8.568000411987304,86.59266373986263 ,30000.0,10:03:55 AM,1572669235619
-1.4734192 ,4.2599487 ,8.255005,23.57328092,87.30258298 ,8.568000411987304,86.59266373986263 ,30000.0,10:03:55 AM,1572669235629
3.2749481 ,5.8724213 ,8.48204,23.57328092,87.30258298 ,8.568000411987304,86.59266373986263 ,30000.0,10:03:55 AM,1572669235636
5.864273 ,7.1801453 ,5.4898376,23.57328092,87.30258298 ,8.568000411987304,86.59266373986263 ,30000.0,10:03:55 AM,1572669235643
3.1247253 ,6.3454895 ,3.1817627,23.57328092,87.30258298 ,8.568000411987304,86.59266373986263 ,30000.0,10:03:55 AM,1572669235645
-1.289856 ,6.8562317 ,5.8295135,23.57328092,87.30258298 ,8.568000411987304,86.59266373986263 ,30000.0,10:03:55 AM,1572669235649
-3.1358643 ,5.6318054 ,6.5346375,23.57328092,87.30258298 ,8.568000411987304,86.59266373986263 ,30000.0,10:03:55 AM,1572669235654
-0.99086 ,4.164551 ,8.188736,23.57328092,87.30258298 ,8.568000411987304,86.59266373986263 ,30000.0,10:03:55 AM,1572669235660
3.1450806 ,4.590225 ,13.1618805,23.57328092,87.30258298 ,8.568000411987304,86.59266373986263 ,30000.0,10:03:55 AM,1572669235664
4.8681335 ,3.5885468 ,10.523666,23.57328092,87.30258298 ,8.568000411987304,86.59266373986263 ,30000.0,10:03:55 AM,1572669235668
2.5647278 ,4.3297424 ,11.074661,23.57328092,87.30258298 ,8.568000411987304,86.59266373986263 ,30000.0,10:03:55 AM,1572669235676
-0.2624054 ,6.1732483 ,11.552963,23.57328092,87.30258298 ,8.568000411987304,86.59266373986263 ,30000.0,10:03:55 AM,1572669235678
-0.24099731 ,5.8846283 ,4.9752655,23.57328092,87.30258298 ,8.568000411987304,86.59266373986263 ,30000.0,10:03:55 AM,1572669235683
1.2420654 ,7.3444977 ,6.126892,23.57328092,87.30258298 ,8.568000411987304,86.59266373986263 ,30000.0,10:03:55 AM,1572669235687
0.6689148 ,7.5918884 ,7.797043,23.57328092,87.30258298 ,8.568000411987304,80.79116916161196 ,30000.0,10:03:55 AM,1572669235695
-0.9404602 ,5.3290405 ,5.1097717,23.57328092,87.30258298 ,8.568000411987304,80.79116916161196 ,30000.0,10:03:55 AM,1572669235697
1.2614594 ,5.403534 ,8.483658,23.57328092,87.30258298 ,8.568000411987304,80.79116916161196 ,30000.0,10:03:55 AM,1572669235701
4.9419556 ,6.7255554 ,13.016266,23.57328092,87.30258298 ,8.568000411987304,80.79116916161196 ,30000.0,10:03:55 AM,1572669235707
4.484558 ,5.585678 ,9.084763,23.57328092,87.30258298 ,8.568000411987304,80.79116916161196 ,30000.0,10:03:55 AM,1572669235711
1.3428345 ,6.639633 ,8.834763,23.57328092,87.30258298 ,8.568000411987304,80.79116916161196 ,30000.0,10:03:55 AM,1572669235715
-0.31062317 ,7.4193726 ,7.2279816,23.57328092,87.30258298 ,8.568000411987304,80.79116916161196 ,30000.0,10:03:55 AM,1572669235720
-0.02796936 ,7.186615 ,4.18367,23.57328092,87.30258298 ,8.568000411987304,80.79116916161196 ,30000.0,10:03:55 AM,1572669235725
1.003006 ,7.218811 ,4.471237,23.57328092,87.30258298 ,8.568000411987304,80.79116916161196 ,30000.0,10:03:55 AM,1572669235729
0.6555939 ,6.7296906 ,8.099075,23.57328092,87.30258298 ,8.568000411987304,80.79116916161196 ,30000.0,10:03:55 AM,1572669235734
-0.6109772 ,5.652298 ,11.393875,23.57328092,87.30258298 ,8.568000411987304,80.79116916161196 ,30000.0,10:03:55 AM,1572669235742
-0.24691772 ,4.7590637 ,10.636719,23.57328092,87.30258298 ,8.568000411987304,80.79116916161196 ,30000.0,10:03:55 AM,1572669235746
2.4013977 ,4.2727203 ,9.735153,23.57328092,87.30258298 ,8.568000411987304,80.79116916161196 ,30000.0,10:03:55 AM,1572669235749
4.3497925 ,6.3764343 ,14.771194,23.57328092,87.30258298 ,8.568000411987304,80.79116916161196 ,30000.0,10:03:55 AM,1572669235756
2.1329956 ,5.255905 ,4.870804,23.57328092,87.30258298 ,8.568000411987304,80.79116916161196 ,30000.0,10:03:55 AM,1572669235761
-3.3737335 ,7.134247 ,7.361664,23.57328092,87.30258298 ,8.568000411987304,80.79116916161196 ,30000.0,10:03:55 AM,1572669235769
-3.5544586 ,7.626831 ,8.23642,23.57328092,87.30258298 ,8.568000411987304,80.79116916161196 ,30000.0,10:03:55 AM,1572669235777
1.6712494 ,8.311798 ,4.469986,23.57328092,87.30258298 ,8.568000411987304,80.79116916161196 ,30000.0,10:03:55 AM,1572669235778
4.5019073 ,8.185883 ,3.052124,23.57328092,87.30258298 ,8.568000411987304,80.79116916161196 ,30000.0,10:03:55 AM,1572669235783
2.1998749 ,9.654053 ,9.974228,23.57328092,87.30258298 ,8.568000411987304,80.79116916161196 ,30000.0,10:03:55 AM,1572669235788
-0.63165283 ,7.2153015 ,1.7041931,23.57328092,87.30258298 ,8.568000411987304,80.79116916161196 ,30000.0,10:03:55 AM,1572669235796
-0.9359436 ,7.984375 ,6.084137,23.57328092,87.30258298 ,8.568000411987304,80.79116916161196 ,30000.0,10:03:55 AM,1572669235798
1.1054688 ,7.389099 ,11.939163,23.57328092,87.30258298 ,8.568000411987304,80.79116916161196 ,30000.0,10:03:55 AM,1572669235802
2.307785 ,4.4059296 ,8.120102,23.57328092,87.30258298 ,8.568000411987304,80.79116916161196 ,30000.0,10:03:55 AM,1572669235808
1.0242615 ,3.4917603 ,11.913879,23.57328092,87.30258298 ,8.568000411987304,80.79116916161196 ,30000.0,10:03:55 AM,1572669235812
0.7848358 ,3.086258 ,16.48294,23.57328092,87.30258298 ,8.568000411987304,80.79116916161196 ,30000.0,10:03:55 AM,1572669235816
3.5043335 ,2.1120453 ,11.656342,23.57328092,87.30258298 ,8.568000411987304,80.79116916161196 ,30000.0,10:03:55 AM,1572669235821
4.72348 ,3.4532318 ,12.509933,23.57328092,87.30258298 ,8.568000411987304,80.79116916161196 ,30000.0,10:03:55 AM,1572669235826
1.2364197 ,3.8774872 ,13.263718,23.57328092,87.30258298 ,8.568000411987304,80.79116916161196 ,30000.0,10:03:55 AM,1572669235830
-2.031372 ,3.602707 ,7.188843,23.57328092,87.30258298 ,8.568000411987304,80.79116916161196 ,30000.0,10:03:55 AM,1572669235835
-0.94996643 ,5.608612 ,6.5592804,23.57328092,87.30258298 ,8.568000411987304,80.79116916161196 ,30000.0,10:03:55 AM,1572669235842
1.3641663 ,7.43927 ,7.8511353,23.57328092,87.30258298 ,8.568000411987304,80.79116916161196 ,30000.0,10:03:55 AM,1572669235845
1.5776825 ,7.5606384 ,2.9131012,23.57328092,87.30258298 ,8.568000411987304,80.79116916161196 ,30000.0,10:03:55 AM,1572669235849
0.36631775 ,8.207733 ,4.660736,23.57328092,87.30258298 ,8.568000411987304,80.79116916161196 ,30000.0,10:03:55 AM,1572669235855
0.8379059 ,8.451965 ,6.829315,23.57328092,87.30258298 ,8.568000411987304,80.79116916161196 ,30000.0,10:03:55 AM,1572669235860
2.6795654 ,9.288162 ,4.512253,23.57328092,87.30258298 ,8.568000411987304,80.79116916161196 ,30000.0,10:03:55 AM,1572669235864
2.1581116 ,8.498779 ,1.087204,23.57328092,87.30258298 ,8.568000411987304,80.79116916161196 ,30000.0,10:03:55 AM,1572669235869
-0.08995056 ,8.632263 ,4.4911194,23.57328092,87.30258298 ,8.568000411987304,80.79116916161196 ,30000.0,10:03:55 AM,1572669235876
0.20561218 ,8.053406 ,1.3713226,23.57328092,87.30258298 ,8.568000411987304,80.79116916161196 ,30000.0,10:03:55 AM,1572669235879
1.7212677 ,7.6440887 ,7.0835266,23.57328092,87.30258298 ,8.568000411987304,80.79116916161196 ,30000.0,10:03:55 AM,1572669235884
3.597046 ,6.4904327 ,9.801498,23.57328092,87.30258298 ,8.568000411987304,80.79116916161196 ,30000.0,10:03:55 AM,1572669235888
2.3820038 ,5.910187 ,8.457748,23.57328092,87.30258298 ,8.568000411987304,80.79116916161196 ,30000.0,10:03:55 AM,1572669235896
-2.217987 ,2.9115906 ,8.726227,23.57328092,87.30258298 ,8.568000411987304,80.79116916161196 ,30000.0,10:03:55 AM,1572669235898
-2.0265808 ,3.6959991 ,14.12738,23.57328092,87.30258298 ,8.568000411987304,80.79116916161196 ,30000.0,10:03:55 AM,1572669235910
1.655716 ,2.4714203 ,9.045898,23.57328092,87.30258298 ,8.568000411987304,80.79116916161196 ,30000.0,10:03:55 AM,1572669235913
1.69487 ,2.94281 ,11.459183,23.57328092,87.30258298 ,8.568000411987304,80.79116916161196 ,30000.0,10:03:55 AM,1572669235917
0.22647095 ,2.1949005 ,11.272049,23.57328092,87.30258298 ,8.568000411987304,80.79116916161196 ,30000.0,10:03:55 AM,1572669235922
0.571579 ,2.4376068 ,10.101166,23.57328092,87.30258298 ,8.568000411987304,80.79116916161196 ,30000.0,10:03:55 AM,1572669235928
0.79037476 ,2.1615753 ,9.56929,23.57328092,87.30258298 ,8.568000411987304,80.79116916161196 ,30000.0,10:03:55 AM,1572669235932
0.22914124 ,2.5229797 ,11.12941,23.57328092,87.30258298 ,8.568000411987304,80.79116916161196 ,30000.0,10:03:55 AM,1572669235937
0.98172 ,2.8260193 ,8.766647,23.57328092,87.30258298 ,8.568000411987304,80.79116916161196 ,30000.0,10:03:55 AM,1572669235945
0.9584961 ,5.472595 ,8.47934,23.57328092,87.30258298 ,8.568000411987304,80.79116916161196 ,30000.0,10:03:55 AM,1572669235948
-2.0069733 ,5.1389008 ,5.350128,23.57328092,87.30258298 ,8.568000411987304,80.79116916161196 ,30000.0,10:03:55 AM,1572669235951
-2.9705505 ,5.430069 ,5.470627,23.57328092,87.30258298 ,8.568000411987304,80.79116916161196 ,30000.0,10:03:55 AM,1572669235956
-0.15597534 ,6.3164673 ,7.8832397,23.57328092,87.30258298 ,8.568000411987304,80.79116916161196 ,30000.0,10:03:55 AM,1572669235964
1.5195618 ,5.1864166 ,6.358368,23.57328092,87.30258298 ,8.568000411987304,80.79116916161196 ,30000.0,10:03:55 AM,1572669235965
1.1061859 ,5.2472076 ,8.156296,23.57328092,87.30258298 ,8.568000411987304,80.79116916161196 ,30000.0,10:03:55 AM,1572669235970
1.3783417 ,5.7315674 ,9.990692,23.57328092,87.30258298 ,8.568000411987304,80.79116916161196 ,30000.0,10:03:55 AM,1572669235978
2.638855 ,5.299591 ,8.559021,23.57328092,87.30258298 ,8.568000411987304,80.79116916161196 ,30000.0,10:03:55 AM,1572669235980
3.2844543 ,5.6434326 ,7.725235,23.57328092,87.30258298 ,8.568000411987304,80.79116916161196 ,30000.0,10:03:55 AM,1572669235985
0.7957916 ,4.876404 ,6.1327972,23.57328092,87.30258298 ,8.568000411987304,80.79116916161196 ,30000.0,10:03:55 AM,1572669235989
-3.0343628 ,4.251602 ,6.181534,23.57328092,87.30258298 ,8.568000411987304,80.79116916161196 ,30000.0,10:03:55 AM,1572669235996
-2.846756 ,3.8336945 ,6.2951355,23.57328092,87.30258298 ,8.568000411987304,80.79116916161196 ,30000.0,10:03:55 AM,1572669236000
0.8381958 ,5.108322 ,10.169891,23.57328092,87.30258298 ,8.568000411987304,80.79116916161196 ,30000.0,10:03:56 AM,1572669236005
2.620224 ,5.117325 ,6.580185,23.57328092,87.30258298 ,8.568000411987304,80.79116916161196 ,30000.0,10:03:56 AM,1572669236012
-0.21687317 ,6.7233887 ,6.655533,23.57328092,87.30258298 ,8.568000411987304,80.79116916161196 ,30000.0,10:03:56 AM,1572669236016
-2.377884 ,6.3110046 ,6.568451,23.57328092,87.30258298 ,8.568000411987304,80.79116916161196 ,30000.0,10:03:56 AM,1572669236018
1.2816467 ,6.6934814 ,2.8430176,23.57328092,87.30258298 ,8.568000411987304,80.79116916161196 ,30000.0,10:03:56 AM,1572669236023
3.9223328 ,6.4280853 ,2.98938,23.57328092,87.30258298 ,8.568000411987304,80.79116916161196 ,30000.0,10:03:56 AM,1572669236032
0.62054443 ,6.837265 ,9.720413,23.57328092,87.30258298 ,8.568000411987304,80.79116916161196 ,30000.0,10:03:56 AM,1572669236034
-3.0999298 ,4.315857 ,6.6728363,23.57328092,87.30258298 ,8.568000411987304,80.79116916161196 ,30000.0,10:03:56 AM,1572669236037
-2.0526733 ,2.614151 ,5.736511,23.57328092,87.30258298 ,8.568000411987304,80.79116916161196 ,30000.0,10:03:56 AM,1572669236048
0.17094421 ,3.935318 ,14.894913,23.57328092,87.30258298 ,8.568000411987304,80.79116916161196 ,30000.0,10:03:56 AM,1572669236052
0.2726593 ,1.1582336 ,9.101624,23.57328092,87.30258298 ,8.568000411987304,80.79116916161196 ,30000.0,10:03:56 AM,1572669236058
-0.38964844 ,1.3462982 ,11.241211,23.57331894,87.30259247 ,11.051999759674073,80.79116916161196 ,30000.0,10:03:56 AM,1572669236064
0.60505676 ,2.094635 ,12.761902,23.57331894,87.30259247 ,11.051999759674073,80.79116916161196 ,30000.0,10:03:56 AM,1572669236066
1.3802338 ,2.6482697 ,12.809601,23.57331894,87.30259247 ,11.051999759674073,80.79116916161196 ,30000.0,10:03:56 AM,1572669236070
1.7807617 ,2.946228 ,10.483902,23.57331894,87.30259247 ,11.051999759674073,80.79116916161196 ,30000.0,10:03:56 AM,1572669236078
0.89897156 ,4.178299 ,9.354294,23.57331894,87.30259247 ,11.051999759674073,80.79116916161196 ,30000.0,10:03:56 AM,1572669236081
-1.0329437 ,3.7007446 ,5.9121246,23.57331894,87.30259247 ,11.051999759674073,80.79116916161196 ,30000.0,10:03:56 AM,1572669236085
-1.166214 ,5.360016 ,8.95163,23.57331894,87.30259247 ,11.051999759674073,80.79116916161196 ,30000.0,10:03:56 AM,1572669236090
0.604599 ,5.7053223 ,7.2667084,23.57331894,87.30259247 ,11.051999759674073,80.79116916161196 ,30000.0,10:03:56 AM,1572669236098
1.0492706 ,6.719574 ,7.651642,23.57331894,87.30259247 ,11.051999759674073,80.79116916161196 ,30000.0,10:03:56 AM,1572669236100
-0.09436035 ,6.8664093 ,6.2571716,23.57331894,87.30259247 ,11.051999759674073,80.79116916161196 ,30000.0,10:03:56 AM,1572669236105
-1.3637085 ,6.6538086 ,6.308365,23.57331894,87.30259247 ,11.051999759674073,80.79116916161196 ,30000.0,10:03:56 AM,1572669236112
-1.0449982 ,5.283798 ,5.6877747,23.57331894,87.30259247 ,11.051999759674073,80.79116916161196 ,30000.0,10:03:56 AM,1572669236115
