x,y,z,latitude,longitude,speed,sound,light,time,timestamp
-6.8045654 ,3.8743134 ,12.524933,23.56404355,87.29873906 ,45.36000137329102,87.64909061080425 ,30000.0,10:01:25 AM,1572669085395
4.151886 ,3.7490234 ,4.2197266,23.56404355,87.29873906 ,45.36000137329102,87.64909061080425 ,30000.0,10:01:25 AM,1572669085400
7.5377197 ,6.111328 ,4.2505035,23.56404355,87.29873906 ,45.36000137329102,87.64909061080425 ,30000.0,10:01:25 AM,1572669085405
-2.674057 ,6.1830597 ,9.847137,23.56404355,87.29873906 ,45.36000137329102,87.64909061080425 ,30000.0,10:01:25 AM,1572669085409
-10.728668 ,2.8920135 ,3.9101105,23.56404355,87.29873906 ,45.36000137329102,87.64909061080425 ,30000.0,10:01:25 AM,1572669085415
-6.344284 ,4.022278 ,11.66568,23.56404355,87.29873906 ,45.36000137329102,87.64909061080425 ,30000.0,10:01:25 AM,1572669085424
3.9416046 ,1.4089508 ,6.754593,23.56404355,87.29873906 ,45.36000137329102,87.64909061080425 ,30000.0,10:01:25 AM,1572669085428
6.1976013 ,5.807556 ,21.099106,23.56404355,87.29873906 ,45.36000137329102,87.64909061080425 ,30000.0,10:01:25 AM,1572669085437
1.5571289 ,1.987793 ,9.337372,23.56404355,87.29873906 ,45.36000137329102,87.64909061080425 ,30000.0,10:01:25 AM,1572669085441
-2.4312286 ,5.5776215 ,8.309509,23.56404355,87.29873906 ,45.36000137329102,87.64909061080425 ,30000.0,10:01:25 AM,1572669085443
-2.144226 ,5.6454926 ,3.3983765,23.56404355,87.29873906 ,45.36000137329102,87.64909061080425 ,30000.0,10:01:25 AM,1572669085447
-0.08540344 ,4.8592834 ,4.414459,23.56404355,87.29873906 ,45.36000137329102,87.64909061080425 ,30000.0,10:01:25 AM,1572669085453
0.5647888 ,3.2536469 ,8.181305,23.56404355,87.29873906 ,45.36000137329102,87.75945720959994 ,30000.0,10:01:25 AM,1572669085457
-0.50294495 ,0.85539246 ,10.370544,23.56404355,87.29873906 ,45.36000137329102,87.75945720959994 ,30000.0,10:01:25 AM,1572669085462
-0.6684418 ,0.20747375 ,14.4978485,23.56404355,87.29873906 ,45.36000137329102,87.75945720959994 ,30000.0,10:01:25 AM,1572669085470
0.5028229 ,0.50642395 ,18.402466,23.56404355,87.29873906 ,45.36000137329102,87.75945720959994 ,30000.0,10:01:25 AM,1572669085471
0.5617676 ,1.3608093 ,19.165802,23.56404355,87.29873906 ,45.36000137329102,87.75945720959994 ,30000.0,10:01:25 AM,1572669085476
0.16835022 ,1.5848541 ,9.805267,23.56404355,87.29873906 ,45.36000137329102,87.75945720959994 ,30000.0,10:01:25 AM,1572669085481
0.28086853 ,4.377182 ,3.2066803,23.56404355,87.29873906 ,45.36000137329102,87.75945720959994 ,30000.0,10:01:25 AM,1572669085489
-1.0543823 ,7.1936646 ,0.56977844,23.56404355,87.29873906 ,45.36000137329102,87.75945720959994 ,30000.0,10:01:25 AM,1572669085490
-3.240982 ,9.317261 ,3.9685822,23.56404355,87.29873906 ,45.36000137329102,87.75945720959994 ,30000.0,10:01:25 AM,1572669085495
-2.1669922 ,7.89769 ,-0.19715881,23.56404355,87.29873906 ,45.36000137329102,87.75945720959994 ,30000.0,10:01:25 AM,1572669085503
0.42208862 ,8.73259 ,3.5749054,23.56404355,87.29873906 ,45.36000137329102,87.75945720959994 ,30000.0,10:01:25 AM,1572669085505
0.5717621 ,6.4928284 ,2.7607727,23.56404355,87.29873906 ,45.36000137329102,87.75945720959994 ,30000.0,10:01:25 AM,1572669085509
-1.6766205 ,6.36792 ,10.213547,23.56404355,87.29873906 ,45.36000137329102,87.75945720959994 ,30000.0,10:01:25 AM,1572669085515
-2.4742584 ,3.2801208 ,13.142868,23.56404355,87.29873906 ,45.36000137329102,87.75945720959994 ,30000.0,10:01:25 AM,1572669085522
-0.8714752 ,0.49121094 ,11.994461,23.56404355,87.29873906 ,45.36000137329102,87.75945720959994 ,30000.0,10:01:25 AM,1572669085525
0.80433655 ,-1.4757996 ,13.576309,23.56404355,87.29873906 ,45.36000137329102,87.75945720959994 ,30000.0,10:01:25 AM,1572669085530
1.9963989 ,-2.2137299 ,16.745453,23.56404355,87.29873906 ,45.36000137329102,87.75945720959994 ,30000.0,10:01:25 AM,1572669085541
1.2871552 ,1.1396942 ,24.690659,23.56404355,87.29873906 ,45.36000137329102,87.75945720959994 ,30000.0,10:01:25 AM,1572669085543
-1.4205017 ,-1.10495 ,12.152008,23.56404355,87.29873906 ,45.36000137329102,87.75945720959994 ,30000.0,10:01:25 AM,1572669085546
-2.3201904 ,3.3873444 ,12.945587,23.56404355,87.29873906 ,45.36000137329102,87.75945720959994 ,30000.0,10:01:25 AM,1572669085550
1.0599365 ,3.325714 ,1.5953064,23.56404355,87.29873906 ,45.36000137329102,87.75945720959994 ,30000.0,10:01:25 AM,1572669085556
1.6933441 ,6.7920227 ,6.5597076,23.56404355,87.29873906 ,45.36000137329102,87.75945720959994 ,30000.0,10:01:25 AM,1572669085563
-2.6640625 ,5.9461365 ,8.60733,23.56404355,87.29873906 ,45.36000137329102,87.75945720959994 ,30000.0,10:01:25 AM,1572669085567
-4.830246 ,3.6777039 ,6.7436676,23.56404355,87.29873906 ,45.36000137329102,87.75945720959994 ,30000.0,10:01:25 AM,1572669085574
-1.0635376 ,2.9591217 ,12.060287,23.56404355,87.29873906 ,45.36000137329102,87.75945720959994 ,30000.0,10:01:25 AM,1572669085578
4.2626953 ,3.1231995 ,15.095383,23.56404355,87.29873906 ,45.36000137329102,87.75945720959994 ,30000.0,10:01:25 AM,1572669085583
4.0629883 ,4.297226 ,15.991653,23.56404355,87.29873906 ,45.36000137329102,87.75945720959994 ,30000.0,10:01:25 AM,1572669085590
-0.61161804 ,2.4228516 ,5.718796,23.56404355,87.29873906 ,45.36000137329102,87.75945720959994 ,30000.0,10:01:25 AM,1572669085595
-4.1819305 ,6.4578705 ,9.496231,23.56404355,87.29873906 ,45.36000137329102,87.75945720959994 ,30000.0,10:01:25 AM,1572669085597
-3.1431122 ,7.1592407 ,2.526245,23.56404355,87.29873906 ,45.36000137329102,87.75945720959994 ,30000.0,10:01:25 AM,1572669085601
-0.17944336 ,8.569885 ,-0.17163086,23.56404355,87.29873906 ,45.36000137329102,87.75945720959994 ,30000.0,10:01:25 AM,1572669085607
1.5945892 ,7.845337 ,-2.314972,23.56404355,87.29873906 ,45.36000137329102,87.75945720959994 ,30000.0,10:01:25 AM,1572669085611
0.038909912 ,7.242569 ,0.31773376,23.56404355,87.29873906 ,45.36000137329102,87.75945720959994 ,30000.0,10:01:25 AM,1572669085615
-3.030899 ,5.4656525 ,4.7111053,23.56404355,87.29873906 ,45.36000137329102,87.75945720959994 ,30000.0,10:01:25 AM,1572669085621
-3.4721527 ,3.542572 ,9.470612,23.56404355,87.29873906 ,45.36000137329102,87.75945720959994 ,30000.0,10:01:25 AM,1572669085625
-1.2852325 ,1.455658 ,14.398163,23.56404355,87.29873906 ,45.36000137329102,87.75945720959994 ,30000.0,10:01:25 AM,1572669085630
1.4893188 ,-0.4836731 ,17.178635,23.56404355,87.29873906 ,45.36000137329102,87.75945720959994 ,30000.0,10:01:25 AM,1572669085637
3.8538666 ,-1.0066376 ,17.869705,23.56404355,87.29873906 ,45.36000137329102,87.75945720959994 ,30000.0,10:01:25 AM,1572669085639
4.0308075 ,-0.5541229 ,14.214798,23.56404355,87.29873906 ,45.36000137329102,87.75945720959994 ,30000.0,10:01:25 AM,1572669085644
-0.5538788 ,2.1701202 ,16.00116,23.56404355,87.29873906 ,45.36000137329102,87.75945720959994 ,30000.0,10:01:25 AM,1572669085649
-5.1779785 ,0.94403076 ,6.875305,23.56404355,87.29873906 ,45.36000137329102,87.75945720959994 ,30000.0,10:01:25 AM,1572669085655
-3.8420258 ,3.0763397 ,7.1171875,23.56404355,87.29873906 ,45.36000137329102,87.75945720959994 ,30000.0,10:01:25 AM,1572669085659
2.0104065 ,3.6833344 ,3.3470306,23.56404355,87.29873906 ,45.36000137329102,87.75945720959994 ,30000.0,10:01:25 AM,1572669085664
2.0466766 ,6.908966 ,12.86058,23.56404355,87.29873906 ,45.36000137329102,87.75945720959994 ,30000.0,10:01:25 AM,1572669085671
-2.629425 ,2.714264 ,7.607544,23.56404355,87.29873906 ,45.36000137329102,87.75945720959994 ,30000.0,10:01:25 AM,1572669085674
-3.231369 ,3.6868286 ,14.479187,23.56404355,87.29873906 ,45.36000137329102,87.75945720959994 ,30000.0,10:01:25 AM,1572669085678
2.0042877 ,3.5184631 ,14.244095,23.56404355,87.29873906 ,45.36000137329102,87.75945720959994 ,30000.0,10:01:25 AM,1572669085683
4.924881 ,5.1634064 ,10.997757,23.56404355,87.29873906 ,45.36000137329102,87.75945720959994 ,30000.0,10:01:25 AM,1572669085689
1.3420258 ,6.2802124 ,7.146515,23.56404355,87.29873906 ,45.36000137329102,87.75945720959994 ,30000.0,10:01:25 AM,1572669085699
-3.61203 ,7.0310974 ,1.5950317,23.56404355,87.29873906 ,45.36000137329102,87.75945720959994 ,30000.0,10:01:25 AM,1572669085708
-4.081497 ,9.386002 ,3.5826263,23.56404355,87.29873906 ,45.36000137329102,87.75945720959994 ,30000.0,10:01:25 AM,1572669085709
0.3530426 ,7.947357 ,-3.1779022,23.56404355,87.29873906 ,45.36000137329102,87.75945720959994 ,30000.0,10:01:25 AM,1572669085711
2.2323456 ,9.885315 ,5.3053894,23.56404355,87.29873906 ,45.36000137329102,87.75945720959994 ,30000.0,10:01:25 AM,1572669085716
-0.88978577 ,5.69046 ,3.1992493,23.56404355,87.29873906 ,45.36000137329102,87.75945720959994 ,30000.0,10:01:25 AM,1572669085722
-3.58786 ,4.88414 ,7.033844,23.56404355,87.29873906 ,45.36000137329102,87.75945720959994 ,30000.0,10:01:25 AM,1572669085726
-0.9459381 ,2.5121155 ,5.351364,23.56404355,87.29873906 ,45.36000137329102,87.75945720959994 ,30000.0,10:01:25 AM,1572669085730
3.1685486 ,2.2001343 ,10.055557,23.56404355,87.29873906 ,45.36000137329102,87.75945720959994 ,30000.0,10:01:25 AM,1572669085738
3.5477142 ,1.3174896 ,16.177582,23.56404355,87.29873906 ,45.36000137329102,87.75945720959994 ,30000.0,10:01:25 AM,1572669085741
1.1050568 ,-1.1575775 ,12.671249,23.56404355,87.29873906 ,45.36000137329102,87.75945720959994 ,30000.0,10:01:25 AM,1572669085745
-1.9457397 ,-0.6042023 ,15.340744,23.56404355,87.29873906 ,45.36000137329102,87.75945720959994 ,30000.0,10:01:25 AM,1572669085750
-3.5401917 ,0.0869751 ,17.231796,23.56404355,87.29873906 ,45.36000137329102,87.75945720959994 ,30000.0,10:01:25 AM,1572669085759
-2.7695007 ,0.4182434 ,17.373138,23.56404355,87.29873906 ,45.36000137329102,87.75945720959994 ,30000.0,10:01:25 AM,1572669085760
0.7630615 ,-0.6237793 ,12.060425,23.56404355,87.29873906 ,45.36000137329102,87.75945720959994 ,30000.0,10:01:25 AM,1572669085764
2.8712158 ,1.7092438 ,12.472366,23.56404355,87.29873906 ,45.36000137329102,87.75945720959994 ,30000.0,10:01:25 AM,1572669085772
-0.62171936 ,3.6991882 ,9.861053,23.56404355,87.29873906 ,45.36000137329102,87.75945720959994 ,30000.0,10:01:25 AM,1572669085775
-5.08902 ,6.039444 ,8.029297,23.56404355,87.29873906 ,45.36000137329102,87.75945720959994 ,30000.0,10:01:25 AM,1572669085779
-2.7410889 ,6.6624146 ,3.2212677,23.56404355,87.29873906 ,45.36000137329102,87.75945720959994 ,30000.0,10:01:25 AM,1572669085784
3.3497772 ,9.150986 ,6.5922394,23.56404355,87.29873906 ,45.36000137329102,87.75945720959994 ,30000.0,10:01:25 AM,1572669085790
5.020157 ,8.495651 ,1.0113373,23.56404355,87.29873906 ,45.36000137329102,87.75945720959994 ,30000.0,10:01:25 AM,1572669085794
-0.68881226 ,11.037827 ,1.830307,23.56404355,87.29873906 ,45.36000137329102,87.75945720959994 ,30000.0,10:01:25 AM,1572669085799
-6.788574 ,10.480301 ,0.2401123,23.56404355,87.29873906 ,45.36000137329102,87.75945720959994 ,30000.0,10:01:25 AM,1572669085805
-5.226181 ,9.276001 ,-2.288971,23.56404355,87.29873906 ,45.36000137329102,87.75945720959994 ,30000.0,10:01:25 AM,1572669085808
3.0596619 ,8.378967 ,2.6269531,23.56404355,87.29873906 ,45.36000137329102,87.75945720959994 ,30000.0,10:01:25 AM,1572669085812
8.8802185 ,4.791275 ,1.677887,23.56404355,87.29873906 ,45.36000137329102,87.75945720959994 ,30000.0,10:01:25 AM,1572669085818
4.514801 ,4.6665344 ,11.727707,23.56404355,87.29873906 ,45.36000137329102,87.75945720959994 ,30000.0,10:01:25 AM,1572669085823
-4.2980194 ,-0.30389404 ,10.411667,23.56404355,87.29873906 ,45.36000137329102,87.75945720959994 ,30000.0,10:01:25 AM,1572669085827
-6.435013 ,0.39294434 ,17.255737,23.56404355,87.29873906 ,45.36000137329102,87.75945720959994 ,30000.0,10:01:25 AM,1572669085841
0.4316864 ,-2.304779 ,9.788879,23.56404355,87.29873906 ,45.36000137329102,87.75945720959994 ,30000.0,10:01:25 AM,1572669085843
5.3437805 ,0.975235 ,19.92424,23.56404355,87.29873906 ,45.36000137329102,87.75945720959994 ,30000.0,10:01:25 AM,1572669085847
1.8521576 ,-1.2220154 ,17.829132,23.56404355,87.29873906 ,45.36000137329102,87.75945720959994 ,30000.0,10:01:25 AM,1572669085853
-4.998886 ,-1.4968872 ,11.239029,23.56404355,87.29873906 ,45.36000137329102,87.75945720959994 ,30000.0,10:01:25 AM,1572669085859
-7.4232635 ,0.70007324 ,13.158249,23.56404355,87.29873906 ,45.36000137329102,87.75945720959994 ,30000.0,10:01:25 AM,1572669085861
-1.988678 ,3.1487122 ,10.990143,23.56404355,87.29873906 ,45.36000137329102,87.75945720959994 ,30000.0,10:01:25 AM,1572669085867
4.0664215 ,5.4338074 ,7.3454285,23.56404355,87.29873906 ,45.36000137329102,87.75945720959994 ,30000.0,10:01:25 AM,1572669085875
3.4656525 ,5.4043427 ,2.9144592,23.56404355,87.29873906 ,45.36000137329102,87.75945720959994 ,30000.0,10:01:25 AM,1572669085878
-1.5174866 ,8.145752 ,8.987381,23.56404355,87.29873906 ,45.36000137329102,87.75945720959994 ,30000.0,10:01:25 AM,1572669085881
-3.418869 ,7.356888 ,1.4791565,23.56404355,87.29873906 ,45.36000137329102,87.75945720959994 ,30000.0,10:01:25 AM,1572669085886
-1.8278503 ,8.908951 ,4.208481,23.56404355,87.29873906 ,45.36000137329102,87.75945720959994 ,30000.0,10:01:25 AM,1572669085893
