x,y,z,latitude,longitude,speed,sound,light,time,timestamp
6.3168335 ,7.762146 ,4.0216217,23.55372064,87.29797091 ,37.6560001373291,83.92772815752451 ,30000.0,09:59:33 AM,1572668973475
3.6224213 ,4.4147034 ,4.498825,23.55372064,87.29797091 ,37.6560001373291,83.92772815752451 ,30000.0,09:59:33 AM,1572668973480
-2.7606812 ,4.9194794 ,15.664261,23.55372064,87.29797091 ,37.6560001373291,83.92772815752451 ,30000.0,09:59:33 AM,1572668973484
-4.779999 ,3.1843567 ,9.3815,23.55372064,87.29797091 ,37.6560001373291,83.92772815752451 ,30000.0,09:59:33 AM,1572668973489
-3.3621216 ,3.9343262 ,5.6512756,23.55372064,87.29797091 ,37.6560001373291,83.92772815752451 ,30000.0,09:59:33 AM,1572668973496
-1.8197174 ,4.597107 ,7.2999573,23.55372064,87.29797091 ,37.6560001373291,83.92772815752451 ,30000.0,09:59:33 AM,1572668973498
-0.26997375 ,5.8974457 ,11.1978,23.55372064,87.29797091 ,37.6560001373291,83.92772815752451 ,30000.0,09:59:33 AM,1572668973502
1.0524902 ,6.320877 ,10.175659,23.55372064,87.29797091 ,37.6560001373291,83.92772815752451 ,30000.0,09:59:33 AM,1572668973507
-1.155365 ,5.593506 ,6.1581573,23.55372064,87.29797091 ,37.6560001373291,83.92772815752451 ,30000.0,09:59:33 AM,1572668973513
-6.029648 ,2.923294 ,2.2660675,23.55372064,87.29797091 ,37.6560001373291,83.92772815752451 ,30000.0,09:59:33 AM,1572668973517
-6.2850494 ,0.9389496 ,5.1102905,23.55372064,87.29797091 ,37.6560001373291,83.92772815752451 ,30000.0,09:59:33 AM,1572668973522
-0.9683838 ,0.54563904 ,13.82373,23.55372064,87.29797091 ,37.6560001373291,83.92772815752451 ,30000.0,09:59:33 AM,1572668973529
1.6751404 ,-1.6360474 ,16.727478,23.55372064,87.29797091 ,37.6560001373291,83.92772815752451 ,30000.0,09:59:33 AM,1572668973531
-2.3735962 ,-4.224045 ,15.100937,23.55372064,87.29797091 ,37.6560001373291,83.92772815752451 ,30000.0,09:59:33 AM,1572668973535
-7.268738 ,-3.8789978 ,22.083206,23.55372064,87.29797091 ,37.6560001373291,83.92772815752451 ,30000.0,09:59:33 AM,1572668973540
-4.547882 ,-0.82107544 ,26.294556,23.55372064,87.29797091 ,37.6560001373291,83.92772815752451 ,30000.0,09:59:33 AM,1572668973546
3.1827698 ,-0.7867584 ,7.0788574,23.55372064,87.29797091 ,37.6560001373291,83.92772815752451 ,30000.0,09:59:33 AM,1572668973550
9.248596 ,7.190201 ,9.011429,23.55372064,87.29797091 ,37.6560001373291,83.92772815752451 ,30000.0,09:59:33 AM,1572668973556
7.5259857 ,11.475204 ,5.5776825,23.55372064,87.29797091 ,37.6560001373291,83.92772815752451 ,30000.0,09:59:33 AM,1572668973566
1.4816284 ,10.587784 ,-9.943192,23.55372064,87.29797091 ,37.6560001373291,83.92772815752451 ,30000.0,09:59:33 AM,1572668973570
-2.2552795 ,8.98941 ,-7.95459,23.55372064,87.29797091 ,37.6560001373291,83.92772815752451 ,30000.0,09:59:33 AM,1572668973575
-4.1035156 ,7.8696136 ,1.8610992,23.55372064,87.29797091 ,37.6560001373291,83.92772815752451 ,30000.0,09:59:33 AM,1572668973581
-5.435562 ,7.097183 ,15.700745,23.55372064,87.29797091 ,37.6560001373291,83.92772815752451 ,30000.0,09:59:33 AM,1572668973585
-1.9845734 ,-0.16340637 ,10.2752075,23.55372064,87.29797091 ,37.6560001373291,83.92772815752451 ,30000.0,09:59:33 AM,1572668973589
5.687973 ,-0.15353394 ,12.3910675,23.55372064,87.29797091 ,37.6560001373291,83.92772815752451 ,30000.0,09:59:33 AM,1572668973599
6.251419 ,1.6317902 ,15.19696,23.55372064,87.29797091 ,37.6560001373291,83.92772815752451 ,30000.0,09:59:33 AM,1572668973601
-1.7193756 ,3.3536072 ,13.450684,23.55372064,87.29797091 ,37.6560001373291,83.92772815752451 ,30000.0,09:59:33 AM,1572668973604
-6.6653595 ,6.2117615 ,11.290726,23.55372064,87.29797091 ,37.6560001373291,83.92772815752451 ,30000.0,09:59:33 AM,1572668973609
-4.3081512 ,6.7944946 ,-0.89559937,23.55372064,87.29797091 ,37.6560001373291,83.92772815752451 ,30000.0,09:59:33 AM,1572668973615
-1.5929871 ,7.5503235 ,0.061965942,23.55372064,87.29797091 ,37.6560001373291,84.49011141104349 ,30000.0,09:59:33 AM,1572668973618
-1.4635162 ,3.9984589 ,3.8762512,23.55372064,87.29797091 ,37.6560001373291,84.49011141104349 ,30000.0,09:59:33 AM,1572668973623
-0.081329346 ,2.1473846 ,11.572327,23.55372064,87.29797091 ,37.6560001373291,84.49011141104349 ,30000.0,09:59:33 AM,1572668973631
1.6866913 ,0.14701843 ,13.909973,23.55372064,87.29797091 ,37.6560001373291,84.49011141104349 ,30000.0,09:59:33 AM,1572668973634
-0.005844116 ,-0.6648407 ,10.578339,23.55372064,87.29797091 ,37.6560001373291,84.49011141104349 ,30000.0,09:59:33 AM,1572668973636
-3.6330872 ,1.0062866 ,11.661499,23.55372064,87.29797091 ,37.6560001373291,84.49011141104349 ,30000.0,09:59:33 AM,1572668973641
-3.856491 ,2.6045227 ,11.188568,23.55372064,87.29797091 ,37.6560001373291,84.49011141104349 ,30000.0,09:59:33 AM,1572668973648
1.092392 ,5.7319336 ,9.009537,23.55372064,87.29797091 ,37.6560001373291,84.49011141104349 ,30000.0,09:59:33 AM,1572668973651
4.972183 ,5.5575104 ,0.32173157,23.55372064,87.29797091 ,37.6560001373291,84.49011141104349 ,30000.0,09:59:33 AM,1572668973656
1.7742462 ,8.044754 ,6.9982147,23.55372064,87.29797091 ,37.6560001373291,84.49011141104349 ,30000.0,09:59:33 AM,1572668973663
-3.431305 ,8.284821 ,10.548874,23.55372064,87.29797091 ,37.6560001373291,84.49011141104349 ,30000.0,09:59:33 AM,1572668973667
-3.0017395 ,5.8021545 ,1.6802673,23.55372064,87.29797091 ,37.6560001373291,84.49011141104349 ,30000.0,09:59:33 AM,1572668973670
0.7336273 ,7.034378 ,7.045807,23.55372064,87.29797091 ,37.6560001373291,84.49011141104349 ,30000.0,09:59:33 AM,1572668973676
2.5120697 ,5.034012 ,9.641556,23.55372064,87.29797091 ,37.6560001373291,84.49011141104349 ,30000.0,09:59:33 AM,1572668973683
2.2424774 ,3.7933807 ,8.848282,23.55372064,87.29797091 ,37.6560001373291,84.49011141104349 ,30000.0,09:59:33 AM,1572668973686
1.1219635 ,1.6693726 ,5.3614044,23.55372064,87.29797091 ,37.6560001373291,84.49011141104349 ,30000.0,09:59:33 AM,1572668973691
-2.897293 ,0.80381775 ,8.109879,23.55372064,87.29797091 ,37.6560001373291,84.49011141104349 ,30000.0,09:59:33 AM,1572668973701
-7.825241 ,1.1885223 ,14.942902,23.55372064,87.29797091 ,37.6560001373291,84.49011141104349 ,30000.0,09:59:33 AM,1572668973704
-7.3840027 ,-1.0874023 ,14.132492,23.55372064,87.29797091 ,37.6560001373291,84.49011141104349 ,30000.0,09:59:33 AM,1572668973709
-0.70469666 ,-1.7310028 ,13.676498,23.55372064,87.29797091 ,37.6560001373291,84.49011141104349 ,30000.0,09:59:33 AM,1572668973716
3.9405365 ,-0.51452637 ,20.154404,23.55372064,87.29797091 ,37.6560001373291,84.49011141104349 ,30000.0,09:59:33 AM,1572668973719
2.8792877 ,-1.3645325 ,15.063538,23.55372064,87.29797091 ,37.6560001373291,84.49011141104349 ,30000.0,09:59:33 AM,1572668973723
-0.31092834 ,1.6681519 ,11.767929,23.55372064,87.29797091 ,37.6560001373291,84.49011141104349 ,30000.0,09:59:33 AM,1572668973731
-0.9137268 ,4.238266 ,7.720093,23.55372064,87.29797091 ,37.6560001373291,84.49011141104349 ,30000.0,09:59:33 AM,1572668973733
0.88264465 ,6.144562 ,1.7180481,23.55372064,87.29797091 ,37.6560001373291,84.49011141104349 ,30000.0,09:59:33 AM,1572668973737
1.1253815 ,7.3513947 ,1.6790009,23.55372064,87.29797091 ,37.6560001373291,84.49011141104349 ,30000.0,09:59:33 AM,1572668973742
-1.3126831 ,7.060852 ,0.40908813,23.55372064,87.29797091 ,37.6560001373291,84.49011141104349 ,30000.0,09:59:33 AM,1572668973748
-4.530594 ,8.813095 ,6.07045,23.55372064,87.29797091 ,37.6560001373291,84.49011141104349 ,30000.0,09:59:33 AM,1572668973752
-4.2921143 ,6.821701 ,4.3780975,23.55372064,87.29797091 ,37.6560001373291,84.49011141104349 ,30000.0,09:59:33 AM,1572668973757
0.93640137 ,5.3429413 ,4.532913,23.55372064,87.29797091 ,37.6560001373291,84.49011141104349 ,30000.0,09:59:33 AM,1572668973764
5.952301 ,4.314453 ,5.3011475,23.55372064,87.29797091 ,37.6560001373291,84.49011141104349 ,30000.0,09:59:33 AM,1572668973767
3.2171173 ,4.7903595 ,6.689148,23.55372064,87.29797091 ,37.6560001373291,84.49011141104349 ,30000.0,09:59:33 AM,1572668973771
-5.447342 ,6.44223 ,11.770706,23.55372064,87.29797091 ,37.6560001373291,84.49011141104349 ,30000.0,09:59:33 AM,1572668973779
-9.132187 ,3.8226624 ,4.227463,23.55372064,87.29797091 ,37.6560001373291,84.49011141104349 ,30000.0,09:59:33 AM,1572668973784
-2.6238556 ,2.5114746 ,3.8510742,23.55372064,87.29797091 ,37.6560001373291,84.49011141104349 ,30000.0,09:59:33 AM,1572668973786
6.3546143 ,1.0195923 ,10.694962,23.55372064,87.29797091 ,37.6560001373291,84.49011141104349 ,30000.0,09:59:33 AM,1572668973791
8.084686 ,-0.11618042 ,16.018509,23.55372064,87.29797091 ,37.6560001373291,84.49011141104349 ,30000.0,09:59:33 AM,1572668973799
1.862854 ,0.578125 ,17.816635,23.55372064,87.29797091 ,37.6560001373291,84.49011141104349 ,30000.0,09:59:33 AM,1572668973801
-5.454956 ,-1.6630554 ,5.2345734,23.55372064,87.29797091 ,37.6560001373291,84.49011141104349 ,30000.0,09:59:33 AM,1572668973805
-8.657852 ,1.3911896 ,10.208878,23.55372064,87.29797091 ,37.6560001373291,84.49011141104349 ,30000.0,09:59:33 AM,1572668973809
-4.0439453 ,0.6927185 ,8.746445,23.55372064,87.29797091 ,37.6560001373291,84.49011141104349 ,30000.0,09:59:33 AM,1572668973816
3.769226 ,2.398819 ,8.668854,23.55372064,87.29797091 ,37.6560001373291,84.49011141104349 ,30000.0,09:59:33 AM,1572668973820
6.8069916 ,4.742157 ,12.955353,23.55372064,87.29797091 ,37.6560001373291,84.49011141104349 ,30000.0,09:59:33 AM,1572668973826
2.0841064 ,4.936157 ,11.556244,23.55372064,87.29797091 ,37.6560001373291,84.49011141104349 ,30000.0,09:59:33 AM,1572668973834
-3.76503 ,6.1957245 ,9.423386,23.55372064,87.29797091 ,37.6560001373291,84.49011141104349 ,30000.0,09:59:33 AM,1572668973839
-4.20874 ,4.325943 ,4.326874,23.55372064,87.29797091 ,37.6560001373291,84.49011141104349 ,30000.0,09:59:33 AM,1572668973843
-0.77297974 ,6.067749 ,13.471878,23.55372064,87.29797091 ,37.6560001373291,84.49011141104349 ,30000.0,09:59:33 AM,1572668973848
1.7499237 ,4.713852 ,13.47261,23.55372064,87.29797091 ,37.6560001373291,84.49011141104349 ,30000.0,09:59:33 AM,1572668973852
0.7894287 ,2.704544 ,7.5660553,23.55372064,87.29797091 ,37.6560001373291,84.49011141104349 ,30000.0,09:59:33 AM,1572668973858
-2.6592102 ,2.755371 ,10.017075,23.55372064,87.29797091 ,37.6560001373291,84.49011141104349 ,30000.0,09:59:33 AM,1572668973864
-4.627014 ,-0.17184448 ,10.052643,23.55372064,87.29797091 ,37.6560001373291,84.49011141104349 ,30000.0,09:59:33 AM,1572668973867
-3.0093231 ,-1.999054 ,10.041977,23.55372064,87.29797091 ,37.6560001373291,84.49011141104349 ,30000.0,09:59:33 AM,1572668973871
-0.7055664 ,1.0654755 ,19.477798,23.55372064,87.29797091 ,37.6560001373291,84.49011141104349 ,30000.0,09:59:33 AM,1572668973878
-0.9831238 ,2.4937592 ,14.2421875,23.55372064,87.29797091 ,37.6560001373291,84.49011141104349 ,30000.0,09:59:33 AM,1572668973885
-2.0519867 ,2.2718506 ,-2.7754822,23.55372064,87.29797091 ,37.6560001373291,84.49011141104349 ,30000.0,09:59:33 AM,1572668973887
-0.048416138 ,5.2200775 ,-0.7309418,23.55372064,87.29797091 ,37.6560001373291,84.49011141104349 ,30000.0,09:59:33 AM,1572668973892
4.62619 ,6.9417267 ,1.6553955,23.55372064,87.29797091 ,37.6560001373291,84.49011141104349 ,30000.0,09:59:33 AM,1572668973897
7.3661804 ,9.279404 ,3.1046906,23.55372064,87.29797091 ,37.6560001373291,84.49011141104349 ,30000.0,09:59:33 AM,1572668973903
6.411957 ,8.757782 ,0.1708374,23.55372064,87.29797091 ,37.6560001373291,84.49011141104349 ,30000.0,09:59:33 AM,1572668973905
1.0846405 ,8.869354 ,2.8989868,23.55372064,87.29797091 ,37.6560001373291,84.49011141104349 ,30000.0,09:59:33 AM,1572668973909
-5.659088 ,5.934204 ,4.9883423,23.55372064,87.29797091 ,37.6560001373291,84.49011141104349 ,30000.0,09:59:33 AM,1572668973917
-5.799988 ,0.97294617 ,2.8045807,23.55372064,87.29797091 ,37.6560001373291,84.49011141104349 ,30000.0,09:59:33 AM,1572668973919
2.5619202 ,2.17424 ,19.464432,23.55372064,87.29797091 ,37.6560001373291,84.49011141104349 ,30000.0,09:59:33 AM,1572668973924
10.0716095 ,0.11730957 ,21.66513,23.55372064,87.29797091 ,37.6560001373291,84.49011141104349 ,30000.0,09:59:33 AM,1572668973929
6.9091644 ,-1.0583038 ,16.700043,23.55372064,87.29797091 ,37.6560001373291,84.49011141104349 ,30000.0,09:59:33 AM,1572668973934
-5.7540894 ,-3.1665497 ,14.074265,23.55372064,87.29797091 ,37.6560001373291,84.49011141104349 ,30000.0,09:59:33 AM,1572668973939
-15.929977 ,-2.290985 ,16.88942,23.55372064,87.29797091 ,37.6560001373291,84.49011141104349 ,30000.0,09:59:33 AM,1572668973943
-14.104248 ,1.5009918 ,25.674713,23.55372064,87.29797091 ,37.6560001373291,84.49011141104349 ,30000.0,09:59:33 AM,1572668973950
-0.71191406 ,-0.7185211 ,6.4867554,23.55372064,87.29797091 ,37.6560001373291,84.49011141104349 ,30000.0,09:59:33 AM,1572668973953
10.764816 ,5.325241 ,4.455475,23.55372064,87.29797091 ,37.6560001373291,84.49011141104349 ,30000.0,09:59:33 AM,1572668973957
8.931229 ,4.2908173 ,-4.186249,23.55372064,87.29797091 ,37.6560001373291,84.49011141104349 ,30000.0,09:59:33 AM,1572668973968
