x,y,z,latitude,longitude,speed,sound,light,time,timestamp
-0.7591553 ,11.550735 ,1.4257507,23.57327084,87.30258523 ,22.212000274658205,84.3163805311975 ,30000.0,10:03:54 AM,1572669234626
-2.1917725 ,0.32243347 ,1.9250946,23.57327084,87.30258523 ,22.212000274658205,84.3163805311975 ,30000.0,10:03:54 AM,1572669234632
-3.0981903 ,-4.37381 ,8.101746,23.57327084,87.30258523 ,22.212000274658205,84.3163805311975 ,30000.0,10:03:54 AM,1572669234638
-0.13069153 ,-5.0647583 ,14.92482,23.57327084,87.30258523 ,22.212000274658205,84.3163805311975 ,30000.0,10:03:54 AM,1572669234642
2.142334 ,-4.7403717 ,8.827881,23.57327084,87.30258523 ,22.212000274658205,84.3163805311975 ,30000.0,10:03:54 AM,1572669234648
-2.8461914 ,-7.619995 ,8.060547,23.57327084,87.30258523 ,22.212000274658205,84.3163805311975 ,30000.0,10:03:54 AM,1572669234655
-7.157089 ,-14.724533 ,27.543427,23.57327084,87.30258523 ,22.212000274658205,84.3163805311975 ,30000.0,10:03:54 AM,1572669234660
-5.26091 ,-18.114243 ,48.592133,23.57327084,87.30258523 ,22.212000274658205,84.3163805311975 ,30000.0,10:03:54 AM,1572669234664
-0.51524353 ,-17.624298 ,55.211685,23.57327084,87.30258523 ,22.212000274658205,84.3163805311975 ,30000.0,10:03:54 AM,1572669234669
3.710556 ,-19.759491 ,36.48854,23.57327084,87.30258523 ,22.212000274658205,84.3163805311975 ,30000.0,10:03:54 AM,1572669234674
3.8706055 ,-18.14914 ,19.297653,23.57327084,87.30258523 ,22.212000274658205,84.3163805311975 ,30000.0,10:03:54 AM,1572669234678
1.4316711 ,-13.164383 ,9.722961,23.57327084,87.30258523 ,22.212000274658205,84.3163805311975 ,30000.0,10:03:54 AM,1572669234685
-0.5989075 ,-9.247086 ,11.235535,23.57327084,87.30258523 ,22.212000274658205,84.3163805311975 ,30000.0,10:03:54 AM,1572669234689
-1.6354675 ,-7.1539764 ,14.511826,23.57327084,87.30258523 ,22.212000274658205,84.3163805311975 ,30000.0,10:03:54 AM,1572669234694
-5.1896667 ,-5.24588 ,15.695221,23.57327084,87.30258523 ,22.212000274658205,84.3163805311975 ,30000.0,10:03:54 AM,1572669234699
-10.445602 ,-1.4217072 ,20.079025,23.57327084,87.30258523 ,22.212000274658205,84.3163805311975 ,30000.0,10:03:54 AM,1572669234704
-9.924286 ,2.3233643 ,20.706146,23.57327084,87.30258523 ,22.212000274658205,84.3163805311975 ,30000.0,10:03:54 AM,1572669234709
-2.4490967 ,6.015106 ,18.734467,23.57327084,87.30258523 ,22.212000274658205,84.3163805311975 ,30000.0,10:03:54 AM,1572669234713
6.1547546 ,7.7884827 ,13.246384,23.57327084,87.30258523 ,22.212000274658205,84.3163805311975 ,30000.0,10:03:54 AM,1572669234720
11.312836 ,9.608246 ,18.36235,23.57327084,87.30258523 ,22.212000274658205,84.3163805311975 ,30000.0,10:03:54 AM,1572669234722
12.996445 ,17.898117 ,20.671082,23.57327084,87.30258523 ,22.212000274658205,84.3163805311975 ,30000.0,10:03:54 AM,1572669234726
7.2469177 ,28.045868 ,-9.216415,23.57327084,87.30258523 ,22.212000274658205,84.3163805311975 ,30000.0,10:03:54 AM,1572669234733
-5.6454773 ,34.497406 ,-46.794662,23.57327084,87.30258523 ,22.212000274658205,83.99023771845863 ,30000.0,10:03:54 AM,1572669234739
-16.43126 ,44.093353 ,-36.885406,23.57327084,87.30258523 ,22.212000274658205,83.99023771845863 ,30000.0,10:03:54 AM,1572669234840
-18.952484 ,45.59857 ,-19.370102,23.57327084,87.30258523 ,22.212000274658205,83.99023771845863 ,30000.0,10:03:54 AM,1572669234841
-8.139023 ,36.662003 ,-29.978134,23.57327084,87.30258523 ,22.212000274658205,83.99023771845863 ,30000.0,10:03:54 AM,1572669234842
5.645996 ,31.316345 ,-13.258255,23.57327084,87.30258523 ,22.212000274658205,83.99023771845863 ,30000.0,10:03:54 AM,1572669234843
10.078506 ,16.971619 ,-3.0505066,23.57327084,87.30258523 ,22.212000274658205,83.99023771845863 ,30000.0,10:03:54 AM,1572669234844
4.363495 ,6.1732483 ,9.458191,23.57327084,87.30258523 ,22.212000274658205,83.99023771845863 ,30000.0,10:03:54 AM,1572669234844
-1.1102295 ,-0.043792725 ,6.090637,23.57327084,87.30258523 ,22.212000274658205,83.99023771845863 ,30000.0,10:03:54 AM,1572669234845
-0.66612244 ,2.9159393 ,7.4043274,23.57327084,87.30258523 ,22.212000274658205,83.99023771845863 ,30000.0,10:03:54 AM,1572669234846
3.5884857 ,5.4642487 ,10.417984,23.57327084,87.30258523 ,22.212000274658205,83.99023771845863 ,30000.0,10:03:54 AM,1572669234847
2.6491547 ,-3.0197144 ,8.078705,23.57327084,87.30258523 ,22.212000274658205,83.99023771845863 ,30000.0,10:03:54 AM,1572669234848
-0.26333618 ,-9.00766 ,20.980896,23.57327084,87.30258523 ,22.212000274658205,83.99023771845863 ,30000.0,10:03:54 AM,1572669234848
-2.7771149 ,-12.854263 ,31.480728,23.57327084,87.30258523 ,22.212000274658205,83.99023771845863 ,30000.0,10:03:54 AM,1572669234849
-2.5379333 ,-13.475037 ,25.896408,23.57327084,87.30258523 ,22.212000274658205,83.99023771845863 ,30000.0,10:03:54 AM,1572669234850
1.3227539 ,-15.643829 ,8.808594,23.57327084,87.30258523 ,22.212000274658205,83.99023771845863 ,30000.0,10:03:54 AM,1572669234850
5.634308 ,-10.361481 ,18.526245,23.57327084,87.30258523 ,22.212000274658205,83.99023771845863 ,30000.0,10:03:54 AM,1572669234851
5.9821625 ,-7.6844177 ,29.49025,23.57327084,87.30258523 ,22.212000274658205,83.99023771845863 ,30000.0,10:03:54 AM,1572669234852
3.0331879 ,-9.625244 ,27.16446,23.57327084,87.30258523 ,22.212000274658205,83.99023771845863 ,30000.0,10:03:54 AM,1572669234853
-0.023132324 ,-9.722061 ,21.897232,23.57327084,87.30258523 ,22.212000274658205,83.99023771845863 ,30000.0,10:03:54 AM,1572669234854
0.3006897 ,-6.2264404 ,20.90245,23.57327084,87.30258523 ,22.212000274658205,83.99023771845863 ,30000.0,10:03:54 AM,1572669234854
3.3556824 ,-1.8522491 ,13.377563,23.57327084,87.30258523 ,22.212000274658205,83.99023771845863 ,30000.0,10:03:54 AM,1572669234856
4.9247437 ,2.3900452 ,7.3096924,23.57327084,87.30258523 ,22.212000274658205,83.99023771845863 ,30000.0,10:03:54 AM,1572669234856
3.697174 ,3.7526855 ,1.8972626,23.57327084,87.30258523 ,22.212000274658205,83.99023771845863 ,30000.0,10:03:54 AM,1572669234857
2.283966 ,7.827545 ,6.10791,23.57327084,87.30258523 ,22.212000274658205,83.99023771845863 ,30000.0,10:03:54 AM,1572669234858
1.5105286 ,9.9609375 ,4.7569427,23.57327084,87.30258523 ,22.212000274658205,83.99023771845863 ,30000.0,10:03:54 AM,1572669234859
-0.14637756 ,10.320908 ,1.2894135,23.57327084,87.30258523 ,22.212000274658205,83.99023771845863 ,30000.0,10:03:54 AM,1572669234863
0.17144775 ,9.164368 ,0.36224365,23.57327084,87.30258523 ,22.212000274658205,83.99023771845863 ,30000.0,10:03:54 AM,1572669234881
3.6537476 ,8.335724 ,2.696045,23.57327084,87.30258523 ,22.212000274658205,83.99023771845863 ,30000.0,10:03:54 AM,1572669234884
4.7890625 ,7.5116577 ,5.681549,23.57327084,87.30258523 ,22.212000274658205,83.99023771845863 ,30000.0,10:03:54 AM,1572669234886
0.7910309 ,7.6907654 ,6.484833,23.57327084,87.30258523 ,22.212000274658205,83.99023771845863 ,30000.0,10:03:54 AM,1572669234887
-2.997467 ,12.163055 ,1.613327,23.57327084,87.30258523 ,22.212000274658205,83.99023771845863 ,30000.0,10:03:54 AM,1572669234888
-4.0242157 ,14.39328 ,-2.859909,23.57327084,87.30258523 ,22.212000274658205,83.99023771845863 ,30000.0,10:03:54 AM,1572669234891
-0.6859894 ,11.863953 ,-10.071716,23.57327084,87.30258523 ,22.212000274658205,83.99023771845863 ,30000.0,10:03:54 AM,1572669234898
1.4197083 ,10.364929 ,1.03508,23.57327084,87.30258523 ,22.212000274658205,83.99023771845863 ,30000.0,10:03:54 AM,1572669234899
-0.07260132 ,3.2224884 ,6.626419,23.57327084,87.30258523 ,22.212000274658205,83.99023771845863 ,30000.0,10:03:54 AM,1572669234905
-1.5666199 ,0.564682 ,12.745529,23.57327084,87.30258523 ,22.212000274658205,83.99023771845863 ,30000.0,10:03:54 AM,1572669234908
-0.4918518 ,-0.6447449 ,15.869919,23.57327084,87.30258523 ,22.212000274658205,83.99023771845863 ,30000.0,10:03:54 AM,1572669234914
3.294098 ,2.6692505 ,15.971283,23.57327084,87.30258523 ,22.212000274658205,83.99023771845863 ,30000.0,10:03:54 AM,1572669234919
5.5330048 ,3.4377441 ,13.319504,23.57327084,87.30258523 ,22.212000274658205,83.99023771845863 ,30000.0,10:03:54 AM,1572669234923
5.9043274 ,0.14302063 ,-2.4526062,23.57327084,87.30258523 ,22.212000274658205,83.99023771845863 ,30000.0,10:03:54 AM,1572669234928
1.1975708 ,8.883453 ,13.378098,23.57327084,87.30258523 ,22.212000274658205,83.99023771845863 ,30000.0,10:03:54 AM,1572669234938
-5.064789 ,-1.1493225 ,-0.4644165,23.57327084,87.30258523 ,22.212000274658205,83.99023771845863 ,30000.0,10:03:54 AM,1572669234943
-3.5598907 ,-2.0350494 ,8.615387,23.57327084,87.30258523 ,22.212000274658205,83.99023771845863 ,30000.0,10:03:54 AM,1572669234948
3.7318726 ,-2.3082733 ,15.34198,23.57327084,87.30258523 ,22.212000274658205,83.99023771845863 ,30000.0,10:03:54 AM,1572669234956
4.6348114 ,-3.0769348 ,17.365524,23.57327084,87.30258523 ,22.212000274658205,83.99023771845863 ,30000.0,10:03:54 AM,1572669234958
0.138443 ,-2.229889 ,19.619446,23.57327084,87.30258523 ,22.212000274658205,83.99023771845863 ,30000.0,10:03:54 AM,1572669234963
-0.26219177 ,-2.1184082 ,11.055466,23.57327084,87.30258523 ,22.212000274658205,83.99023771845863 ,30000.0,10:03:54 AM,1572669234968
4.2793274 ,0.9848938 ,6.915283,23.57327084,87.30258523 ,22.212000274658205,83.99023771845863 ,30000.0,10:03:54 AM,1572669234973
4.5529175 ,-1.0260925 ,9.716888,23.57327084,87.30258523 ,22.212000274658205,83.99023771845863 ,30000.0,10:03:54 AM,1572669234978
0.430542 ,-1.6209259 ,18.460236,23.57327084,87.30258523 ,22.212000274658205,83.99023771845863 ,30000.0,10:03:54 AM,1572669234983
-1.7061157 ,-1.5488434 ,16.710068,23.57327084,87.30258523 ,22.212000274658205,83.99023771845863 ,30000.0,10:03:54 AM,1572669234989
-0.7959595 ,0.2791748 ,12.062958,23.57327084,87.30258523 ,22.212000274658205,83.99023771845863 ,30000.0,10:03:54 AM,1572669234992
0.7507019 ,2.6457825 ,6.4795227,23.57327084,87.30258523 ,22.212000274658205,83.99023771845863 ,30000.0,10:03:54 AM,1572669234996
2.1452637 ,4.2985992 ,0.9316101,23.57327084,87.30258523 ,22.212000274658205,83.99023771845863 ,30000.0,10:03:55 AM,1572669235001
3.3371124 ,5.2733917 ,1.3391266,23.57327084,87.30258523 ,22.212000274658205,83.99023771845863 ,30000.0,10:03:55 AM,1572669235007
2.1768646 ,4.6032867 ,4.0579376,23.57327084,87.30258523 ,22.212000274658205,83.99023771845863 ,30000.0,10:03:55 AM,1572669235010
0.31407166 ,4.3713226 ,4.412964,23.57327084,87.30258523 ,22.212000274658205,83.99023771845863 ,30000.0,10:03:55 AM,1572669235017
0.9411316 ,4.9925537 ,4.0286255,23.57327084,87.30258523 ,22.212000274658205,83.99023771845863 ,30000.0,10:03:55 AM,1572669235024
3.0182953 ,7.4226837 ,7.119049,23.57327084,87.30258523 ,22.212000274658205,83.99023771845863 ,30000.0,10:03:55 AM,1572669235027
2.3795776 ,8.039383 ,5.4406586,23.57327084,87.30258523 ,22.212000274658205,83.99023771845863 ,30000.0,10:03:55 AM,1572669235031
0.54299927 ,7.7485046 ,1.0190887,23.57327084,87.30258523 ,22.212000274658205,83.99023771845863 ,30000.0,10:03:55 AM,1572669235035
1.0339661 ,7.8502655 ,0.6129761,23.57327084,87.30258523 ,22.212000274658205,83.99023771845863 ,30000.0,10:03:55 AM,1572669235040
2.1379547 ,7.9849854 ,2.5841217,23.57327084,87.30258523 ,22.212000274658205,83.99023771845863 ,30000.0,10:03:55 AM,1572669235044
1.3539581 ,5.871887 ,2.1788483,23.57327084,87.30258523 ,22.212000274658205,83.99023771845863 ,30000.0,10:03:55 AM,1572669235048
1.5836182 ,4.255188 ,4.8249054,23.57328092,87.30258298 ,8.568000411987304,83.99023771845863 ,30000.0,10:03:55 AM,1572669235057
2.4720306 ,4.890518 ,12.200958,23.57328092,87.30258298 ,8.568000411987304,83.99023771845863 ,30000.0,10:03:55 AM,1572669235058
1.0705261 ,2.3040466 ,10.669022,23.57328092,87.30258298 ,8.568000411987304,83.99023771845863 ,30000.0,10:03:55 AM,1572669235062
1.7155762 ,3.3855286 ,13.772385,23.57328092,87.30258298 ,8.568000411987304,83.99023771845863 ,30000.0,10:03:55 AM,1572669235067
4.562393 ,2.0688477 ,9.544891,23.57328092,87.30258298 ,8.568000411987304,83.99023771845863 ,30000.0,10:03:55 AM,1572669235077
2.9482574 ,2.8904724 ,7.102066,23.57328092,87.30258298 ,8.568000411987304,83.99023771845863 ,30000.0,10:03:55 AM,1572669235082
-3.4012299 ,2.2515411 ,10.528809,23.57328092,87.30258298 ,8.568000411987304,83.99023771845863 ,30000.0,10:03:55 AM,1572669235088
-3.4099731 ,1.9767761 ,8.881165,23.57328092,87.30258298 ,8.568000411987304,83.99023771845863 ,30000.0,10:03:55 AM,1572669235092
2.3191833 ,4.505722 ,11.241104,23.57328092,87.30258298 ,8.568000411987304,83.99023771845863 ,30000.0,10:03:55 AM,1572669235098
3.7505798 ,3.050476 ,6.1726837,23.57328092,87.30258298 ,8.568000411987304,83.99023771845863 ,30000.0,10:03:55 AM,1572669235105
0.45410156 ,3.740921 ,10.48642,23.57328092,87.30258298 ,8.568000411987304,83.99023771845863 ,30000.0,10:03:55 AM,1572669235107
-0.0011749268 ,2.194168 ,11.267593,23.57328092,87.30258298 ,8.568000411987304,83.99023771845863 ,30000.0,10:03:55 AM,1572669235114
3.1837616 ,3.7805176 ,13.849884,23.57328092,87.30258298 ,8.568000411987304,83.99023771845863 ,30000.0,10:03:55 AM,1572669235115
4.4617615 ,3.6977692 ,10.448975,23.57328092,87.30258298 ,8.568000411987304,83.99023771845863 ,30000.0,10:03:55 AM,1572669235122
