x,y,z,latitude,longitude,speed,sound,light,time,timestamp
15.200684 ,0.25535583 ,17.886612,23.55069333,87.29578442 ,14.4,75.63084800227381 ,3328.0,09:58:46 AM,1572668926217
-3.7178497 ,-1.5817413 ,6.93396,23.55069333,87.29578442 ,14.4,75.63084800227381 ,3328.0,09:58:46 AM,1572668926222
-25.094193 ,-4.4155884 ,8.908234,23.55069333,87.29578442 ,14.4,75.63084800227381 ,3328.0,09:58:46 AM,1572668926226
-23.991562 ,-8.49231 ,18.718216,23.55069333,87.29578442 ,14.4,75.63084800227381 ,3328.0,09:58:46 AM,1572668926230
3.975769 ,-4.591797 ,24.713165,23.55069333,87.29578442 ,14.4,75.63084800227381 ,3328.0,09:58:46 AM,1572668926235
35.499405 ,5.9979095 ,24.137909,23.55069333,87.29578442 ,14.4,75.63084800227381 ,3328.0,09:58:46 AM,1572668926241
41.29306 ,16.467514 ,-3.4960175,23.55069333,87.29578442 ,14.4,75.63084800227381 ,3328.0,09:58:46 AM,1572668926245
23.126678 ,24.167328 ,-41.88794,23.55069333,87.29578442 ,14.4,75.63084800227381 ,3328.0,09:58:46 AM,1572668926250
-15.487015 ,23.895935 ,-50.033356,23.55069333,87.29578442 ,14.4,75.63084800227381 ,3328.0,09:58:46 AM,1572668926257
-41.075165 ,16.437408 ,-12.420517,23.55069333,87.29578442 ,14.4,75.63084800227381 ,3328.0,09:58:46 AM,1572668926259
-39.231598 ,2.721939 ,12.8875885,23.55069333,87.29578442 ,14.4,75.63084800227381 ,3328.0,09:58:46 AM,1572668926264
-15.950256 ,-9.121613 ,35.552048,23.55069333,87.29578442 ,14.4,75.63084800227381 ,3328.0,09:58:46 AM,1572668926269
11.749359 ,-17.543549 ,37.420105,23.55069333,87.29578442 ,14.4,75.63084800227381 ,3328.0,09:58:46 AM,1572668926278
21.69809 ,-14.478928 ,52.040604,23.55069333,87.29578442 ,14.4,75.63084800227381 ,3328.0,09:58:46 AM,1572668926283
19.752563 ,-6.6340637 ,45.32823,23.55069333,87.29578442 ,14.4,75.63084800227381 ,3328.0,09:58:46 AM,1572668926289
5.8642426 ,-3.4973755 ,30.881622,23.55069333,87.29578442 ,14.4,75.63084800227381 ,3328.0,09:58:46 AM,1572668926293
-6.5131226 ,-2.9784546 ,-3.0057068,23.55069333,87.29578442 ,14.4,75.63084800227381 ,3328.0,09:58:46 AM,1572668926299
-7.240921 ,0.17814636 ,-16.520508,23.55069333,87.29578442 ,14.4,75.63084800227381 ,3328.0,09:58:46 AM,1572668926303
-5.85878 ,6.2513275 ,-5.766098,23.55069333,87.29578442 ,14.4,75.63084800227381 ,3328.0,09:58:46 AM,1572668926308
-13.81546 ,3.7848969 ,8.522629,23.55069333,87.29578442 ,14.4,75.63084800227381 ,3328.0,09:58:46 AM,1572668926313
-12.616852 ,-4.3002167 ,13.130615,23.55069333,87.29578442 ,14.4,75.63084800227381 ,6272.0,09:58:46 AM,1572668926317
4.4021454 ,-2.887207 ,28.825958,23.55069333,87.29578442 ,14.4,75.63084800227381 ,6272.0,09:58:46 AM,1572668926323
24.797272 ,-1.2393646 ,21.86728,23.55069333,87.29578442 ,14.4,75.63084800227381 ,6272.0,09:58:46 AM,1572668926327
27.362915 ,3.01503 ,11.37793,23.55069333,87.29578442 ,14.4,75.63084800227381 ,6272.0,09:58:46 AM,1572668926331
10.011383 ,8.228897 ,11.538956,23.55069333,87.29578442 ,14.4,75.63084800227381 ,6272.0,09:58:46 AM,1572668926341
-9.437103 ,8.826172 ,2.3321228,23.55069333,87.29578442 ,14.4,75.63084800227381 ,6272.0,09:58:46 AM,1572668926344
-15.732834 ,8.815048 ,-12.133804,23.55069333,87.29578442 ,14.4,75.63084800227381 ,6272.0,09:58:46 AM,1572668926346
-8.921204 ,12.080231 ,-10.792389,23.55069333,87.29578442 ,14.4,75.63084800227381 ,6272.0,09:58:46 AM,1572668926351
-0.641449 ,14.137451 ,-2.0402985,23.55069333,87.29578442 ,14.4,75.63084800227381 ,6272.0,09:58:46 AM,1572668926359
1.9514313 ,13.734665 ,5.9064484,23.55069333,87.29578442 ,14.4,75.63084800227381 ,6272.0,09:58:46 AM,1572668926361
4.3928375 ,6.862564 ,-8.564056,23.55069333,87.29578442 ,14.4,75.63084800227381 ,6272.0,09:58:46 AM,1572668926365
5.2486725 ,6.2509155 ,-0.30586243,23.55069333,87.29578442 ,14.4,75.63084800227381 ,6272.0,09:58:46 AM,1572668926370
-0.041122437 ,8.482239 ,24.833023,23.55069333,87.29578442 ,14.4,75.63084800227381 ,6272.0,09:58:46 AM,1572668926377
-6.3485413 ,2.5874329 ,9.698837,23.55069333,87.29578442 ,14.4,75.63084800227381 ,6272.0,09:58:46 AM,1572668926379
-11.003998 ,1.8188782 ,2.205841,23.55069333,87.29578442 ,14.4,75.63084800227381 ,6272.0,09:58:46 AM,1572668926383
-12.694061 ,3.3776703 ,24.858612,23.55069333,87.29578442 ,14.4,75.63084800227381 ,6272.0,09:58:46 AM,1572668926392
-7.0293274 ,-2.8417969 ,21.469467,23.55069333,87.29578442 ,14.4,75.63084800227381 ,6272.0,09:58:46 AM,1572668926393
5.217621 ,-4.168091 ,21.781296,23.55069333,87.29578442 ,14.4,75.63084800227381 ,6272.0,09:58:46 AM,1572668926397
18.510803 ,-1.325943 ,15.626816,23.55069333,87.29578442 ,14.4,75.63084800227381 ,6272.0,09:58:46 AM,1572668926403
18.11261 ,7.2253265 ,13.781097,23.55069333,87.29578442 ,14.4,75.63084800227381 ,6272.0,09:58:46 AM,1572668926413
2.2616577 ,4.6568146 ,-5.1205444,23.55069333,87.29578442 ,14.4,75.63084800227381 ,6272.0,09:58:46 AM,1572668926418
-12.70546 ,3.898697 ,0.04801941,23.55069333,87.29578442 ,14.4,75.63084800227381 ,6272.0,09:58:46 AM,1572668926426
-15.237259 ,5.182266 ,13.355896,23.55069333,87.29578442 ,14.4,75.63084800227381 ,6272.0,09:58:46 AM,1572668926429
-9.564011 ,0.96655273 ,-0.9113312,23.55069333,87.29578442 ,14.4,75.63084800227381 ,6272.0,09:58:46 AM,1572668926433
-7.536316 ,2.505371 ,3.5551453,23.55069333,87.29578442 ,14.4,75.63084800227381 ,6272.0,09:58:46 AM,1572668926437
-6.8474426 ,1.7150269 ,13.066116,23.55069333,87.29578442 ,14.4,75.63084800227381 ,6272.0,09:58:46 AM,1572668926444
-1.9508514 ,1.1784363 ,20.000412,23.55069333,87.29578442 ,14.4,75.63084800227381 ,6272.0,09:58:46 AM,1572668926447
4.183014 ,1.0433044 ,10.853836,23.55069333,87.29578442 ,14.4,75.63084800227381 ,6272.0,09:58:46 AM,1572668926451
1.6659546 ,7.5260925 ,15.099655,23.55069333,87.29578442 ,14.4,75.63084800227381 ,6272.0,09:58:46 AM,1572668926460
-5.529709 ,8.993652 ,4.121994,23.55069333,87.29578442 ,14.4,75.63084800227381 ,6272.0,09:58:46 AM,1572668926462
-3.3616943 ,8.785736 ,-7.40889,23.55069333,87.29578442 ,14.4,75.63084800227381 ,6272.0,09:58:46 AM,1572668926471
7.560028 ,10.780167 ,7.972412,23.55069333,87.29578442 ,14.4,75.63084800227381 ,6272.0,09:58:46 AM,1572668926473
14.911041 ,9.434067 ,15.20752,23.55069333,87.29578442 ,14.4,75.63084800227381 ,6272.0,09:58:46 AM,1572668926478
9.1011505 ,5.8880615 ,9.476486,23.55069333,87.29578442 ,14.4,75.63084800227381 ,6272.0,09:58:46 AM,1572668926481
-4.650833 ,3.2898712 ,6.984543,23.55069333,87.29578442 ,14.4,75.63084800227381 ,6272.0,09:58:46 AM,1572668926485
-14.855515 ,-0.9427948 ,3.383316,23.55069333,87.29578442 ,14.4,75.63084800227381 ,6272.0,09:58:46 AM,1572668926491
-13.921127 ,-2.9971771 ,15.505402,23.55069333,87.29578442 ,14.4,75.63084800227381 ,6272.0,09:58:46 AM,1572668926495
-1.3475189 ,-2.069992 ,26.57051,23.55069333,87.29578442 ,14.4,75.63084800227381 ,6272.0,09:58:46 AM,1572668926499
11.508789 ,-1.0862427 ,14.522522,23.55069333,87.29578442 ,14.4,75.63084800227381 ,6272.0,09:58:46 AM,1572668926504
9.960434 ,3.6546478 ,-0.6750488,23.55069333,87.29578442 ,14.4,75.63084800227381 ,6272.0,09:58:46 AM,1572668926509
-7.416733 ,8.900879 ,6.4797974,23.55069333,87.29578442 ,14.4,75.63084800227381 ,6272.0,09:58:46 AM,1572668926513
-15.921082 ,8.79808 ,-0.937088,23.55069333,87.29578442 ,14.4,75.63084800227381 ,5454.0,09:58:46 AM,1572668926518
-2.72641 ,8.461792 ,-13.288986,23.55069333,87.29578442 ,14.4,75.63084800227381 ,5454.0,09:58:46 AM,1572668926524
10.795807 ,14.125519 ,4.3668823,23.55069333,87.29578442 ,14.4,75.63084800227381 ,5454.0,09:58:46 AM,1572668926528
6.8481903 ,9.146561 ,0.91049194,23.55069333,87.29578442 ,14.4,75.63084800227381 ,5454.0,09:58:46 AM,1572668926532
-9.484253 ,4.6377563 ,2.711029,23.55069333,87.29578442 ,14.4,75.63084800227381 ,5454.0,09:58:46 AM,1572668926543
-12.991531 ,0.9879608 ,11.933289,23.55069333,87.29578442 ,14.4,75.63084800227381 ,5454.0,09:58:46 AM,1572668926547
-2.5924377 ,0.14570618 ,23.375763,23.55069333,87.29578442 ,14.4,75.63084800227381 ,5454.0,09:58:46 AM,1572668926552
6.354126 ,-0.84942627 ,24.019257,23.55069333,87.29578442 ,14.4,75.63084800227381 ,5454.0,09:58:46 AM,1572668926557
7.95047 ,-1.2563477 ,14.193359,23.55069333,87.29578442 ,14.4,75.63084800227381 ,5454.0,09:58:46 AM,1572668926561
2.2779388 ,2.70195 ,16.164871,23.55069333,87.29578442 ,14.4,75.63084800227381 ,5454.0,09:58:46 AM,1572668926566
-1.6066895 ,0.26005554 ,3.0017242,23.55069333,87.29578442 ,14.4,75.63084800227381 ,5454.0,09:58:46 AM,1572668926571
-0.78115845 ,-0.04473877 ,6.3223114,23.55069333,87.29578442 ,14.4,75.63084800227381 ,5454.0,09:58:46 AM,1572668926576
3.5699768 ,0.82167053 ,19.020523,23.55069333,87.29578442 ,14.4,75.63084800227381 ,5454.0,09:58:46 AM,1572668926580
4.636612 ,3.54245 ,20.533554,23.55069333,87.29578442 ,14.4,75.63084800227381 ,5454.0,09:58:46 AM,1572668926586
-4.7700195 ,4.8447723 ,5.62323,23.55069333,87.29578442 ,14.4,75.63084800227381 ,5454.0,09:58:46 AM,1572668926592
-20.800629 ,4.706787 ,-7.192444,23.55069333,87.29578442 ,14.4,77.57455992164115 ,5454.0,09:58:46 AM,1572668926596
-27.328873 ,4.0074005 ,-1.3110657,23.55069333,87.29578442 ,14.4,77.57455992164115 ,5454.0,09:58:46 AM,1572668926600
-11.511337 ,2.1913757 ,8.873184,23.55069333,87.29578442 ,14.4,77.57455992164115 ,5454.0,09:58:46 AM,1572668926609
16.09996 ,1.0079803 ,10.035446,23.55069333,87.29578442 ,14.4,77.57455992164115 ,5454.0,09:58:46 AM,1572668926610
31.367172 ,6.672058 ,17.250214,23.55069333,87.29578442 ,14.4,77.57455992164115 ,5454.0,09:58:46 AM,1572668926614
19.850922 ,8.780167 ,12.44072,23.55069333,87.29578442 ,14.4,77.57455992164115 ,5454.0,09:58:46 AM,1572668926618
-8.143188 ,4.171051 ,-2.8935547,23.55069333,87.29578442 ,14.4,77.57455992164115 ,5454.0,09:58:46 AM,1572668926624
-28.930054 ,1.7502441 ,4.898712,23.55069333,87.29578442 ,14.4,77.57455992164115 ,5454.0,09:58:46 AM,1572668926628
-26.685242 ,-1.066391 ,16.895187,23.55069333,87.29578442 ,14.4,77.57455992164115 ,5454.0,09:58:46 AM,1572668926633
-2.898407 ,-2.3980255 ,16.433075,23.55069333,87.29578442 ,14.4,77.57455992164115 ,5454.0,09:58:46 AM,1572668926641
20.227554 ,-1.6646118 ,17.156189,23.55069333,87.29578442 ,14.4,77.57455992164115 ,5454.0,09:58:46 AM,1572668926644
24.6017 ,2.8982391 ,23.737411,23.55069333,87.29578442 ,14.4,77.57455992164115 ,5454.0,09:58:46 AM,1572668926648
7.2575684 ,0.8976135 ,10.282425,23.55069333,87.29578442 ,14.4,77.57455992164115 ,5454.0,09:58:46 AM,1572668926653
-13.305603 ,4.942459 ,13.9964905,23.55069333,87.29578442 ,14.4,77.57455992164115 ,5454.0,09:58:46 AM,1572668926660
-19.87001 ,6.629608 ,-0.71765137,23.55069333,87.29578442 ,14.4,77.57455992164115 ,5454.0,09:58:46 AM,1572668926663
-13.801346 ,9.309219 ,-16.058197,23.55069333,87.29578442 ,14.4,77.57455992164115 ,5454.0,09:58:46 AM,1572668926668
-4.6617126 ,13.984894 ,-1.6962738,23.55069333,87.29578442 ,14.4,77.57455992164115 ,5454.0,09:58:46 AM,1572668926678
4.135956 ,10.016327 ,5.5120544,23.55069333,87.29578442 ,14.4,77.57455992164115 ,5454.0,09:58:46 AM,1572668926682
13.803162 ,6.12352 ,-0.21873474,23.55069333,87.29578442 ,14.4,77.57455992164115 ,5454.0,09:58:46 AM,1572668926687
19.50998 ,4.332718 ,-2.2359924,23.55069333,87.29578442 ,14.4,77.57455992164115 ,5454.0,09:58:46 AM,1572668926694
11.606415 ,8.320145 ,18.448746,23.55069333,87.29578442 ,14.4,77.57455992164115 ,5454.0,09:58:46 AM,1572668926697
-2.0626068 ,3.412094 ,10.292053,23.55069333,87.29578442 ,14.4,77.57455992164115 ,5454.0,09:58:46 AM,1572668926701
-13.918549 ,0.3653412 ,5.160721,23.55069333,87.29578442 ,14.4,77.57455992164115 ,5454.0,09:58:46 AM,1572668926706
-18.624283 ,2.7250519 ,16.573166,23.55069333,87.29578442 ,14.4,77.57455992164115 ,5454.0,09:58:46 AM,1572668926712
