x,y,z,latitude,longitude,speed,sound,light,time,timestamp
-0.75834656 ,0.91085815 ,10.798157,23.55058532,87.29571313 ,0.0,70.87012328136738 ,4516.0,09:58:41 AM,1572668921244
4.83107 ,3.4296875 ,5.246567,23.55058532,87.29571313 ,0.0,70.87012328136738 ,4516.0,09:58:41 AM,1572668921251
6.5326385 ,4.3780518 ,2.37146,23.55058532,87.29571313 ,0.0,70.87012328136738 ,4516.0,09:58:41 AM,1572668921254
3.1549988 ,6.6192474 ,10.585556,23.55058532,87.29571313 ,0.0,70.87012328136738 ,4516.0,09:58:41 AM,1572668921258
1.0117798 ,6.1155243 ,11.823212,23.55058532,87.29571313 ,0.0,70.87012328136738 ,4516.0,09:58:41 AM,1572668921263
2.3947754 ,3.5309448 ,4.839264,23.55058532,87.29571313 ,0.0,70.87012328136738 ,4516.0,09:58:41 AM,1572668921269
2.3206024 ,4.31456 ,7.3521423,23.55058532,87.29571313 ,0.0,70.87012328136738 ,4516.0,09:58:41 AM,1572668921272
0.09681702 ,4.675308 ,7.9883575,23.55058532,87.29571313 ,0.0,70.87012328136738 ,4516.0,09:58:41 AM,1572668921277
0.41503906 ,4.8511963 ,5.34639,23.55058532,87.29571313 ,0.0,70.87012328136738 ,4516.0,09:58:41 AM,1572668921282
4.2985077 ,3.8513794 ,2.2231293,23.55058532,87.29571313 ,0.0,70.87012328136738 ,4516.0,09:58:41 AM,1572668921287
6.5861053 ,6.637558 ,13.167923,23.55058532,87.29571313 ,0.0,70.87012328136738 ,4516.0,09:58:41 AM,1572668921291
5.0000763 ,5.502884 ,12.125641,23.55058532,87.29571313 ,0.0,70.87012328136738 ,4516.0,09:58:41 AM,1572668921297
1.6995392 ,3.4017181 ,5.8683014,23.55058532,87.29571313 ,0.0,70.87012328136738 ,4516.0,09:58:41 AM,1572668921304
-0.7187805 ,4.022522 ,7.0629272,23.55058532,87.29571313 ,0.0,70.87012328136738 ,4516.0,09:58:41 AM,1572668921308
-0.79037476 ,4.6863556 ,7.9309235,23.55058532,87.29571313 ,0.0,70.87012328136738 ,4516.0,09:58:41 AM,1572668921311
2.4595184 ,4.0112762 ,4.13089,23.55058532,87.29571313 ,0.0,70.29967201442255 ,4285.0,09:58:41 AM,1572668921317
5.882202 ,1.5909119 ,3.720932,23.55058532,87.29571313 ,0.0,70.29967201442255 ,4285.0,09:58:41 AM,1572668921323
6.875107 ,3.0534668 ,17.20752,23.55058532,87.29571313 ,0.0,70.29967201442255 ,4285.0,09:58:41 AM,1572668921326
5.5416718 ,2.7449799 ,19.901352,23.55058532,87.29571313 ,0.0,70.29967201442255 ,4285.0,09:58:41 AM,1572668921331
4.886017 ,0.44584656 ,5.890808,23.55058532,87.29571313 ,0.0,70.29967201442255 ,4285.0,09:58:41 AM,1572668921339
1.7586517 ,4.596298 ,10.697601,23.55058532,87.29571313 ,0.0,70.29967201442255 ,4285.0,09:58:41 AM,1572668921341
-2.696289 ,4.5919647 ,6.93544,23.55058532,87.29571313 ,0.0,70.29967201442255 ,4285.0,09:58:41 AM,1572668921350
-2.4343414 ,5.95932 ,5.8785095,23.55058532,87.29571313 ,0.0,70.29967201442255 ,4285.0,09:58:41 AM,1572668921356
4.1905823 ,4.2811127 ,2.105362,23.55058532,87.29571313 ,0.0,70.29967201442255 ,4285.0,09:58:41 AM,1572668921359
9.460495 ,5.4794006 ,9.884903,23.55058532,87.29571313 ,0.0,70.29967201442255 ,4285.0,09:58:41 AM,1572668921364
7.5667114 ,5.53891 ,16.299637,23.55058532,87.29571313 ,0.0,70.29967201442255 ,4285.0,09:58:41 AM,1572668921370
3.1604004 ,0.64878845 ,6.585144,23.55058532,87.29571313 ,0.0,70.29967201442255 ,4285.0,09:58:41 AM,1572668921373
0.7158966 ,1.5315552 ,11.715088,23.55058532,87.29571313 ,0.0,70.29967201442255 ,4285.0,09:58:41 AM,1572668921379
1.945343 ,2.0466003 ,11.11348,23.55058532,87.29571313 ,0.0,70.29967201442255 ,4285.0,09:58:41 AM,1572668921383
3.8115692 ,3.5839386 ,8.946487,23.55058532,87.29571313 ,0.0,70.29967201442255 ,4285.0,09:58:41 AM,1572668921389
4.169525 ,2.2223816 ,1.8937836,23.55058532,87.29571313 ,0.0,70.29967201442255 ,4285.0,09:58:41 AM,1572668921393
3.2158356 ,4.189636 ,11.005096,23.55058532,87.29571313 ,0.0,70.29967201442255 ,4285.0,09:58:41 AM,1572668921398
3.9111328 ,4.9545135 ,14.976913,23.55058532,87.29571313 ,0.0,70.29967201442255 ,4285.0,09:58:41 AM,1572668921404
5.855789 ,3.8177032 ,7.199692,23.55058532,87.29571313 ,0.0,70.29967201442255 ,4285.0,09:58:41 AM,1572668921407
4.619812 ,5.349884 ,6.1252594,23.55058532,87.29571313 ,0.0,70.29967201442255 ,4285.0,09:58:41 AM,1572668921411
0.11515808 ,6.463196 ,4.21257,23.55058532,87.29571313 ,0.0,70.29967201442255 ,4285.0,09:58:41 AM,1572668921417
-1.9707336 ,6.1790466 ,-0.24203491,23.55058532,87.29571313 ,0.0,70.29967201442255 ,4285.0,09:58:41 AM,1572668921423
2.341751 ,4.349182 ,-0.06147766,23.55058532,87.29571313 ,0.0,70.29967201442255 ,4285.0,09:58:41 AM,1572668921426
9.274231 ,6.222748 ,15.274155,23.55058532,87.29571313 ,0.0,70.29967201442255 ,4285.0,09:58:41 AM,1572668921431
12.586441 ,5.482086 ,17.478607,23.55058532,87.29571313 ,0.0,70.29967201442255 ,4285.0,09:58:41 AM,1572668921438
9.923553 ,3.7478333 ,9.785965,23.55058532,87.29571313 ,0.0,70.29967201442255 ,4285.0,09:58:41 AM,1572668921440
3.369934 ,4.7360077 ,7.3187256,23.55058532,87.29571313 ,0.0,70.29967201442255 ,4285.0,09:58:41 AM,1572668921444
-1.8743286 ,6.310547 ,5.1059265,23.55058532,87.29571313 ,0.0,70.29967201442255 ,4285.0,09:58:41 AM,1572668921449
0.1377716 ,6.811783 ,-0.72232056,23.55058532,87.29571313 ,0.0,70.29967201442255 ,4285.0,09:58:41 AM,1572668921455
7.274948 ,4.565979 ,0.92163086,23.55058532,87.29571313 ,0.0,70.29967201442255 ,4285.0,09:58:41 AM,1572668921459
12.376785 ,4.5151215 ,16.518738,23.55058532,87.29571313 ,0.0,70.29967201442255 ,4285.0,09:58:41 AM,1572668921464
8.73848 ,1.1061401 ,20.71756,23.55058532,87.29571313 ,0.0,70.29967201442255 ,4285.0,09:58:41 AM,1572668921470
0.13212585 ,-3.2982483 ,11.318375,23.55058532,87.29571313 ,0.0,70.29967201442255 ,4285.0,09:58:41 AM,1572668921479
-6.0504456 ,-1.0769501 ,15.737366,23.55058532,87.29571313 ,0.0,70.29967201442255 ,4285.0,09:58:41 AM,1572668921483
-3.885666 ,0.79067993 ,10.344772,23.55058532,87.29571313 ,0.0,70.29967201442255 ,4285.0,09:58:41 AM,1572668921489
3.4624023 ,3.3040466 ,3.824524,23.55058532,87.29571313 ,0.0,70.29967201442255 ,4285.0,09:58:41 AM,1572668921494
8.407593 ,3.6916199 ,4.2432556,23.55058532,87.29571313 ,0.0,70.29967201442255 ,4285.0,09:58:41 AM,1572668921499
7.9250946 ,4.647156 ,10.610016,23.55058532,87.29571313 ,0.0,70.29967201442255 ,4285.0,09:58:41 AM,1572668921508
3.334015 ,4.2860413 ,13.098602,23.55058532,87.29571313 ,0.0,70.29967201442255 ,4285.0,09:58:41 AM,1572668921510
0.5766907 ,1.530426 ,4.941986,23.55058532,87.29571313 ,0.0,70.29967201442255 ,4285.0,09:58:41 AM,1572668921512
-0.17816162 ,3.5829926 ,9.279434,23.55058532,87.29571313 ,0.0,70.29967201442255 ,9595.0,09:58:41 AM,1572668921517
1.0901794 ,4.64476 ,7.4964905,23.55058532,87.29571313 ,0.0,70.29967201442255 ,9595.0,09:58:41 AM,1572668921523
3.5240326 ,6.1502533 ,5.495468,23.55058532,87.29571313 ,0.0,70.29967201442255 ,9595.0,09:58:41 AM,1572668921526
6.172577 ,5.3666534 ,3.5300598,23.55058532,87.29571313 ,0.0,70.29967201442255 ,9595.0,09:58:41 AM,1572668921531
7.05484 ,7.2147827 ,12.336945,23.55058532,87.29571313 ,0.0,70.29967201442255 ,9595.0,09:58:41 AM,1572668921537
5.9022064 ,6.3944397 ,11.697433,23.55058532,87.29571313 ,0.0,70.29967201442255 ,9595.0,09:58:41 AM,1572668921541
3.8890686 ,4.2295227 ,4.5700073,23.55058532,87.29571313 ,0.0,70.29967201442255 ,9595.0,09:58:41 AM,1572668921546
1.5754089 ,4.083374 ,5.045868,23.55058532,87.29571313 ,0.0,70.29967201442255 ,9595.0,09:58:41 AM,1572668921551
0.4343567 ,3.955597 ,6.1546936,23.55058532,87.29571313 ,0.0,70.29967201442255 ,9595.0,09:58:41 AM,1572668921556
1.9425507 ,2.9305573 ,6.579361,23.55058532,87.29571313 ,0.0,70.29967201442255 ,9595.0,09:58:41 AM,1572668921560
4.1690826 ,1.0765686 ,7.697937,23.55058532,87.29571313 ,0.0,70.29967201442255 ,9595.0,09:58:41 AM,1572668921565
1.7204895 ,3.7403412 ,19.450256,23.55058532,87.29571313 ,0.0,70.29967201442255 ,9595.0,09:58:41 AM,1572668921572
-3.308731 ,0.39564514 ,9.449738,23.55058532,87.29571313 ,0.0,70.29967201442255 ,9595.0,09:58:41 AM,1572668921574
-5.3787384 ,0.18170166 ,8.407211,23.55058532,87.29571313 ,0.0,70.29967201442255 ,9595.0,09:58:41 AM,1572668921578
-0.45896912 ,1.3162384 ,12.661362,23.55058532,87.29571313 ,0.0,70.29967201442255 ,9595.0,09:58:41 AM,1572668921584
6.401062 ,3.769165 ,12.917084,23.55058532,87.29571313 ,0.0,70.29967201442255 ,9595.0,09:58:41 AM,1572668921589
8.040131 ,4.927597 ,5.012329,23.55058532,87.29571313 ,0.0,70.29967201442255 ,9595.0,09:58:41 AM,1572668921594
2.9623413 ,3.9840698 ,0.5166626,23.55058532,87.29571313 ,0.0,70.29967201442255 ,9595.0,09:58:41 AM,1572668921599
-3.0289001 ,9.197815 ,14.664978,23.55058532,87.29571313 ,0.0,70.29967201442255 ,9595.0,09:58:41 AM,1572668921606
-4.600769 ,5.4647675 ,1.9421539,23.55058532,87.29571313 ,0.0,70.29967201442255 ,9595.0,09:58:41 AM,1572668921613
-3.4210358 ,4.8226776 ,1.3983002,23.55058532,87.29571313 ,0.0,70.29967201442255 ,9595.0,09:58:41 AM,1572668921618
-2.8981323 ,4.3606873 ,10.252579,23.55058532,87.29571313 ,0.0,70.29967201442255 ,9595.0,09:58:41 AM,1572668921624
-2.784958 ,2.7986908 ,14.310867,23.55058532,87.29571313 ,0.0,70.29967201442255 ,9595.0,09:58:41 AM,1572668921628
0.6948395 ,1.0546417 ,10.760773,23.55058532,87.29571313 ,0.0,70.29967201442255 ,9595.0,09:58:41 AM,1572668921633
5.2351227 ,0.015731812 ,11.983978,23.55058532,87.29571313 ,0.0,70.29967201442255 ,9595.0,09:58:41 AM,1572668921639
5.5995636 ,2.0084229 ,19.122467,23.55058532,87.29571313 ,0.0,70.29967201442255 ,9595.0,09:58:41 AM,1572668921642
1.6838379 ,0.77809143 ,12.192841,23.55058532,87.29571313 ,0.0,70.29967201442255 ,9595.0,09:58:41 AM,1572668921646
-1.8582001 ,1.6449738 ,6.5908356,23.55058532,87.29571313 ,0.0,70.29967201442255 ,9595.0,09:58:41 AM,1572668921651
-2.4592133 ,3.2687225 ,3.6534576,23.55058532,87.29571313 ,0.0,70.29967201442255 ,9595.0,09:58:41 AM,1572668921657
-0.51498413 ,5.273239 ,5.1372986,23.55058532,87.29571313 ,0.0,70.29967201442255 ,9595.0,09:58:41 AM,1572668921661
2.5481567 ,5.562195 ,5.0413055,23.55058532,87.29571313 ,0.0,70.29967201442255 ,9595.0,09:58:41 AM,1572668921666
3.6389923 ,6.3221436 ,7.5471344,23.55058532,87.29571313 ,0.0,70.29967201442255 ,9595.0,09:58:41 AM,1572668921673
-0.29930115 ,7.970993 ,9.649139,23.55058532,87.29571313 ,0.0,70.29967201442255 ,9595.0,09:58:41 AM,1572668921675
-6.43132 ,6.066696 ,1.1062012,23.55058532,87.29571313 ,0.0,70.29967201442255 ,9595.0,09:58:41 AM,1572668921679
-7.936249 ,5.5223694 ,2.6470795,23.55058532,87.29571313 ,0.0,70.29967201442255 ,9595.0,09:58:41 AM,1572668921685
-2.4457397 ,5.5535583 ,8.436676,23.55058532,87.29571313 ,0.0,70.29967201442255 ,9595.0,09:58:41 AM,1572668921690
4.969208 ,4.689682 ,5.1666565,23.55058532,87.29571313 ,0.0,70.29967201442255 ,9595.0,09:58:41 AM,1572668921695
5.9930115 ,2.8195648 ,5.914139,23.55058532,87.29571313 ,0.0,70.29967201442255 ,9595.0,09:58:41 AM,1572668921700
-1.2664185 ,1.7841034 ,15.264389,23.55058532,87.29571313 ,0.0,70.29967201442255 ,9595.0,09:58:41 AM,1572668921708
-9.259567 ,0.1822815 ,16.339188,23.55058532,87.29571313 ,0.0,70.29967201442255 ,9595.0,09:58:41 AM,1572668921709
-8.666336 ,-2.1790466 ,9.036789,23.55058532,87.29571313 ,0.0,70.29967201442255 ,7445.0,09:58:41 AM,1572668921713
-2.270401 ,-0.40766907 ,17.922455,23.55058532,87.29571313 ,0.0,70.29967201442255 ,7445.0,09:58:41 AM,1572668921718
3.1126099 ,-1.3506775 ,14.484467,23.55058532,87.29571313 ,0.0,70.29967201442255 ,7445.0,09:58:41 AM,1572668921724
3.3702087 ,0.46702576 ,10.222824,23.55058532,87.29571313 ,0.0,70.29967201442255 ,7445.0,09:58:41 AM,1572668921728
1.3513489 ,3.1605988 ,4.5811768,23.55058532,87.29571313 ,0.0,70.29967201442255 ,7445.0,09:58:41 AM,1572668921733
