x,y,z,latitude,longitude,speed,sound,light,time,timestamp
-1.4790955 ,0.10523987 ,8.30658,23.55972179,87.29860013 ,31.6439998626709,81.99703462850452 ,30000.0,10:00:34 AM,1572669034658
-0.51937866 ,0.89512634 ,7.9433594,23.55972179,87.29860013 ,31.6439998626709,81.99703462850452 ,30000.0,10:00:34 AM,1572669034664
2.2013702 ,3.2280273 ,16.462738,23.55972179,87.29860013 ,31.6439998626709,81.99703462850452 ,30000.0,10:00:34 AM,1572669034668
4.4291534 ,4.0375824 ,9.530609,23.55972179,87.29860013 ,31.6439998626709,81.99703462850452 ,30000.0,10:00:34 AM,1572669034671
0.5727539 ,6.045349 ,2.3673553,23.55972179,87.29860013 ,31.6439998626709,81.99703462850452 ,30000.0,10:00:34 AM,1572669034676
-6.9553833 ,6.268402 ,5.12204,23.55972179,87.29860013 ,31.6439998626709,81.99703462850452 ,30000.0,10:00:34 AM,1572669034682
-6.9700317 ,6.8561554 ,7.20607,23.55972179,87.29860013 ,31.6439998626709,81.99703462850452 ,30000.0,10:00:34 AM,1572669034685
3.4124146 ,6.376602 ,2.061325,23.55972179,87.29860013 ,31.6439998626709,81.99703462850452 ,30000.0,10:00:34 AM,1572669034699
9.455719 ,7.4365997 ,5.555435,23.55972179,87.29860013 ,31.6439998626709,81.99703462850452 ,30000.0,10:00:34 AM,1572669034703
2.4813843 ,7.582489 ,13.67955,23.55972179,87.29860013 ,31.6439998626709,81.99703462850452 ,30000.0,10:00:34 AM,1572669034705
-6.039093 ,4.4112396 ,9.414978,23.55972179,87.29860013 ,31.6439998626709,81.99703462850452 ,30000.0,10:00:34 AM,1572669034710
-5.8873444 ,3.7508698 ,8.251907,23.55972179,87.29860013 ,31.6439998626709,81.99703462850452 ,30000.0,10:00:34 AM,1572669034716
0.3264923 ,4.0697937 ,9.304962,23.55972179,87.29860013 ,31.6439998626709,81.99703462850452 ,30000.0,10:00:34 AM,1572669034720
4.0223694 ,5.0185547 ,9.432495,23.55972179,87.29860013 ,31.6439998626709,81.99703462850452 ,30000.0,10:00:34 AM,1572669034724
2.9932556 ,6.446228 ,6.1388397,23.55972179,87.29860013 ,31.6439998626709,81.99703462850452 ,30000.0,10:00:34 AM,1572669034731
0.122802734 ,6.8038025 ,0.1819458,23.55972179,87.29860013 ,31.6439998626709,81.99703462850452 ,30000.0,10:00:34 AM,1572669034735
-2.2590485 ,7.0055237 ,1.4967194,23.55972179,87.29860013 ,31.6439998626709,81.99703462850452 ,30000.0,10:00:34 AM,1572669034738
-1.1768799 ,5.2332916 ,2.510025,23.55972179,87.29860013 ,31.6439998626709,81.99703462850452 ,30000.0,10:00:34 AM,1572669034743
1.6231079 ,4.2019043 ,7.4876556,23.55972179,87.29860013 ,31.6439998626709,81.99703462850452 ,30000.0,10:00:34 AM,1572669034749
0.9927368 ,2.7037048 ,12.593262,23.55972179,87.29860013 ,31.6439998626709,81.99703462850452 ,30000.0,10:00:34 AM,1572669034753
-1.6100616 ,-0.10232544 ,12.085709,23.55972179,87.29860013 ,31.6439998626709,81.99703462850452 ,30000.0,10:00:34 AM,1572669034758
0.14331055 ,-0.76190186 ,12.898773,23.55972179,87.29860013 ,31.6439998626709,81.99703462850452 ,30000.0,10:00:34 AM,1572669034764
4.660141 ,0.35092163 ,16.532257,23.55972179,87.29860013 ,31.6439998626709,81.99703462850452 ,30000.0,10:00:34 AM,1572669034768
4.2270966 ,0.7198181 ,14.799438,23.55972179,87.29860013 ,31.6439998626709,81.99703462850452 ,30000.0,10:00:34 AM,1572669034772
-1.8303986 ,1.8751831 ,13.582626,23.55972179,87.29860013 ,31.6439998626709,81.99703462850452 ,30000.0,10:00:34 AM,1572669034779
-5.210022 ,2.5512085 ,12.272797,23.55972179,87.29860013 ,31.6439998626709,81.99703462850452 ,30000.0,10:00:34 AM,1572669034784
-1.5456848 ,2.7252502 ,8.855576,23.55972179,87.29860013 ,31.6439998626709,81.99703462850452 ,30000.0,10:00:34 AM,1572669034787
4.00618 ,3.350891 ,11.781662,23.55972179,87.29860013 ,31.6439998626709,81.99703462850452 ,30000.0,10:00:34 AM,1572669034791
5.319992 ,3.5068054 ,12.868469,23.55972179,87.29860013 ,31.6439998626709,81.99703462850452 ,30000.0,10:00:34 AM,1572669034799
1.1840668 ,4.84671 ,10.372818,23.55972179,87.29860013 ,31.6439998626709,81.99703462850452 ,30000.0,10:00:34 AM,1572669034801
-2.9911652 ,5.682312 ,9.554474,23.55972179,87.29860013 ,31.6439998626709,81.99703462850452 ,30000.0,10:00:34 AM,1572669034805
-2.6634827 ,6.144562 ,6.5404053,23.55972179,87.29860013 ,31.6439998626709,81.99703462850452 ,30000.0,10:00:34 AM,1572669034810
0.18351746 ,5.770691 ,0.72325134,23.55972179,87.29860013 ,31.6439998626709,81.99703462850452 ,30000.0,10:00:34 AM,1572669034815
-0.28961182 ,5.698578 ,5.8257904,23.55972179,87.29860013 ,31.6439998626709,81.99703462850452 ,30000.0,10:00:34 AM,1572669034820
-3.0454712 ,6.2153015 ,11.402954,23.55972179,87.29860013 ,31.6439998626709,81.99703462850452 ,30000.0,10:00:34 AM,1572669034825
-1.5377502 ,4.752945 ,7.4709015,23.55972179,87.29860013 ,31.6439998626709,81.99703462850452 ,30000.0,10:00:34 AM,1572669034835
3.0574188 ,3.5907745 ,5.750412,23.55972179,87.29860013 ,31.6439998626709,81.99703462850452 ,30000.0,10:00:34 AM,1572669034838
3.7559204 ,4.485565 ,12.067062,23.55972179,87.29860013 ,31.6439998626709,81.99703462850452 ,30000.0,10:00:34 AM,1572669034843
-0.57855225 ,2.3932648 ,11.537796,23.55972179,87.29860013 ,31.6439998626709,81.99703462850452 ,30000.0,10:00:34 AM,1572669034849
-4.6622925 ,2.1454163 ,8.662674,23.55972179,87.29860013 ,31.6439998626709,81.99703462850452 ,30000.0,10:00:34 AM,1572669034854
-4.3720856 ,4.296646 ,10.971329,23.55972179,87.29860013 ,31.6439998626709,81.99703462850452 ,30000.0,10:00:34 AM,1572669034859
0.3234253 ,3.8515015 ,5.5167694,23.55972179,87.29860013 ,31.6439998626709,81.99703462850452 ,30000.0,10:00:34 AM,1572669034867
5.0759583 ,4.365921 ,4.059967,23.55972179,87.29860013 ,31.6439998626709,81.99703462850452 ,30000.0,10:00:34 AM,1572669034868
6.4576874 ,4.0490265 ,4.665161,23.55972179,87.29860013 ,31.6439998626709,81.99703462850452 ,30000.0,10:00:34 AM,1572669034872
3.1535187 ,3.8053894 ,6.452179,23.55972179,87.29860013 ,31.6439998626709,81.99703462850452 ,30000.0,10:00:34 AM,1572669034877
-2.1750336 ,3.6080017 ,11.579422,23.55972179,87.29860013 ,31.6439998626709,81.99703462850452 ,30000.0,10:00:34 AM,1572669034883
-4.6095123 ,0.83154297 ,11.8199005,23.55972179,87.29860013 ,31.6439998626709,81.99703462850452 ,30000.0,10:00:34 AM,1572669034887
-2.7680511 ,-0.91119385 ,11.73671,23.55972179,87.29860013 ,31.6439998626709,81.99703462850452 ,30000.0,10:00:34 AM,1572669034892
1.2857819 ,-0.9583893 ,16.048126,23.55972179,87.29860013 ,31.6439998626709,81.99703462850452 ,30000.0,10:00:34 AM,1572669034900
4.3890686 ,-0.019714355 ,16.853622,23.55972179,87.29860013 ,31.6439998626709,81.99703462850452 ,30000.0,10:00:34 AM,1572669034901
4.478714 ,2.0389557 ,14.155045,23.55972179,87.29860013 ,31.6439998626709,81.99703462850452 ,30000.0,10:00:34 AM,1572669034907
1.4252777 ,3.4700775 ,9.894775,23.55972179,87.29860013 ,31.6439998626709,81.99703462850452 ,30000.0,10:00:34 AM,1572669034911
-2.2758636 ,4.375229 ,4.11203,23.55972179,87.29860013 ,31.6439998626709,81.99703462850452 ,30000.0,10:00:34 AM,1572669034917
-3.3944092 ,5.0911407 ,6.832245,23.55972179,87.29860013 ,31.6439998626709,81.99703462850452 ,30000.0,10:00:34 AM,1572669034921
-0.9404602 ,4.1524963 ,8.518326,23.55972179,87.29860013 ,31.6439998626709,81.99703462850452 ,30000.0,10:00:34 AM,1572669034926
1.3197937 ,5.6069946 ,13.219742,23.55972179,87.29860013 ,31.6439998626709,81.99703462850452 ,30000.0,10:00:34 AM,1572669034935
1.2695312 ,4.8696594 ,10.864349,23.55972179,87.29860013 ,31.6439998626709,81.99703462850452 ,30000.0,10:00:34 AM,1572669034937
0.011932373 ,4.577652 ,4.489792,23.55972179,87.29860013 ,31.6439998626709,81.99703462850452 ,30000.0,10:00:34 AM,1572669034939
0.644577 ,5.873413 ,5.5628967,23.55972179,87.29860013 ,31.6439998626709,81.99703462850452 ,30000.0,10:00:34 AM,1572669034944
2.2766418 ,6.602783 ,7.673996,23.55972179,87.29860013 ,31.6439998626709,81.99703462850452 ,30000.0,10:00:34 AM,1572669034950
0.36305237 ,8.217651 ,4.2845764,23.55972179,87.29860013 ,31.6439998626709,81.99703462850452 ,30000.0,10:00:34 AM,1572669034955
-4.310211 ,7.190567 ,2.2505188,23.55972179,87.29860013 ,31.6439998626709,81.99703462850452 ,30000.0,10:00:34 AM,1572669034959
-5.390152 ,5.066559 ,4.2786713,23.55972179,87.29860013 ,31.6439998626709,81.99703462850452 ,30000.0,10:00:34 AM,1572669034968
1.2356873 ,4.2895203 ,5.04303,23.55972179,87.29860013 ,31.6439998626709,81.99703462850452 ,30000.0,10:00:34 AM,1572669034973
6.912201 ,5.406906 ,11.510239,23.55972179,87.29860013 ,31.6439998626709,81.99703462850452 ,30000.0,10:00:34 AM,1572669034978
4.892029 ,4.927109 ,9.407654,23.55972179,87.29860013 ,31.6439998626709,81.99703462850452 ,30000.0,10:00:34 AM,1572669034983
-1.067337 ,3.9986115 ,7.567627,23.55972179,87.29860013 ,31.6439998626709,81.99703462850452 ,30000.0,10:00:34 AM,1572669034988
-2.6237488 ,1.3021545 ,7.969406,23.55972179,87.29860013 ,31.6439998626709,81.99703462850452 ,30000.0,10:00:34 AM,1572669034993
0.5024719 ,1.1103516 ,12.421616,23.55972179,87.29860013 ,31.6439998626709,81.99703462850452 ,30000.0,10:00:35 AM,1572669035003
1.8695068 ,0.5793457 ,15.134598,23.55972179,87.29860013 ,31.6439998626709,81.99703462850452 ,30000.0,10:00:35 AM,1572669035005
-0.8104248 ,-1.368042 ,11.226776,23.55972179,87.29860013 ,31.6439998626709,81.99703462850452 ,30000.0,10:00:35 AM,1572669035007
-3.1975708 ,-0.9677582 ,15.143463,23.55972179,87.29860013 ,31.6439998626709,81.99703462850452 ,30000.0,10:00:35 AM,1572669035012
-0.8528595 ,-1.7430878 ,16.81424,23.55972179,87.29860013 ,31.6439998626709,81.99703462850452 ,30000.0,10:00:35 AM,1572669035018
3.0294495 ,-0.6233978 ,15.658478,23.55972179,87.29860013 ,31.6439998626709,81.99703462850452 ,30000.0,10:00:35 AM,1572669035022
3.2148285 ,1.3466187 ,12.688583,23.55972179,87.29860013 ,31.6439998626709,81.99703462850452 ,30000.0,10:00:35 AM,1572669035028
-1.6405945 ,3.918274 ,5.742157,23.55972179,87.29860013 ,31.6439998626709,81.99703462850452 ,30000.0,10:00:35 AM,1572669035033
-6.2239685 ,5.605057 ,3.4745026,23.55972179,87.29860013 ,31.6439998626709,81.99703462850452 ,30000.0,10:00:35 AM,1572669035037
-3.0144348 ,5.7785034 ,6.80249,23.55972179,87.29860013 ,31.6439998626709,81.99703462850452 ,30000.0,10:00:35 AM,1572669035041
5.157669 ,6.050049 ,6.5678406,23.55972179,87.29860013 ,31.6439998626709,81.99703462850452 ,30000.0,10:00:35 AM,1572669035047
6.679611 ,6.4187927 ,7.659073,23.55972179,87.29860013 ,31.6439998626709,81.99703462850452 ,30000.0,10:00:35 AM,1572669035052
-1.6113586 ,6.1530304 ,8.438919,23.55972179,87.29860013 ,31.6439998626709,81.88149823378257 ,30000.0,10:00:35 AM,1572669035056
-8.224838 ,5.0628204 ,8.739105,23.55972179,87.29860013 ,31.6439998626709,81.88149823378257 ,30000.0,10:00:35 AM,1572669035060
-2.60849 ,4.7332764 ,12.227844,23.55972179,87.29860013 ,31.6439998626709,81.88149823378257 ,30000.0,10:00:35 AM,1572669035066
8.204666 ,5.343857 ,8.230392,23.55980392,87.29863137 ,33.624000549316406,81.88149823378257 ,30000.0,10:00:35 AM,1572669035070
10.021683 ,7.5990143 ,5.0286865,23.55980392,87.29863137 ,33.624000549316406,81.88149823378257 ,30000.0,10:00:35 AM,1572669035074
-0.1516571 ,8.1918335 ,3.3891144,23.55980392,87.29863137 ,33.624000549316406,81.88149823378257 ,30000.0,10:00:35 AM,1572669035078
-9.270386 ,7.1090393 ,0.05340576,23.55980392,87.29863137 ,33.624000549316406,81.88149823378257 ,30000.0,10:00:35 AM,1572669035084
-5.8690796 ,6.7581635 ,5.834259,23.55980392,87.29863137 ,33.624000549316406,81.88149823378257 ,30000.0,10:00:35 AM,1572669035089
4.7750854 ,4.3290405 ,6.4526367,23.55980392,87.29863137 ,33.624000549316406,81.88149823378257 ,30000.0,10:00:35 AM,1572669035093
8.842148 ,2.8216248 ,8.45755,23.55980392,87.29863137 ,33.624000549316406,81.88149823378257 ,30000.0,10:00:35 AM,1572669035098
1.6810303 ,1.3582153 ,16.95131,23.55980392,87.29863137 ,33.624000549316406,81.88149823378257 ,30000.0,10:00:35 AM,1572669035102
-6.6001434 ,0.02178955 ,16.536789,23.55980392,87.29863137 ,33.624000549316406,81.88149823378257 ,30000.0,10:00:35 AM,1572669035112
-4.6942444 ,-1.1631927 ,9.931763,23.55980392,87.29863137 ,33.624000549316406,81.88149823378257 ,30000.0,10:00:35 AM,1572669035119
3.9599457 ,0.04638672 ,13.599518,23.55980392,87.29863137 ,33.624000549316406,81.88149823378257 ,30000.0,10:00:35 AM,1572669035123
7.3885956 ,0.9846802 ,15.318893,23.55980392,87.29863137 ,33.624000549316406,81.88149823378257 ,30000.0,10:00:35 AM,1572669035129
2.3088837 ,0.70318604 ,11.882919,23.55980392,87.29863137 ,33.624000549316406,81.88149823378257 ,30000.0,10:00:35 AM,1572669035135
-5.470978 ,2.7407074 ,12.617401,23.55980392,87.29863137 ,33.624000549316406,81.88149823378257 ,30000.0,10:00:35 AM,1572669035138
-7.9289856 ,1.7287903 ,10.218979,23.55980392,87.29863137 ,33.624000549316406,81.88149823378257 ,30000.0,10:00:35 AM,1572669035141
-3.4063873 ,0.548996 ,9.115448,23.55980392,87.29863137 ,33.624000549316406,81.88149823378257 ,30000.0,10:00:35 AM,1572669035146
2.6390839 ,1.9238892 ,13.557816,23.55980392,87.29863137 ,33.624000549316406,81.88149823378257 ,30000.0,10:00:35 AM,1572669035152
