x,y,z,latitude,longitude,speed,sound,light,time,timestamp
-0.91197205 ,2.5921478 ,9.8989105,23.55058525,87.29571238 ,0.0,81.70857711960794 ,3634.0,09:58:12 AM,1572668892889
-1.8138885 ,2.1265259 ,10.75621,23.55058525,87.29571238 ,0.0,81.70857711960794 ,3634.0,09:58:12 AM,1572668892898
-0.33769226 ,2.8642426 ,10.823914,23.55058525,87.29571238 ,0.0,81.70857711960794 ,3634.0,09:58:12 AM,1572668892901
0.644104 ,3.4482574 ,9.431,23.55058525,87.29571238 ,0.0,81.70857711960794 ,3634.0,09:58:12 AM,1572668892905
0.2878723 ,3.0920258 ,7.42717,23.55058525,87.29571238 ,0.0,81.70857711960794 ,3667.0,09:58:12 AM,1572668892908
0.96203613 ,3.2958984 ,7.7798004,23.55058525,87.29571238 ,0.0,81.70857711960794 ,3667.0,09:58:12 AM,1572668892915
1.479538 ,3.9223938 ,9.079712,23.55058525,87.29571238 ,0.0,81.70857711960794 ,3667.0,09:58:12 AM,1572668892918
-0.31826782 ,3.8695526 ,9.700989,23.55058525,87.29571238 ,0.0,81.70857711960794 ,3667.0,09:58:12 AM,1572668892921
-1.7177124 ,2.8557281 ,9.143616,23.55058525,87.29571238 ,0.0,81.70857711960794 ,3667.0,09:58:12 AM,1572668892929
-0.09968567 ,1.7076874 ,6.258621,23.55058525,87.29571238 ,0.0,81.70857711960794 ,3667.0,09:58:12 AM,1572668892931
1.2164001 ,2.7522736 ,9.757721,23.55058525,87.29571238 ,0.0,81.70857711960794 ,3667.0,09:58:12 AM,1572668892936
-0.60969543 ,2.731079 ,13.137146,23.55058525,87.29571238 ,0.0,81.70857711960794 ,3667.0,09:58:12 AM,1572668892941
-2.7470398 ,2.40448 ,11.264709,23.55058525,87.29571238 ,0.0,81.70857711960794 ,3667.0,09:58:12 AM,1572668892947
-0.5901489 ,2.6359863 ,6.900345,23.55058525,87.29571238 ,0.0,81.70857711960794 ,3667.0,09:58:12 AM,1572668892956
3.2711945 ,3.9432373 ,8.365372,23.55058525,87.29571238 ,0.0,81.70857711960794 ,3667.0,09:58:12 AM,1572668892964
2.5806732 ,4.4231873 ,10.28595,23.55058525,87.29571238 ,0.0,81.70857711960794 ,3667.0,09:58:12 AM,1572668892966
-1.4146271 ,2.7472382 ,6.8464966,23.55058525,87.29571238 ,0.0,81.70857711960794 ,3667.0,09:58:12 AM,1572668892970
-1.9087677 ,2.7866516 ,7.825485,23.55058525,87.29571238 ,0.0,81.70857711960794 ,3667.0,09:58:12 AM,1572668892975
0.84635925 ,3.1106873 ,9.895493,23.55058525,87.29571238 ,0.0,81.88021297873547 ,3667.0,09:58:12 AM,1572668892981
0.65693665 ,2.9462738 ,11.475098,23.55058525,87.29571238 ,0.0,81.88021297873547 ,3667.0,09:58:12 AM,1572668892984
-1.7193909 ,2.3972015 ,10.3484955,23.55058525,87.29571238 ,0.0,81.88021297873547 ,3667.0,09:58:12 AM,1572668892988
-1.2543488 ,2.8081055 ,7.9170227,23.55058525,87.29571238 ,0.0,81.88021297873547 ,3667.0,09:58:12 AM,1572668892994
0.7894745 ,4.1438904 ,7.8790894,23.55058525,87.29571238 ,0.0,81.88021297873547 ,3667.0,09:58:12 AM,1572668892998
0.67266846 ,4.0654297 ,7.820572,23.55058525,87.29571238 ,0.0,81.88021297873547 ,3667.0,09:58:13 AM,1572668893002
0.37286377 ,3.2421875 ,7.571701,23.55058525,87.29571238 ,0.0,81.88021297873547 ,3667.0,09:58:13 AM,1572668893007
1.4408569 ,3.4082642 ,9.018082,23.55058525,87.29571238 ,0.0,81.88021297873547 ,3667.0,09:58:13 AM,1572668893012
0.5587921 ,3.3535767 ,10.426926,23.55058525,87.29571238 ,0.0,81.88021297873547 ,3667.0,09:58:13 AM,1572668893017
-1.8959656 ,1.9122467 ,8.5842285,23.55058525,87.29571238 ,0.0,81.88021297873547 ,3667.0,09:58:13 AM,1572668893021
-1.0958252 ,1.9290009 ,9.754547,23.55058525,87.29571238 ,0.0,81.88021297873547 ,3667.0,09:58:13 AM,1572668893031
1.578186 ,2.8046112 ,12.622681,23.55058525,87.29571238 ,0.0,81.88021297873547 ,3667.0,09:58:13 AM,1572668893033
0.63352966 ,2.6860352 ,11.038971,23.55058526,87.29571241 ,0.0,81.88021297873547 ,3667.0,09:58:13 AM,1572668893036
-1.6715393 ,2.5695343 ,7.961075,23.55058526,87.29571241 ,0.0,81.88021297873547 ,3667.0,09:58:13 AM,1572668893040
-0.19676208 ,3.9651031 ,8.187927,23.55058526,87.29571241 ,0.0,81.88021297873547 ,3667.0,09:58:13 AM,1572668893049
1.4824982 ,4.359253 ,7.7076263,23.55058526,87.29571241 ,0.0,81.88021297873547 ,3667.0,09:58:13 AM,1572668893050
-0.18666077 ,2.9359283 ,7.2094727,23.55058526,87.29571241 ,0.0,81.88021297873547 ,3667.0,09:58:13 AM,1572668893056
-0.4871521 ,2.7846985 ,9.408691,23.55058526,87.29571241 ,0.0,81.88021297873547 ,3667.0,09:58:13 AM,1572668893060
1.5542908 ,3.1311798 ,8.802414,23.55058526,87.29571241 ,0.0,81.88021297873547 ,3667.0,09:58:13 AM,1572668893068
-0.1688385 ,3.1565704 ,10.525253,23.55058526,87.29571241 ,0.0,81.88021297873547 ,3667.0,09:58:13 AM,1572668893070
-3.8063507 ,1.8849487 ,11.1371155,23.55058526,87.29571241 ,0.0,81.88021297873547 ,3667.0,09:58:13 AM,1572668893075
-1.8239441 ,2.2698364 ,9.563248,23.55058526,87.29571241 ,0.0,81.88021297873547 ,3667.0,09:58:13 AM,1572668893085
2.3711395 ,4.0827026 ,8.58403,23.55058526,87.29571241 ,0.0,81.88021297873547 ,3667.0,09:58:13 AM,1572668893089
1.6049805 ,4.1374207 ,7.78714,23.55058526,87.29571241 ,0.0,81.88021297873547 ,3667.0,09:58:13 AM,1572668893096
-0.6244049 ,3.180008 ,7.1591034,23.55058526,87.29571241 ,0.0,81.88021297873547 ,3667.0,09:58:13 AM,1572668893103
0.39990234 ,3.4897003 ,8.444077,23.55058526,87.29571241 ,0.0,81.88021297873547 ,3667.0,09:58:13 AM,1572668893106
0.948349 ,4.089737 ,11.081589,23.55058526,87.29571241 ,0.0,81.88021297873547 ,3667.0,09:58:13 AM,1572668893111
-0.89915466 ,2.0259705 ,7.646408,23.55058526,87.29571241 ,0.0,81.88021297873547 ,3667.0,09:58:13 AM,1572668893117
-0.942688 ,1.85672 ,8.40126,23.55058526,87.29571241 ,0.0,81.88021297873547 ,3667.0,09:58:13 AM,1572668893119
0.8221283 ,2.9212036 ,12.351425,23.55058526,87.29571241 ,0.0,81.88021297873547 ,3667.0,09:58:13 AM,1572668893123
-0.24884033 ,2.648468 ,11.474152,23.55058526,87.29571241 ,0.0,81.88021297873547 ,3667.0,09:58:13 AM,1572668893130
-1.9953003 ,2.3469696 ,8.706299,23.55058526,87.29571241 ,0.0,81.88021297873547 ,3667.0,09:58:13 AM,1572668893133
0.20753479 ,3.3458405 ,8.057632,23.55058526,87.29571241 ,0.0,81.88021297873547 ,3667.0,09:58:13 AM,1572668893141
2.3842926 ,4.0916595 ,8.248825,23.55058526,87.29571241 ,0.0,81.88021297873547 ,3667.0,09:58:13 AM,1572668893143
0.5132599 ,3.025116 ,7.862137,23.55058526,87.29571241 ,0.0,81.88021297873547 ,3667.0,09:58:13 AM,1572668893148
-0.8361511 ,2.72052 ,9.468338,23.55058526,87.29571241 ,0.0,81.88021297873547 ,3667.0,09:58:13 AM,1572668893153
0.6565399 ,3.0978088 ,9.487259,23.55058526,87.29571241 ,0.0,81.88021297873547 ,3667.0,09:58:13 AM,1572668893156
0.10362244 ,3.1760254 ,9.977203,23.55058526,87.29571241 ,0.0,81.88021297873547 ,3667.0,09:58:13 AM,1572668893161
-2.296692 ,2.5390625 ,10.301483,23.55058526,87.29571241 ,0.0,81.88021297873547 ,3667.0,09:58:13 AM,1572668893167
-1.304718 ,2.8990479 ,9.125504,23.55058526,87.29571241 ,0.0,81.88021297873547 ,3667.0,09:58:13 AM,1572668893171
1.3326416 ,4.1087036 ,7.938202,23.55058526,87.29571241 ,0.0,81.88021297873547 ,3667.0,09:58:13 AM,1572668893177
0.8816376 ,3.9967804 ,7.407669,23.55058526,87.29571241 ,0.0,81.88021297873547 ,3667.0,09:58:13 AM,1572668893184
-0.15853882 ,3.0479126 ,7.4267883,23.55058526,87.29571241 ,0.0,81.88021297873547 ,3667.0,09:58:13 AM,1572668893187
1.0201263 ,3.6574097 ,10.222809,23.55058526,87.29571241 ,0.0,81.88021297873547 ,3667.0,09:58:13 AM,1572668893191
0.9326477 ,3.3493958 ,9.966934,23.55058526,87.29571241 ,0.0,81.88021297873547 ,3667.0,09:58:13 AM,1572668893199
-1.078598 ,1.950943 ,6.9082336,23.55058526,87.29571241 ,0.0,81.88021297873547 ,3667.0,09:58:13 AM,1572668893201
-0.6376648 ,2.5463867 ,10.922791,23.55058526,87.29571241 ,0.0,81.88021297873547 ,3667.0,09:58:13 AM,1572668893206
1.2301025 ,2.8539886 ,12.932007,23.55058526,87.29571241 ,0.0,81.88021297873547 ,3667.0,09:58:13 AM,1572668893209
-0.2268219 ,2.6938171 ,10.379471,23.55058526,87.29571241 ,0.0,81.88021297873547 ,3667.0,09:58:13 AM,1572668893222
-1.4202576 ,2.4139252 ,7.533371,23.55058526,87.29571241 ,0.0,81.88021297873547 ,3667.0,09:58:13 AM,1572668893224
0.8121338 ,4.0308228 ,8.974564,23.55058526,87.29571241 ,0.0,81.88021297873547 ,3667.0,09:58:13 AM,1572668893232
1.7240753 ,3.8269196 ,7.260605,23.55058526,87.29571241 ,0.0,81.88021297873547 ,3667.0,09:58:13 AM,1572668893234
-0.0014801025 ,2.8552856 ,7.7128143,23.55058526,87.29571241 ,0.0,81.88021297873547 ,3667.0,09:58:13 AM,1572668893239
0.18281555 ,3.070221 ,9.749222,23.55058526,87.29571241 ,0.0,81.88021297873547 ,3667.0,09:58:13 AM,1572668893243
1.0842285 ,3.232605 ,9.096878,23.55058526,87.29571241 ,0.0,81.88021297873547 ,3667.0,09:58:13 AM,1572668893249
-0.9807129 ,2.997528 ,10.286224,23.55058526,87.29571241 ,0.0,81.88021297873547 ,3667.0,09:58:13 AM,1572668893253
-2.4273224 ,2.129181 ,9.961258,23.55058526,87.29571241 ,0.0,81.88021297873547 ,3667.0,09:58:13 AM,1572668893258
-0.12950134 ,2.8811493 ,9.781525,23.55058526,87.29571241 ,0.0,81.88021297873547 ,3667.0,09:58:13 AM,1572668893264
1.7142944 ,3.6863098 ,8.834808,23.55058526,87.29571241 ,0.0,81.88021297873547 ,3667.0,09:58:13 AM,1572668893273
0.7931366 ,3.2854462 ,7.5066376,23.55058526,87.29571241 ,0.0,81.88021297873547 ,3667.0,09:58:13 AM,1572668893274
0.56248474 ,3.1670837 ,7.8805084,23.55058526,87.29571241 ,0.0,81.88021297873547 ,3667.0,09:58:13 AM,1572668893275
1.3791046 ,3.9234314 ,9.8936615,23.55058526,87.29571241 ,0.0,81.88021297873547 ,3667.0,09:58:13 AM,1572668893285
0.34805298 ,3.2374573 ,8.605087,23.55058526,87.29571241 ,0.0,81.88021297873547 ,3667.0,09:58:13 AM,1572668893287
-0.81951904 ,2.3158875 ,7.34523,23.55058526,87.29571241 ,0.0,81.88021297873547 ,3667.0,09:58:13 AM,1572668893291
0.41334534 ,2.8422089 ,10.698608,23.55058526,87.29571241 ,0.0,81.88021297873547 ,3667.0,09:58:13 AM,1572668893298
0.8076172 ,2.8262482 ,11.989166,23.55058526,87.29571241 ,0.0,81.88021297873547 ,3667.0,09:58:13 AM,1572668893300
-1.1128235 ,2.2539368 ,10.107117,23.55058526,87.29571241 ,0.0,81.88021297873547 ,3667.0,09:58:13 AM,1572668893305
-0.76408386 ,2.6324158 ,9.048996,23.55058526,87.29571241 ,0.0,81.88021297873547 ,3667.0,09:58:13 AM,1572668893309
1.9341583 ,3.9329376 ,9.196777,23.55058526,87.29571241 ,0.0,81.88021297873547 ,3667.0,09:58:13 AM,1572668893318
1.6631775 ,3.3006134 ,7.411606,23.55058526,87.29571241 ,0.0,81.88021297873547 ,3667.0,09:58:13 AM,1572668893321
-0.3065033 ,2.6822662 ,8.288666,23.55058526,87.29571241 ,0.0,81.88021297873547 ,3667.0,09:58:13 AM,1572668893326
0.5478363 ,3.0813751 ,8.897125,23.55058526,87.29571241 ,0.0,81.88021297873547 ,3667.0,09:58:13 AM,1572668893332
0.89712524 ,3.541275 ,9.69664,23.55058526,87.29571241 ,0.0,81.88021297873547 ,3667.0,09:58:13 AM,1572668893334
-2.0008545 ,2.822525 ,10.603424,23.55058526,87.29571241 ,0.0,81.88021297873547 ,3667.0,09:58:13 AM,1572668893339
-2.3825836 ,1.9202728 ,8.745468,23.55058526,87.29571241 ,0.0,81.88021297873547 ,3667.0,09:58:13 AM,1572668893344
1.3309784 ,3.4779205 ,8.95607,23.55058526,87.29571241 ,0.0,81.88021297873547 ,3667.0,09:58:13 AM,1572668893354
2.0096893 ,4.1227264 ,8.5564575,23.55058526,87.29571241 ,0.0,81.88021297873547 ,3667.0,09:58:13 AM,1572668893359
-0.46769714 ,3.297409 ,7.742386,23.55058526,87.29571241 ,0.0,81.88021297873547 ,3667.0,09:58:13 AM,1572668893366
0.09037781 ,3.0145264 ,7.491684,23.55058526,87.29571241 ,0.0,81.88021297873547 ,3667.0,09:58:13 AM,1572668893368
2.086441 ,4.0384064 ,10.069366,23.55058526,87.29571241 ,0.0,81.88021297873547 ,3667.0,09:58:13 AM,1572668893373
0.5925751 ,2.875412 ,8.407593,23.55058526,87.29571241 ,0.0,81.88021297873547 ,3667.0,09:58:13 AM,1572668893378
-1.4589996 ,2.13031 ,8.344742,23.55058526,87.29571241 ,0.0,81.88021297873547 ,3667.0,09:58:13 AM,1572668893383
